1.24444444444444
1.95555555555556
3.35555555555556
3.86666666666667
4.08888888888889
3.91111111111111
3.71111111111111
3.51111111111111
3.42222222222222
2.88888888888889
2.75555555555556
2.73333333333333
2.35555555555556
2.11111111111111
1.66666666666667
1.33333333333333
1.26666666666667
1.24444444444444
1.13333333333333
1.11111111111111
1.11111111111111
1.04444444444444
1.04444444444444
1.04444444444444
1.04444444444444
1.04444444444444
1.04444444444444
1.04444444444444
1.02222222222222
1.02222222222222
1.02222222222222
1.02222222222222
1.02222222222222
1.02222222222222
1.02222222222222
1.02222222222222
1.02222222222222
1.02222222222222
1.02222222222222
1.02222222222222
1.02222222222222
1.02222222222222
1.02222222222222
1
1
1
1
1
1
1
1
1
1
1
1
1
1
1
1
1
1
1
1
1
1
1
1
1
1
1
1
1
1
1
1
1
1
1
1
1
1
1
1
1
1
1
1
1
1
1
1
1
1
1
1
1
1
1
1
1
