0.0444444444444444
1.6
2.2
2.46666666666667
2.37777777777778
2.84444444444444
3.62222222222222
3.6
3.84444444444444
4.26666666666667
4.02222222222222
3.77777777777778
4.68888888888889
6.17777777777778
4.26666666666667
4.31111111111111
5.04444444444444
5.2
5.35555555555556
6.51111111111111
6.28888888888889
6.26666666666667
7
8.04444444444444
8.04444444444444
8.24444444444444
8.6
8.93333333333333
8.44444444444444
8.17777777777778
9.24444444444444
8.97777777777778
9.66666666666667
9.17777777777778
9.57777777777778
10.1333333333333
10.5333333333333
11.1333333333333
11.6444444444444
11.8222222222222
12.0222222222222
12.4222222222222
12.2888888888889
11.3555555555556
12.7111111111111
12.8666666666667
13.5777777777778
12.5777777777778
13.2444444444444
11.9777777777778
13.0444444444444
13.0222222222222
12.9777777777778
11.4222222222222
11.9777777777778
12
12.2888888888889
12.5111111111111
13.1111111111111
13.1777777777778
13.3333333333333
11.9111111111111
12.7555555555556
13.5111111111111
13.3777777777778
13.6666666666667
14.6222222222222
13.1333333333333
12.6666666666667
13.0444444444444
12.5333333333333
11.6
11.2888888888889
11.3111111111111
11.5777777777778
11.6666666666667
10.6444444444444
11.2
11.0666666666667
11.8666666666667
11.8666666666667
11.7111111111111
12.6222222222222
12.7555555555556
13.4
12.4444444444444
11.3555555555556
11.5777777777778
11.6
10.9333333333333
12.2222222222222
10.8222222222222
11.4
11.6444444444444
12.4444444444444
11.4
12.0444444444444
12.6
12.2222222222222
13
