0.024390243902439
0.638190954773869
0.471794871794872
0.580110497237569
0.62085308056872
0.650537634408602
0.698795180722892
0.786163522012579
0.746575342465753
0.786046511627907
0.786516853932584
0.732954545454545
0.812286689419795
0.851063829787234
0.887640449438202
0.882783882783883
0.895652173913044
0.906779661016949
0.897872340425532
0.890909090909091
0.896694214876033
0.900709219858156
0.908396946564885
0.901515151515151
0.918181818181818
0.916666666666667
0.90530303030303
0.91726618705036
0.918103448275862
0.915322580645161
0.900302114803625
0.908366533864542
0.902366863905325
0.906367041198502
0.906716417910448
0.904929577464789
0.911439114391144
0.897810218978102
0.91726618705036
0.895104895104895
0.904761904761905
0.906832298136646
0.904109589041096
0.892430278884462
0.9002849002849
0.902298850574713
0.905228758169935
0.906906906906907
0.905084745762712
0.90530303030303
0.904918032786885
0.907407407407407
0.911475409836066
0.90625
0.911262798634812
0.903225806451613
0.907936507936508
0.902912621359223
0.9
0.902027027027027
0.897058823529412
0.907801418439716
0.900793650793651
0.918032786885246
0.901140684410646
0.909090909090909
0.910958904109589
0.906574394463668
0.910958904109589
0.923404255319149
0.912280701754386
0.900990099009901
0.898678414096916
0.895833333333333
0.901023890784983
0.909433962264151
0.91449814126394
0.893772893772894
0.902621722846442
0.906040268456376
0.908045977011494
0.898039215686275
0.908196721311475
0.894927536231884
0.902017291066282
0.906882591093117
0.908730158730159
0.898373983739837
0.899022801302932
0.922374429223744
0.910493827160494
0.910714285714286
0.900414937759336
0.915555555555556
0.91449814126394
0.900369003690037
0.908163265306122
0.901023890784983
0.907563025210084
0.906976744186046
