0.271548638111111
0.393189500111111
0.433377064722222
0.379318854388889
0.334474272611111
0.300114193944444
0.299960539222222
0.290208376
0.241522765222222
0.230422827333333
0.203093712666667
0.233771482111111
0.243321849111111
0.222090527222222
0.217425828111111
0.171666391222222
0.124375887555556
0.121100111555556
0.137873706222222
0.169931263555556
0.156437484
0.146943884
0.108943884
0.129001441333333
0.133639329333333
0.128886326666667
0.116915105333333
0.122820582666667
0.11687814
0.104964476
0.0895802444444445
0.0788847991111111
0.0788847991111111
0.0928560204444445
0.0881605751111111
0.0941605751111111
0.0988339008888889
0.0928626795555556
0.103586903555556
0.111586903555556
0.120971135111111
0.125629571111111
0.116411352444444
0.125666580444444
0.141057471111111
0.121028692444444
0.120993254666667
0.114935697333333
0.105573585333333
0.107433695555556
0.107462474222222
0.112071583555556
0.120429692
0.104569581777778
0.107318580888889
0.104569581777778
0.104598360444444
0.113960472444444
0.116709471555556
0.126100362222222
0.116738250222222
0.115906918666667
0.115935697333333
0.113186698222222
0.122533802666667
0.108663924888889
0.113301812888889
0.113330591555556
0.103997258222222
0.0955240351111111
0.100190701777778
0.0927174786666667
0.0955528137777778
0.104943704444444
0.100248259111111
0.109524035111111
0.100190701777778
0.0955528137777778
0.0955815924444444
0.0909724831111111
0.0956391497777778
0.0863345951111111
0.0863345951111111
0.0863634764444445
0.0910300404444445
0.102252262666667
0.112976486666667
0.113005265333333
0.103671932
0.105560820888889
0.102754264444444
0.103643153333333
0.118976486666667
0.131532042222222
0.118087597777778
0.102754264444444
0.0822562662222223
0.0743673773333334
0.0809517115555556
0.0781739337777778
