NaN
0.188939301602004
0.255637086037587
0.316816313076401
0.344846745503216
0.391794112017244
0.422516642625042
0.475381806351159
0.442354537267323
0.540913641703049
0.57327563472419
0.558563526301846
0.623316935932494
0.701475385737261
0.664625268745625
0.625741370473891
0.658571105310201
0.729556564865269
0.72246821130988
0.761597141155578
0.803291559436516
0.813665615233846
0.839277194099559
0.839337715922742
0.853527036329646
0.864502113284415
0.873665700527111
0.808236290118877
0.805198198844561
0.815371332250264
0.856445417066845
0.870285745929214
0.88473474657823
0.870180270889058
0.879673568015862
0.899484134284841
0.902583200938985
0.923697574106109
0.912791574093136
0.887701372491954
0.847379574422534
0.845616725201682
0.814227326165141
0.760054527228674
0.842833264443862
0.898931436399027
0.938166710884657
0.888989871557733
0.868849197820268
0.852363593223413
0.862625109079232
0.86048258994179
0.841848370065778
0.836687826016378
0.910150509505999
0.892069369422953
0.908951400603445
0.884500719057604
0.889176757585024
0.867665675158616
0.84069678222221
0.871413085343654
0.902323501120501
0.910208770143665
0.896684700375556
0.892135971627476
0.927630806445844
0.922377798512852
0.861945324359677
0.867274241254836
0.891124492455148
0.868377359577829
0.784636134465379
0.77694282279751
0.826078450395839
0.806083801004339
0.848340456131455
0.825908484341079
0.835163188193445
0.888433525243082
0.906066667369519
0.869185928949586
0.905693972747995
0.917876429322176
0.882169638162283
0.851380683235147
0.835651771145249
0.850880843198229
0.855728548028458
0.86579454033538
0.915092223061602
0.915624519876987
0.90182288823466
0.895895562825874
0.911862062926622
0.852582315851891
0.83621541780932
0.849694983229722
0.870328946184986
0.854685228049007
