26,25,48,45,35,
32,24,20,14,14,22,40,42,0,2,18,
48,32,6,25,20,2,41,34,50,14,35,39,25,7,40,26,17,45,35,43,24,38,22,31,
40,14,7,8,24,44,10,7,16,6,30,46,49,52,11,29,18,52,50,49,41,15,
42,34,15,13,36,10,36,37,31,36,32,7,22,34,22,
36,2,10,42,9,33,9,10,44,32,45,51,8,20,34,54,33,26,3,32,
25,41,12,20,22,38,1,8,43,30,5,35,18,40,54,27,30,1,11,
32,32,7,32,26,0,18,19,26,37,34,9,44,22,37,43,16,35,14,51,23,36,12,18,48,48,32,32,4,30,32,40,53,16,50,40,31,37,20,27,46,24,35,41,42,6,41,41,47,7,11,39,32,38,
0,30,35,27,2,53,31,48,53,
20,0,16,33,51,4,17,30,26,28,32,38,14,40,49,5,31,2,2,34,16,19,21,
37,41,16,32,27,
32,5,30,17,22,17,37,33,7,33,
35,36,21,2,49,23,34,43,12,16,11,31,49,26,29,18,27,10,1,49,28,13,24,28,25,52,4,14,23,31,11,51,1,16,17,23,35,
33,36,40,32,
54,9,16,41,36,4,38,45,25,46,
33,36,10,14,28,7,17,37,32,41,24,30,39,
30,15,32,11,29,45,3,5,19,25,0,4,8,22,43,4,24,32,9,18,47,25,23,39,
2,40,0,35,18,20,1,13,3,38,41,34,36,13,20,47,35,35,20,22,27,37,30,22,30,15,49,5,36,52,36,46,51,31,54,
9,36,16,18,47,51,54,18,20,48,26,21,37,15,
40,29,48,44,7,21,9,44,35,32,10,2,21,36,14,32,36,5,48,45,9,5,12,46,15,25,50,53,7,15,16,45,47,7,27,35,
18,25,51,
48,9,5,26,14,32,16,0,1,5,20,14,50,40,28,41,50,52,49,29,42,17,9,8,16,50,35,
9,34,12,2,1,2,10,26,40,48,7,30,14,3,7,1,26,31,22,12,9,12,15,51,25,43,52,11,51,44,52,49,40,9,26,23,18,40,45,34,16,50,22,25,16,22,
50,32,40,16,46,25,
15,13,9,13,40,31,42,3,14,27,17,36,5,47,25,27,35,20,21,38,29,5,38,10,46,24,50,48,8,34,3,15,40,
16,32,20,39,48,1,3,13,2,3,52,7,10,25,2,48,42,54,2,49,37,0,16,25,31,45,20,3,5,24,30,
35,26,10,3,16,15,37,44,47,32,15,26,16,32,20,25,28,43,39,45,8,17,19,37,
41,10,27,42,42,12,25,27,48,28,32,38,31,37,2,37,41,54,0,40,
7,33,32,
17,32,33,
34,9,42,
7,40,32,
51,18,
25,26,50,
26,36,35,9,
9,30,
18,9,32,
40,25,33,
27,35,
10,33,41,
15,30,15,40,
46,50,54,
35,0,35,40,
8,35,
39,30,33,
