16,1,40,3,4,9,48,13,32,8,18,51,18,31,25,24,28,9,41,49,41,53,5,15,20,35,16,51,44,47,
40,23,36,18,
35,18,2,49,
34,37,50,5,47,49,32,7,7,43,14,
40,53,7,22,46,40,43,51,53,49,37,24,16,36,28,
48,9,36,2,50,14,32,
20,42,25,7,23,21,24,52,23,
10,44,11,5,0,51,50,29,0,36,44,53,51,27,26,15,36,5,49,
49,10,25,42,
42,32,5,17,22,36,49,29,15,31,34,20,30,37,49,22,15,49,3,
2,9,1,53,36,33,10,39,11,24,37,26,32,46,14,10,36,48,45,8,12,34,42,
40,29,5,44,42,21,23,44,37,37,10,2,21,
49,16,39,31,7,39,30,10,47,1,40,27,39,7,10,12,50,25,30,52,17,45,46,7,46,10,45,1,21,30,51,21,51,46,52,23,44,
5,31,9,37,37,50,40,4,1,42,43,2,51,15,23,23,0,34,54,10,20,15,10,31,39,
7,49,13,10,16,17,36,
18,24,36,54,31,35,5,16,31,
37,40,7,19,2,20,48,
18,16,40,
42,32,40,20,10,42,39,
9,5,8,2,1,2,10,26,40,48,7,30,
50,34,6,2,54,27,16,22,44,0,14,43,7,8,22,3,26,30,38,31,4,44,3,0,42,11,36,30,36,5,14,6,36,13,17,27,51,53,4,32,10,34,53,41,38,54,36,29,48,
31,0,42,19,25,16,39,20,50,47,1,7,20,37,2,10,30,24,32,33,34,2,4,52,5,30,37,49,24,45,46,6,21,26,33,41,45,15,49,53,
15,23,42,4,18,
37,40,35,6,0,6,42,5,34,12,15,2,20,2,51,4,46,40,37,35,36,31,32,17,7,17,0,29,30,19,2,
36,40,2,37,17,5,40,48,28,29,
23,40,5,20,15,31,33,43,12,54,31,40,52,7,
25,24,11,42,20,46,26,33,49,29,41,45,47,53,26,32,49,35,
0,37,48,50,37,4,10,2,53,39,45,33,52,32,18,46,54,3,22,49,1,26,35,18,
7,5,31,5,3,19,31,27,20,33,45,46,5,9,43,20,40,1,17,37,40,7,53,3,13,33,27,2,42,30,35,0,0,49,51,29,37,37,5,46,34,
2,40,37,
7,26,8,24,4,34,
32,42,7,32,26,0,0,19,26,37,34,9,44,37,37,43,16,35,36,51,8,36,12,18,48,48,
15,37,16,5,42,31,42,3,14,
16,32,18,
10,50,5,
24,7,20,
10,9,7,2,
17,42,37,7,
8,2,9,
8,7,32,
42,42,15,
36,32,7,
34,2,7,
26,7,0,
48,32,37,
