45,47,4,15,54,1,51,5,52,19,27,36,40,42,47,6,41,11,38,47,5,15,51,28,46,
18,17,28,25,
29,0,47,33,13,24,54,23,17,2,44,35,13,21,
28,33,33,11,15,44,10,18,17,36,41,51,38,2,
17,47,17,29,29,4,
47,19,13,45,19,24,49,33,36,42,51,9,17,18,29,4,26,0,31,1,33,5,17,34,23,42,23,35,46,33,47,48,53,
26,40,35,44,36,52,28,30,34,43,41,13,15,
11,20,28,51,27,30,53,47,
0,20,9,13,11,14,25,26,17,50,10,41,51,25,44,
30,42,33,39,9,32,53,2,3,20,29,45,
39,27,9,24,28,53,53,17,5,19,25,34,27,31,48,35,38,29,34,36,39,48,
17,8,4,23,23,35,16,42,12,6,26,13,0,41,14,37,10,7,52,53,0,40,48,4,32,11,24,34,29,25,4,47,25,45,51,5,20,38,50,50,27,
17,33,13,18,47,32,34,5,1,6,9,19,2,8,21,35,43,38,
31,23,25,27,1,27,39,46,41,4,0,39,21,27,33,15,
33,16,33,47,0,11,40,15,32,53,10,31,
33,39,47,7,14,34,53,1,24,17,54,13,16,17,28,14,30,24,39,0,16,26,51,
0,19,29,9,10,53,11,18,45,50,34,9,47,7,14,31,32,2,41,35,36,17,39,52,9,24,5,8,11,31,33,16,34,4,14,36,41,
50,39,17,
17,39,43,39,36,14,37,7,17,45,7,27,20,
42,47,3,10,25,49,15,30,47,52,25,15,34,54,8,25,30,50,3,31,54,13,54,10,33,51,10,46,
33,8,40,29,28,33,38,1,17,30,22,10,32,25,52,39,41,
22,39,3,10,7,44,27,27,51,24,34,19,45,3,5,32,35,54,16,36,41,3,50,31,45,33,33,16,19,27,44,0,10,2,9,34,45,
52,34,23,13,9,42,54,17,11,26,47,42,0,42,23,21,0,39,40,
13,26,47,14,47,1,17,13,31,32,34,51,53,17,18,13,37,41,17,10,0,13,27,37,34,10,53,52,32,0,53,6,23,17,29,50,28,54,43,42,2,13,10,4,
10,7,42,28,39,13,8,20,
40,17,8,24,2,0,39,26,30,35,43,29,26,29,33,32,24,45,10,5,20,54,27,33,5,
39,30,10,52,27,50,
10,33,10,42,
23,16,17,52,31,40,31,1,33,41,45,22,29,49,32,19,9,20,19,32,41,39,53,19,35,47,35,9,10,5,19,34,16,17,21,26,34,41,40,36,46,
27,40,39,17,
35,26,39,
5,22,40,17,
10,33,22,10,
25,31,17,18,42,
7,17,
29,30,39,17,
20,10,11,17,
40,23,52,51,
17,52,0,28,
51,42,33,40,
4,45,13,17,
36,23,39,
13,26,29,
46,45,23,42,
27,11,17,
