49,16,39,31,7,39,30,10,47,1,40,27,39,7,10,12,50,25,30,52,17,45,46,7,46,10,45,1,21,30,51,21,51,46,52,23,44,28,4,28,44,42,48,29,12,29,50,29,30,43,8,
15,10,4,18,1,30,31,45,16,22,53,35,7,40,3,47,27,
9,12,2,1,2,10,26,40,48,7,30,14,14,7,7,1,26,31,22,12,9,12,15,51,25,43,52,11,44,52,
16,32,20,39,48,1,3,13,2,3,
47,32,40,15,11,
40,29,48,44,42,21,44,32,10,2,21,36,14,32,36,5,48,45,9,12,46,30,47,50,7,
11,30,14,47,32,42,
32,42,7,32,26,0,19,26,37,34,9,44,22,37,43,16,35,14,51,23,36,12,18,48,48,32,1,4,30,32,40,53,16,48,40,31,37,47,27,46,
0,30,27,
3,42,1,35,15,
30,49,40,11,48,
36,2,42,42,
14,9,20,
30,15,32,11,29,45,51,5,19,25,0,4,8,22,43,
27,7,40,0,
41,25,5,42,42,12,25,48,
15,13,16,13,40,31,42,3,14,27,17,36,5,47,25,27,35,20,38,
35,36,21,2,49,23,34,43,12,16,11,31,49,26,29,
48,9,5,26,14,32,16,0,1,5,20,14,50,40,28,41,50,52,30,
20,16,16,14,33,51,6,4,30,
7,5,13,5,3,19,31,27,20,33,45,46,5,9,43,20,40,1,17,37,22,7,53,3,13,33,27,2,42,30,35,0,0,42,49,51,48,29,9,40,5,46,19,9,53,25,7,10,
42,32,40,20,10,42,39,20,53,41,25,26,46,53,11,9,35,26,36,3,45,7,13,11,
16,1,40,3,4,9,48,13,32,8,44,51,18,31,25,24,28,9,41,49,41,53,5,15,20,35,16,51,44,47,2,48,20,2,21,2,42,52,36,
25,41,5,22,38,
48,32,2,
40,7,40,24,44,10,27,16,6,30,46,49,52,11,29,
48,32,6,25,20,2,41,34,50,14,35,25,40,
35,15,42,3,16,15,37,44,47,32,41,
1,15,32,3,24,14,33,40,
42,42,15,13,51,36,36,
51,30,42,24,47,54,43,
2,40,0,35,18,20,1,13,3,38,41,34,36,13,20,47,48,5,20,22,27,37,41,
25,41,48,22,
17,
36,42,16,41,
5,41,
6,20,
14,1,11,
40,40,15,
5,2,25,
41,2,35,36,
38,2,15,25,
22,30,2,25,
11,9,35,40,
43,51,30,
