53,48,32,37,32,6,9,51,17,31,51,53,19,53,46,48,43,15,
7,48,29,41,3,14,40,48,53,23,42,
18,36,13,28,29,10,
9,15,0,52,16,27,33,45,50,22,9,13,23,31,36,43,25,37,
48,36,38,41,31,17,23,7,15,24,27,31,21,53,33,34,16,47,52,3,12,13,28,36,50,19,31,7,21,44,
38,36,48,10,12,15,51,16,35,27,24,8,38,7,9,11,12,27,51,45,46,10,12,25,29,43,20,31,35,
36,38,23,48,9,37,9,21,31,35,3,38,52,10,40,5,18,15,8,21,51,41,24,52,24,2,28,12,13,41,52,
0,45,9,22,32,53,
10,38,17,52,19,45,51,0,21,31,38,
50,9,44,51,53,8,6,9,35,37,
29,38,18,32,
8,36,31,50,20,34,
16,9,48,52,
17,22,4,52,23,35,53,42,11,
31,9,48,8,11,18,21,
13,48,34,25,41,48,40,43,
52,36,3,7,27,29,6,9,3,9,51,10,1,24,37,51,38,7,11,40,40,24,38,16,7,8,29,48,
48,53,7,
15,48,36,3,47,0,12,13,18,43,53,
36,48,
45,9,24,21,0,51,
32,53,
13,18,36,15,18,
51,50,10,45,
7,52,38,
25,13,38,51,
22,9,
24,52,45,
17,10,48,
52,36,
43,13,53,15,
21,10,31,
11,38,52,40,31,17,
51,52,53,25,
19,53,48,
52,17,
32,53,0,29,
0,10,15,
18,15,31,13,
40,13,52,
22,17,0,
29,52,7,
20,38,8,
12,38,36,15,
23,7,17,
