19,10,17,23,3,5,26,29,30,
40,17,8,24,2,0,39,14,30,35,43,29,26,29,33,32,24,45,10,5,20,54,39,7,48,19,53,0,42,51,50,43,37,17,22,38,1,52,
43,10,17,42,20,34,15,31,36,
17,30,19,17,13,16,24,45,
30,22,11,7,18,32,46,8,
7,7,31,3,19,14,27,
54,0,7,48,33,
50,24,6,2,17,27,16,22,10,0,14,43,7,8,22,3,26,30,38,31,4,44,
31,22,0,42,25,16,39,20,50,23,7,20,37,2,10,30,
22,40,31,22,26,52,52,10,11,30,9,22,42,
7,54,42,0,34,41,48,27,4,12,20,9,1,7,10,53,36,38,50,27,15,
26,22,49,28,18,39,29,
49,42,52,30,23,
47,19,9,34,12,19,24,49,29,36,42,51,9,17,18,42,4,26,0,31,1,10,5,31,34,23,42,23,35,46,33,47,48,53,25,47,4,47,8,15,6,10,48,52,9,44,53,28,48,0,36,2,
49,16,39,26,7,39,30,10,47,
11,30,10,1,12,26,10,37,9,29,52,31,47,34,25,47,
30,16,10,3,33,20,22,43,49,48,49,0,36,
23,16,3,52,31,40,31,1,33,41,45,22,29,49,32,19,9,20,19,32,41,39,53,19,35,47,35,9,10,5,19,34,16,17,21,26,34,41,23,6,36,46,7,1,16,42,44,17,39,31,4,4,52,40,45,15,49,44,1,4,4,35,4,12,19,
33,8,40,3,38,1,17,30,10,10,32,25,52,39,41,43,22,35,52,54,15,10,54,27,26,37,51,47,
10,7,48,12,43,8,33,7,23,45,46,43,50,18,8,51,10,3,9,27,29,30,52,19,33,28,26,
48,11,9,25,21,34,49,52,10,16,21,30,
5,46,39,46,8,12,13,47,4,52,28,36,10,30,45,53,2,13,
42,29,40,17,34,53,43,10,44,4,52,6,15,43,32,28,0,2,15,26,48,49,50,38,
17,47,9,23,29,0,1,35,54,50,20,26,31,6,53,33,40,2,37,17,13,44,28,22,26,37,21,35,37,39,52,42,30,
10,33,4,47,53,18,22,39,6,36,13,4,16,53,10,43,25,6,3,30,34,35,43,27,5,35,
43,16,10,30,33,
16,10,43,3,4,9,48,35,48,8,
35,2,17,16,13,21,36,49,
28,5,17,26,7,20,37,15,46,
13,10,5,14,27,34,44,45,17,20,6,9,
16,39,30,19,
17,52,11,38,32,15,37,3,22,12,0,16,43,18,38,48,32,2,30,38,0,13,16,25,27,
52,34,23,0,9,42,54,17,11,50,47,42,0,42,23,21,0,49,33,21,44,33,35,37,14,51,27,29,54,25,15,53,31,38,43,22,26,33,38,
10,5,
53,5,
30,19,48,17,
24,50,17,
36,35,43,30,
46,30,28,
22,22,
13,5,35,
45,17,
2,5,35,47,
15,7,28,
14,40,7,
