7,40,
6,20,
20,16,16,14,33,51,6,4,17,30,26,28,32,38,14,
42,15,
25,41,12,5,22,38,44,8,43,30,
18,35,0,39,26,16,52,23,
42,15,13,36,14,36,
32,7,32,26,0,18,19,26,37,34,9,44,22,37,43,16,35,14,51,23,36,12,18,48,48,32,32,4,30,32,40,53,16,40,31,37,14,27,46,24,35,41,42,27,41,
16,1,40,3,4,9,48,13,32,8,44,51,18,31,25,24,28,9,41,49,41,53,5,15,20,35,16,51,44,47,2,48,20,2,21,2,42,52,37,50,18,22,
9,14,36,44,18,50,51,54,
15,13,16,13,40,31,42,3,14,27,17,36,5,47,25,27,35,20,21,38,29,5,38,42,46,24,50,
9,34,12,2,1,2,10,26,40,48,7,30,14,14,7,7,1,26,31,22,12,9,12,15,51,25,43,52,11,51,44,52,49,40,9,26,23,
36,2,10,42,9,33,9,10,44,32,45,51,
48,9,5,26,14,32,16,0,1,5,20,14,50,40,28,41,50,52,49,29,42,15,9,8,16,
35,15,10,3,16,15,37,44,47,32,15,18,16,34,
30,15,32,11,29,45,3,5,19,25,0,4,8,22,43,4,24,32,
26,27,48,45,
22,5,27,16,32,28,
2,40,0,35,18,20,1,13,3,38,41,34,36,13,20,47,5,20,22,27,37,30,22,30,15,49,5,36,
40,34,40,15,46,
27,7,40,32,0,0,6,26,27,22,30,32,54,
40,29,48,44,7,21,9,44,35,32,10,2,21,36,14,32,36,5,48,45,9,5,12,46,50,25,50,53,7,
14,9,20,9,12,22,26,51,1,32,1,15,
5,2,25,22,24,5,28,20,
32,11,22,
33,36,7,
5,41,20,28,30,40,
15,14,10,4,18,4,30,31,45,16,22,53,35,7,40,3,27,42,48,35,15,
48,32,6,25,20,2,41,34,50,14,35,39,25,7,40,26,17,45,35,43,
40,14,7,40,24,44,10,27,16,6,30,46,49,52,11,29,18,52,
16,32,20,39,48,1,3,13,2,3,52,7,10,25,28,48,42,54,
41,28,5,42,42,12,25,27,48,28,32,38,31,
7,5,13,5,3,19,31,27,20,33,45,46,5,9,43,20,40,1,17,37,22,7,53,3,13,33,27,2,42,30,35,0,0,42,49,51,48,29,9,40,5,46,19,9,53,25,7,10,33,38,1,4,24,
32,24,20,14,27,
35,36,21,2,49,23,34,43,12,16,11,31,49,26,29,18,27,10,1,15,44,
11,42,32,6,21,32,
0,30,18,27,27,2,53,31,44,53,
44,25,0,35,9,
27,27,35,
28,5,16,41,22,
54,9,16,27,
34,40,35,
14,42,32,
50,40,9,
42,16,11,41,
