0,26,48,50,52,4,10,9,53,39,45,33,52,32,
15,7,6,42,38,16,39,33,36,38,12,11,40,
6,39,50,
40,5,
22,37,49,51,28,
10,27,4,47,53,18,22,39,6,36,43,4,16,53,43,25,6,3,30,34,35,27,5,35,18,43,44,33,2,6,8,
16,10,40,3,4,9,48,13,32,8,35,51,18,31,25,24,28,
49,16,39,26,7,39,30,10,47,1,40,27,39,9,10,12,50,25,30,52,17,22,46,7,46,10,45,
39,49,17,6,4,18,2,47,
2,39,1,36,33,10,39,11,24,35,26,32,
5,31,7,37,37,50,40,22,1,42,
35,24,16,14,27,32,52,1,48,20,10,2,
43,10,37,42,20,34,15,31,8,3,52,20,12,49,53,23,40,
7,8,42,0,34,41,48,27,4,5,12,34,20,24,9,1,7,10,53,36,38,50,27,15,30,47,43,19,
37,43,22,54,17,6,42,5,42,12,9,37,20,
17,45,9,23,29,0,1,35,54,50,20,26,31,6,53,33,43,2,37,13,44,48,22,26,37,21,17,37,39,52,42,51,26,52,37,
26,22,49,11,18,39,29,0,46,23,12,21,38,1,53,14,36,5,9,11,7,30,1,18,52,
31,22,0,42,19,25,16,39,20,50,47,1,7,20,37,2,10,30,24,32,33,42,2,4,52,5,30,37,49,24,45,
42,29,17,17,34,53,43,10,44,4,52,6,15,43,32,28,0,2,15,26,48,49,50,4,38,31,28,15,25,31,37,11,3,48,21,38,1,37,3,48,
10,44,11,5,51,50,0,36,11,
22,49,31,22,26,52,52,4,10,11,30,9,22,42,2,31,54,42,51,27,46,36,5,42,
54,22,37,21,47,54,25,
49,42,52,39,19,45,40,16,33,0,31,32,33,
32,42,35,32,26,28,0,
19,33,16,19,3,5,26,29,25,4,33,36,50,2,30,22,12,19,48,7,51,
4,22,42,42,2,47,39,20,18,13,44,
3,42,43,16,40,5,37,47,
11,19,10,1,12,26,10,37,9,29,52,31,47,34,25,47,12,11,51,17,18,42,4,12,24,34,40,49,18,8,46,10,43,
52,34,36,0,9,42,54,0,11,50,47,42,0,42,23,21,0,49,28,0,21,44,33,35,37,14,51,27,29,54,25,15,53,31,38,43,22,31,26,33,38,43,21,20,45,33,24,7,15,11,
40,43,3,7,
7,7,31,5,3,19,31,27,20,33,45,46,5,9,43,20,40,1,17,37,40,7,53,3,13,33,
50,34,6,2,17,27,16,22,0,14,43,7,8,22,3,26,30,38,31,4,44,3,0,6,11,36,30,36,5,14,6,36,13,17,27,51,53,
25,54,
42,32,
2,4,22,
1,35,42,
28,22,32,
42,22,5,
9,49,0,37,
18,39,26,4,
33,19,7,
48,42,35,
37,42,3,37,
51,19,11,17,
49,
