48,17,33,32,
22,51,13,3,54,
17,33,13,3,
40,42,51,26,2,1,5,21,1,38,40,26,26,31,51,47,29,17,9,21,
38,13,31,53,23,8,11,15,32,36,38,
39,27,21,3,28,53,53,17,5,19,25,
52,2,23,13,9,42,54,16,11,26,38,42,
22,39,3,10,7,44,27,27,51,24,34,45,3,3,32,35,54,16,36,41,3,50,31,45,33,
17,39,11,40,29,14,37,7,17,45,
29,0,47,33,13,24,54,
23,16,17,52,31,40,31,1,33,41,45,22,29,49,32,19,9,20,19,32,41,39,53,19,35,47,35,9,5,19,2,
45,47,38,15,54,1,51,5,52,19,27,36,40,42,47,51,41,11,38,47,
10,42,
31,51,40,27,1,27,39,46,41,4,39,
2,39,0,13,13,30,18,22,52,23,13,15,5,40,42,53,39,
29,3,47,17,
33,47,7,14,34,53,1,24,17,54,13,48,17,28,14,30,24,
40,17,8,24,2,0,40,26,2,35,43,29,26,29,33,32,24,45,16,5,20,54,
38,31,40,45,12,15,51,16,35,27,24,8,38,4,9,25,12,27,51,45,46,10,12,45,36,43,49,31,35,25,47,9,24,2,50,41,39,46,29,2,24,11,39,40,52,19,39,
0,20,2,9,33,13,11,14,25,26,11,50,22,41,51,
33,21,33,47,0,11,
13,26,47,14,47,2,17,13,31,32,34,51,53,17,18,13,37,41,17,10,0,13,27,37,38,10,53,52,32,0,53,22,23,17,29,50,28,
16,42,25,11,52,40,41,43,
17,33,4,23,23,35,16,42,12,6,26,13,0,41,14,37,10,7,52,53,0,40,48,4,32,11,24,34,29,48,4,47,25,45,51,
0,19,29,9,10,53,11,18,45,50,34,9,47,7,14,31,32,2,41,35,36,17,39,52,9,24,5,11,33,
28,33,33,
42,47,3,10,16,49,15,30,47,52,25,3,34,54,2,25,30,50,3,
47,19,38,13,45,19,24,49,33,36,42,51,9,17,18,29,4,26,29,31,1,33,5,17,34,
33,8,40,29,28,33,38,1,17,30,22,22,32,
3,39,42,22,22,23,6,17,
26,40,40,44,36,52,28,30,
33,17,0,45,7,9,
11,17,38,0,11,
51,10,44,40,6,40,47,10,31,28,44,40,42,43,44,23,31,14,2,51,45,14,22,1,6,
21,41,29,11,12,17,40,2,39,24,48,15,18,40,39,49,23,24,52,33,36,19,21,32,
2,38,42,23,
30,26,
7,33,17,
38,38,
30,42,33,39,
39,2,38,30,
6,51,3,
54,45,22,
17,47,17,
22,0,33,
