50,34,6,2,17,27,16,22,44,0,14,43,7,8,22,3,26,30,38,31,4,44,3,0,11,36,30,36,5,14,6,36,13,17,27,51,53,4,32,10,34,53,24,
18,24,4,31,35,
17,45,9,23,29,0,1,35,54,50,20,26,31,6,53,33,43,2,37,3,13,44,48,22,26,37,21,17,37,39,52,42,51,54,26,52,12,11,37,18,10,45,5,23,38,
23,40,5,20,
32,42,35,32,26,0,0,19,26,37,9,44,37,
40,29,5,44,42,21,23,
10,27,4,47,53,18,22,39,6,36,43,4,16,53,16,25,6,3,30,34,35,40,27,5,35,18,43,44,33,2,6,8,10,24,19,33,37,50,9,31,50,
42,22,5,35,22,36,49,29,31,34,20,30,37,24,
40,7,22,46,40,43,51,53,49,37,24,36,43,22,
49,16,39,7,39,30,10,47,1,40,27,39,7,10,12,50,25,30,52,17,16,46,7,46,10,45,1,21,32,51,
7,5,31,5,3,19,31,27,20,33,45,46,5,9,43,20,40,1,17,37,40,7,53,3,13,33,27,2,42,30,35,0,
22,49,31,22,52,4,4,10,11,30,9,22,42,14,31,11,42,51,27,46,36,5,42,3,4,31,48,13,16,
5,31,9,37,37,50,40,22,1,42,43,2,17,21,23,23,22,34,54,
37,10,1,7,
32,25,49,4,
31,22,0,42,19,25,16,39,20,50,47,1,7,20,37,2,10,30,24,32,33,2,4,52,5,30,37,49,24,45,46,6,21,26,33,41,45,15,
49,19,1,19,45,40,6,16,33,0,31,32,33,11,19,15,16,51,46,
35,24,16,14,27,32,17,52,48,48,20,10,2,42,22,36,0,13,26,33,42,54,
25,32,11,42,20,46,26,33,49,
0,48,50,37,4,10,2,53,39,45,33,52,32,18,46,54,3,49,
4,22,43,19,42,34,47,31,20,18,13,44,8,27,7,35,49,41,32,20,
10,44,11,5,0,51,50,29,0,36,44,53,51,
37,35,6,17,6,42,5,34,12,3,2,20,2,51,4,46,40,37,36,31,32,
16,10,40,3,4,9,48,13,32,8,35,51,18,31,25,24,28,9,41,49,41,53,
2,9,1,53,36,33,10,39,11,24,35,26,32,46,14,36,
46,0,49,
36,40,2,37,43,
48,35,22,
42,32,40,
48,35,
35,18,4,
20,42,25,4,23,
3,37,
9,5,10,2,
7,4,
19,49,4,
34,37,50,5,
43,4,40,36,
21,5,49,
16,49,
22,40,5,
24,50,10,42,
7,49,37,
13,35,22,
10,17,50,
