31,9,0,11,18,21,8,22,33,3,6,13,2,26,
18,23,31,13,35,
22,9,3,10,11,44,36,20,20,24,19,33,45,
36,38,23,10,9,37,9,11,21,31,35,3,38,37,10,40,5,27,22,12,21,51,41,24,52,24,2,28,12,13,41,52,10,41,40,52,52,40,50,35,
13,16,34,25,41,48,40,0,1,41,42,53,6,23,
11,38,18,40,31,17,6,22,41,29,11,52,20,12,13,23,
50,9,44,51,53,20,36,6,9,35,37,29,26,2,9,23,28,40,
0,45,9,22,53,11,18,45,50,39,9,48,14,31,32,2,41,
47,53,38,13,
51,50,45,6,40,47,10,31,39,44,
40,13,53,7,40,45,
13,26,36,47,18,47,2,17,13,31,32,34,51,53,17,53,13,37,41,
45,9,7,21,0,51,40,4,2,40,40,
23,25,17,11,31,40,
2,50,25,13,
52,9,36,
25,13,38,2,50,47,17,35,44,
39,2,40,0,20,4,52,16,4,19,35,40,45,
4,21,45,
22,17,0,12,
25,23,0,
9,15,0,10,27,33,45,50,22,9,13,23,31,23,36,43,0,25,53,37,25,34,43,52,18,37,42,17,
53,13,37,6,9,51,17,31,39,53,40,53,46,39,47,4,27,
7,35,38,40,48,51,31,
52,17,42,17,47,49,11,33,39,
38,36,40,12,15,51,16,35,27,24,8,38,7,9,11,12,27,51,45,46,10,12,25,36,43,20,31,35,25,47,9,24,
21,31,11,12,17,4,37,39,4,
17,22,4,52,23,35,53,42,12,11,26,13,0,41,14,
40,36,51,45,
35,18,7,
20,38,1,39,22,42,
34,13,49,
19,39,22,
20,50,22,11,
37,9,21,
26,50,31,13,
2,31,39,
4,21,39,
13,13,
48,0,7,
40,39,45,50,
33,52,22,
39,52,51,
11,11,23,
35,39,25,36,
