38,36,48,10,12,41,51,16,35,
6,29,14,17,5,35,40,41,45,48,13,52,33,37,12,5,32,3,
17,5,27,7,37,52,44,6,0,
52,17,36,6,7,27,29,6,39,42,9,51,10,
48,36,38,41,31,39,23,7,15,24,27,31,21,53,33,34,42,47,52,
39,48,15,18,30,46,25,44,53,
53,48,37,5,9,51,
14,12,21,5,6,46,39,22,32,37,49,32,37,41,48,22,
49,14,0,54,
22,14,38,36,5,28,49,52,
9,52,
5,14,31,9,45,49,52,53,
2,15,43,36,24,31,6,14,25,40,21,24,
37,14,17,39,42,
36,38,23,48,22,2,21,35,3,38,52,10,5,18,15,21,51,41,24,52,24,
51,38,52,
7,48,17,41,
15,48,36,47,
10,38,52,
42,48,52,
24,2,36,
18,36,39,
38,36,22,
6,2,52,
5,17,6,
28,22,
41,38,
53,
48,14,6,
12,14,
21,36,
25,2,
51,53,36,
39,37,14,52,
25,39,
40,2,6,
44,39,
53,5,39,
32,14,6,
52,5,22,
16,38,
27,
21,48,
5,53,22,
42,37,
