35,34,42,14,25,15,20,
9,34,6,31,37,48,16,31,
50,34,6,4,9,17,20,22,8,39,2,6,25,16,36,16,
36,15,42,23,48,50,2,17,21,38,52,3,
48,36,9,
42,34,36,9,50,19,52,45,50,7,25,35,4,4,21,24,1,31,49,16,2,36,36,6,32,
28,7,54,3,50,16,20,46,
7,50,47,3,6,6,17,2,54,16,28,31,32,54,16,36,42,23,34,47,54,
34,42,20,50,34,4,52,14,52,13,28,15,2,9,17,21,54,37,16,28,35,
17,34,25,15,
14,35,34,21,5,17,24,27,38,46,54,
2,7,50,42,36,15,
52,34,39,
9,42,50,6,
25,50,
23,36,
21,36,
4,42,50,20,
6,50,7,9,
16,7,34,42,31,
15,17,36,35,2,
20,25,50,4,
54,14,
38,14,36,
37,9,34,
31,9,16,
28,34,
52,36,34,
35,
24,14,
8,50,
27,14,
6,42,9,
54,34,
5,14,
54,28,7,17,
25,17,20,
6,50,7,
16,9,50,
4,42,34,
31,9,42,
3,7,36,
17,14,36,
36,42,7,
34,7,34,
