39,5,11,30,10,52,7,50,41,6,4,17,15,54,17,32,43,26,42,49,51,17,18,39,40,40,44,
49,17,39,7,39,
17,39,17,25,17,19,44,
31,22,41,42,21,25,38,39,
52,34,23,0,9,42,54,17,11,26,47,42,0,42,23,21,0,39,36,33,21,44,33,35,37,14,51,27,29,54,7,53,
10,7,2,39,43,8,33,7,23,45,46,43,50,18,8,51,10,3,9,27,29,30,
33,8,40,38,1,17,30,10,10,32,25,52,39,41,17,22,35,52,54,15,10,
7,54,42,0,34,41,48,27,4,25,12,36,20,21,41,
43,10,17,42,
26,40,18,44,36,52,28,30,34,43,41,0,15,27,29,47,48,12,30,36,29,52,3,
25,48,12,46,8,28,50,2,11,7,17,
10,33,4,47,53,18,22,39,6,36,13,4,16,53,10,43,25,
17,41,17,22,1,47,32,34,1,6,9,19,2,8,21,35,43,38,29,49,38,46,33,42,23,36,38,40,4,30,
11,30,39,1,12,26,10,37,9,29,52,
16,0,41,19,30,19,
9,2,48,46,50,
30,16,10,3,21,
22,40,31,
36,52,7,40,17,5,42,47,
19,16,17,
30,46,42,39,9,32,53,2,3,20,29,4,45,25,8,16,18,26,7,20,17,22,24,37,14,29,27,29,37,42,29,
5,46,39,39,46,8,12,13,47,4,52,36,28,
42,29,40,17,34,53,43,10,44,52,
41,39,16,22,31,50,27,31,17,7,31,44,7,34,1,42,
50,39,6,2,17,27,16,22,10,0,14,43,7,8,22,41,26,30,
7,13,30,52,16,49,32,
47,19,9,34,12,19,24,49,29,36,42,51,9,17,18,42,4,26,0,31,1,10,5,31,34,23,42,23,35,46,33,47,48,53,25,47,4,47,8,15,6,10,48,52,
17,47,23,29,0,1,35,54,50,20,26,31,6,53,33,40,2,37,17,13,44,28,
17,52,11,38,32,15,37,3,22,12,0,16,43,18,38,48,
13,10,5,27,21,
40,17,8,24,2,0,39,26,30,35,43,29,26,29,33,32,24,45,10,5,20,54,39,7,48,19,53,0,42,51,50,43,37,36,17,22,38,
48,9,25,9,
23,16,3,52,31,40,31,1,33,41,45,22,29,49,32,19,9,20,19,32,41,39,53,19,35,47,35,9,10,5,19,34,16,17,21,26,34,41,23,6,36,46,7,1,16,42,44,17,39,4,4,52,40,17,15,49,44,1,2,4,
16,10,7,
17,39,17,17,
21,31,7,30,13,
54,7,48,
49,7,23,
26,30,19,
44,39,17,
30,17,11,
0,16,
28,5,17,
2,23,10,
38,17,31,
