52,34,23,0,9,42,54,17,11,26,47,42,0,42,23,21,0,39,33,21,44,33,35,37,14,51,27,30,
5,39,39,46,
2,33,5,17,16,
33,39,47,7,14,34,53,1,24,17,54,13,16,17,2,14,30,24,39,0,16,26,2,51,4,17,46,8,40,
26,40,35,44,36,52,28,30,34,43,41,13,15,27,29,47,48,12,30,36,29,
17,43,39,36,14,37,7,17,45,7,27,16,11,15,25,2,38,7,12,30,
50,39,2,17,27,16,22,10,0,14,26,33,8,22,41,
11,17,39,1,12,26,10,
13,26,33,
35,26,9,20,31,40,52,27,31,
47,19,34,45,19,24,49,33,36,42,51,9,17,18,4,26,0,31,1,33,5,34,23,42,23,35,46,33,47,48,53,25,47,4,47,8,15,6,
17,47,17,29,0,1,35,54,50,20,26,31,6,53,
5,8,40,17,36,2,23,28,35,23,2,10,
10,7,42,39,8,33,7,23,45,26,43,50,
10,33,4,42,53,18,22,39,6,36,10,12,53,
25,30,16,42,17,8,28,50,2,45,33,7,
40,17,8,24,2,0,39,26,30,35,43,29,26,29,33,32,24,45,10,5,20,54,39,33,5,48,19,53,0,42,51,3,17,
17,33,22,47,32,34,5,1,6,9,19,2,8,21,35,43,38,29,38,46,33,
0,20,31,9,7,15,11,14,25,26,17,50,10,41,51,25,44,43,9,48,12,18,
24,45,7,
7,33,17,0,34,41,48,24,4,25,42,
23,16,52,31,40,31,1,33,41,45,22,29,49,32,19,9,20,19,32,41,39,53,19,35,47,35,9,10,5,19,34,16,17,21,26,34,41,6,36,46,7,1,16,42,44,17,39,5,3,4,52,40,
30,42,33,39,9,32,53,2,3,20,29,4,45,25,8,16,18,7,20,17,22,24,37,14,29,
33,16,33,47,50,11,7,40,15,32,53,25,34,40,52,37,2,17,33,
42,40,
42,47,3,10,25,49,15,30,47,52,25,15,34,54,8,25,30,50,3,31,54,50,54,10,33,51,10,46,30,37,50,7,
33,8,40,33,38,1,17,30,10,10,32,25,52,39,41,17,22,35,52,54,10,13,
17,52,0,38,3,15,37,
45,47,4,15,54,1,51,5,52,19,27,36,40,42,47,6,41,11,38,47,5,15,51,37,28,46,40,43,18,27,24,10,25,
39,5,11,30,10,52,7,50,41,6,4,17,15,54,
41,39,16,22,31,50,
3,23,17,40,
25,
7,30,
30,25,17,52,
26,50,10,
24,30,
14,50,
16,17,41,
17,40,33,
12,17,10,
10,45,10,5,
9,35,0,
31,35,41,
16,2,25,
