30,22,11,7,18,32,3,8,5,39,9,41,44,12,
31,22,0,42,19,25,16,39,20,50,47,1,7,20,37,2,10,30,24,32,33,42,2,4,52,5,30,
52,34,36,0,9,42,54,0,11,50,47,42,0,42,23,21,0,49,28,21,44,33,35,37,14,51,27,29,54,25,15,53,31,38,43,22,31,26,33,38,43,21,47,26,48,45,
22,31,22,26,52,52,4,10,11,30,9,22,42,35,
37,43,28,17,6,42,5,
7,42,0,34,41,48,27,4,5,12,34,20,24,9,1,7,10,53,36,38,50,27,15,30,
7,7,31,5,3,19,31,27,20,33,45,46,5,9,43,20,40,
28,26,17,27,26,7,20,37,15,2,35,39,3,37,39,10,42,52,
10,26,11,5,35,28,50,
2,35,47,
43,10,37,42,20,34,15,31,8,3,52,20,44,49,53,
17,47,9,23,29,0,1,35,54,50,20,26,31,6,53,33,43,2,37,17,13,44,28,22,26,37,21,35,37,39,52,42,27,26,52,35,37,
48,11,47,9,25,21,34,49,52,10,16,21,13,31,49,24,29,52,30,2,23,
15,7,28,42,38,16,39,
42,29,17,17,34,53,43,10,44,4,52,6,15,43,32,28,0,2,15,26,48,49,50,4,38,31,28,15,25,31,
10,7,48,12,43,8,7,23,45,46,43,50,18,8,51,10,3,9,27,29,10,52,19,33,28,26,32,34,47,11,31,45,46,53,36,41,47,4,20,50,
19,10,17,19,3,5,26,29,25,4,33,36,50,2,
47,19,9,34,12,19,24,49,29,36,42,51,9,17,18,42,4,26,0,31,1,10,5,31,34,23,42,23,35,46,33,47,48,53,25,47,4,47,8,15,6,10,48,52,9,44,53,28,48,0,36,2,3,38,24,53,52,20,25,31,34,
49,16,39,26,7,39,30,10,47,1,40,27,39,48,10,12,50,25,30,
10,4,47,53,18,22,39,6,36,43,4,16,53,10,43,25,6,3,30,34,35,43,27,5,35,18,43,44,35,
17,30,19,17,45,16,20,45,12,20,25,5,10,28,44,51,20,
26,22,49,28,18,39,29,0,46,23,12,21,38,
26,28,10,52,34,
4,22,42,34,44,
11,30,10,1,12,26,10,37,9,29,52,31,47,34,25,47,12,11,10,17,18,42,4,12,24,34,40,49,
35,28,16,
35,2,17,16,16,9,11,21,12,49,18,34,49,33,39,22,17,30,10,
0,26,43,50,52,
35,17,10,49,44,
3,47,43,
16,10,43,3,4,9,48,35,48,8,35,51,18,25,24,
50,34,6,2,17,27,16,22,10,0,14,43,7,8,22,3,26,30,38,31,4,44,3,0,27,11,36,
49,42,52,39,19,45,40,35,16,
43,16,10,27,0,39,45,28,46,
27,17,43,50,
34,4,26,
30,35,48,
51,17,
39,49,35,
13,48,
5,31,7,37,
6,37,
44,43,4,35,
30,31,49,7,
23,26,48,
