48,32,37,8,20,2,41,34,50,
5,31,9,37,50,40,4,1,42,43,2,51,15,3,23,23,0,11,54,11,20,15,31,39,42,50,35,39,7,40,51,
30,15,32,
48,9,5,50,14,32,16,0,1,5,9,14,50,40,28,
40,32,
0,25,48,50,37,4,10,2,53,39,45,33,52,32,18,46,54,3,22,49,1,26,35,16,18,53,52,1,23,28,29,36,
49,16,39,31,7,39,30,10,47,1,40,27,39,7,10,12,50,25,30,52,17,45,46,7,46,10,45,1,21,30,51,21,51,46,52,23,44,28,4,28,44,21,42,48,12,29,50,
17,42,36,11,7,14,9,35,53,50,49,
31,1,0,42,19,25,16,39,20,50,47,1,7,20,37,2,10,30,24,32,33,34,2,4,52,5,30,37,49,24,45,46,6,21,26,33,41,45,15,49,53,7,40,19,26,47,
17,9,19,40,
16,32,20,39,48,1,3,
40,23,7,44,10,31,16,42,
40,29,5,44,42,21,23,44,21,37,10,2,21,36,14,32,36,5,48,24,42,
42,32,5,17,22,36,49,29,15,31,34,9,30,37,49,22,15,3,31,41,3,28,42,14,27,24,40,
8,48,9,50,48,27,
7,5,31,5,3,19,31,27,20,33,45,46,5,9,43,20,40,1,17,37,40,7,53,3,13,33,27,2,42,30,35,0,0,42,49,51,48,29,37,40,5,46,19,9,53,5,7,
32,42,7,32,26,0,0,19,26,37,34,9,44,22,37,43,16,35,14,51,23,36,12,18,48,48,32,1,4,30,32,40,53,16,
37,40,7,19,2,20,48,53,48,36,40,2,50,21,26,47,52,
26,7,0,48,17,33,27,15,52,
15,23,42,4,18,1,30,31,45,16,22,53,35,
40,38,53,7,22,46,40,43,51,53,49,25,24,16,3,28,16,18,35,49,
41,42,42,42,
2,40,37,35,18,20,1,13,37,7,41,
7,26,31,4,2,2,28,17,16,
42,32,40,20,10,42,39,20,53,41,42,25,26,50,53,11,9,35,
16,1,40,3,4,9,48,13,32,8,51,18,31,25,24,28,9,41,49,41,53,5,15,20,35,16,51,44,47,2,48,20,2,21,
42,42,15,13,
23,40,5,14,15,31,33,43,12,54,31,40,52,7,31,50,0,21,37,
15,13,16,5,42,31,42,3,14,27,17,36,5,47,25,
50,34,6,2,54,27,16,22,44,0,14,43,7,8,22,3,26,30,38,31,4,44,3,0,42,11,36,30,36,5,14,6,36,13,17,27,51,53,4,32,7,3,53,41,38,54,36,29,25,48,31,27,23,10,48,15,42,43,51,
9,5,8,2,1,2,10,26,40,48,7,30,14,17,7,7,1,26,31,22,12,
35,36,21,2,49,23,34,43,
50,42,8,17,
1,15,32,
9,17,48,
20,16,16,
11,17,5,
21,40,49,23,
20,48,
4,
37,2,23,
24,42,40,
35,15,42,
31,7,
42,50,40,
