45,47,38,18,3,36,51,5,52,
40,12,51,45,1,25,5,21,3,9,40,26,
17,22,4,52,23,35,53,42,12,26,13,0,41,14,37,10,52,3,18,
28,44,
52,17,42,17,47,49,33,13,31,36,42,2,40,15,36,40,16,50,14,
19,15,22,42,54,36,11,
38,31,40,45,12,15,51,16,35,27,24,8,38,12,9,12,27,51,45,46,10,12,45,36,43,49,31,35,25,47,9,24,2,50,
40,17,45,52,0,40,26,
2,5,1,10,50,16,21,
0,45,9,22,10,53,11,18,45,50,34,9,47,7,14,31,32,2,41,35,36,17,39,52,9,24,35,
21,41,11,12,17,40,2,39,24,48,15,19,40,
22,9,3,10,44,17,51,24,19,33,45,3,45,32,35,54,16,
23,16,17,18,31,40,31,33,41,45,22,1,17,41,19,
9,15,0,10,21,27,33,45,17,22,9,13,23,23,36,43,0,25,53,37,25,34,43,27,18,24,38,42,17,44,9,22,39,
15,19,
13,16,34,45,41,48,10,47,0,1,41,42,53,6,23,1,25,39,
47,53,38,13,45,19,36,
25,35,40,7,
53,13,50,37,7,6,9,51,17,31,39,53,25,53,46,39,47,34,4,27,
13,12,47,47,2,17,13,31,32,34,51,53,17,53,13,37,41,17,0,13,27,
51,44,45,6,40,47,10,31,28,44,40,12,43,44,
18,23,45,17,45,
2,39,0,13,13,41,
45,9,7,21,0,51,40,13,2,40,13,5,22,9,19,53,25,18,
22,17,0,12,1,47,14,17,33,24,43,12,11,
33,52,22,
0,2,
42,19,52,41,16,
36,47,45,23,
23,36,
14,22,47,52,
9,40,45,
12,38,40,13,
17,22,23,
12,51,22,
3,40,45,17,
16,23,
19,21,
52,45,
16,2,52,42,
19,47,45,23,
26,40,40,
41,23,2,42,
1,13,23,
35,0,25,
