51,10,44,40,6,40,47,10,31,28,44,40,43,44,23,31,14,53,51,45,14,
42,47,3,31,16,49,15,30,47,52,
12,38,40,13,0,26,23,31,34,35,
0,20,2,9,33,13,
33,15,47,7,14,34,53,20,24,37,54,13,48,
45,47,38,3,1,51,5,52,19,27,36,40,42,47,51,
26,40,40,19,
47,19,38,13,45,19,48,49,33,36,42,51,9,16,18,29,
15,33,25,48,
23,16,17,52,31,40,31,1,33,41,45,22,29,17,32,19,9,20,19,32,41,39,53,32,35,47,35,
38,13,
2,39,0,13,13,53,18,22,52,23,13,
19,21,26,24,41,11,36,
53,2,51,17,32,41,24,35,40,40,
2,30,5,1,10,50,16,21,7,21,23,
33,30,22,4,15,21,3,32,46,53,
17,22,23,36,2,16,17,16,
21,41,29,11,12,17,40,2,39,24,48,15,19,40,39,49,23,24,52,
35,0,25,13,20,48,8,21,
22,3,10,7,44,17,27,51,24,34,33,45,3,32,35,54,16,41,3,48,31,
31,42,40,31,17,31,37,12,17,52,
38,31,40,45,12,15,51,16,35,27,24,8,38,12,9,25,12,27,51,45,46,10,12,45,36,43,49,31,35,25,47,9,24,2,50,41,39,46,
13,26,12,47,14,47,2,17,13,31,32,34,51,53,17,18,13,37,41,17,10,0,13,27,35,38,10,53,52,32,0,
40,17,53,24,2,0,40,26,35,43,31,26,29,33,32,24,
39,21,
52,2,23,13,31,
0,19,29,9,10,53,11,18,45,50,34,9,47,7,14,31,32,2,41,35,36,17,39,52,9,24,35,36,
31,51,40,31,1,27,39,46,
3,40,45,17,18,20,31,32,
17,33,4,23,23,35,16,42,12,6,26,13,0,41,14,37,10,7,52,3,0,40,48,4,32,53,11,24,36,37,31,48,
25,35,40,7,46,31,43,
17,17,31,
40,12,51,1,25,5,21,3,38,40,26,26,31,51,47,
33,8,40,29,
48,22,47,
29,0,47,33,
16,2,42,17,
32,33,23,
36,17,19,
20,3,33,
37,33,31,17,
36,17,0,
48,17,33,
33,17,0,
16,17,47,
