-0.0551672493350246
-0.0493610847115757
-0.00232044246521819
0.0543877611264667
0.110766091430325
0.140865969336375
0.132381447410343
0.149327041838883
0.161373069307322
0.189716454232058
0.200658022601724
0.183970913860265
0.188189814127466
0.199067203712925
0.206550717763426
0.222760868370929
0.247356980810159
0.261614104198671
0.263724174576715
0.253034411753309
0.260926445309911
0.268440031900995
0.278509376090379
0.26405237902345
0.256644015727252
0.26043539025575
0.257498178337719
0.255558564520771
0.255445704278735
0.255829926359516
0.265841565618562
0.269050259017162
0.269050259017162
0.249465917992182
0.253937457608182
0.255821074729943
0.250080575723826
0.248790820341809
0.242424145253114
0.225511192570188
0.214911077387615
0.208493924110925
0.22449837418281
0.209856504371378
0.2006364714503
0.217264867667576
0.215391037643569
0.21015912623148
0.223022704814536
0.221337403626736
0.222514298766716
0.213049932113717
0.204956766819564
0.222831351121408
0.214057781645842
0.221253813710805
0.222430708850786
0.210150163667965
0.201959627592636
0.19027294414956
0.202372810309342
0.209950372882814
0.209836689195843
0.217328796077391
0.205334705640982
0.227464848145711
0.219061980839146
0.221233379989494
0.234690820312295
0.240170055791002
0.232361050224182
0.242964475498567
0.237606195649397
0.229666187687985
0.233841652487401
0.218720283818199
0.230780865753436
0.237194725039267
0.234447538814481
0.242562512583827
0.234462304307987
0.24769490927564
0.24769490927564
0.254539323138017
0.249452293750989
0.234788018186586
0.222076406536254
0.223253301676235
0.239170034686602
0.238957703455367
0.244794449250735
0.237993139546622
0.226043844421994
0.221108190232715
0.232845154126107
0.245541354171701
0.276264459428268
0.278628158348474
0.272366750090635
0.279380391025984
