0.09791875983167
0.107650797260317
0.109893145596227
0.11846392248982
0.119092261793932
0.120738031773017
0.116291009733807
0.115567121866121
0.115877458483214
0.111332387816382
0.116733701309722
0.126831726706903
0.133484813236786
0.133821280177638
0.136061327574395
0.138539362518315
0.142386644893315
0.142521365889321
0.143838042864564
0.142507713963794
0.148089846283699
0.148868520798266
0.151413062638543
0.15158165243944
0.151313215072345
0.150427554349562
0.152358638956466
0.152175988117169
0.153628761132393
0.156021462803235
0.15571225760449
0.155914545201761
0.155914545201761
0.155644828082377
0.155237890111449
0.154488430760615
0.15469432195017
0.155802422714791
0.157014793973091
0.156489235396304
0.15720139335848
0.157192551787235
0.158446709348998
0.157622300492591
0.157560933575561
0.157890737859686
0.157421299600267
0.157327692615475
0.156970303269092
0.156388565600747
0.15673323785135
0.155994317040713
0.154957299711466
0.155027307069392
0.154716402092679
0.154887554398156
0.155232226648759
0.155575646831959
0.155250772692063
0.15595283428905
0.155497544391207
0.155930053048852
0.155981223108913
0.156292155770512
0.156538990187263
0.157925368346609
0.157503209145094
0.158001603230117
0.15800285529752
0.157776518286646
0.157713000498918
0.157641767029577
0.158336968163194
0.159063542254156
0.158516823927106
0.158081192522106
0.158054561632915
0.158169277165591
0.159099171132729
0.160235474360325
0.160116319082874
0.160350217577886
0.160350217577886
0.160877625088722
0.160463941846938
0.160211682883497
0.160067921286736
0.160412593537339
0.160198095663684
0.160100810602066
0.159736340240755
0.159853423413081
0.159033250872545
0.158193280221302
0.158916167700219
0.159767743514771
0.160832917607225
0.160577173370574
0.160747073608647
0.16072727549794
