1.39108910891089
1.76237623762376
2.11262376237624
2.53341584158416
2.7029702970297
2.83044554455446
3.06188118811881
3.24628712871287
3.41584158415842
3.54207920792079
3.56806930693069
3.71163366336634
3.76361386138614
3.80569306930693
3.83415841584158
3.86262376237624
3.86386138613861
3.9480198019802
3.99133663366337
4.03960396039604
4.08787128712871
4.03465346534653
4.12252475247525
4.23886138613861
4.42821782178218
4.55321782178218
4.54950495049505
4.60891089108911
4.7240099009901
4.79331683168317
4.86757425742574
4.8279702970297
4.875
4.91955445544554
4.87252475247525
4.86509900990099
4.78341584158416
4.76980198019802
4.73391089108911
4.7289603960396
4.69430693069307
4.68811881188119
4.70544554455446
4.64851485148515
4.65594059405941
4.54826732673267
4.55321782178218
4.50618811881188
4.49257425742574
4.44554455445545
4.36881188118812
4.34034653465347
4.25618811881188
4.20420792079208
4.16460396039604
4.1039603960396
4.09034653465347
3.99628712871287
3.90717821782178
3.87871287128713
3.78341584158416
3.76608910891089
3.67574257425743
3.63613861386139
3.58292079207921
3.5
3.43564356435644
3.38985148514851
3.35519801980198
3.31435643564356
3.26980198019802
3.17821782178218
3.09158415841584
3.05321782178218
3.02475247524752
2.96039603960396
2.90841584158416
2.88737623762376
2.8490099009901
2.80693069306931
2.73143564356436
2.68069306930693
2.63613861386139
2.62128712871287
2.58910891089109
2.53836633663366
2.48886138613861
2.43688118811881
2.41831683168317
2.36262376237624
2.32425742574257
2.31064356435644
2.28589108910891
2.23391089108911
2.19925742574257
2.14108910891089
2.07673267326733
2.04084158415842
1.9789603960396
1.96163366336634
1.92450495049505
1.88490099009901
1.85643564356436
1.81559405940594
1.79579207920792
1.75866336633663
1.73762376237624
1.71782178217822
1.68688118811881
1.64851485148515
1.61881188118812
1.59158415841584
1.54579207920792
1.51856435643564
1.49257425742574
1.46782178217822
1.46410891089109
1.44059405940594
1.41212871287129
1.38490099009901
1.37252475247525
1.34653465346535
1.34034653465347
1.32673267326733
1.31930693069307
1.30074257425743
1.28589108910891
1.27227722772277
1.26237623762376
1.25618811881188
1.23886138613861
1.23391089108911
1.21782178217822
1.21163366336634
1.2029702970297
1.19678217821782
1.19059405940594
1.18811881188119
1.18564356435644
1.1769801980198
1.16955445544554
1.16707920792079
1.16089108910891
1.15965346534653
1.16089108910891
1.15346534653465
1.15346534653465
1.14975247524752
1.13613861386139
1.12623762376238
1.12623762376238
1.11509900990099
1.11138613861386
1.10519801980198
1.1039603960396
1.10519801980198
1.10024752475248
1.09405940594059
1.09034653465347
1.08415841584158
1.07178217821782
1.07054455445545
1.06930693069307
1.06806930693069
1.06806930693069
1.06435643564356
1.06311881188119
1.06311881188119
1.05816831683168
1.05816831683168
1.05816831683168
1.05816831683168
1.05816831683168
1.05321782178218
1.0519801980198
1.0519801980198
1.05321782178218
1.02970297029703
1.02846534653465
1.02722772277228
1.02475247524752
1.02475247524752
1.02475247524752
1.02475247524752
1.02475247524752
1.02351485148515
1.02351485148515
1.02351485148515
1.01980198019802
1.01980198019802
1.01856435643564
1.01856435643564
1.01361386138614
1.01237623762376
1.01237623762376
1.01237623762376
1.01237623762376
1.01237623762376
1.01113861386139
1.01113861386139
