0.00742574257425743
0.756188118811881
1.12128712871287
1.35519801980198
1.39975247524752
1.39851485148515
1.45420792079208
1.51113861386139
1.57549504950495
1.5730198019802
1.63737623762376
1.63737623762376
1.6460396039604
1.67945544554455
1.73886138613861
1.79826732673267
1.83910891089109
1.92450495049505
1.97648514851485
1.9740099009901
2.09653465346535
2.16089108910891
2.24381188118812
2.42450495049505
2.58044554455446
2.74876237623762
2.71287128712871
2.79455445544554
2.92821782178218
3.00866336633663
2.93688118811881
2.9480198019802
3.03094059405941
3.07425742574257
3.18935643564356
3.2450495049505
3.24628712871287
3.37995049504951
3.48638613861386
3.59653465346535
3.60272277227723
3.5779702970297
3.68564356435644
3.70049504950495
3.71658415841584
3.6980198019802
3.69554455445545
3.86509900990099
3.90965346534653
4.00371287128713
3.86509900990099
3.89975247524752
3.84653465346535
3.97648514851485
3.95173267326733
4.02475247524752
4.11509900990099
4.17821782178218
4.15470297029703
4.24009900990099
4.1039603960396
4.20544554455446
4.32178217821782
4.46782178217822
4.53589108910891
4.49876237623762
4.56806930693069
4.61014851485149
4.66584158415842
4.71287128712871
4.78094059405941
4.61509900990099
4.6200495049505
4.65222772277228
4.69306930693069
4.58787128712871
4.57920792079208
4.74257425742574
4.87871287128713
4.86757425742574
4.91460396039604
5.01980198019802
5.06311881188119
5.17574257425743
5.18688118811881
5.18935643564356
5.16707920792079
5.24133663366337
5.29455445544554
5.40594059405941
5.4269801980198
5.43688118811881
5.50371287128713
5.49009900990099
5.44554455445545
5.3799504950495
5.32178217821782
5.26485148514851
5.18811881188119
5.3019801980198
5.38366336633663
5.43193069306931
5.58168316831683
5.62128712871287
5.61757425742574
5.57673267326733
5.50123762376238
5.50742574257426
5.62252475247525
5.53712871287129
5.53712871287129
5.54455445544554
5.5519801980198
5.51361386138614
5.48886138613861
5.63366336633663
5.78712871287129
5.85767326732673
5.83168316831683
5.78341584158416
5.78341584158416
5.73391089108911
5.78217821782178
5.79579207920792
5.7549504950495
5.82549504950495
5.75866336633663
5.80569306930693
5.80321782178218
5.80569306930693
5.82673267326733
5.80569306930693
5.81559405940594
5.84405940594059
5.76485148514851
5.76856435643564
5.75247524752475
5.76485148514851
5.79950495049505
5.8539603960396
5.86881188118812
5.85519801980198
5.84034653465347
5.82425742574257
5.81930693069307
5.85891089108911
5.95173267326733
5.94306930693069
5.96782178217822
5.9220297029703
5.83292079207921
5.80940594059406
5.73267326732673
5.74009900990099
5.72277227722772
5.82425742574257
5.77846534653465
5.84282178217822
5.83539603960396
5.93688118811881
5.99009900990099
6.10519801980198
6.11757425742574
6.06064356435644
6.21534653465347
6.17079207920792
6.14480198019802
6.11262376237624
5.98143564356436
5.9740099009901
6.01361386138614
5.92326732673267
5.97524752475248
5.9480198019802
5.95420792079208
6.07054455445545
6.16336633663366
5.97772277227723
5.96410891089109
6.02351485148515
6.05445544554455
6
6.06930693069307
6.06806930693069
6.11509900990099
6.06806930693069
6.1460396039604
6.26237623762376
6.21782178217822
6.33044554455446
6.38490099009901
6.41089108910891
6.29331683168317
6.25866336633663
6.23143564356436
6.20544554455446
6.32178217821782
6.34158415841584
6.32054455445545
6.33663366336634
