0.00377833753148615
0.595975232198142
0.513409961685824
0.479050279329609
0.558922558922559
0.579710144927536
0.572013651877133
0.5975935828877
0.627858627858628
0.596527777777778
0.625622775800712
0.598752598752599
0.599720083974808
0.627478753541077
0.623108665749656
0.651115618661258
0.654855643044619
0.655525238744884
0.660807291666667
0.651639344262295
0.661488673139159
0.678717598908595
0.678527607361963
0.681222707423581
0.683760683760684
0.692457737321196
0.709654686398872
0.711576193590582
0.710711994868505
0.707712248865846
0.720372836218375
0.717900063251107
0.7090112640801
0.724581724581725
0.741650913673598
0.711550339715874
0.74983922829582
0.686662783925451
0.733163913595934
0.742078580481622
0.723907766990291
0.74819197896121
0.736222910216718
0.754705144291092
0.738323736404351
0.763513513513513
0.751600512163892
0.770212765957447
0.738581730769231
0.760349854227405
0.789137380191693
0.786726804123711
0.773182957393484
0.789002557544757
0.779220779220779
0.780701754385965
0.787076923076923
0.805210183540557
0.807288449660284
0.812339331619537
0.812121212121212
0.811844540407156
0.831820931639443
0.829931972789116
0.826008428657435
0.829748002458513
0.840123456790123
0.831467661691542
0.830434782608696
0.838578088578089
0.845780206435944
0.843980343980344
0.848987108655617
0.839594514013119
0.859888406695598
0.872995509942271
0.86428130783467
0.870315288518739
0.865121806298277
0.872507552870091
0.874320241691843
0.881965248651887
0.872856298048492
0.871840094062316
0.87888198757764
0.882738095238095
0.891506509609423
0.896127842655194
0.888073394495413
0.902906976744186
0.894533762057878
0.899623588456713
0.887587822014052
0.893518518518518
0.894543225015328
0.903186274509804
0.898092967818832
0.901510574018127
0.893255131964809
0.919730392156863
0.913484486873508
0.914803625377643
0.911519198664441
0.915202907328892
0.916092673763306
0.924290220820189
0.921544209215442
0.923636363636364
0.914396887159533
0.925473427000611
0.91973840665874
0.928821470245041
0.92635885447107
0.928272564255828
0.934093789607098
0.929610238510762
0.927178899082569
0.921613832853026
0.932674490426189
0.931707317073171
0.937420986093553
0.933698296836983
0.939355653821857
0.933008526187576
0.943189154293092
0.933884297520661
0.937914406268837
0.939863608183509
0.934682080924856
0.939468807906115
0.93526405451448
0.94228356336261
0.93542654028436
0.935542168674699
0.936158192090396
0.941558441558442
0.94316807738815
0.935234699940582
0.937537180249851
0.940846824408468
0.941176470588235
0.94008388256441
0.934606481481482
0.939859245041587
0.94139650872818
0.93711467324291
0.940289855072464
0.942178940961656
0.937537537537538
0.936887254901961
0.940100882723834
0.939692307692308
0.943478260869565
0.941772151898734
0.943995021779714
0.935672514619883
0.940540540540541
0.939809296781883
0.93993993993994
0.942769230769231
0.941107871720117
0.940105695830887
0.936957779063042
0.942414860681115
0.942549371633752
0.943738656987296
0.940243902439024
0.938368580060423
0.94150591163659
0.946550652579242
0.944060339409177
0.946119307248236
0.943627450980392
0.938479396401625
0.937099592312172
0.942158616577221
0.93739230327398
0.939826302729529
0.938315539739027
0.942080378250591
0.943820224719101
0.944162436548223
0.939975990396158
0.942343459392436
0.939919121894858
0.946257197696737
0.936591041303083
0.943880597014925
0.943181818181818
0.938243626062323
0.946579804560261
0.938084112149533
0.944886711573791
0.940804597701149
0.945454545454545
0.942206654991243
0.939916716240333
0.937716262975779
0.941071428571429
0.93859649122807
