0.244923519081064
0.307551965965347
0.326288244136757
0.323117282973391
0.31000464144802
0.287013061352104
0.265163431055074
0.256583774192451
0.238527914152228
0.230387748654084
0.223362610009282
0.223963744040842
0.219736150560025
0.21554566008354
0.205451207370049
0.203076776930693
0.19758700352104
0.193272745405322
0.186691894535891
0.183887972923886
0.17566777465656
0.164166782456683
0.161280863855198
0.148358679074876
0.138735431788366
0.136575359152228
0.135708210894183
0.131835641500619
0.129309649529703
0.126908171222154
0.124361948233292
0.122045917741337
0.118827107329827
0.118012198926362
0.11560071987005
0.113979756559406
0.114964487549505
0.111911580157797
0.112462204854579
0.108828615095916
0.107105738125
0.106390647840347
0.102286412357673
0.103020067936263
0.103490705126857
0.103362583985149
0.103474417889852
0.103050842732054
0.100889608616955
0.0991926016893565
0.0991523800278465
0.0994076831435643
0.100646512642327
0.0984975552908416
0.098044245569307
0.0946979091707921
0.0934651931435643
0.093985075621906
0.0952538168162128
0.0944570125928218
0.0942000928527228
0.0927955515377475
0.0936074670111386
0.0935416926082921
0.0944253706126237
0.094491721308787
0.093237511157178
0.0946564938397276
0.0953512590006187
0.0957061685457921
0.0964632217295791
0.0969423556466584
0.0946234055259901
0.0955159350835395
0.0950144264139851
0.0942098146194306
0.0924825091089109
0.0920593117759899
0.0904534533230197
0.0919202393626236
0.0928974833477722
0.0930045779269801
0.0916373014820543
0.0912740084436879
0.0903087605724009
0.092304780216584
0.093856962660891
0.092352107509282
0.0905749134591581
0.0899614671565592
0.0908990143626236
0.0899684327289603
0.0908665157425741
0.0898898146163365
0.0894711616862623
0.0895452515872524
0.0892640459034652
0.0881134084096533
0.086910927512376
0.0873090920142325
0.0863347166584156
0.0854145723514849
0.084304656318069
0.084233673966584
0.0840771266893562
0.0831783793966582
0.0833095400216582
0.0838933473793315
0.0856254867759899
0.0857218588830445
0.0858757926732671
0.0841432402073018
0.0845430985334158
0.0837789267914603
0.0832073557085395
0.0844010919337869
0.0836130506002474
0.0823407400309404
0.0831155837716583
0.0833257450154702
0.0845408934189354
0.08276726855198
0.0828570628991333
0.0831956495513612
0.0833385537654701
0.083052100949876
0.0831986068409652
0.0836290031992573
0.0818918357704207
0.082379839907178
0.0823250853032176
0.0819015649350245
0.0824888596163364
0.083708727252475
0.0837165509684403
0.0837604305012373
0.0841827746534651
0.0853022132982672
0.0836675481899751
0.0843885318842819
0.0837993982116333
0.082917935847772
0.0831316519554453
0.0847132332642324
0.084821300111386
0.0830185923267324
0.0827863373081682
0.0826684404331681
0.0825827397896038
0.0827162098855197
0.0831781644616334
0.0838149335860145
0.084561358920173
0.0832355294245048
0.0838321008013611
0.0827933064542077
0.082217400324876
0.0820358036386136
0.0808408777289601
0.0806597482580442
0.0815662691893562
0.0825801276051978
0.0817523075030938
0.081201081256188
0.0815450884374998
0.0822687296132423
0.0833176682858909
0.0827825872957918
0.0826481578681927
0.0841546331621284
0.0826004022308167
0.0834516912840345
0.0830447303496285
0.0833266338985146
0.0825814506157176
0.0847162791181929
0.084205482150371
0.0846145201454206
0.0846915169956681
0.0855425325278463
0.0874863134808167
0.0885729734622523
0.0880230737469058
0.0881098656775988
0.0896723478217819
0.0876225788551978
0.0862752649164601
0.0878268101825493
0.0869828162933168
0.0858407328248761
0.0865722268657176
0.0855148279115097
0.08232856261448
0.0828178886850246
0.0821936675742572
0.0815569109808165
0.0825772026299502
0.0815603302011136
0.0812842861912127
0.0808910400495048
