NaN
NaN
NaN
0.112610377785888
0.156148458419525
0.179255537229525
0.199058517941751
0.210505495975061
0.22206738103485
0.222071433390247
0.218751048401999
0.222360074216592
0.218494328836968
0.221070874680785
0.225765741594403
0.229571692334789
0.235683364627753
0.23756190314784
0.242769980793313
0.240560740663637
0.245478711934159
0.256125935424265
0.269455106373852
0.274663568163687
0.286851384707161
0.301041929093776
0.306054235113329
0.310738644017994
0.320625803638105
0.331735908008341
0.334266582073695
0.339056295703365
0.349994399295235
0.355018480702739
0.360691420835993
0.369751804470884
0.380401695163973
0.381979031694308
0.389510442409373
0.406048585230269
0.41527930580362
0.420574523547744
0.422434177166161
0.430410749395885
0.425011105861231
0.43066054870744
0.43070645177968
0.43696800057665
0.44753977687809
0.455854999293306
0.459436208122256
0.458287460030381
0.452031482741948
0.458683808779573
0.471788650963436
0.475110997837947
0.48202853832713
0.491640557618586
0.506610365308155
0.527552629389775
0.53385316093991
0.519696599486952
0.541083514087874
0.564837496616315
0.592137672884941
0.605249199492941
0.611178196579364
0.614104735413884
0.620047549475118
0.627983683068695
0.633825031676728
0.637288447902471
0.635341867165611
0.646333400321979
0.650533446031151
0.65012743617474
0.64704178558475
0.659367418582178
0.679452596653839
0.683246812297077
0.691559659419938
0.703180147486251
0.712916457283438
0.724368501550608
0.730826223760385
0.735328203397751
0.734247457936886
0.738268736099394
0.747546405647926
0.763380440127278
0.77097658358732
0.770174744838366
0.775617974965731
0.781243446204211
0.781814868835116
0.784891842840722
0.780029483716322
0.771169462019748
0.76499754680045
0.773116776048438
0.789765413547777
0.801042161629176
0.812023319097777
0.813175443608075
0.819112440162038
0.814048702478962
0.807220737466825
0.800699791064281
0.809110681892236
0.810550885541718
0.803974574359523
0.808825751899435
0.813792528714442
0.818677679034419
0.815030651059549
0.816100214113749
0.827379001206972
0.838761158193377
0.841143079725742
0.840787932721052
0.839454832808656
0.83229649242293
0.828534556924813
0.827950358245439
0.823984451235705
0.822176679369863
0.828679411176231
0.828438111347122
0.82770033993182
0.828579558710425
0.82607589772571
0.824640939017329
0.815764108475247
0.824124363491112
0.822109745087548
0.826058012644379
0.827870574339653
0.826179818067782
0.824812625878018
0.82708630402645
0.833680966752061
0.833346409598495
0.831199254467276
0.825978112706086
0.819100957943327
0.821360645456249
0.825888230747277
0.825713287565845
0.829445102431064
0.832688732559261
0.831443763068024
0.830432808119896
0.823541148200735
0.82115387980535
0.822526989471631
0.819168726412258
0.819749977086313
0.816737849725779
0.818744978085128
0.82689213556267
0.831089210836912
0.83341803152865
0.83697945067263
0.831193307138645
0.831148879742461
0.833162941971987
0.830099549056038
0.83246730345031
0.829694022866195
0.83356179027151
0.834997131271907
0.834876070462322
0.83598132357136
0.841550974985201
0.83619312370836
0.832337032620673
0.834584593795349
0.836859266969208
0.837120578574201
0.8362389200941
0.838619236492465
0.83671162731038
0.831359175090217
0.832316477646429
0.833465177668706
0.829714722449221
0.82708537640039
0.833735765412784
0.830292379509913
0.834069301107292
0.837859998762245
0.831196305047577
0.833640176753132
0.836800298904171
0.838862125139526
0.838617750850673
0.833453891754788
0.834726481855299
0.828544649333682
0.830196967940417
