134,111,26,106,78,128,151,73,6,
26,87,127,142,40,
151,56,184,127,10,
147,101,124,118,169,56,
32,81,26,35,170,76,151,171,91,35,43,91,78,186,149,119,180,
175,153,57,177,18,184,33,98,23,147,142,
57,114,75,
31,26,179,95,
101,111,17,87,108,161,
119,133,22,23,156,130,94,
28,22,72,177,24,83,111,
4,163,168,60,
183,111,108,44,46,110,160,18,98,185,161,68,
24,91,82,162,13,115,
8,47,51,85,61,188,
189,186,16,177,51,14,53,107,121,
39,97,50,54,169,78,133,137,152,
161,129,180,0,162,70,6,42,19,133,175,110,96,165,80,17,133,162,98,72,189,9,5,
178,105,186,44,51,182,33,118,
56,26,67,25,80,46,44,168,
95,71,81,125,7,49,
124,183,164,122,
42,93,170,144,60,134,18,68,35,177,188,15,81,142,73,74,94,86,51,
167,172,41,72,15,173,158,
3,88,87,
18,89,69,64,36,161,53,185,141,32,
120,162,86,48,
72,121,186,131,2,
70,119,24,24,189,
119,29,81,150,94,67,165,52,35,32,122,19,70,44,27,76,59,130,23,99,102,107,173,180,
50,75,149,
157,139,31,161,28,6,16,
126,72,51,
183,129,75,82,46,
115,175,161,112,
41,87,22,130,176,145,131,39,136,178,62,166,65,11,112,66,
92,34,27,103,86,60,26,35,190,24,109,73,
63,68,16,60,67,145,22,12,158,
156,40,154,47,119,116,
171,82,139,
177,38,21,17,44,125,
179,25,80,66,118,158,9,77,31,65,184,94,125,75,
21,101,102,
43,42,45,117,
49,25,136,3,131,167,20,86,138,54,186,101,
114,111,183,87,94,167,182,89,
110,90,73,95,123,66,155,
90,88,118,190,89,158,138,138,
154,171,29,15,112,154,128,127,145,32,135,60,107,23,156,70,150,28,90,173,
185,97,29,18,84,
86,60,158,21,14,149,139,170,127,80,177,123,157,130,168,
117,87,14,20,87,130,80,
8,63,135,47,186,
0,166,124,44,58,169,118,102,170,189,
177,100,143,155,40,40,71,140,92,28,47,
100,63,48,115,22,1,126,27,66,74,60,
115,106,31,152,100,35,99,111,26,29,167,154,26,51,94,
53,10,73,
138,72,185,94,101,121,103,67,66,25,102,56,145,156,49,90,
134,17,153,65,87,137,68,86,76,135,131,
11,108,41,152,62,
99,157,
22,162,3,69,36,162,106,17,63,86,180,190,154,160,120,171,129,128,71,142,159,
50,2,67,30,91,88,164,132,145,39,68,142,37,21,120,115,13,48,49,99,153,7,
35,18,0,17,60,105,119,35,32,22,94,
151,139,4,83,34,158,56,148,113,
72,161,28,150,88,106,2,19,28,107,126,
82,169,39,90,148,141,154,63,
106,30,36,33,176,106,116,86,153,119,37,
130,59,89,97,41,106,180,178,73,139,169,6,102,144,58,157,119,23,119,
95,18,60,12,139,128,180,160,6,167,142,167,
141,170,1,115,23,66,148,169,87,104,94,101,111,81,186,184,80,
72,170,88,5,87,105,106,22,65,169,8,163,16,
85,51,87,
134,29,99,159,100,
67,5,92,148,142,66,109,100,162,73,77,80,50,168,12,175,112,
152,16,36,
75,172,112,84,41,109,21,188,96,114,87,53,101,8,146,50,80,143,126,48,
91,44,4,165,29,79,158,
136,56,149,136,79,49,57,135,179,174,188,
119,136,35,186,176,89,63,148,143,50,42,66,150,
73,17,130,22,92,132,134,9,86,30,37,48,
168,98,86,132,171,150,26,41,127,4,28,
133,184,121,
29,150,185,134,111,105,22,154,173,131,127,64,81,156,
55,178,127,129,38,
190,104,147,
141,81,43,164,26,86,187,127,150,47,74,8,4,5,38,115,75,102,
186,77,2,73,78,59,13,110,147,66,106,89,111,160,
119,115,52,152,92,173,116,153,121,
39,87,189,143,
88,17,164,151,136,151,88,124,163,3,53,39,187,190,118,90,163,17,79,186,190,160,
27,31,21,133,
173,167,104,153,149,42,
95,72,134,13,80,
60,35,42,52,95,68,147,46,20,36,160,
123,31,4,127,185,
165,107,27,155,61,90,164,94,91,
135,136,107,57,21,116,27,123,51,56,
47,8,78,151,15,139,47,187,167,7,
79,91,88,6,5,
170,157,186,2,4,169,103,120,98,148,124,5,171,58,186,134,9,91,
145,56,85,15,62,117,160,85,124,16,79,132,61,85,41,181,66,
4,129,186,105,138,156,40,84,162,
188,76,84,176,6,64,82,106,64,165,25,181,139,
163,72,10,
1,100,165,26,
82,141,188,146,
66,187,79,187,5,75,54,29,162,77,187,5,
107,27,75,31,25,175,100,191,57,122,29,95,38,184,78,22,17,100,54,72,187,7,
86,73,94,18,73,120,122,82,
100,10,87,100,141,50,
93,64,112,
91,42,51,147,102,
28,69,99,33,191,134,58,6,109,123,38,38,109,
129,12,55,21,52,35,
19,142,17,73,160,191,38,132,119,87,121,3,62,138,75,15,73,128,67,140,151,146,17,
160,133,190,82,60,147,186,
145,41,75,138,136,
130,172,7,86,76,8,92,188,
13,172,50,186,85,148,18,95,15,58,86,100,74,7,4,139,53,120,154,189,
130,16,
89,130,8,49,18,67,32,141,75,137,165,
66,1,110,100,103,111,81,
104,82,173,110,113,107,55,147,190,35,2,17,
68,44,30,102,104,167,51,32,101,173,148,
7,21,86,12,38,150,173,
99,142,128,50,134,139,
60,112,72,110,87,164,191,92,100,
172,183,89,81,74,
139,86,31,143,110,13,87,187,187,82,157,
94,40,13,
126,51,186,62,21,75,
114,116,73,110,140,88,30,38,0,125,185,57,114,75,
186,187,2,146,147,79,70,18,158,126,75,24,13,
112,139,41,187,54,65,75,163,
79,71,25,30,183,112,184,
181,24,121,45,17,182,79,
47,110,64,2,37,64,187,128,159,17,
174,2,12,5,41,16,30,181,29,91,41,180,
153,52,43,38,110,26,134,162,50,
69,70,84,6,67,151,17,144,129,72,147,60,66,100,7,56,18,102,123,140,114,
62,80,64,158,
20,60,191,123,82,
102,75,163,26,66,110,135,137,29,144,60,125,21,91,
141,124,145,72,51,137,136,82,95,55,155,178,91,
165,190,186,
146,25,161,82,120,37,
162,135,66,131,
17,104,150,121,
66,115,179,145,29,186,166,
121,156,5,8,97,152,181,72,119,157,12,67,
0,6,176,167,4,181,
78,185,39,51,190,4,112,
106,190,72,65,26,188,
157,99,6,105,53,41,167,98,40,
115,152,98,50,
124,47,152,181,96,144,73,18,139,
166,42,75,17,
148,131,82,124,118,74,1,58,
36,136,106,39,60,42,
102,170,55,112,101,21,140,1,92,14,6,130,
111,16,183,80,103,81,150,9,122,66,145,119,12,91,189,114,129,26,136,
74,105,115,100,59,173,80,71,
148,45,17,72,66,
30,169,91,149,73,68,29,
157,76,57,1,78,98,156,30,138,141,112,113,
87,114,65,181,60,101,61,122,52,19,96,132,
65,106,18,50,135,125,89,20,94,180,93,185,188,72,184,72,37,
40,88,191,63,144,94,177,
187,139,22,112,45,103,77,134,66,
158,56,63,62,139,69,
84,91,60,150,106,92,
131,41,72,70,
109,96,184,53,64,29,119,
60,103,6,86,77,52,43,89,119,186,88,74,30,60,104,120,124,108,120,173,136,62,70,63,114,159,100,135,24,166,155,166,23,
80,111,1,84,166,53,141,118,
41,63,30,74,75,168,144,121,171,132,167,144,145,145,94,157,23,67,34,
147,154,99,106,63,191,26,81,170,
145,111,177,87,
178,188,168,105,141,19,73,
115,138,66,173,191,131,74,21,118,31,119,168,38,74,79,164,83,
103,7,65,
136,98,181,17,173,175,36,139,88,13,91,168,24,58,119,22,61,
4,56,123,142,116,104,72,158,186,12,
184,181,65,108,79,177,
32,67,23,40,80,133,46,
120,175,8,110,81,36,154,91,179,140,122,26,82,156,184,133,158,55,17,129,165,
118,88,90,112,117,190,134,
94,138,41,129,112,62,43,150,171,86,
166,135,177,116,18,26,98,147,179,190,53,86,139,
107,17,189,
127,124,37,168,50,123,32,33,
131,148,29,162,
32,73,
64,122,85,55,44,90,102,60,18,149,44,169,
171,7,94,83,151,
105,72,112,156,105,84,
105,73,121,158,176,123,116,170,83,168,149,111,178,6,38,
121,43,30,82,24,17,178,
84,163,9,169,5,
73,36,2,186,141,99,133,40,52,89,110,17,32,155,108,82,19,
186,38,165,67,51,39,33,142,
32,57,100,18,121,91,163,125,156,
177,175,149,144,136,145,11,168,154,
151,32,77,105,33,63,22,26,105,69,71,
125,102,190,177,49,
134,149,73,153,
135,82,132,3,65,166,173,8,112,122,162,160,
17,139,56,145,79,86,82,
81,32,95,23,53,144,
129,160,5,
38,81,191,177,51,189,19,18,43,144,115,105,186,39,
161,156,10,110,181,101,140,
168,122,50,123,63,184,18,96,30,0,
164,21,84,124,174,
78,134,185,105,114,26,
141,82,157,89,
76,161,103,74,40,158,59,101,
17,68,1,
167,177,158,47,41,0,
54,138,112,66,126,54,
39,4,30,21,123,80,76,58,143,
141,191,71,181,10,
147,160,37,58,54,84,121,154,
127,151,30,12,93,121,
86,49,112,22,129,85,7,62,73,102,166,
66,111,138,69,41,157,125,43,88,119,
71,143,143,14,79,182,159,147,157,38,
147,138,96,
189,161,85,0,39,
7,8,88,23,10,65,94,103,184,130,26,169,171,139,157,47,
19,178,57,60,84,179,
129,124,4,183,140,37,65,48,24,150,
4,30,151,0,78,
24,181,136,167,30,
18,101,38,42,8,101,
152,98,124,148,121,183,34,115,136,
31,30,123,167,30,27,
24,82,44,75,57,
40,26,186,64,157,
80,75,117,56,
176,62,106,95,0,
125,66,72,
107,165,112,140,30,135,
108,183,148,172,73,
56,4,134,176,17,158,151,112,
71,151,95,
13,139,94,18,16,160,
108,85,12,185,116,11,159,138,
0,9,35,80,28,145,
82,24,148,104,156,181,156,154,75,109,107,129,121,87,20,73,
182,84,71,37,115,189,
21,71,75,103,164,77,
96,147,105,13,62,62,66,
187,47,154,
181,161,124,191,96,92,184,12,51,
45,148,105,70,185,187,43,9,
81,133,59,174,183,39,14,79,120,83,66,
41,7,105,83,167,56,100,
63,132,137,103,56,136,129,143,71,100,110,74,156,
42,91,96,166,63,65,47,44,6,163,114,81,119,137,143,146,166,142,
181,37,132,72,5,11,117,174,128,
85,189,8,5,
184,154,179,120,116,149,103,161,
123,105,141,181,174,116,16,176,63,69,76,120,118,155,86,20,24,31,17,
85,51,
107,80,51,13,63,156,65,63,82,93,104,24,
29,66,101,122,127,79,124,
27,17,181,122,130,152,149,7,
17,92,136,33,3,118,101,189,148,86,188,166,138,
83,58,24,52,
144,147,41,81,31,10,85,49,75,10,55,89,191,38,40,157,177,
24,162,40,83,70,
87,26,39,64,145,
21,166,39,7,57,56,129,102,49,106,78,134,
53,18,189,18,118,153,
77,156,179,148,73,151,178,24,40,
149,64,20,17,43,118,124,86,50,77,174,144,148,
130,27,165,47,62,
94,114,119,119,7,178,55,65,57,49,119,
42,125,185,101,18,177,162,43,173,167,
117,112,157,165,167,30,77,161,118,166,26,169,184,169,
143,177,12,161,25,71,53,139,79,
7,146,162,56,12,129,27,150,95,124,36,152,105,18,41,107,
32,131,6,36,110,162,127,
5,67,116,44,72,66,84,
63,147,130,177,146,
67,10,148,186,22,32,89,102,31,56,190,155,97,
17,15,127,177,166,61,27,15,113,19,73,157,118,109,154,92,106,
181,170,27,176,49,123,86,37,0,
186,40,166,13,9,100,8,
60,154,19,51,40,144,46,185,
101,9,16,66,152,48,29,42,115,183,16,68,76,46,18,21,
3,49,59,144,
22,151,88,151,118,55,
163,139,48,162,13,159,5,167,22,108,
129,59,111,22,119,
41,168,14,
95,103,156,164,
174,105,136,51,
94,165,115,94,86,105,
169,190,
171,103,116,168,22,133,16,114,132,140,50,
121,120,98,133,154,35,105,
36,32,152,17,147,
64,139,129,74,148,85,22,40,99,111,1,139,186,191,
56,41,7,
98,17,75,121,140,115,15,77,
86,146,75,55,97,75,133,5,19,12,53,94,102,
166,80,42,100,4,
139,55,144,102,81,128,158,134,166,
16,123,101,32,13,79,130,144,149,
26,1,32,56,100,122,165,32,91,31,48,48,151,117,111,46,124,181,14,
156,184,157,154,69,58,
106,28,154,37,
150,154,129,17,33,
190,88,100,55,62,90,106,165,23,
38,141,55,127,187,
177,40,167,51,43,40,53,122,184,12,168,172,93,63,
156,29,18,87,43,161,4,
75,183,166,149,57,145,47,80,
95,99,30,
96,42,84,124,168,82,109,191,
30,18,50,4,127,154,103,24,79,110,31,50,126,123,121,88,188,127,102,35,107,
172,167,48,108,130,45,126,181,
190,10,97,169,146,
75,82,47,143,53,66,7,171,100,20,26,94,117,191,82,33,27,98,16,170,185,102,19,149,86,182,72,8,137,174,118,82,190,112,
55,141,39,22,
84,92,188,61,144,105,16,
64,133,47,177,29,14,93,82,44,95,129,62,36,
188,47,135,2,53,43,80,187,3,151,47,39,65,162,82,17,106,
26,166,168,115,94,11,17,78,
139,136,64,57,
111,28,10,66,88,
39,129,124,21,6,55,111,34,4,
158,4,91,133,142,58,45,
84,68,80,80,182,
62,19,45,23,122,88,
57,72,136,19,188,157,43,22,
83,28,41,171,54,73,
184,7,110,159,147,156,117,109,105,110,133,151,64,124,162,75,
5,20,100,92,16,48,154,57,45,129,79,
10,191,67,44,76,190,191,68,151,50,163,154,23,
149,75,177,173,
82,120,52,160,
136,141,168,48,145,
68,138,129,144,84,
48,60,50,26,76,191,13,68,172,28,29,
166,117,4,36,21,134,
141,96,100,119,159,
11,26,97,
22,92,115,100,25,12,28,72,152,
110,51,100,120,149,154,87,157,32,153,32,108,37,73,94,60,102,
27,68,175,21,43,92,122,
70,54,82,94,175,164,105,
120,18,24,
12,108,7,2,58,63,
127,154,58,136,55,48,104,26,166,10,2,
40,77,181,4,32,95,172,152,
148,14,102,180,64,116,61,67,4,69,68,108,68,68,36,
85,64,71,141,159,160,113,80,
17,19,90,111,139,20,145,98,35,107,134,159,34,36,
133,160,86,157,81,48,165,27,159,
82,75,162,74,92,13,1,171,168,24,21,189,
133,81,161,102,99,43,158,24,80,73,34,14,64,35,73,111,119,184,95,85,98,
136,41,136,76,79,
159,30,177,62,88,
155,123,
12,163,174,181,
139,187,80,17,17,188,
2,43,188,45,72,42,151,11,186,23,0,73,50,109,82,160,12,175,186,
30,10,159,119,73,18,68,
73,53,40,178,86,148,141,
14,124,133,71,148,161,26,129,
142,42,102,99,175,82,73,82,158,95,5,
65,46,112,183,107,158,40,66,180,87,134,129,138,103,116,
169,141,115,78,109,147,84,54,130,0,191,25,
54,54,39,83,
167,117,24,49,9,17,91,119,
81,107,106,162,120,2,109,141,170,123,122,42,119,64,77,180,
124,181,127,123,66,147,152,37,112,
102,69,133,139,142,27,110,40,89,108,86,
105,70,72,147,174,94,83,15,44,
145,61,17,50,66,18,141,17,90,0,
160,60,85,129,147,140,
48,127,120,124,
51,10,85,178,124,78,135,
13,69,24,152,47,18,54,
31,23,73,30,6,136,139,68,115,165,26,141,92,157,119,161,63,47,
157,100,110,66,71,130,
113,162,152,
183,81,87,114,124,70,148,163,46,136,
30,115,83,166,14,156,31,126,82,165,39,44,54,83,106,95,95,59,
51,174,115,127,158,77,91,
59,5,119,48,49,169,81,15,29,76,40,125,187,140,
156,82,120,95,163,105,76,70,
186,170,140,115,189,94,160,84,41,4,126,84,39,189,187,110,186,119,4,143,
70,69,154,57,113,
51,23,126,45,31,110,93,39,177,1,38,117,108,186,
112,154,60,32,11,61,114,141,
47,68,21,139,77,139,80,137,
152,22,113,69,137,
50,30,171,100,
62,96,190,126,94,13,91,102,176,128,164,2,43,
100,134,69,186,7,
188,80,124,140,176,22,136,44,150,154,76,
144,25,42,60,64,9,68,43,3,
71,177,63,74,
154,106,17,17,55,115,122,138,135,143,74,
37,127,71,181,99,131,22,97,16,106,
12,43,86,129,143,26,4,118,159,
16,189,22,176,84,5,152,89,101,164,4,91,172,63,7,106,174,39,35,70,
162,187,149,24,120,24,148,161,22,148,184,
126,87,70,149,18,119,65,6,126,186,84,164,182,143,100,178,177,132,54,81,
8,80,141,189,18,18,
18,35,95,42,156,120,37,1,86,53,30,25,66,13,
24,72,13,60,70,107,123,186,91,
79,29,16,17,57,143,
82,30,58,169,135,89,24,188,142,44,17,185,
23,7,121,
105,176,157,105,178,29,19,112,155,9,151,41,45,172,4,63,139,74,150,128,1,
57,148,21,135,30,107,132,105,178,
80,113,5,116,110,181,60,131,0,0,133,139,86,140,47,62,
101,75,141,
36,73,25,165,139,126,161,
124,91,181,14,39,141,181,146,163,
113,104,17,169,49,85,75,
154,22,154,82,130,147,78,74,159,82,
128,134,47,105,152,54,
134,118,84,95,56,155,94,21,86,166,
179,111,130,42,172,
17,22,32,148,1,27,149,107,164,88,57,
86,134,68,181,164,134,
138,108,167,90,157,154,161,68,
51,68,175,189,85,
152,11,114,55,13,119,27,38,118,166,
122,62,135,128,
175,2,17,51,115,22,
49,127,94,181,
61,8,145,
122,25,27,14,107,111,78,164,154,160,104,26,47,81,147,114,168,82,155,75,
139,95,47,47,163,142,57,38,112,151,159,171,68,24,
102,148,24,
185,22,124,77,35,114,42,123,168,
138,4,188,52,54,32,147,
28,112,154,
86,17,149,123,32,
68,22,17,63,86,47,121,110,105,30,
52,83,119,129,4,
75,24,179,122,
181,100,136,40,124,91,69,32,131,180,189,141,26,
43,26,101,99,18,39,168,127,57,177,16,153,185,121,50,88,82,47,65,142,122,33,43,176,149,184,71,
83,105,151,53,81,
88,22,30,40,159,72,47,62,9,60,188,
106,190,40,186,
68,191,60,148,
39,26,190,82,87,145,81,14,16,
147,105,175,166,91,186,58,40,
106,106,134,47,21,91,
127,142,54,67,4,60,30,164,78,103,116,96,28,49,36,
100,110,166,22,95,16,81,
68,151,27,20,
96,127,181,75,
119,32,129,106,30,167,
111,62,134,160,186,14,109,176,24,179,48,71,24,141,151,
21,112,27,26,177,11,144,15,126,183,145,14,120,47,4,39,135,27,188,109,2,76,
53,
76,130,188,136,102,
55,80,94,165,106,156,139,12,190,174,154,158,106,94,167,16,
13,62,96,180,95,160,
176,188,0,148,56,87,14,105,63,129,18,16,38,140,93,0,
129,44,149,176,40,49,156,48,105,82,112,183,23,
76,66,48,21,106,134,100,
100,5,190,
87,117,39,54,165,141,60,93,
87,117,3,100,183,141,103,107,
14,39,81,
161,26,36,43,38,149,130,103,140,2,115,124,18,146,
47,6,156,
143,126,146,71,63,153,39,169,
1,57,141,58,103,143,176,26,91,3,65,23,158,10,66,142,54,161,74,66,96,172,62,158,80,65,158,105,
73,124,103,93,82,156,128,140,103,63,23,87,93,122,105,168,138,134,55,184,43,147,92,
22,41,188,29,38,107,140,47,187,7,163,58,
149,30,90,129,158,161,184,29,134,102,132,169,16,
87,72,134,85,119,
60,60,127,191,48,87,160,91,
181,80,82,31,119,3,33,90,73,159,6,
114,114,21,
154,5,69,54,112,119,147,109,172,140,5,13,184,186,124,
101,18,161,85,
178,57,55,
3,130,13,135,15,
191,60,68,181,20,85,
95,110,133,31,176,
71,141,8,13,85,158,20,
91,158,25,32,30,1,10,20,120,32,24,85,141,
29,101,1,70,101,59,170,155,109,
18,165,126,109,5,65,187,106,8,132,101,137,97,13,168,44,126,
130,158,63,25,6,42,35,
112,105,107,25,116,105,48,94,106,166,191,110,62,105,109,115,28,113,67,27,
162,188,22,32,
5,154,86,53,152,27,96,89,
73,110,189,86,181,84,
10,161,100,30,53,7,93,154,111,135,
25,56,79,91,144,179,149,58,143,107,178,121,139,105,146,177,
157,50,183,47,26,88,117,68,141,135,181,185,63,7,
47,0,31,106,130,58,122,113,177,
170,72,81,49,0,141,126,36,5,9,182,116,
9,55,170,42,0,116,104,101,55,37,84,183,14,167,123,
186,60,178,112,182,178,64,100,173,173,187,54,
72,16,159,90,62,24,36,60,190,120,138,65,25,9,128,163,95,141,69,32,152,46,106,143,166,167,125,105,133,148,191,181,
64,81,188,87,9,167,169,
119,94,185,18,119,109,
15,17,21,
6,102,188,130,0,57,95,
187,66,107,188,139,158,128,43,
60,164,191,0,186,147,34,84,84,21,113,107,
143,154,42,27,
100,32,62,79,85,80,121,31,157,142,49,107,33,168,
97,130,18,113,11,67,
163,42,32,91,12,4,84,156,173,47,
103,60,34,171,127,142,175,63,73,76,76,30,161,21,165,190,
87,82,139,
2,51,190,127,154,190,
35,16,35,
185,138,65,78,78,128,23,61,
191,112,64,141,29,139,
60,64,80,92,43,138,4,
40,106,76,177,102,165,116,73,124,179,24,
177,189,42,159,44,47,64,114,126,143,
85,145,13,80,118,163,165,171,16,108,7,175,9,23,
3,17,40,88,38,190,86,
105,94,54,47,41,107,122,162,64,105,
77,185,186,136,107,66,100,138,142,132,
190,169,125,160,2,106,39,29,92,149,6,88,
59,140,3,3,186,130,129,101,55,
158,34,86,172,91,130,167,120,68,140,47,146,186,
137,134,47,
57,24,139,
19,105,161,
137,141,63,
39,88,38,
38,28,71,
160,95,135,
9,73,186,
114,112,122,69,
180,148,
46,56,60,
105,151,184,1,
6,39,28,79,
36,166,64,
43,57,66,187,
109,82,21,
80,39,
63,105,107,40,105,
23,10,154,62,
33,175,186,
142,139,26,
84,164,185,96,
146,7,75,
12,22,95,
22,162,67,
175,67,136,54,
153,175,53,110,
59,74,30,
103,184,87,
148,82,141,
184,175,
84,73,4,
125,42,59,150,70,
10,141,51,
82,160,183,
86,106,17,
88,49,60,3,
91,163,170,
168,177,178,56,
128,99,185,139,66,
15,98,105,
75,103,155,41,104,141,
174,164,149,81,
90,149,181,
57,132,94,
159,134,71,12,
29,190,30,
180,161,81,
121,147,68,
54,70,154,
147,36,73,
94,26,42,
188,187,21,42,
33,150,178,
160,13,22,13,
91,167,50,107,
70,60,156,
53,80,109,
167,138,42,64,
92,84,119,
152,5,
99,37,
118,12,115,53,
161,143,
112,56,157,
90,154,82,17,
47,13,163,
186,72,
51,42,2,80,
22,57,100,180,
66,18,119,65,
144,130,84,139,
24,120,129,
159,181,154,
81,77,133,141,
40,177,
178,126,186,
166,127,0,
84,134,19,
23,60,85,
30,18,
35,104,130,
190,166,75,
128,95,62,
191,72,
172,177,
63,82,137,
154,177,187,
18,124,30,
190,103,78,2,
70,126,182,16,
118,0,149,152,
69,156,154,158,
26,106,151,
58,22,89,154,
191,96,
120,146,81,
58,130,147,148,
4,91,21,
164,95,86,
90,110,145,
113,157,70,
77,66,98,
152,128,40,
38,152,176,
188,130,88,178,
147,104,160,190,
159,22,133,
62,1,11,159,
42,130,36,
4,166,52,
168,115,100,
80,85,74,51,
185,60,183,
182,114,178,70,
9,88,64,
100,26,41,177,76,
122,27,86,
44,18,82,56,
151,171,111,
143,39,75,
173,135,119,
181,157,31,
77,51,21,81,
82,122,70,
43,73,144,
98,183,152,
150,7,133,125,
4,166,13,
70,131,125,
160,183,60,13,
176,43,181,
52,87,153,
11,112,177,
73,114,178,
55,9,86,
90,165,
112,78,
102,149,62,
136,183,152,
5,142,161,
85,91,191,101,
155,122,134,
66,124,111,
20,68,149,
114,78,152,
89,5,114,
61,185,145,
157,71,
36,127,148,
4,39,168,
122,47,73,124,
79,181,66,
99,95,147,
91,106,
113,60,151,47,
7,100,
54,169,128,175,
40,3,147,
57,70,79,
81,126,172,
37,50,124,65,
6,60,47,178,
173,74,154,
1,148,17,
180,32,13,22,
81,100,29,
24,139,92,111,
32,138,112,162,
178,41,121,6,
66,148,76,128,
144,16,149,
124,184,7,
161,183,14,
105,121,78,
132,73,77,87,
16,37,100,
110,112,186,
54,49,13,
96,5,1,
13,24,154,160,
184,43,141,
129,120,68,
158,151,76,
74,76,154,172,
27,135,119,102,
26,31,120,
118,22,178,
37,106,110,
139,99,105,
119,181,119,
13,3,163,186,
146,42,143,63,
110,68,80,
76,39,119,
124,29,40,
167,95,
92,60,73,
83,30,
13,48,
166,152,66,
115,141,182,
47,158,124,
149,32,43,190,
147,71,160,
21,50,126,
28,127,168,157,
150,84,119,
58,25,47,
118,80,147,
162,113,4,
127,38,
73,83,92,
116,5,156,
153,119,134,
88,111,
27,143,112,
187,162,38,
108,51,163,
129,14,86,
45,172,158,
137,89,152,
48,75,73,
16,72,157,
119,109,66,
111,66,186,
169,64,64,
80,95,8,
28,48,106,
19,72,
189,8,182,
46,183,183,
23,130,
106,76,17,
134,21,139,
185,82,45,
14,117,189,
168,4,136,
51,8,181,
165,89,120,
101,147,49,
50,168,115,
142,42,186,
139,191,124,
105,68,96,
160,88,82,
151,68,22,
86,3,13,
93,176,10,
140,59,160,
103,187,66,
102,76,141,
17,26,19,
100,100,181,
181,72,172,
150,168,72,
191,40,
68,48,183,
0,176,
124,154,48,
71,21,43,
173,186,68,
152,39,115,
97,190,86,
156,121,63,
126,172,18,
49,125,89,
44,91,64,
128,122,187,
188,8,
