164,89,187,163,
33,73,152,187,126,
51,149,146,67,161,159,
23,133,43,24,85,38,71,
80,70,8,3,17,172,32,26,157,16,48,20,8,40,90,176,
156,1,75,6,120,84,84,90,84,75,150,90,90,177,60,
37,64,
149,36,47,69,6,45,66,62,68,14,20,53,83,24,71,183,176,150,43,152,121,
120,19,24,149,77,49,62,156,17,142,155,59,170,121,
63,186,89,59,16,44,153,118,12,159,102,177,49,19,173,22,123,
34,169,118,70,31,149,13,118,103,52,
97,105,110,1,
72,62,68,84,
78,37,128,68,85,67,56,79,68,15,98,106,
59,11,191,134,75,
26,144,34,100,5,132,4,60,128,
9,26,106,144,42,10,116,104,101,
86,60,47,73,153,21,
86,38,43,167,100,94,27,145,12,102,127,
152,91,167,39,75,180,93,
70,129,120,169,156,101,156,79,
85,116,164,186,156,170,23,165,68,112,179,54,
191,47,35,39,175,136,19,25,86,177,89,59,106,
182,72,2,118,152,36,189,
26,53,39,9,154,81,153,27,92,112,24,138,146,11,
136,126,128,10,7,74,0,63,99,53,168,
55,15,
94,26,89,95,116,190,
147,14,135,181,49,162,19,94,185,165,24,
14,73,113,60,37,112,59,
137,43,186,78,125,176,22,
12,80,97,44,15,120,63,32,110,122,65,170,23,181,
67,72,22,159,107,139,59,112,95,75,36,56,114,126,78,187,104,119,74,
137,54,11,168,141,
79,69,63,52,98,
133,157,22,92,100,2,180,176,
167,149,87,159,106,50,122,
7,144,169,173,134,48,136,107,22,153,
145,172,129,86,
150,55,4,
4,177,26,150,3,
34,48,100,
52,173,50,46,97,20,157,88,126,86,124,97,88,77,61,139,129,18,126,110,
172,43,15,58,62,163,57,135,
100,149,86,24,106,85,80,121,
74,136,172,91,140,128,
112,88,67,49,71,
172,129,146,
13,130,138,85,148,
169,20,186,165,57,
160,135,60,173,173,55,181,187,
144,19,172,20,26,61,128,82,132,127,71,
181,13,121,36,77,85,170,8,170,180,
16,63,39,120,20,120,150,89,101,140,43,
30,43,156,52,47,180,135,145,57,54,
6,78,188,11,119,44,80,5,82,
24,55,141,47,120,39,81,83,54,184,123,83,19,100,26,59,
56,106,111,187,93,146,56,30,
40,188,159,121,150,
171,53,138,41,3,83,162,71,17,130,40,176,30,17,165,107,
141,92,161,150,26,24,140,36,187,137,81,177,
14,190,147,161,17,88,
56,39,135,139,153,52,4,51,166,99,78,
83,149,17,126,137,
37,152,39,170,5,164,
126,98,43,118,135,135,73,161,25,180,83,100,175,
185,147,8,105,133,
43,63,30,150,161,
69,31,79,123,173,60,
99,138,56,73,87,
54,33,129,187,
25,185,162,40,14,
127,167,8,165,188,104,186,62,4,13,66,103,190,154,123,144,97,3,36,73,163,
103,120,85,12,190,55,75,91,137,174,104,116,
43,105,175,126,137,121,15,
14,137,135,165,24,17,76,24,25,161,63,82,37,
104,87,154,129,174,164,151,77,165,73,159,184,156,158,181,57,102,
110,135,43,84,189,13,45,52,97,8,60,162,188,109,
168,81,98,159,116,46,136,
120,16,185,1,96,177,164,
114,174,46,
44,38,63,37,181,
27,57,26,27,38,138,56,
162,50,186,147,29,189,181,180,
27,186,145,178,
2,85,188,173,144,42,182,11,43,165,73,146,
27,40,66,
60,157,166,24,38,48,165,27,181,
176,126,36,120,174,168,53,28,
119,181,2,67,
170,85,33,165,181,90,103,130,141,120,
102,56,188,41,65,5,175,179,
2,20,97,133,
84,165,146,14,115,97,69,124,84,31,10,85,156,91,18,
112,148,27,34,77,35,126,
12,135,131,135,
55,43,55,26,158,13,176,66,63,
2,40,36,23,
106,122,130,0,145,88,
188,47,135,135,40,2,53,48,130,187,
157,128,80,85,102,191,84,35,16,
1,1,173,86,100,176,31,72,166,46,62,180,162,121,156,121,162,2,186,
21,50,129,26,10,
98,118,168,126,136,79,65,48,78,141,
104,38,97,188,147,135,146,56,34,134,122,
31,131,34,167,58,69,159,65,101,175,
39,56,19,188,85,
43,24,65,55,39,113,135,172,101,17,
100,136,174,59,1,34,106,154,173,82,131,120,66,
10,37,4,94,1,163,135,174,57,8,127,103,113,48,44,108,110,72,119,16,9,135,94,170,172,176,91,2,167,81,40,86,109,175,88,40,21,
177,50,191,138,125,61,142,31,177,
23,187,2,
99,10,116,90,63,142,178,55,131,174,
185,186,36,9,102,120,25,105,145,172,21,11,
110,51,16,57,69,6,97,179,
187,2,20,4,131,74,47,164,
98,31,180,20,108,185,186,
4,46,150,161,123,135,33,17,161,180,142,
57,155,185,117,13,133,30,46,4,149,142,20,
142,154,73,147,129,128,142,168,180,177,80,
190,103,75,116,167,148,94,
48,50,25,62,32,22,
157,48,19,186,46,25,92,151,155,
23,139,191,91,4,103,164,
150,89,148,126,16,138,75,164,
4,187,164,179,114,126,14,36,40,120,7,
10,84,181,131,27,40,
85,81,148,113,140,138,52,100,107,142,98,24,123,17,59,8,106,35,126,175,188,183,94,67,
57,161,50,27,120,39,119,36,79,78,169,190,
136,100,144,
150,37,156,186,13,77,89,87,40,86,129,154,42,147,7,40,
80,175,90,128,91,12,19,191,50,
19,64,92,166,177,153,148,126,129,
108,72,92,98,36,82,
47,173,69,59,
140,88,22,88,25,1,119,66,53,93,146,70,76,23,
94,86,47,56,175,131,
101,23,70,130,166,116,171,8,97,
73,123,67,40,90,13,69,155,175,
64,145,23,93,36,49,
161,65,43,
121,115,188,40,106,131,84,163,153,166,114,131,1,
84,156,182,121,36,157,37,109,125,176,46,142,84,2,
107,67,181,37,90,86,63,76,
180,4,1,120,35,103,123,173,39,38,58,
115,125,108,59,139,121,88,26,136,
68,150,119,69,132,85,177,142,78,
131,27,
19,175,147,27,
150,166,186,178,65,68,112,175,179,44,
133,159,97,8,185,118,9,142,47,110,5,14,111,124,105,148,113,141,
106,41,140,36,137,100,35,119,
148,89,150,112,46,46,111,179,11,50,
68,34,172,66,41,
55,96,138,165,156,106,12,88,174,
187,138,110,128,56,164,177,
84,65,39,110,156,141,93,111,145,123,26,172,125,90,8,90,
90,99,147,103,87,113,156,113,138,80,
83,56,164,51,65,95,6,61,169,110,139,
97,162,133,189,160,182,85,147,90,45,13,27,
176,149,19,119,106,176,138,
103,24,182,113,170,143,70,55,88,160,
51,116,110,80,175,92,122,179,29,138,168,171,81,109,39,
93,19,140,160,26,
23,60,161,64,101,69,
125,71,115,164,
175,130,8,43,177,167,102,24,173,6,160,18,
17,180,19,71,178,
103,88,108,113,
3,43,107,155,46,50,63,
108,82,115,111,
111,70,56,84,88,20,
69,84,181,33,84,6,
168,52,51,137,42,190,18,31,
119,29,133,150,63,67,165,52,35,32,122,19,
80,86,39,6,27,108,64,
188,6,30,83,137,68,56,93,124,93,
48,154,186,99,98,10,
28,148,150,33,191,111,134,158,
113,148,90,103,
66,68,19,173,105,91,
87,31,90,56,99,130,
191,62,188,160,21,23,
41,10,179,14,114,
138,150,157,30,72,103,188,125,13,63,
145,84,159,88,20,
130,191,86,128,13,188,64,62,189,
98,181,172,62,62,
66,39,27,20,176,
147,153,40,138,124,131,70,117,191,97,84,185,158,98,
68,25,50,82,72,85,
108,87,103,111,
138,51,19,177,
94,147,135,13,
164,89,97,64,127,
50,159,177,65,48,180,185,162,54,48,57,168,67,
24,178,145,185,6,153,78,40,109,75,60,25,19,165,145,165,20,127,113,75,88,13,135,23,
86,54,80,130,48,122,168,69,
179,55,149,4,76,163,41,108,
106,100,31,172,167,
138,55,88,26,156,
187,33,13,23,
188,107,144,38,40,
2,116,116,119,1,24,
154,161,163,85,161,140,43,
11,135,152,28,190,184,63,6,88,26,57,187,100,
141,50,69,7,79,84,145,161,88,135,170,160,31,184,98,
129,70,12,136,105,144,
118,165,189,182,175,26,82,126,159,186,
140,133,1,88,90,106,105,96,
135,156,188,69,126,0,137,46,39,4,
64,164,137,54,112,
73,124,143,14,172,33,128,140,165,63,
164,4,100,40,134,180,137,37,58,162,47,26,
27,36,185,80,93,27,184,131,10,177,
186,95,142,116,134,48,67,
46,25,3,105,132,170,
88,22,135,39,14,82,85,36,25,150,
12,64,103,129,103,50,31,96,186,
85,145,13,154,181,144,
116,142,85,190,165,15,
142,54,182,126,161,73,161,122,140,59,130,168,130,169,44,191,1,47,100,26,94,137,109,
68,105,17,
60,6,86,120,52,43,89,119,179,82,152,
139,137,162,13,46,71,
153,88,12,
153,56,157,137,121,81,183,155,1,
55,181,157,27,3,150,149,30,86,55,188,
43,23,99,39,106,127,57,
177,116,175,48,47,141,184,85,
134,164,7,7,44,114,161,173,54,85,51,
149,45,41,118,17,189,20,82,190,57,
82,88,118,96,14,98,
90,65,185,80,160,190,9,110,
52,116,135,20,107,168,
128,187,131,
153,24,172,24,106,83,83,72,173,139,131,67,117,20,102,150,7,145,86,
161,126,129,43,139,29,
161,141,138,51,154,14,156,5,51,130,92,
142,58,116,142,79,57,149,65,99,12,80,81,18,
172,72,89,120,25,42,121,132,145,106,74,24,
106,161,43,127,139,153,106,56,102,167,
166,143,74,45,121,19,46,163,83,
156,133,107,3,85,107,150,59,20,44,83,17,43,163,120,149,55,30,138,32,
173,67,62,118,1,108,180,189,166,75,87,172,129,63,146,90,149,
43,2,154,86,16,129,27,129,154,
131,10,88,35,68,136,145,31,60,121,100,12,86,190,22,137,
19,191,0,157,160,191,17,176,119,80,121,3,63,138,137,66,137,128,164,140,
158,50,186,159,32,187,103,100,28,85,96,185,31,189,
20,186,161,23,24,
137,29,101,0,106,44,
149,85,186,179,34,100,50,54,180,89,
88,141,128,131,175,113,12,115,130,
11,99,69,120,130,71,93,8,102,27,191,30,
0,25,136,59,146,19,129,62,79,141,153,
59,138,7,109,0,24,
97,164,12,102,84,63,138,23,62,175,8,58,2,58,
48,16,156,177,15,34,49,7,157,
56,188,67,187,75,84,64,119,
105,190,185,180,129,144,16,71,15,185,84,136,185,
189,131,22,135,37,92,21,46,116,27,51,15,137,182,170,81,146,162,
186,175,47,170,111,182,122,154,20,27,96,118,
131,186,153,99,
63,97,119,173,99,191,28,134,59,138,
186,170,140,63,149,94,160,162,41,112,126,2,
13,139,34,46,187,24,52,19,51,184,23,
113,136,88,14,19,84,50,
24,172,42,89,4,37,42,25,15,160,147,157,83,
153,88,30,116,33,
170,82,22,46,
31,93,125,123,
153,75,150,135,181,98,
141,182,0,
69,135,89,11,8,47,149,44,22,84,31,
8,36,159,
167,97,143,131,163,146,31,37,29,23,86,
142,84,159,
159,118,63,168,40,142,167,150,130,
139,107,129,83,161,
90,84,62,73,117,
0,106,187,55,26,
84,155,180,144,173,128,113,174,163,147,8,72,
36,114,141,4,108,159,
34,180,49,98,178,26,104,41,120,10,168,139,123,
78,66,
180,173,34,128,
67,157,186,148,187,139,109,83,119,
162,1,137,45,62,170,104,184,72,
8,40,128,123,39,6,84,50,109,188,52,185,
62,120,162,72,90,171,164,
88,17,172,99,47,112,
182,47,81,141,154,
143,95,191,180,
90,156,186,84,181,
114,107,158,114,134,36,78,41,
31,87,23,84,69,98,157,130,
19,129,113,91,177,39,144,79,1,37,180,79,93,120,128,177,41,
24,63,128,
111,118,133,148,28,189,100,173,108,
40,147,150,2,142,188,27,181,159,
180,143,133,184,
79,70,19,102,
155,73,22,36,181,
186,77,145,3,131,62,137,130,90,
102,3,7,63,4,51,66,28,
125,9,99,102,53,31,77,177,
188,104,4,8,28,135,180,191,143,111,159,163,102,176,93,9,182,68,135,142,39,
156,104,48,144,47,69,135,76,116,107,
33,69,165,52,16,
144,137,146,2,85,136,9,183,189,188,7,
186,189,85,118,94,2,150,101,80,37,46,55,118,185,65,57,70,110,190,70,182,130,67,
181,181,88,149,90,156,98,10,119,149,90,12,
89,172,148,70,106,17,94,165,
25,167,24,68,147,113,185,165,11,154,48,
20,141,123,134,83,16,33,169,51,98,131,2,70,10,
49,177,119,174,32,
126,19,52,149,18,136,176,67,6,6,
128,157,84,35,80,26,90,61,82,78,53,142,27,73,78,180,
173,160,69,67,175,56,47,180,111,105,
10,9,136,28,41,178,165,48,20,
1,59,165,156,143,176,91,65,23,
18,52,64,95,168,88,
62,68,34,11,173,51,186,1,127,48,123,79,84,143,37,80,
64,12,74,18,46,88,37,140,
102,75,179,59,113,
41,63,61,
88,172,11,145,147,191,23,140,84,177,34,86,153,181,153,55,105,155,
173,67,158,2,158,63,180,121,7,
39,59,62,50,2,159,8,40,180,68,24,13,26,106,80,8,117,67,51,
122,24,159,140,79,114,
36,88,165,56,176,8,2,
30,159,138,77,116,115,94,92,
157,84,24,50,121,130,116,32,60,59,
96,38,2,100,120,55,141,180,
81,168,153,189,
53,48,71,31,26,175,136,102,60,66,
120,156,16,145,100,
72,182,110,159,90,62,108,36,1,190,120,62,65,25,129,36,
38,74,60,14,61,
88,7,52,103,161,117,148,138,153,
17,149,80,68,89,107,
7,8,17,88,134,102,59,154,135,
180,152,84,31,17,41,117,167,37,
158,49,63,114,55,6,109,147,104,173,97,5,180,105,124,
137,189,167,188,19,130,159,162,27,154,128,
3,156,145,127,51,41,4,127,
93,11,188,31,120,
157,138,103,67,39,153,55,133,60,100,108,
135,11,17,56,160,134,141,30,135,
56,56,186,87,91,
148,11,75,30,175,113,30,186,20,
23,135,12,47,106,13,
170,157,186,2,4,169,103,120,98,148,124,5,171,124,143,
19,24,177,181,
180,19,181,126,
66,10,53,112,78,169,83,187,
72,106,46,
102,81,157,11,175,125,50,106,87,88,73,79,
80,51,124,131,55,50,85,123,190,163,136,48,143,39,28,24,59,75,
106,111,55,100,
185,138,57,27,0,181,68,34,96,50,65,
54,177,47,178,34,92,
30,92,95,53,153,156,
154,13,185,54,95,139,14,91,142,104,8,48,128,
79,122,61,
75,103,153,
157,50,183,26,88,106,
103,42,139,169,15,
50,113,157,167,111,144,21,12,148,27,
43,149,168,
135,153,31,75,86,98,88,
180,93,57,154,188,169,98,128,189,184,50,158,95,
77,24,150,37,186,147,129,9,145,85,104,77,125,53,105,
140,122,16,
93,27,50,154,56,37,
71,125,112,105,163,120,
39,157,
161,57,63,
163,166,144,164,179,154,127,
50,158,191,55,145,158,19,93,57,60,68,42,4,159,
17,14,186,4,7,153,120,88,135,114,43,
54,86,174,106,75,137,159,138,30,7,9,136,
3,104,102,135,98,75,
137,64,164,176,114,
116,51,186,183,2,101,134,119,146,109,185,
42,92,168,103,
110,16,37,112,187,9,86,75,108,
85,134,68,79,80,39,
146,104,136,172,164,73,137,51,187,173,56,144,106,
75,82,47,143,56,137,7,171,100,20,26,94,117,191,82,33,148,152,16,170,185,102,135,
130,106,108,61,161,28,87,143,31,142,83,32,89,156,
41,68,180,
105,68,186,77,113,140,5,67,88,
165,169,51,118,1,45,36,127,73,144,171,190,50,
32,175,12,158,48,
129,72,96,82,69,63,21,102,52,166,104,10,161,128,52,44,189,161,139,177,159,
172,89,73,160,173,88,68,122,127,164,98,138,77,
59,1,67,102,0,74,39,99,
159,30,137,145,
178,10,17,
62,191,97,72,67,
133,156,40,23,86,147,119,85,156,156,117,56,76,166,
65,102,161,43,25,98,
128,144,50,137,
17,11,145,83,158,59,79,91,89,149,14,178,62,
81,26,51,24,141,2,182,
165,89,36,108,116,
77,77,133,186,139,
120,156,145,115,180,57,142,122,145,
190,105,106,14,165,
131,22,101,11,128,160,
52,13,119,
144,147,7,159,156,31,165,85,49,129,
181,85,160,37,
82,128,155,151,70,129,74,9,44,108,150,60,144,
50,129,49,177,102,128,68,113,
168,8,88,176,175,112,9,43,184,
43,3,
18,165,126,109,5,
106,190,176,137,166,
152,2,137,120,120,65,97,8,60,10,120,11,131,
138,27,90,81,187,77,97,87,90,
47,142,149,186,86,54,63,182,177,148,23,
138,99,59,53,122,94,129,31,
143,130,
177,136,129,4,147,54,163,5,93,94,126,68,50,19,95,19,
135,160,175,23,52,118,94,140,
78,9,42,168,89,48,39,64,37,147,150,91,45,155,190,120,137,135,
191,88,50,37,143,23,89,80,65,108,28,
89,78,164,6,191,48,191,172,150,164,144,63,69,55,
65,150,175,45,50,84,50,186,119,6,57,12,94,97,176,20,
120,103,176,34,154,60,123,
97,85,167,37,158,80,39,85,127,187,4,
160,136,132,123,169,80,11,161,142,185,159,103,119,169,24,73,0,30,149,139,47,77,167,166,73,51,188,176,47,97,144,64,70,24,81,77,37,73,152,26,27,169,172,
22,88,36,93,170,56,145,
142,43,99,43,135,
11,25,189,6,60,161,28,140,
150,180,156,28,153,4,93,28,140,84,181,141,181,153,
179,102,60,150,82,43,102,149,165,
83,24,
169,106,83,
82,116,60,8,48,121,167,170,
75,10,67,190,85,38,173,
137,75,139,31,135,142,63,106,109,176,131,
177,19,12,24,53,187,
113,90,102,186,
129,142,77,54,49,50,172,48,145,43,
128,159,136,180,100,88,166,130,66,125,24,0,178,
49,128,143,190,64,59,161,57,158,34,87,85,100,15,108,
39,78,84,138,139,16,65,96,180,66,167,31,73,80,16,
79,153,85,115,47,
149,51,176,167,140,184,85,174,72,32,137,156,142,
41,19,31,16,18,10,150,130,191,127,145,106,91,90,158,149,45,160,
182,189,77,
116,169,153,157,
95,67,150,186,30,26,
31,131,41,172,154,31,158,135,180,106,47,12,
83,145,188,42,26,170,165,184,
135,75,11,39,25,163,23,17,4,3,184,140,
156,61,133,0,169,1,
118,111,159,26,135,98,34,
51,165,20,104,183,176,
46,114,148,108,59,
100,26,130,128,106,111,182,133,
107,156,171,8,35,139,36,31,
189,112,97,156,99,140,2,154,178,117,56,95,117,64,118,171,
70,82,56,147,34,111,10,89,188,103,
119,68,65,67,49,106,146,74,56,124,
85,49,157,122,15,189,15,97,34,46,183,77,116,79,103,154,75,139,130,
55,55,4,2,120,106,123,156,55,98,0,
6,175,126,89,31,149,90,83,183,121,
158,8,28,
116,148,73,151,101,165,85,99,146,63,137,160,2,106,82,52,177,11,64,172,
159,128,39,60,118,12,178,40,148,
175,102,150,10,80,32,173,187,94,126,
82,100,108,
110,72,26,
24,103,175,
118,169,6,13,155,177,28,1,18,187,66,109,149,82,172,171,45,78,134,150,42,33,
10,99,66,41,
180,164,149,
63,24,133,102,79,173,136,161,
174,104,12,75,174,114,130,
183,85,51,
92,108,133,30,141,51,19,96,23,
4,56,55,135,24,92,
106,23,89,157,72,169,40,146,
186,77,129,169,105,130,138,47,101,20,98,56,171,148,158,
187,63,67,21,146,
145,120,3,83,15,62,117,178,64,85,124,120,50,
8,11,113,82,181,59,73,158,
73,86,39,127,
175,65,135,88,135,24,19,50,6,74,118,4,
37,78,14,44,136,22,167,
44,161,6,12,
47,88,79,93,94,109,32,142,188,
105,105,110,42,126,82,97,115,43,70,20,
154,31,11,137,
123,4,80,20,130,73,169,55,91,133,69,8,182,31,
99,33,67,145,108,98,103,54,
85,149,158,2,97,134,120,178,20,33,
12,177,86,
22,189,133,155,64,134,69,
174,174,100,13,31,
165,149,71,84,108,127,51,33,2,69,
167,53,30,115,137,163,25,37,71,65,
130,100,157,
159,120,144,31,
176,133,80,137,176,66,
145,48,30,61,36,20,
15,93,12,103,
11,10,74,127,59,93,54,135,66,154,137,
161,11,53,129,154,6,44,98,
24,60,14,43,75,122,114,177,148,
46,13,84,135,182,
161,129,0,162,70,20,130,175,
36,22,27,57,149,185,106,127,57,155,182,167,183,
20,52,149,186,111,66,37,
135,189,24,26,166,147,118,12,77,14,127,87,142,146,
12,143,121,122,42,77,22,97,24,117,26,148,174,0,77,2,
61,52,145,144,177,156,130,83,79,41,
160,175,90,191,131,135,113,
11,116,131,185,58,
159,158,8,122,175,77,138,50,129,
107,156,188,128,138,
181,19,186,40,4,114,175,69,170,107,55,181,150,147,
160,19,93,
122,138,167,
46,52,166,139,
90,6,107,
59,8,120,63,47,
48,145,188,
173,84,
114,122,110,
154,25,43,93,
12,153,
160,41,141,
20,153,85,
67,173,73,149,
26,110,94,
181,150,153,162,155,143,
11,148,
129,43,138,
26,93,0,
130,186,170,101,137,
137,116,19,
32,47,157,83,
120,85,11,
121,181,153,149,
178,85,145,64,128,
149,181,37,55,55,67,
32,119,156,
103,138,34,
62,98,130,
2,186,152,84,
127,86,11,
146,135,26,
167,39,36,
64,19,80,
62,98,17,0,
0,156,
60,26,30,
52,34,
148,47,133,
98,55,99,
91,103,152,56,
174,103,49,99,
103,12,99,158,
94,177,65,
19,106,13,
187,56,67,160,
47,188,
101,137,131,31,
37,77,181,149,191,50,
34,54,68,
12,131,142,
15,105,55,
136,54,115,
67,62,99,
137,146,153,
77,182,138,
38,75,188,
166,133,106,
40,106,10,
37,180,93,
52,33,110,79,56,
14,38,4,
186,
159,36,51,
173,63,175,
96,26,12,
77,135,150,
93,15,22,
71,23,17,144,
21,187,191,86,
53,138,77,
113,105,50,
99,142,125,
161,14,134,
137,144,14,
75,110,156,
115,120,74,
106,19,9,
189,111,182,
51,80,134,163,
60,156,131,
182,123,186,
86,107,135,
154,7,26,
120,172,4,12,
4,50,181,175,
53,176,167,
121,173,6,131,
128,107,19,74,
53,30,188,
142,120,68,
75,135,
142,4,186,
84,157,62,
176,171,84,
77,12,159,
73,126,99,
46,72,122,
37,62,20,14,
152,149,37,
48,53,50,
120,159,152,
27,55,137,
173,66,100,
67,105,173,88,
115,105,167,30,
183,157,153,36,
85,144,
59,63,46,24,
140,74,154,
55,99,160,149,
13,174,94,
155,120,153,
143,62,167,181,
131,94,12,
161,142,4,
2,96,12,
186,12,113,
182,97,100,
23,31,92,
108,110,
115,79,
22,131,137,48,
7,54,4,
135,4,12,172,
0,137,135,
49,189,112,50,
30,55,188,60,
130,159,174,
102,86,104,92,
164,187,125,120,
87,135,108,
51,83,13,
69,23,
91,74,66,
22,67,37,131,
112,85,14,
82,149,75,
15,48,85,
38,23,180,
184,168,135,177,180,
98,135,153,
146,2,116,
188,53,110,8,
26,80,96,118,
133,63,140,
13,57,39,25,
51,3,161,
130,85,88,
101,9,16,
47,164,186,
11,17,102,2,
164,19,85,
114,24,181,
169,116,103,
122,119,
31,177,138,
74,166,187,67,
164,150,83,
129,0,150,19,
97,101,12,
36,107,72,181,
95,180,94,
25,157,46,
92,4,157,102,
1,153,97,
178,54,17,
50,65,165,37,
58,11,
82,14,6,
25,65,88,126,13,
59,80,14,
168,86,
139,85,67,
140,135,141,135,
8,97,152,
98,82,3,
56,27,22,
16,39,48,157,
113,43,8,
104,67,103,
190,131,57,
153,88,17,
144,82,26,
0,59,
99,48,59,
163,121,156,51,
80,100,142,
65,90,31,
130,186,87,186,
30,11,148,
180,162,142,
45,65,41,
134,22,63,
28,176,102,
31,168,107,174,
33,153,85,
172,31,144,
110,90,52,
124,170,158,
92,161,54,
106,106,
108,165,157,
60,23,157,160,
176,51,
65,185,142,167,
124,52,119,
131,152,
174,149,54,
31,141,39,
29,137,51,
177,120,49,
165,25,10,
73,102,2,
106,78,55,
112,26,186,
186,86,157,
148,190,19,28,
30,56,135,
63,55,136,
35,107,157,
172,84,
123,180,120,
87,167,104,
112,64,150,
66,55,100,
148,88,159,
72,162,138,
20,148,57,
7,144,162,
47,31,187,
185,147,105,
161,141,23,
156,130,30,
174,176,
109,110,51,
189,149,85,
8,7,101,
107,7,17,
69,22,
80,62,142,
151,157,
71,139,53,
153,26,79,
191,41,
108,179,
76,107,
188,55,47,
83,24,67,
29,161,167,
182,46,103,
16,80,33,
113,103,160,
111,106,186,
155,157,88,
23,140,20,
88,52,
116,94,9,
44,137,134,
121,172,120,
142,188,47,
32,130,
186,17,1,
125,137,128,
140,73,149,
101,43,186,
165,83,147,
187,0,188,
177,177,27,
138,176,161,
139,23,103,
28,63,10,
89,130,60,
54,64,85,
143,170,73,
91,23,
60,14,
75,3,80,
18,175,142,
11,148,
15,43,116,
175,186,31,
110,105,83,
