110,171,97,189,134,94,183,102,
151,163,138,127,159,6,7,171,65,71,93,75,43,6,40,170,44,71,102,
60,162,149,73,
91,104,112,54,152,168,108,
181,111,57,110,147,191,14,189,9,
26,172,103,
61,64,69,4,57,187,13,135,166,48,85,100,80,32,120,47,162,19,64,97,92,117,
180,41,72,116,164,79,85,177,122,
138,88,146,117,106,
128,10,12,178,170,74,49,3,115,127,
181,117,134,186,97,148,161,3,7,142,
68,188,161,88,177,
157,72,143,134,155,67,87,133,60,35,55,
55,0,157,87,134,
143,52,185,188,98,118,104,4,45,120,31,113,58,139,101,
147,154,66,41,23,167,162,115,131,
149,152,15,150,12,29,60,58,100,37,112,108,19,60,4,113,26,178,150,98,
106,130,117,87,9,75,33,144,176,143,
117,170,181,177,13,186,
106,138,147,14,177,
18,104,160,189,68,77,126,146,
164,56,38,11,89,179,53,65,
138,130,21,151,44,12,33,49,97,
118,142,104,93,190,26,113,10,129,64,144,10,
2,116,147,124,
20,169,103,164,74,148,
119,13,133,
108,149,97,95,151,185,
158,33,104,107,80,147,
55,119,104,
85,108,37,183,113,140,52,100,160,142,98,
99,121,87,0,61,31,172,116,179,
138,106,126,
86,44,98,167,158,187,86,104,180,71,154,23,
189,149,27,18,178,150,
92,46,153,129,
135,0,134,123,24,61,136,72,16,81,
133,7,95,8,43,
9,154,103,49,180,
25,77,88,117,43,
148,152,36,171,
64,51,37,
61,99,104,68,93,124,179,
72,10,157,145,
152,41,88,18,137,166,51,31,173,66,86,121,148,136,
108,132,183,
98,152,86,37,59,187,70,125,4,103,66,
75,19,127,78,11,
160,176,67,29,97,148,178,
21,117,138,174,182,40,34,178,
16,40,36,84,92,98,33,103,105,
25,172,138,116,16,42,65,11,185,118,17,16,100,128,
158,96,130,63,55,98,10,99,96,186,153,49,
27,95,81,48,3,16,125,114,101,
87,106,120,41,16,56,172,86,68,14,
121,133,154,99,183,112,108,78,
55,105,63,114,173,104,48,
66,35,97,40,65,130,58,134,173,62,140,147,125,16,131,67,65,131,88,70,104,32,
189,156,44,127,141,1,136,106,119,109,
71,86,87,37,185,124,167,
153,3,67,189,117,136,109,178,18,185,
114,72,25,47,43,190,135,186,49,45,7,161,191,
10,170,21,189,158,74,14,164,72,12,46,187,137,189,28,4,154,109,38,
57,161,51,44,
164,84,172,182,75,134,66,
110,36,3,
17,41,4,43,14,116,191,85,22,28,49,13,
73,75,143,64,54,27,64,
80,27,135,122,168,
67,156,64,
36,37,35,12,
103,172,53,94,
47,74,142,67,87,
22,13,3,128,23,98,150,
37,95,29,115,146,71,186,6,97,
172,142,86,26,86,
7,133,165,
117,113,185,31,11,146,39,30,183,183,38,46,21,
63,170,67,158,83,126,113,144,158,183,126,21,
0,99,97,161,58,
166,48,93,75,174,45,30,92,134,85,24,72,186,67,171,61,31,180,69,120,98,149,59,
94,142,101,110,6,7,
125,111,127,44,90,145,128,107,106,85,126,59,39,116,65,136,189,48,116,86,190,
4,70,189,98,163,187,183,3,173,122,157,
41,93,97,143,159,91,0,5,20,5,90,154,6,180,67,152,3,122,141,136,178,
189,76,11,149,
95,120,65,119,27,124,175,181,151,29,29,12,148,37,133,
49,114,9,103,9,
104,91,163,
10,37,4,94,1,170,135,174,57,8,65,127,103,8,86,44,108,110,72,119,25,9,135,136,170,172,176,
46,111,8,95,93,183,
188,73,143,32,61,185,169,125,87,13,27,157,11,82,
190,85,135,118,48,123,61,164,23,111,
83,183,75,168,181,68,171,
149,113,189,8,46,146,174,161,189,
174,92,33,134,21,4,27,49,101,158,
186,38,113,178,102,
171,135,151,2,122,0,171,88,39,23,102,114,147,156,24,31,145,189,123,98,67,84,101,76,104,
170,97,117,183,96,46,10,71,46,124,5,78,180,
164,20,10,163,150,174,
104,184,66,162,124,80,191,133,161,
158,132,167,77,20,74,84,68,9,137,136,165,162,101,6,57,
79,148,143,162,189,84,105,86,55,
69,132,61,107,
64,61,65,118,73,157,
118,144,4,93,147,159,186,170,159,31,90,92,190,188,40,47,93,51,13,191,41,121,
149,189,166,77,90,8,36,
75,30,113,81,177,130,89,73,162,62,190,62,168,
97,0,110,9,37,135,143,64,160,0,
49,51,128,17,15,
185,87,176,33,75,105,
43,114,171,81,35,183,139,133,
172,75,91,100,81,13,35,93,87,53,112,121,44,137,76,40,18,160,4,121,123,38,16,103,87,
73,48,94,165,145,49,
134,157,56,163,171,
134,12,166,35,160,119,135,181,100,39,28,66,55,161,174,103,110,164,48,78,
172,160,37,59,24,164,39,25,2,106,18,126,158,118,50,103,38,113,116,118,42,156,191,139,
96,170,1,49,46,46,21,85,
81,141,91,144,24,132,23,118,77,186,91,87,152,
179,171,85,61,176,184,47,46,144,146,183,46,175,64,166,189,6,163,30,
51,148,160,57,64,113,188,162,19,189,
27,0,67,188,125,164,
171,70,133,96,
105,1,117,43,13,11,96,55,180,136,16,56,135,191,79,101,107,
29,188,128,95,78,149,34,37,60,70,110,107,108,81,
91,45,118,116,58,135,168,179,63,179,
180,170,
14,10,131,70,169,58,
88,172,142,78,102,132,33,140,
30,75,107,46,119,179,22,
12,188,92,64,10,176,21,61,
144,118,106,118,
30,136,0,130,185,
143,18,46,162,21,104,46,
51,50,100,118,44,39,153,17,
87,38,180,27,157,80,176,22,71,51,157,7,
97,120,40,52,65,43,7,68,66,56,124,181,167,38,155,65,189,130,108,170,180,
175,179,67,
10,128,186,118,
146,85,19,33,44,88,183,85,30,90,78,127,164,42,32,174,11,16,68,13,
92,3,61,87,100,
8,157,37,122,149,74,123,100,172,123,
183,64,68,117,108,
152,158,98,144,0,180,32,3,144,81,34,149,0,
171,0,64,148,108,145,43,129,122,131,100,135,114,153,60,139,80,111,
85,66,51,98,171,17,97,131,133,179,164,186,56,185,30,180,164,190,97,53,99,78,148,
98,166,10,129,52,
86,86,172,172,
11,75,25,129,101,
92,14,174,100,16,25,15,182,
2,89,129,50,19,158,27,104,88,30,73,48,76,114,48,163,45,114,
79,184,180,7,27,
138,3,11,
46,170,95,92,102,179,153,
36,6,57,84,110,33,63,172,147,
55,48,158,79,157,48,111,
104,67,15,90,72,57,4,116,157,82,44,32,49,188,29,131,144,146,24,176,
149,84,29,172,37,89,
23,190,41,31,76,
148,140,79,95,95,135,183,51,113,
117,142,70,93,68,183,158,40,126,10,7,14,105,119,122,106,21,93,27,75,102,189,
48,161,61,131,3,148,
33,119,
164,152,104,147,85,101,186,4,163,28,190,173,95,
129,33,96,118,11,63,183,49,98,
43,17,183,88,6,128,85,88,105,
67,156,63,159,153,128,154,71,166,166,100,111,64,27,64,117,78,61,
181,95,142,51,71,79,
189,9,171,10,175,
156,171,67,120,67,98,172,86,5,148,
64,99,39,189,131,104,53,87,137,45,161,168,109,39,81,39,82,95,36,
179,78,164,84,
107,93,67,103,72,24,38,122,
107,86,46,150,158,30,63,147,
91,170,66,81,89,35,151,184,139,189,14,87,123,8,161,
93,117,48,141,118,114,28,118,179,
65,10,39,31,
163,135,152,80,151,91,
170,10,151,118,40,51,49,165,28,0,174,172,79,111,160,180,154,163,
50,51,148,
113,122,70,132,149,27,155,
104,165,11,18,158,54,118,119,97,61,55,145,
44,51,151,
4,61,104,172,185,
16,87,176,
24,188,75,176,6,153,112,123,109,
51,32,94,32,49,87,98,183,
186,164,133,10,
176,24,6,16,43,146,74,
133,48,104,191,
29,67,108,40,160,4,
117,126,107,
144,152,179,137,167,115,149,
180,97,96,74,116,62,87,
189,153,148,10,79,143,
0,151,103,60,117,106,73,30,28,75,116,138,132,81,127,27,132,84,93,38,1,61,152,
126,188,31,120,99,60,10,175,159,142,
12,66,185,92,75,124,31,128,172,
178,22,153,150,
149,30,180,68,3,139,168,144,
59,188,98,120,123,166,110,
93,151,94,163,61,0,121,123,
8,10,32,181,70,67,16,27,
18,48,152,104,181,116,149,31,109,
11,90,105,128,189,
156,189,3,11,133,113,6,25,42,45,168,
125,27,66,104,76,75,63,169,
135,40,80,41,85,155,
33,123,157,101,174,102,189,81,185,55,83,158,88,175,151,
116,17,99,168,
156,160,166,49,57,135,52,171,79,134,19,75,
32,64,41,100,51,71,185,131,
37,10,98,159,78,
165,104,16,3,114,74,65,122,118,
142,54,151,161,73,117,122,140,47,130,118,172,133,110,1,161,89,100,94,38,94,
119,117,134,142,95,44,58,55,7,156,
75,135,127,94,37,180,167,172,189,112,181,125,11,
80,143,127,
14,181,17,120,161,171,135,71,
135,190,64,114,161,190,46,
61,188,13,179,128,104,155,52,124,191,165,
140,111,135,10,125,
168,131,83,160,162,116,76,
62,32,180,
70,20,89,113,125,126,171,4,161,66,94,102,98,1,55,130,171,
118,93,176,91,165,
169,20,151,184,
33,106,36,86,129,
96,158,171,
180,87,86,9,128,164,22,131,
112,38,172,75,104,116,39,31,43,153,91,26,42,148,
70,117,
123,154,165,147,33,58,94,161,
0,16,61,176,97,136,171,74,108,41,188,55,68,93,58,135,114,175,17,74,90,25,81,190,61,119,56,125,
183,83,67,4,154,
89,91,142,139,38,162,58,108,
89,78,
160,64,37,189,48,150,113,156,189,69,18,39,21,178,55,
48,27,9,22,49,55,61,125,31,179,38,166,
21,143,12,10,104,38,96,
151,169,31,158,427,53,11,4,170,123,124,142,0,145,
50,2,68,78,82,177,121,190,150,3,45,
110,66,43,37,185,
132,81,88,14,68,173,170,16,133,
154,45,86,
103,149,113,163,110,86,9,175,61,20,107,180,167,
68,62,111,96,183,189,23,78,99,143,17,103,78,175,19,60,76,61,18,154,87,
100,92,149,35,134,25,
148,39,181,72,185,68,103,50,86,160,191,
66,136,91,24,105,66,75,
125,78,82,68,153,85,149,120,44,161,4,
152,126,116,67,48,78,
162,79,42,60,51,120,
184,157,104,
140,116,112,66,
127,167,8,75,188,104,75,4,43,66,84,
85,166,108,13,180,81,4,75,61,190,63,
88,155,2,25,138,84,175,162,116,62,
172,99,170,68,
45,166,98,
177,50,165,68,
92,28,166,126,61,88,69,
161,64,2,48,172,93,135,24,58,88,72,142,102,72,14,172,57,
44,115,189,102,185,57,134,129,191,38,
154,183,121,175,68,
146,48,154,138,113,91,28,108,
160,134,85,51,168,175,
145,93,73,132,
131,64,164,144,14,15,189,57,66,21,66,171,168,173,48,136,51,87,53,65,115,
158,113,11,130,87,156,40,
3,33,150,142,74,156,170,50,27,115,175,
183,38,85,179,3,
126,117,117,83,66,82,
42,25,172,
103,52,68,39,151,98,148,82,
154,176,31,10,
52,143,10,146,103,79,144,12,29,147,86,
78,128,98,34,104,22,185,165,69,3,27,171,183,75,42,89,62,161,
147,111,181,164,2,39,142,165,67,20,106,99,81,92,138,
3,165,148,41,44,160,186,167,149,122,
133,121,40,186,52,119,50,85,
11,104,6,164,156,151,1,136,
113,158,69,75,94,149,127,186,164,160,124,137,
48,2,190,126,133,152,55,
78,68,120,106,165,121,164,
66,70,12,110,
163,104,60,124,179,
160,136,172,169,80,11,161,142,28,159,119,169,24,73,0,30,77,
62,75,78,
161,143,134,149,27,
6,43,130,49,156,131,
140,184,98,28,168,20,74,106,148,120,8,
23,147,86,72,112,10,22,
48,16,173,145,74,136,116,73,152,12,
32,152,142,62,133,186,36,67,
185,54,188,153,136,
76,77,2,110,68,189,68,
60,126,93,140,10,163,163,50,42,81,
13,17,105,44,120,101,65,117,
86,79,10,152,52,
91,163,146,164,
126,70,92,138,37,17,48,152,63,153,
120,78,59,3,99,166,87,156,49,140,13,163,94,3,13,72,133,
37,140,165,60,157,78,64,
103,111,26,71,
61,67,190,41,173,157,
130,138,158,67,158,134,76,58,170,
67,130,11,185,70,45,114,175,64,62,118,102,160,134,146,14,25,168,111,117,165,66,
61,85,0,22,116,54,119,99,190,24,92,171,85,
41,140,147,135,106,23,91,87,
178,99,160,186,17,184,
35,100,30,71,18,106,78,38,36,131,
122,165,80,4,
176,186,0,87,0,179,185,101,160,75,154,31,118,95,
143,34,68,161,
78,98,146,29,141,125,134,107,83,106,179,75,67,
65,25,97,10,88,
108,85,85,104,55,102,65,135,76,134,134,136,105,
133,142,171,
65,58,13,104,165,40,162,97,4,168,64,164,82,
124,170,97,2,99,
58,143,130,14,0,
141,189,78,128,178,52,58,104,
67,144,166,147,183,107,171,29,175,147,151,160,143,25,163,
188,92,49,123,130,37,12,24,29,68,118,126,43,88,51,59,63,109,135,54,131,
133,32,157,15,120,
3,120,92,110,23,138,30,71,59,106,
177,75,11,117,
143,163,3,65,79,80,67,73,154,157,
77,160,46,80,31,149,1,130,76,112,25,162,181,186,84,149,116,51,8,63,90,
189,123,107,4,110,
135,95,97,75,132,166,163,0,93,58,85,26,106,
0,135,23,
68,0,50,149,173,
130,167,66,163,106,41,97,49,58,
163,164,143,103,130,134,
40,123,16,119,133,135,40,49,
112,10,149,38,121,77,140,124,23,84,114,
81,172,75,43,150,187,188,105,
87,99,55,114,
167,144,75,144,121,71,
37,85,75,126,99,8,64,106,43,102,142,36,118,90,
154,67,9,147,146,38,38,66,143,171,16,
31,117,141,19,154,115,104,131,
142,75,32,51,73,28,15,181,119,44,131,61,162,93,86,
98,140,16,158,47,157,15,149,36,
5,176,170,156,4,
84,164,109,16,84,127,35,93,36,144,167,110,139,137,121,97,92,149,57,105,102,109,93,118,
116,112,32,91,180,140,2,169,125,152,46,
22,178,78,26,179,119,79,
165,158,110,31,37,78,177,7,61,46,
64,61,118,67,85,162,171,135,183,180,92,73,103,
132,155,122,96,69,108,
98,51,22,45,
71,9,170,77,
111,181,115,140,24,55,162,103,147,150,170,101,154,
99,64,61,6,14,178,61,73,150,36,92,140,85,
128,78,11,180,64,31,114,98,
38,85,10,137,151,186,44,32,155,112,130,35,89,
189,44,33,49,
104,61,86,112,55,
95,46,158,191,
115,128,44,
110,
103,0,16,
179,91,
24,111,
150,50,149,
121,118,167,
10,65,112,
6,36,94,129,
65,66,13,
46,143,30,165,
64,32,97,127,128,
74,0,180,158,
186,3,37,117,114,
100,92,61,
81,85,0,
102,67,44,110,
92,84,
27,79,174,
25,114,0,92,
171,85,154,76,
126,63,18,
79,156,181,32,
58,89,141,
136,10,41,
123,190,118,59,40,154,
114,179,55,
161,181,14,70,125,
68,125,97,
178,189,128,159,
122,117,142,
106,35,
91,81,41,
42,162,19,112,
184,10,79,
128,22,29,141,
13,128,120,101,
103,49,
82,65,125,
183,121,170,67,
47,179,61,98,
180,64,152,
175,126,3,
157,55,87,184,64,61,
120,162,
173,164,55,68,
72,148,135,67,
127,0,151,
117,67,67,25,
146,149,104,
78,88,37,134,152,
83,33,191,
71,181,67,
162,89,75,
10,140,184,28,
48,146,55,
105,16,79,
117,138,153,
84,112,179,
19,2,31,42,
104,31,143,
31,99,166,165,
185,32,148,12,
150,111,
60,149,
112,24,87,
83,63,
183,63,129,
159,178,118,75,
4,149,85,10,5,
106,138,0,
151,91,103,
108,29,
70,45,
179,93,
17,126,178,
180,170,166,35,
4,118,164,
30,117,35,
113,85,51,
49,73,138,120,
118,143,67,84,
57,104,61,
38,164,172,
6,151,37,
187,98,
19,149,75,
138,25,
38,123,142,21,
179,61,22,
18,143,35,
76,168,23,
34,21,143,
95,176,164,
124,12,104,
135,183,14,171,182,
94,51,171,
144,167,63,
15,92,
53,164,64,131,
7,181,151,
190,135,114,
780,142,104,187,24,166,18,127,45,54,100,81,121,77,24,175,119,105,61,111,106,
113,118,143,
113,146,117,156,
108,0,146,
94,70,93,73,
171,179,166,43,
115,3,37,
171,134,
39,160,51,
87,92,81,
38,117,154,0,
75,0,159,
113,63,148,
58,149,65,
136,105,108,
16,25,84,51,
9,49,
174,164,149,
94,46,123,
44,3,189,
137,10,77,
16,132,154,
53,151,103,
4,29,125,
107,69,105,
14,106,87,
21,117,63,
63,85,125,
27,73,80,
187,86,
98,128,85,
45,70,
110,76,165,
102,46,161,
127,189,125,
32,116,79,
129,2,6,
45,102,131,154,
119,33,
170,63,132,
101,33,27,
96,180,158,
125,27,0,
155,38,113,135,
12,134,
150,178,99,189,
107,189,29,
61,0,48,0,
124,151,162,61,113,
118,25,172,
102,84,88,
153,158,24,51,
111,125,67,190,157,
26,22,118,149,112,
102,151,171,
71,3,103,
37,110,149,
186,176,81,
141,93,
10,52,158,
179,114,91,
161,123,91,104,
135,171,105,
179,48,99,
45,50,91,
139,171,51,
190,85,61,
187,4,
38,183,48,
41,61,135,
73,60,142,
24,161,66,
80,61,61,50,
123,188,189,
4,32,151,
183,
13,119,85,
163,4,170,
52,156,133,
108,29,
101,171,143,
144,104,67,
24,107,135,
75,185,78,24,
45,2,66,76,54,
157,33,8,111,
12,138,185,
52,61,
58,119,0,
52,98,97,
166,48,67,
191,133,148,
169,116,125,
158,174,151,
157,4,37,
67,32,47,
125,140,
7,94,119,
39,171,148,
114,112,87,
177,106,
114,2,171,
171,38,
69,160,
71,151,14,
66,98,
150,22,81,
167,97,130,158,
106,41,
104,125,
67,104,72,183,
10,60,118,
27,2,113,
191,114,181,
168,91,80,
142,88,181,
135,140,41,
161,114,0,
189,179,125,117,
158,152,63,
147,107,52,158,
182,92,164,
85,125,43,38,
92,176,
102,33,45,108,186,
49,129,174,40,
51,16,142,139,
167,86,
142,126,
74,10,175,20,
147,171,
76,125,171,171,
61,12,80,
139,89,
80,171,163,
16,165,66,
67,171,37,152,
136,135,30,
27,189,161,
163,67,93,
164,27,78,
123,8,172,38,
10,154,37,
124,71,163,
43,25,97,
48,134,18,
185,30,4,
46,96,179,
135,14,91,
77,137,71,
86,148,87,
166,152,59,
153,92,46,
128,49,67,13,
162,147,88,
191,83,118,92,44,
104,171,108,
39,112,64,
46,170,135,10,96,
15,104,
128,43,
25,67,156,
56,0,7,164,
94,75,103,
109,10,84,
189,160,149,
183,135,110,
54,73,45,
173,61,131,
81,60,29,
6,11,176,
129,92,44,
93,145,107,
32,8,66,
186,32,
93,166,84,154,
184,179,178,
93,60,142,55,
38,107,87,171,
28,142,140,10,
150,149,164,
100,51,
63,77,
183,43,46,
78,37,85,
112,75,
189,131,
28,160,92,164,
84,0,36,
172,36,149,
124,112,61,
24,31,166,
120,125,61,
139,172,43,
72,23,107,
6,99,
119,40,0,104,
101,13,94,
111,170,68,
41,32,
175,39,9,187,
99,120,
173,132,152,48,
191,61,105,
185,110,117,
162,143,168,
53,85,
29,149,
39,175,103,
181,83,
153,171,
47,118,
7,114,102,92,186,56,
154,93,143,123,
187,81,
180,75,149,
31,48,
154,170,10,
81,27,135,147,
75,176,117,
171,110,83,
130,77,30,
44,86,13,
58,130,91,
151,67,33,
105,81,185,
82,103,
138,147,
189,149,51,
101,105,11,
170,3,130,
79,170,105,
122,132,107,
59,166,3,
178,21,160,
108,91,89,
19,51,156,
176,5,104,
115,131,144,
1,0,11,
153,126,
175,68,95,
133,132,156,
168,75,156,
65,131,95,
106,3,78,
80,104,158,
89,70,
11,75,138,
12,
35,134,180,157,
87,158,112,16,
1,96,
131,31,35,
75,83,142,
86,33,172,142,
75,85,
189,97,75,
28,17,93,
70,29,14,
143,189,106,
89,2,149,
100,8,
99,124,
144,152,81,
71,35,32,
123,93,24,
16,25,48,
61,103,
148,189,112,
175,103,
56,
14,135,
92,191,147,
119,30,22,
10,98,23,
36,32,148,
40,21,158,
76,130,127,
64,67,67,
176,10,
186,77,
14,117,
49,48,158,
75,112,
3,128,181,
132,0,113,
134,174,44,
182,135,21,
116,104,
131,32,180,
189,64,
22,61,30,23,
140,88,99,
104,141,21,
25,10,38,
16,8,105,101,87,
14,132,
178,149,141,
16,135,172,
40,29,
183,51,117,
114,128,93,
132,145,158,
43,37,127,
175,189,154,33,
171,67,70,94,
101,111,13,
50,133,
31,152,
57,156,
110,142,59,
139,149,
153,125,
90,149,11,
114,165,
171,156,14,
160,118,3,
78,170,
88,66,43,
46,149,77,
100,171,
106,189,780,
149,84,77,189,
108,121,102,
73,2,
160,170,
56,87,134,
103,134,
72,120,
46,116,
131,104,45,
11,117,158,
68,83,76,
171,61,
176,106,12,
43,110,
84,171,84,
174,
134,108,
183,43,148,
136,152,11,
75,156,66,
148,3,20,
