164,91,179,1,134,137,
165,146,17,7,62,
181,63,149,
109,85,50,167,11,83,65,
12,61,65,125,186,42,27,97,24,67,26,148,161,
156,1,104,6,120,84,84,
142,154,73,147,
59,133,117,137,141,126,139,185,155,110,157,126,9,43,41,
191,103,185,
68,11,150,81,
81,68,64,44,177,103,132,
158,49,63,114,140,55,6,109,74,104,
61,135,85,113,22,116,54,119,99,177,24,58,37,8,57,84,179,60,187,8,85,147,48,
116,51,24,3,101,134,48,121,
11,11,38,6,44,
4,85,50,61,108,164,27,121,
149,120,123,147,
17,1,30,37,134,123,120,
6,73,103,121,15,
3,90,128,26,175,128,125,85,62,166,
149,7,36,47,69,126,62,68,
11,57,121,135,171,55,38,58,169,57,152,41,87,63,177,71,62,
52,172,39,176,160,24,83,149,140,116,158,
67,9,52,66,133,163,74,57,168,173,52,12,75,
41,11,190,17,139,13,67,
102,83,78,104,18,88,61,34,18,35,191,102,
124,181,121,48,166,161,74,52,20,
177,10,132,66,
40,150,41,60,170,168,
153,98,166,
132,143,45,103,63,159,177,102,60,
80,10,93,43,72,64,135,167,191,20,182,91,12,55,144,
128,62,133,28,61,
81,50,170,165,11,
120,132,3,135,99,189,49,31,163,94,114,173,72,189,15,1,145,55,57,179,92,
141,24,150,84,179,57,
186,170,63,149,160,0,
180,1,10,172,150,67,
147,13,27,149,
88,141,128,122,175,
119,168,121,7,
61,184,10,155,91,102,95,179,103,141,30,46,143,185,135,118,116,
41,0,75,
102,60,75,188,41,
85,150,75,144,157,160,173,
186,20,79,110,90,165,122,48,
67,99,155,68,172,9,52,138,127,154,20,85,
24,179,11,
156,133,91,177,45,107,150,59,21,44,83,17,
79,85,17,
106,121,
155,182,170,68,148,177,23,135,31,
141,152,66,80,11,
17,32,43,85,74,
105,187,73,165,
1,25,77,111,
110,182,47,24,123,169,127,31,68,
191,133,102,146,80,12,137,129,
97,173,172,
101,80,7,68,78,22,25,88,
128,143,179,42,2,170,
88,172,11,78,147,191,46,140,84,86,104,
132,31,51,120,144,49,175,60,123,
161,18,171,116,89,121,180,99,103,33,178,
152,160,142,139,65,84,20,89,186,11,40,
135,189,120,26,177,147,
43,98,104,66,89,50,162,
179,130,32,150,47,179,146,141,90,64,166,189,6,182,30,9,
147,74,121,
187,62,42,135,25,68,60,175,114,19,
16,89,45,80,15,178,41,71,171,20,
190,98,113,138,86,31,147,117,41,110,169,74,56,109,159,18,
105,189,75,100,0,41,
180,19,188,128,189,184,50,
135,50,98,59,156,121,131,
117,59,189,88,88,58,64,
156,104,48,82,34,47,69,
174,82,0,
159,181,191,153,59,18,158,
30,172,14,33,40,156,
154,45,185,54,95,139,14,91,142,63,0,
62,147,166,
24,172,42,89,78,45,25,15,144,146,157,
140,88,22,25,1,119,66,53,
47,179,61,98,10,45,1,45,77,133,99,139,110,45,97,15,45,53,172,52,107,11,
186,72,12,42,88,13,
145,120,61,181,83,74,
7,101,189,102,63,149,73,97,22,95,18,
8,143,102,90,50,135,
140,50,27,22,
27,144,7,50,5,73,113,53,142,48,79,147,
74,64,7,158,88,111,168,190,166,
33,40,30,127,34,2,49,
56,70,62,64,10,114,84,50,
18,98,104,181,116,149,31,109,72,40,52,114,87,88,102,162,141,161,118,159,138,
79,186,172,191,64,78,11,167,
53,83,11,31,26,152,175,102,102,
70,154,177,19,158,122,138,147,12,131,49,167,76,182,171,98,
103,149,113,55,110,86,51,61,4,6,180,167,99,110,
0,93,105,
110,143,59,37,112,
3,188,84,52,116,178,7,122,
159,141,137,134,8,64,24,40,58,
110,51,61,
183,20,51,88,138,
121,6,38,188,63,106,131,84,127,153,
10,178,127,38,169,99,106,
171,117,106,16,5,27,
17,11,165,4,7,41,88,
4,65,64,25,148,80,55,171,11,148,84,
161,135,42,27,27,
141,63,189,
118,24,38,150,141,176,81,171,158,103,75,
60,12,40,52,43,132,119,138,
191,47,181,38,24,175,136,19,25,65,80,128,89,
144,19,120,20,26,34,140,82,132,
133,156,40,186,191,86,147,119,85,156,128,30,117,56,34,87,
74,67,169,133,
122,88,103,178,77,65,15,
11,4,116,93,54,135,
146,149,133,91,
161,114,12,
143,189,46,8,127,176,191,128,34,65,28,106,101,177,89,
73,123,120,7,61,
24,178,145,185,6,153,78,40,109,75,60,25,19,61,16,165,145,165,159,127,141,145,
52,81,128,42,93,186,45,
191,21,188,74,177,
169,117,190,120,184,26,103,27,93,84,132,72,84,151,90,51,153,0,170,149,57,67,54,186,
116,79,79,135,40,116,131,61,
55,67,4,4,
85,50,49,157,122,15,144,178,97,34,46,116,79,103,
81,21,22,21,134,105,69,131,3,24,52,85,77,45,153,
52,57,111,155,103,
158,58,70,138,178,187,100,28,
77,24,81,59,186,
110,135,43,84,11,45,83,97,8,46,162,
154,131,61,5,9,10,189,
142,54,27,182,126,161,73,148,122,140,50,130,168,113,169,44,1,121,47,100,26,94,152,137,
84,155,54,
123,4,80,20,73,169,
10,154,133,150,
30,58,115,179,22,167,20,50,9,165,145,177,49,21,
50,73,142,128,21,
84,156,63,23,121,3,157,106,
86,189,141,179,98,55,
63,81,66,128,141,177,84,138,11,143,
2,169,161,69,137,
188,104,4,8,28,135,180,191,38,111,159,163,102,176,64,9,
80,0,170,191,97,141,187,
89,163,43,121,130,67,111,34,163,
12,60,61,102,158,190,138,16,
187,117,144,114,21,126,105,5,124,191,138,
167,97,70,131,163,70,111,89,37,144,
1,17,86,100,176,72,60,146,
51,169,182,186,0,132,
82,128,153,50,70,162,129,174,74,9,
60,106,158,149,148,7,6,129,52,188,189,122,
104,72,189,187,186,156,88,
106,47,33,171,171,10,
150,38,19,138,
55,11,55,15,158,13,129,116,181,
19,191,0,52,118,191,105,176,98,80,
185,129,148,19,29,82,
150,180,156,28,153,4,141,11,28,102,84,
12,70,98,129,15,181,63,130,
181,88,145,
65,150,175,143,73,85,84,166,50,186,
170,169,49,155,40,151,
44,150,81,78,63,
183,128,
86,109,
18,7,163,184,190,
68,171,58,102,99,93,
106,103,43,127,139,153,
103,172,144,77,24,111,191,104,165,
50,4,111,58,150,180,67,22,66,166,81,187,145,113,
146,104,70,191,164,73,165,
185,59,58,57,98,191,143,0,26,68,
42,100,76,135,161,7,18,121,48,26,
93,38,79,52,48,174,56,
9,59,154,127,
66,186,161,
103,169,86,175,38,21,
58,3,30,56,50,28,140,153,34,68,158,141,133,79,185,181,117,100,39,118,
186,25,133,92,85,152,0,122,184,104,
11,78,46,182,109,2,
34,180,49,178,
163,45,32,89,132,106,
129,59,23,168,186,191,142,169,
24,11,191,60,45,110,47,44,117,100,67,50,110,17,103,
67,72,50,159,107,139,
43,5,21,80,106,17,57,
157,166,161,
106,80,62,177,81,126,96,163,60,84,128,147,84,
85,179,65,37,
126,68,112,101,126,156,104,132,149,
189,9,171,189,175,92,60,109,158,143,127,148,7,173,73,
130,59,86,128,
147,62,70,40,138,124,190,131,70,
78,144,133,77,128,88,
20,120,141,73,
19,129,113,91,177,93,144,79,1,37,187,90,120,79,91,132,
4,82,165,
37,17,32,85,
8,19,129,39,111,50,10,
63,121,108,
63,186,7,32,132,11,153,44,12,
92,189,158,120,
172,38,1,103,52,42,176,189,24,24,
61,0,106,99,12,161,157,62,73,12,159,171,188,135,4,73,
57,106,15,52,161,27,50,128,191,
40,147,38,150,47,142,188,113,181,
66,82,64,18,147,146,
66,35,150,40,84,58,57,173,62,188,166,16,2,65,131,190,70,104,189,155,50,
78,9,42,168,101,102,48,39,44,147,150,
149,86,149,41,24,188,129,15,181,
100,189,24,42,68,138,116,137,52,
90,186,154,179,185,80,3,100,111,9,
126,59,52,45,18,136,
149,186,48,95,34,
97,164,12,80,84,63,
99,79,79,35,98,43,116,128,
83,145,188,42,
144,103,111,167,
95,7,42,72,103,81,97,120,141,171,5,90,137,178,62,149,
158,54,76,80,147,156,71,110,177,161,75,12,
136,6,155,117,20,129,182,150,
163,18,150,187,50,163,4,64,153,
138,158,129,37,188,
165,61,176,84,112,103,127,
50,0,191,55,81,60,19,68,
161,149,180,106,130,98,139,176,101,2,19,63,175,116,28,
17,100,161,145,24,158,69,79,
178,143,152,109,150,95,72,6,14,
132,154,126,63,178,162,6,
107,180,38,47,171,
31,132,41,84,
4,46,150,103,123,20,33,17,
144,85,24,6,82,176,103,126,
97,133,189,7,160,104,35,
104,38,97,188,141,147,135,146,56,102,177,34,134,182,53,
27,189,128,140,12,71,70,161,
77,78,172,133,186,139,
98,63,73,88,47,157,15,18,36,158,43,99,12,48,148,131,161,69,66,70,89,99,158,
188,50,49,
179,44,30,28,186,89,
128,149,136,180,50,88,166,130,
39,61,177,32,135,
11,135,24,50,28,190,184,63,6,88,100,65,39,
118,25,6,13,155,177,28,1,18,187,66,109,
82,105,66,42,75,9,120,90,140,4,148,156,
125,183,3,
123,183,161,24,85,
116,88,73,163,151,101,113,85,99,137,52,99,160,
135,187,11,161,14,
34,138,143,96,110,63,55,
176,129,191,121,166,165,
98,161,52,173,113,0,113,14,82,120,19,12,
7,81,119,17,88,134,
175,39,9,187,126,106,85,179,140,9,82,5,
125,12,83,84,
30,43,61,152,19,52,141,91,
52,181,51,128,173,38,
189,11,123,27,150,108,75,104,105,85,6,48,120,100,48,11,86,33,115,
188,101,60,40,2,
182,135,101,182,153,32,33,171,104,155,126,184,11,117,10,56,
64,56,173,66,129,104,141,80,
20,152,30,150,158,173,40,
0,186,61,98,19,41,79,
179,42,121,65,34,164,120,95,153,85,61,167,123,
82,189,181,48,46,
5,187,115,
6,121,60,89,178,144,53,
177,155,11,104,191,
98,10,129,86,135,190,40,93,168,153,185,141,35,
132,19,163,
33,73,106,152,
32,63,182,46,
156,135,7,62,99,0,
46,111,155,8,183,95,93,191,146,187,34,80,20,131,168,
73,190,171,183,105,35,
143,150,61,63,185,
188,6,3,83,118,68,
11,155,68,137,109,79,67,79,
38,52,95,93,43,118,100,74,52,
127,167,8,165,188,104,186,62,4,67,66,41,103,10,190,143,143,123,9,
21,103,156,179,50,181,191,81,
80,106,90,128,91,78,89,19,
85,171,62,1,3,
109,178,66,11,140,86,7,27,
60,83,91,
13,147,130,179,156,
160,136,132,123,169,80,11,161,142,185,159,103,119,169,24,73,0,30,149,139,47,77,167,166,73,51,188,176,47,97,
171,15,2,122,0,70,171,88,23,107,114,24,31,145,189,123,98,84,54,147,20,
79,72,19,59,162,106,93,14,17,12,40,140,27,116,171,67,99,
106,86,57,73,159,
150,50,66,143,166,11,152,163,186,178,65,85,68,189,171,136,44,
129,72,96,82,69,63,102,98,166,104,10,52,44,149,189,
61,177,179,145,73,152,154,0,34,183,165,
138,129,190,80,150,
25,174,92,116,16,42,186,185,118,17,16,72,128,104,128,171,29,44,1,83,2,25,40,164,191,73,
33,182,111,20,79,
7,27,60,165,
86,103,106,131,113,
143,167,176,1,110,115,126,178,40,34,48,60,132,127,
182,96,126,183,70,129,41,
45,50,16,120,89,163,137,132,7,84,103,77,156,46,188,
74,38,89,147,137,
19,30,73,
100,48,38,17,90,11,66,105,
30,133,17,
167,179,80,109,163,25,82,
175,3,65,167,88,
25,46,10,38,20,148,92,84,43,62,189,
85,175,179,186,17,170,103,
157,128,80,85,
163,89,67,116,155,35,152,
134,164,7,7,
41,163,127,31,170,109,130,88,182,84,179,
110,103,190,159,
113,189,86,142,30,173,40,148,50,
75,82,118,127,119,102,44,136,105,
24,55,42,47,120,39,81,144,144,
105,166,88,
61,113,25,42,29,187,13,75,64,85,108,32,120,47,162,19,39,97,58,117,184,154,131,
53,39,27,
178,132,158,3,170,34,
50,56,33,72,78,82,50,121,17,190,125,188,45,186,34,154,189,27,56,
93,169,48,153,80,114,98,50,165,46,0,113,180,15,80,
128,183,6,61,177,95,
73,54,6,165,36,39,49,63,171,79,61,26,169,95,1,19,178,124,20,
51,116,110,52,175,4,122,179,
110,24,
28,123,128,143,161,
38,172,11,86,187,150,123,187,31,
62,56,156,36,158,189,67,148,95,94,37,149,60,
140,158,75,86,21,52,114,
97,183,126,
10,52,15,28,51,88,135,88,117,163,180,31,50,172,
152,107,120,141,65,97,64,
133,59,74,132,22,130,
88,181,85,171,48,19,122,116,76,95,44,105,
15,55,122,28,
0,181,46,14,102,104,144,80,61,90,51,145,
141,20,1,109,120,
189,179,97,156,117,140,2,154,178,117,56,
10,37,4,94,1,163,135,174,57,8,57,127,103,182,44,108,110,72,119,25,9,135,61,170,172,176,91,2,167,81,117,86,109,
39,78,84,138,139,
172,77,75,180,97,103,152,
166,157,92,181,153,105,
186,189,85,51,94,2,85,150,101,37,66,70,46,179,72,185,65,
34,115,33,101,103,129,59,
128,157,57,84,3,35,80,78,85,74,61,82,
56,50,38,93,
121,165,104,142,
55,96,34,38,184,156,86,
175,78,132,51,187,146,91,117,
66,136,109,177,105,66,124,190,160,53,14,98,4,35,63,161,38,57,141,146,78,155,
38,11,153,66,175,101,78,148,128,
148,189,96,31,95,135,183,21,152,133,105,4,142,62,133,88,24,118,52,
20,67,4,80,36,36,182,
104,184,66,162,97,80,191,123,188,26,6,43,183,187,68,
186,77,50,
135,116,11,39,
84,65,39,110,156,141,
32,136,17,163,13,154,37,102,
38,188,121,40,56,6,
45,52,14,131,154,32,171,127,81,45,126,24,91,169,179,
31,34,10,180,155,
166,84,176,50,48,
102,141,0,135,31,102,126,53,
19,87,80,150,184,99,84,88,179,70,95,82,136,185,166,182,89,
12,19,118,141,60,79,98,
156,27,10,126,32,42,45,81,147,71,99,53,102,84,129,
179,93,13,131,169,86,85,129,137,
89,78,16,6,191,74,191,172,150,164,
121,135,179,89,6,85,119,
44,75,88,11,12,137,
17,24,171,87,
73,60,27,172,33,
24,172,149,141,118,17,40,128,145,
175,189,79,163,38,43,98,167,103,24,
179,133,186,21,6,165,
98,124,175,126,
64,18,41,87,31,152,80,
104,121,154,129,25,64,141,0,165,73,159,118,156,158,181,
72,120,159,90,122,36,1,190,120,186,25,129,
124,59,48,98,73,
191,88,50,183,99,23,89,42,
183,49,59,104,148,73,100,97,59,82,123,191,80,
61,128,24,110,112,42,
161,61,70,66,157,17,129,
96,38,34,189,55,
49,73,120,59,57,158,34,87,85,188,108,
83,110,50,53,139,60,121,169,5,79,
36,73,20,149,185,149,
80,126,81,3,47,172,32,38,157,10,48,129,142,
158,129,69,92,129,132,77,62,19,
1,183,165,156,143,176,180,73,143,65,23,
137,45,32,179,125,30,179,
81,106,168,7,
149,60,176,52,146,
187,183,163,20,131,
121,145,46,124,80,147,74,
62,165,128,11,173,51,61,187,127,85,123,79,158,11,
7,119,78,74,180,156,
28,179,150,15,
141,125,104,53,12,74,127,150,168,24,67,6,85,
189,141,172,96,66,49,50,82,120,81,
186,179,129,170,
155,101,39,121,19,93,136,11,62,17,106,181,69,
67,141,79,107,55,
34,61,126,70,31,149,
86,120,54,130,48,81,
95,19,133,128,132,73,106,149,38,191,
70,82,73,56,147,34,27,
119,29,133,150,63,
165,81,51,118,1,50,45,36,127,121,4,171,
64,79,117,64,188,
148,154,150,98,
189,62,131,135,92,21,46,116,113,51,117,
141,179,118,30,0,
19,11,103,28,2,180,12,8,35,
63,181,62,154,1,33,85,
166,65,124,92,62,60,95,105,184,
12,64,103,191,80,144,184,
46,88,110,61,16,11,76,45,29,82,143,32,
23,8,100,84,80,
80,138,23,
140,48,25,31,43,136,39,
80,104,158,131,101,16,50,101,123,190,163,136,93,143,
26,42,169,3,
69,155,88,98,
111,180,52,80,53,89,33,97,103,1,144,190,90,23,147,77,
138,70,157,30,115,
41,184,31,16,18,149,40,130,16,64,145,
40,24,152,20,33,127,
50,85,166,165,42,140,150,83,15,109,82,8,90,163,11,
173,67,62,126,144,108,180,189,166,52,87,79,
70,69,186,35,163,93,167,146,48,
103,22,11,106,40,133,67,189,191,26,144,160,180,38,104,166,
0,32,50,169,154,
169,2,73,121,81,10,41,
179,99,175,24,141,82,141,
85,58,88,123,141,67,85,
91,60,156,158,75,116,
120,19,24,149,77,
48,72,116,98,140,13,120,166,100,166,93,94,179,69,
137,75,95,191,64,142,63,140,
85,4,81,148,113,140,138,52,100,109,142,98,24,123,17,59,94,106,35,121,
157,138,85,67,153,
123,130,129,156,90,143,3,132,2,27,28,92,149,
73,106,50,123,70,
172,79,47,58,62,163,
10,80,105,177,
88,98,16,74,183,36,78,
42,24,39,187,95,135,126,25,
156,30,133,69,117,38,
120,169,95,48,86,135,144,73,71,28,45,52,20,55,
16,25,128,92,29,5,104,92,31,24,88,103,113,46,8,167,5,33,150,70,
64,117,61,95,81,105,137,84,64,117,137,189,83,184,172,
141,107,59,104,84,86,98,159,102,26,
128,84,52,0,52,98,3,47,
153,24,172,24,106,182,83,72,173,139,131,
144,132,173,78,27,187,33,98,24,
11,99,69,130,189,19,103,102,27,191,
101,174,191,80,182,188,177,34,53,54,66,143,
48,124,186,82,163,65,149,38,120,
129,62,12,109,8,70,86,16,185,179,123,80,80,60,138,113,182,138,161,83,35,
29,185,46,
100,35,23,183,1,
52,150,10,146,175,79,144,12,29,58,147,6,60,131,77,98,148,64,141,37,42,4,35,160,67,9,187,23,38,
130,12,133,89,63,89,42,54,
81,101,24,2,
133,10,97,8,95,118,67,142,47,148,5,14,111,124,78,179,146,113,141,
183,168,46,67,61,71,182,66,86,1,187,125,
84,25,45,152,144,128,
52,173,120,148,45,157,31,126,86,124,85,88,77,
34,144,179,156,164,
39,175,52,50,2,8,40,180,68,24,62,26,106,53,155,117,67,140,
84,165,14,115,97,169,124,128,31,2,
181,186,40,0,166,175,52,170,107,
102,150,7,166,8,132,155,
117,45,82,64,146,39,2,183,136,18,46,13,55,189,10,20,50,171,
50,50,43,65,10,180,
8,114,152,6,
74,128,191,
11,24,150,161,53,0,17,68,141,17,11,110,139,63,37,12,
171,107,95,
20,38,186,123,83,70,183,
114,184,187,8,161,
54,86,101,169,
150,37,178,186,44,40,89,87,52,40,86,180,154,10,
154,132,90,148,168,
75,41,47,143,140,137,7,171,100,20,26,94,117,191,82,
38,191,154,10,187,
152,83,22,190,8,114,89,189,148,30,178,155,2,
177,61,39,84,156,70,135,129,
170,186,126,80,169,103,120,98,148,143,128,81,
135,11,120,
78,88,24,11,102,179,175,
171,85,182,53,138,41,73,161,70,162,24,71,79,40,176,30,17,165,107,
141,85,11,61,129,62,39,
184,7,104,114,69,61,41,81,166,39,80,173,61,
150,89,148,
126,25,107,59,155,170,106,25,126,132,80,104,173,182,42,22,102,34,
21,43,
105,19,166,
164,89,97,
2,128,188,
49,138,132,
168,74,119,46,
116,91,11,
69,70,11,48,149,
122,72,60,88,
14,98,0,45,
47,40,128,
116,161,
25,167,24,140,
138,49,12,
36,88,20,140,
30,137,138,
20,124,33,
115,148,138,189,
187,38,104,150,
130,185,49,120,134,58,123,
68,155,100,50,
178,85,10,145,16,
181,12,55,21,
118,165,58,12,
97,85,167,37,
70,54,20,
81,86,80,118,169,184,
139,59,
62,39,
151,170,
7,109,3,42,134,
149,161,149,
26,53,39,
108,4,63,
144,80,85,
175,53,
65,12,11,109,
38,55,80,20,103,156,
89,80,167,147,
118,104,19,
30,113,
90,19,123,
85,186,85,
98,144,128,
106,61,95,
52,67,3,
57,185,66,135,34,10,
149,62,95,
93,19,
141,50,79,84,145,88,
158,62,
142,92,
148,38,155,
177,118,81,
158,189,60,52,
166,48,102,66,
47,142,149,
145,0,50,24,
146,24,1,175,66,
65,191,122,
27,4,161,
89,130,163,
181,191,82,159,
141,58,95,
140,82,137,36,
6,188,11,
135,10,155,
163,89,175,
115,34,5,
182,136,
26,73,103,
74,121,145,
184,64,55,
107,67,152,
43,59,30,
190,66,66,
62,63,
5,27,
60,1,166,50,
179,19,41,78,
22,103,140,
172,89,73,160,
78,66,80,
55,55,80,120,
166,128,19,
91,164,19,63,
162,43,
155,163,
162,82,132,
131,135,86,
127,33,106,
121,176,116,169,
67,157,180,41,
191,19,176,
49,170,33,
103,81,85,132,
71,27,16,
143,1,170,
111,167,74,
101,116,143,
99,191,10,
170,85,178,
137,64,164,
169,74,129,
35,99,19,
101,126,81,38,
157,84,24,
159,190,110,
139,41,152,
117,24,182,
147,111,106,89,
37,138,167,
90,0,72,
129,80,34,
171,106,150,
149,45,169,
24,12,
43,99,175,
152,163,172,
102,12,32,
34,133,89,178,
39,58,184,
15,6,24,
0,185,141,
32,0,137,
99,68,116,
57,155,185,
137,159,116,97,
88,7,69,
103,172,85,12,
77,47,52,
158,98,91,
152,53,150,
120,17,
138,63,187,
19,50,
33,189,
128,38,191,99,
85,189,
75,91,
10,80,
146,66,
126,182,
60,12,102,187,
107,67,181,
147,66,135,
173,184,97,
48,42,156,
11,81,141,
163,172,
60,73,89,
168,154,40,
18,64,126,
104,103,126,103,
132,144,81,
96,182,106,
187,158,38,
35,129,100,97,
59,130,34,
12,11,44,
153,82,157,
10,8,47,
180,161,31,
92,142,
59,77,129,
72,104,186,
41,105,169,
82,167,185,
24,52,
184,18,12,
122,186,
84,125,150,
83,64,129,
189,129,
39,11,141,
17,156,
4,55,51,
138,60,183,
148,60,
173,113,189,
79,83,175,173,
2,186,
6,179,189,38,
144,12,24,
178,161,
136,75,140,
186,77,169,
64,12,163,
185,186,36,
189,103,
184,182,11,
1,164,172,
137,74,100,
85,128,141,
154,150,38,
129,158,136,
103,161,19,
48,80,88,
11,150,87,
73,65,155,
114,158,
129,55,
37,110,186,97,
2,19,33,152,
95,61,166,
5,43,171,
52,19,100,60,
83,152,109,
94,48,85,160,
113,116,61,
123,104,73,
85,63,52,
88,186,52,
15,47,12,
82,144,144,
11,47,
31,41,64,
191,185,159,
24,116,171,
140,144,109,
120,156,145,
155,102,66,
114,187,140,
13,41,186,
167,175,79,
142,129,80,
129,161,177,
99,179,116,
179,61,51,
176,171,172,
41,102,59,
79,33,99,
69,156,156,
165,179,105,
54,70,84,
1,85,143,
61,128,128,
181,104,124,
47,106,80,
53,104,6,
188,138,
149,128,36,
71,11,120,
31,38,140,
68,185,11,
122,3,51,
126,98,144,
2,84,11,
160,116,
27,171,109,
25,42,101,
89,179,19,
189,64,154,
136,126,128,
42,61,191,
62,172,
20,171,16,
166,74,103,
6,8,11,
40,98,
91,30,175,
77,111,120,
117,156,175,
182,20,142,
78,79,7,
63,97,119,
137,2,44,
88,117,17,
74,124,17,
111,133,
111,8,
87,11,
26,141,185,
31,52,148,
160,85,103,
180,161,103,
127,75,121,
187,80,
46,0,4,
22,133,
87,133,17,
23,111,129,
66,183,101,
116,55,116,
171,75,118,
176,149,19,
58,172,117,
0,128,186,
135,61,102,
128,24,106,
40,79,159,
62,3,149,
166,3,
112,126,165,
56,190,182,
107,126,171,
103,34,122,
69,17,
102,
180,173,34,
118,188,61,
153,121,63,
