126,25,18,59,155,170,106,56,188,132,80,98,
151,154,27,160,111,164,125,158,87,64,185,
188,51,79,
117,170,181,161,85,125,179,180,7,47,124,172,175,
168,161,104,5,19,
86,9,10,29,52,148,45,134,133,63,26,
29,188,18,96,56,78,60,34,111,60,70,110,40,45,81,149,80,125,
179,121,107,95,
104,10,1,18,177,1,159,173,121,34,126,175,64,
50,0,28,
32,178,8,66,61,
80,11,66,168,85,
189,100,123,188,4,119,60,44,11,45,153,191,147,106,61,
0,139,18,50,169,
157,128,133,62,61,96,179,
16,25,51,92,29,141,104,92,31,148,
21,85,72,178,
21,165,166,
148,74,59,65,34,16,
113,189,86,142,
24,178,145,185,6,153,119,40,109,75,60,
113,171,116,134,
47,74,142,67,87,52,135,102,47,66,41,162,95,190,182,
85,47,80,150,135,
63,62,110,154,154,1,
11,162,96,135,171,42,38,
102,151,171,98,41,34,
19,87,80,184,99,84,88,70,95,82,
158,174,69,125,160,18,132,65,77,70,19,
77,1,25,38,13,145,158,
88,105,91,171,19,122,116,76,95,44,
43,98,104,66,89,50,64,
84,160,179,65,115,30,169,
148,96,95,135,183,152,113,105,4,142,62,133,88,24,118,52,
50,150,180,30,134,79,
96,41,171,62,7,175,
29,42,40,145,168,136,121,86,9,95,124,165,106,61,4,
24,61,27,12,125,
113,171,156,
75,47,125,137,7,114,100,20,26,
170,170,186,126,105,5,103,120,150,148,186,
104,139,154,129,25,77,141,0,
152,142,10,87,84,20,89,
180,51,21,51,48,34,82,21,50,136,58,155,
11,189,91,77,29,92,37,136,155,82,101,
1,97,166,119,159,117,88,73,141,1,7,
18,48,98,104,181,116,149,31,109,72,10,52,87,88,102,162,100,161,118,159,
61,0,191,99,12,161,157,62,73,12,157,171,
13,41,119,102,2,
11,99,105,53,189,19,103,102,67,164,27,191,
98,183,10,129,86,135,155,190,176,93,
125,78,82,68,153,149,44,190,62,137,136,85,
132,174,126,
150,171,69,85,102,27,24,
75,82,32,18,189,102,
35,157,162,130,
105,50,25,160,158,149,
21,97,138,174,182,127,34,103,168,189,65,180,156,35,
185,106,125,
138,129,189,191,119,163,
102,63,140,
106,62,177,27,126,153,60,84,
190,44,20,68,118,143,149,108,160,
101,105,191,80,182,
166,103,178,10,183,131,
136,11,180,167,161,99,
128,92,55,77,157,
86,7,141,57,156,
136,6,155,117,
120,59,5,27,97,187,171,
128,145,8,166,
79,51,85,162,106,114,129,104,14,17,170,33,140,11,189,116,171,
20,125,41,27,18,30,49,118,
19,11,97,79,86,180,168,
124,174,96,
156,189,27,119,10,6,42,45,81,147,71,99,
5,170,184,75,168,
125,183,66,6,104,55,158,83,55,99,93,185,178,110,
190,47,129,130,76,70,156,61,41,139,42,
61,85,113,22,116,54,119,99,177,24,171,85,24,37,8,57,84,10,60,187,147,189,
1,105,104,190,
103,172,191,77,24,111,
164,43,151,38,144,
61,29,
51,32,66,50,147,32,112,183,16,126,99,
100,189,24,62,
25,174,116,16,42,185,118,17,16,105,128,104,128,171,29,44,1,
129,2,109,8,70,86,16,185,179,123,80,80,
163,45,32,25,
188,104,4,27,
187,7,114,21,126,139,120,140,36,
74,189,143,
141,189,78,119,52,5,104,171,50,16,142,91,66,27,86,162,176,
61,48,183,18,73,152,154,0,
153,175,127,190,
50,4,111,58,86,150,55,180,67,
181,117,134,186,0,175,179,85,
91,138,186,150,72,129,93,46,89,66,
56,62,64,
99,32,77,133,88,51,12,
142,54,27,67,126,161,73,148,122,140,47,130,168,113,169,44,110,1,161,100,26,94,152,135,
27,106,141,
52,172,39,
33,119,68,162,189,191,79,161,30,122,97,
4,138,145,
166,157,21,128,
82,180,179,65,50,70,5,129,174,
6,125,73,103,4,128,104,
71,9,170,77,67,145,163,43,128,140,26,
96,32,
25,163,144,89,113,146,120,45,32,43,47,110,
12,10,92,64,10,176,98,30,136,90,99,164,92,
181,60,108,184,174,84,79,81,135,
105,1,121,43,175,11,96,161,180,3,16,56,88,191,79,101,1,108,179,182,173,178,112,
145,38,81,69,128,90,
62,56,36,127,189,67,
4,65,85,10,152,25,148,67,6,171,29,11,
30,175,162,92,81,124,
70,35,170,163,93,167,131,
25,45,10,38,90,148,92,84,179,
159,1,104,79,64,169,
116,6,20,130,59,113,153,73,0,
12,60,61,126,29,
16,135,149,45,
66,7,143,155,19,55,36,97,79,1,161,190,
186,189,77,42,94,142,150,101,35,100,66,
28,50,81,
70,154,108,19,158,51,122,138,147,
98,63,73,47,157,15,18,36,158,43,99,
163,129,152,80,151,91,41,73,5,154,150,65,30,121,
90,148,25,
110,135,43,143,155,45,83,97,8,46,162,
161,61,117,164,66,136,17,
139,190,67,16,113,49,49,110,0,190,104,
68,62,139,96,17,189,23,78,99,143,17,125,19,60,105,18,154,154,57,7,99,145,83,190,
10,37,4,94,1,163,135,174,57,8,13,127,103,8,86,44,108,110,72,119,25,9,135,61,170,172,176,91,2,58,186,81,
174,124,45,27,76,
135,32,134,123,24,61,86,73,16,81,50,
27,120,86,20,73,113,174,142,48,
74,114,59,110,124,148,68,94,84,
60,164,181,12,178,
7,133,165,37,158,187,88,189,68,88,117,61,129,11,
0,181,86,115,30,102,104,144,80,61,
80,126,178,3,110,94,32,
13,10,129,165,47,143,
16,51,8,23,
41,93,97,143,159,91,0,5,20,5,90,154,6,67,3,122,141,121,178,38,95,118,2,188,117,35,82,
108,7,143,1,160,
191,99,43,13,105,103,133,65,118,
189,85,172,96,66,
121,104,179,89,158,
59,133,117,137,141,126,
179,130,32,61,5,47,179,146,4,50,141,90,64,166,189,6,182,30,157,
150,66,139,145,166,50,82,170,163,166,178,65,
99,32,191,62,61,141,113,165,179,151,68,36,135,129,141,
8,10,32,181,70,88,67,16,27,56,30,107,117,110,28,178,
89,43,121,130,67,
158,182,80,147,7,71,110,177,161,
172,38,117,103,52,42,48,141,24,189,24,
34,21,143,150,12,190,181,
32,41,100,51,174,86,23,173,80,162,
165,162,23,13,1,
101,176,133,
180,124,24,35,71,179,162,129,6,65,137,128,151,158,159,13,34,
184,7,104,114,69,61,41,77,36,5,165,32,181,
18,91,118,189,68,77,0,126,146,55,148,84,75,153,
34,115,49,180,182,
82,100,150,
91,163,121,164,65,7,29,161,12,123,30,108,143,165,
175,153,81,0,96,191,123,167,
11,86,189,80,20,61,
41,32,127,170,13,130,88,183,190,
175,189,154,30,104,114,167,103,
48,134,18,99,168,59,142,
122,88,33,
140,50,27,85,
171,85,35,96,41,73,161,85,162,113,71,150,113,79,
127,167,8,188,104,186,62,4,153,66,41,4,27,
154,45,86,54,95,139,14,91,142,63,
46,111,155,8,183,95,93,191,187,
85,138,171,165,176,62,161,69,77,104,
137,45,180,113,18,161,
5,179,104,82,101,122,153,
11,7,155,
171,58,133,86,183,
1,183,28,165,
79,179,115,
149,97,152,29,
7,101,189,108,63,30,
67,3,183,49,17,186,
55,27,67,88,50,
42,24,29,27,187,95,135,177,
65,117,158,82,34,125,
189,49,11,149,27,138,185,108,75,104,35,7,48,120,100,6,11,86,31,169,
129,104,67,3,174,179,178,
85,4,81,148,113,140,174,52,100,142,98,24,123,17,
133,7,97,8,95,118,142,47,157,5,104,
16,113,45,80,
160,190,72,73,172,147,
140,88,
148,116,62,178,90,
135,50,98,147,156,
41,184,102,16,18,149,
8,34,153,122,61,74,123,100,172,7,85,134,71,135,16,188,108,
66,136,189,77,105,66,174,160,53,14,56,4,35,63,167,38,
163,96,150,187,50,
4,104,150,103,123,
62,96,125,173,51,61,187,127,
85,125,45,147,4,75,61,140,189,117,
91,21,114,125,146,88,8,11,124,148,7,80,
24,11,135,160,60,104,45,110,47,150,100,67,164,
161,105,33,91,106,91,98,168,120,176,26,
108,50,183,120,190,142,8,3,145,
28,177,10,1,21,
23,164,171,85,82,185,79,155,8,165,63,75,92,
161,61,2,136,172,93,162,58,88,10,97,72,142,148,72,14,172,119,190,154,
155,110,176,98,
10,170,135,59,158,138,36,164,123,12,18,187,2,189,28,4,45,105,18,152,161,125,8,143,104,119,96,54,99,17,136,120,166,88,107,165,61,153,172,8,
12,61,91,125,
86,103,119,113,
134,63,35,88,148,135,181,39,28,66,174,63,48,48,
183,125,
104,129,188,141,147,135,159,56,102,145,179,34,134,
188,41,8,
128,143,179,42,
54,143,183,10,
84,164,38,131,136,29,
143,52,185,85,98,104,104,4,45,120,31,113,180,139,50,179,190,169,55,
191,88,96,183,138,189,
138,70,91,
0,158,119,
57,189,160,86,52,96,161,27,
186,25,133,141,59,41,85,145,0,178,184,
179,93,180,171,129,94,86,79,125,129,
70,69,158,
51,16,31,74,180,76,4,64,188,70,158,79,120,
38,65,97,77,162,179,
38,84,165,42,38,45,43,31,96,
139,50,150,68,179,121,179,
176,112,155,65,
129,171,91,31,169,112,171,
189,9,171,10,175,160,114,109,100,143,127,7,
96,191,10,171,110,11,60,26,
143,29,34,68,54,108,66,110,115,126,178,40,34,48,60,132,158,
73,54,6,165,39,49,63,171,79,61,74,169,
45,29,85,92,119,155,46,122,174,
61,184,10,32,125,179,103,190,
155,101,121,19,32,136,11,62,153,30,
49,73,138,120,67,139,59,158,34,87,85,188,
104,79,125,62,157,117,137,4,24,70,64,
72,91,120,159,18,160,21,36,150,190,
82,125,42,75,9,120,97,
56,66,145,
32,96,171,81,155,125,
154,183,161,7,175,68,173,119,151,151,63,130,19,11,6,
110,189,143,142,172,19,106,27,125,
175,58,79,119,
13,191,161,
170,141,117,183,117,77,110,10,71,70,124,170,24,186,49,112,147,141,17,120,
185,56,11,189,95,59,92,
174,132,134,21,4,112,101,158,60,176,76,66,17,85,27,163,72,
153,125,99,68,87,177,18,91,29,38,155,
8,91,52,52,128,129,
77,61,71,99,11,163,27,128,50,6,95,66,
32,135,163,115,154,
24,172,186,58,113,
183,171,127,110,108,41,
27,60,22,55,50,164,71,150,56,48,83,14,151,29,77,134,122,100,161,115,188,
34,138,143,96,65,110,
173,154,101,67,
11,185,150,
183,4,154,59,104,148,73,100,67,59,54,82,123,191,
120,132,59,3,51,99,189,49,31,121,163,94,114,72,190,1,10,145,191,78,
179,117,181,136,169,181,144,148,
113,67,148,184,137,27,16,72,154,
150,178,186,44,
180,28,96,116,33,87,85,134,145,134,26,93,
60,106,29,179,10,
178,116,132,129,166,185,40,86,138,103,141,92,25,80,60,50,
161,64,85,151,82,51,
30,84,50,7,34,0,49,
81,60,29,151,21,134,32,105,69,131,3,21,24,
164,182,191,161,
6,43,130,49,156,131,154,116,5,35,28,3,67,
158,49,0,
97,174,38,9,149,19,143,105,129,28,127,
160,60,189,24,189,158,57,151,45,63,37,160,81,
51,100,149,180,39,153,17,89,180,
141,172,186,61,
182,135,21,101,182,153,164,33,103,
28,97,108,93,180,94,0,174,50,76,
45,50,16,120,10,163,137,170,132,84,138,
85,50,49,77,122,15,
186,79,91,57,90,165,24,
110,128,183,96,63,170,139,64,80,
45,52,18,131,154,32,171,
80,104,158,131,101,16,35,91,123,
78,98,132,29,141,125,134,107,83,106,24,69,179,54,95,160,
120,169,79,182,86,144,108,45,52,
162,165,53,11,35,92,110,69,
93,169,91,48,80,114,98,28,165,27,46,0,113,
178,129,88,186,105,113,30,2,184,10,168,154,60,25,182,77,
145,186,150,4,12,
10,52,15,28,51,
86,188,44,167,131,54,158,187,27,162,68,83,154,22,
53,106,11,19,
18,83,123,72,43,
170,175,45,102,
131,43,86,
87,171,164,75,139,85,119,94,
191,120,33,8,113,102,126,
2,126,129,50,19,158,24,167,104,127,30,97,58,8,114,48,163,45,114,178,17,
139,187,87,72,
114,74,75,175,
171,61,53,7,30,39,103,151,164,
172,77,110,24,10,
110,142,59,116,92,164,58,42,157,137,136,
123,130,129,
59,10,112,120,180,74,110,120,148,68,77,191,164,111,
124,100,130,91,83,
104,184,66,162,80,191,143,77,188,26,168,43,183,
60,126,125,23,140,63,147,163,50,42,81,23,134,144,92,
136,10,74,110,101,
35,134,180,149,129,26,80,6,186,
50,179,179,
62,39,104,63,32,100,83,149,
182,115,158,178,105,
116,94,191,110,131,164,
41,96,186,20,55,100,21,152,111,
49,189,170,48,128,67,93,112,45,30,
40,97,130,29,127,
156,133,190,190,107,150,
178,143,152,32,150,21,148,2,4,45,174,115,8,
80,25,93,43,
52,143,10,146,175,79,144,12,29,58,147,86,6,60,131,77,98,148,64,141,
88,7,178,99,
45,64,120,25,174,137,86,160,38,99,3,8,
125,117,151,29,179,41,61,31,30,75,
141,97,1,99,79,158,
24,55,42,47,110,
88,172,147,191,46,140,84,55,
189,179,33,117,140,2,154,
102,67,140,13,116,112,133,5,191,
162,13,50,180,161,35,52,30,
151,150,99,50,161,
44,190,121,53,137,
103,149,113,55,110,86,61,4,6,180,167,179,115,
18,45,104,158,20,
113,143,79,94,145,
143,189,46,8,115,176,191,128,65,48,
27,93,174,151,
30,169,164,155,27,53,103,
153,24,51,10,182,18,
152,41,4,93,149,
117,103,41,
189,64,67,49,110,94,57,102,11,84,119,91,79,26,105,
8,165,129,23,39,64,
190,161,131,99,
66,35,150,40,29,4,58,134,173,62,188,125,16,131,67,65,131,150,70,104,32,80,51,141,189,
35,21,162,131,70,
73,113,27,160,
97,120,82,
124,180,20,79,146,67,116,73,
86,50,128,0,10,11,19,38,178,
186,170,63,172,170,
11,24,50,28,190,
43,110,183,88,6,164,111,38,105,168,98,191,80,141,180,
83,110,68,50,124,
57,138,131,185,
119,189,59,86,161,
179,113,103,31,39,128,60,84,
73,171,183,
190,120,189,1,156,
190,98,125,34,138,86,
159,104,171,8,59,151,18,
107,97,179,58,110,113,106,134,164,
164,167,186,10,163,150,89,84,23,30,60,104,121,87,12,107,91,145,
117,67,141,165,68,10,175,
58,3,175,30,56,50,28,140,153,107,180,68,158,43,133,
47,179,61,98,191,189,1,45,47,133,99,125,139,110,45,97,146,45,53,146,72,107,
124,117,121,
152,126,190,149,89,189,148,72,23,178,
141,99,59,104,84,86,98,159,102,
55,41,14,128,125,66,8,100,61,
95,100,47,
140,19,187,71,48,
183,168,170,46,67,71,115,86,1,187,
48,134,172,64,107,143,61,
18,61,153,
137,75,147,125,
95,185,77,42,
67,71,55,49,68,150,139,138,154,
121,91,139,164,46,124,105,127,
130,138,185,67,35,120,134,58,123,
179,78,31,84,82,111,25,17,50,54,104,
59,49,
50,2,139,33,105,72,78,82,50,121,17,190,125,188,45,153,36,
147,51,29,39,
92,185,77,
67,11,4,113,6,155,7,94,
131,172,164,144,59,15,115,57,66,21,66,190,143,106,56,136,51,87,57,65,167,84,
36,50,99,50,171,45,10,
169,179,120,184,97,103,27,93,84,132,72,84,151,90,51,153,0,
126,67,12,123,131,84,152,153,132,115,
102,189,47,78,104,18,150,88,170,
119,154,33,13,112,52,0,89,
100,189,149,74,82,95,59,83,124,18,28,186,42,103,
78,53,30,120,114,
41,32,49,125,47,183,
129,7,96,82,63,102,98,166,104,10,163,35,13,44,190,97,
138,130,21,151,44,12,33,49,97,4,126,3,136,0,47,
115,180,27,
191,61,105,38,175,
79,47,114,182,47,7,159,48,125,163,175,181,155,188,85,164,1,176,
7,8,149,91,1,
151,163,138,159,6,180,171,65,71,127,75,43,6,40,81,78,159,102,
171,32,129,127,159,36,76,36,31,179,
188,126,189,40,86,28,
24,2,62,52,172,133,108,
150,180,156,91,153,4,141,11,
171,15,151,2,122,23,0,70,171,88,87,23,102,114,24,31,145,189,123,98,190,84,54,147,150,96,
77,160,80,31,74,92,1,130,104,104,162,181,186,84,149,116,51,8,63,90,141,
175,170,39,9,187,126,106,117,146,179,
133,59,37,191,143,
59,119,
137,45,83,
8,143,191,67,
67,47,66,189,
52,173,120,8,148,24,45,157,
30,168,58,179,22,167,20,50,9,78,165,145,
149,189,107,77,26,8,36,9,100,56,38,61,7,54,35,76,138,83,
189,156,66,145,127,48,141,1,136,106,119,4,109,47,160,75,6,68,95,164,
115,174,143,138,34,64,94,173,182,77,
146,146,25,129,88,47,153,
117,65,45,82,64,146,39,2,183,136,18,46,13,8,189,20,
115,79,183,124,32,126,0,178,27,
141,125,104,170,53,178,
74,51,136,73,
39,62,51,171,178,
160,136,132,123,169,80,11,161,142,185,159,103,119,169,24,73,0,30,77,139,105,77,167,166,73,51,176,
134,180,29,86,56,60,113,50,
189,62,74,190,18,21,46,113,51,117,
67,130,142,11,185,70,164,45,114,175,149,62,102,160,134,146,14,25,168,111,117,165,66,97,8,166,
25,178,49,80,125,
125,47,79,
128,110,179,86,
111,4,179,150,120,59,33,97,103,
191,59,116,47,61,8,164,137,
103,30,11,
83,119,138,127,11,83,161,48,
130,77,40,124,154,63,89,83,
119,1,45,87,
6,189,4,77,
37,140,165,49,60,20,78,11,133,58,96,44,159,79,
43,71,131,62,80,
165,38,110,30,37,103,184,7,61,21,8,189,48,16,18,75,
4,189,121,187,183,3,173,27,111,16,
35,189,171,36,75,191,99,
19,2,66,91,177,140,144,79,1,37,
64,117,61,81,105,84,151,161,117,
110,74,162,47,24,123,92,59,127,43,139,
61,13,179,128,11,155,52,124,191,99,165,
81,138,145,64,21,
86,120,83,180,
133,156,40,186,136,86,177,119,85,83,
98,161,52,173,
61,149,29,187,13,135,64,85,7,32,120,47,162,19,39,97,58,117,141,
92,45,30,
50,85,108,28,77,36,158,135,140,83,15,109,82,119,178,163,11,
27,189,140,
39,175,52,147,2,103,8,40,180,
138,45,35,77,4,131,85,128,26,57,81,9,157,28,169,
97,163,161,169,173,17,66,141,40,144,
30,125,
100,189,81,116,
62,85,127,157,43,68,161,1,
21,28,91,
150,170,111,147,
1,17,86,77,
81,28,30,
63,102,23,66,86,
90,186,145,179,
120,111,161,25,
103,166,165,178,39,
142,110,154,108,
94,80,179,
116,148,79,
134,27,107,
40,91,
87,153,127,
87,152,151,
4,179,189,134,51,127,6,
0,116,93,168,
69,85,145,
180,115,59,
185,129,23,
178,186,
173,115,62,
116,88,178,151,
38,191,153,
145,71,189,91,
29,91,119,11,
176,98,101,85,141,
4,178,66,
57,186,
182,34,120,
101,155,186,11,
95,19,133,
72,139,174,169,
67,50,
48,49,140,
31,171,129,189,
114,91,79,
65,191,163,176,84,
119,156,24,10,
86,189,141,179,98,
106,107,110,185,
164,59,171,
32,62,41,184,
105,10,97,
119,83,175,68,
143,110,131,10,
91,189,69,80,190,145,40,161,
101,173,7,
38,38,172,
137,44,110,
79,120,19,
154,163,68,
179,44,139,
143,141,133,
38,43,86,145,
163,97,71,
30,172,165,33,91,
18,137,165,29,
132,143,45,
38,11,164,66,
154,32,113,85,
40,39,188,
168,48,30,
73,61,135,
145,164,104,68,56,
77,85,184,
71,158,27,
11,83,79,
27,4,115,110,
39,61,171,
180,51,86,
153,50,106,115,
183,166,41,
104,85,189,
89,91,119,
76,149,163,
127,21,14,151,128,
85,79,87,23,21,
51,169,182,
118,25,6,13,
157,104,138,
59,186,110,
127,121,97,
34,30,148,102,180,
167,2,70,
176,174,79,
166,150,
129,79,178,99,138,
115,103,153,
102,141,0,
187,62,42,
161,18,171,27,
65,150,148,143,
171,11,120,68,
132,158,126,
8,2,117,159,
123,183,126,10,
147,189,85,170,158,
17,97,174,170,45,
125,50,20,25,
187,4,53,
78,42,168,102,
138,83,190,
104,133,6,
56,126,29,185,
3,67,108,
62,155,148,
127,83,62,183,
46,121,45,
63,186,7,
79,186,50,
149,51,190,41,
108,70,181,
100,27,55,183,
144,19,120,
91,164,153,
29,153,143,
133,24,99,101,
105,178,
142,48,186,
114,189,78,
113,137,107,
42,186,
143,91,13,
135,142,47,
128,49,6,
92,110,23,128,
170,79,150,
187,183,163,
169,169,129,
68,86,62,119,
31,51,125,
103,169,86,175,
158,58,70,147,
85,181,79,146,154,
75,159,87,70,
144,84,179,0,
96,34,189,
58,24,37,10,171,
121,44,120,
77,59,115,
109,50,
188,50,49,
146,175,47,
99,45,190,
155,79,11,
82,11,
129,180,8,
69,91,162,
110,125,24,
117,59,189,
83,86,137,149,
20,116,11,
174,82,45,
183,61,98,
64,43,8,
113,179,73,24,
27,42,127,
42,100,11,
64,56,115,104,
68,171,58,
158,151,51,105,
42,82,
114,184,187,
122,5,45,
66,186,161,
76,28,174,
178,141,125,
33,182,111,
118,20,191,
174,178,129,
101,5,136,
153,10,5,
43,38,58,
29,134,84,
107,48,164,47,
156,135,21,
45,49,178,
135,11,
144,60,132,
119,138,
119,161,50,
8,108,55,
0,186,61,
164,11,24,
70,82,104,
159,141,37,
62,24,99,
108,28,24,
119,29,133,
94,
123,4,80,
17,1,
52,57,
155,180,67,
70,75,190,
150,66,151,72,
159,180,75,
83,130,83,
60,143,27,
79,66,
58,61,2,110,
46,88,110,
84,181,
102,75,
77,85,172,
75,165,23,
49,160,25,
21,81,81,
155,66,
137,104,113,
125,12,65,
84,74,18,
17,67,161,
25,186,77,
126,2,191,
169,138,73,
160,84,108,
158,141,121,
145,108,29,
96,38,124,
164,116,107,
72,47,152,
75,35,5,
112,129,176,
32,75,132,
36,184,187,
150,67,171,
61,77,55,
99,11,136,
144,164,97,
97,1,133,
186,67,164,
182,182,47,
19,
148,134,18,
177,42,133,
10,60,153,
80,0,29,
179,38,175,
28,11,188,
23,16,152,
111,41,151,
24,170,172,
157,35,166,
66,67,91,
141,77,150,
51,161,189,
155,23,
163,174,77,76,
96,57,37,
171,88,61,
147,70,150,
130,27,81,190,186,116,99,
50,50,43,
94,67,87,
124,30,
14,55,66,
112,170,105,
136,161,133,
21,180,
96,157,163,
44,150,37,
11,154,4,
49,139,20,
158,180,50,
128,71,127,
131,70,116,
173,105,
64,104,48,
37,160,7,
147,160,137,135,
1,66,104,
146,124,85,
164,189,79,
76,88,190,
157,110,
83,62,133,27,100,
106,161,29,
17,68,
67,89,6,
161,137,13,
29,12,66,
156,86,113,
1,108,25,62,
42,128,190,
169,30,189,
98,126,141,102,
85,117,171,
35,41,66,
161,57,119,
165,30,99,93,
168,0,29,
167,175,136,66,
172,186,131,
20,152,30,
113,178,191,
97,111,107,
53,78,162,
180,143,19,
190,66,153,
103,182,21,
26,86,96,161,
47,25,13,
158,77,143,
160,118,173,49,8,
186,10,170,
99,35,156,
4,85,50,
190,171,
106,53,175,189,
26,138,
84,25,45,152,144,
132,120,144,32,
13,162,
125,110,141,
138,149,
94,28,116,74,
103,170,171,1,
44,189,88,
151,116,
88,134,102,
39,73,
105,189,170,
77,158,178,
185,151,160,
86,190,135,
149,105,62,
114,120,79,
3,45,80,
154,70,189,
79,141,37,
