49,190,59,57,158,34,87,85,133,108,
149,183,186,148,38,
158,49,63,114,55,6,109,147,104,173,97,5,
167,175,30,80,137,163,25,37,71,
51,149,146,67,161,
128,70,156,25,6,150,61,81,177,95,50,
24,172,42,89,78,37,25,15,160,157,
25,7,34,160,157,
71,27,105,57,163,120,
131,186,153,
67,72,50,159,107,139,59,95,75,36,56,52,114,126,
135,23,11,187,161,14,80,112,119,
137,189,167,188,19,91,
8,40,129,123,39,6,84,50,109,10,52,
137,140,93,93,
20,141,186,123,134,83,16,33,183,
72,179,186,3,157,19,138,
148,89,150,112,46,46,111,179,160,
50,29,157,93,
167,175,79,150,50,84,97,162,
144,191,95,
102,84,97,137,
132,179,31,75,130,153,49,175,60,108,17,114,
129,62,12,109,8,70,86,16,185,18,59,80,80,144,138,113,52,125,161,83,68,108,
155,113,163,116,17,171,68,106,
89,163,171,130,67,168,29,106,34,163,
20,106,63,83,
126,52,10,18,136,176,67,6,
18,52,64,
25,167,24,140,68,147,113,51,185,58,
8,143,45,165,90,50,135,183,34,177,0,
162,82,
146,149,133,91,39,11,190,45,174,
150,89,148,126,138,4,
191,185,159,23,144,88,100,102,188,122,
175,3,65,167,88,135,159,19,50,6,
171,69,53,138,41,73,3,83,162,71,89,130,40,30,17,165,107,
102,83,78,104,18,88,116,61,181,34,18,35,123,102,
137,159,116,97,145,42,107,157,
122,170,103,178,77,51,65,191,181,120,13,
130,95,12,125,89,63,89,42,54,56,112,162,85,51,95,
101,80,68,78,22,88,16,79,190,28,72,
48,42,156,
174,49,51,9,
127,167,8,165,188,104,186,62,4,13,66,41,103,10,190,154,143,123,144,3,
89,130,148,26,34,32,154,
39,78,84,138,139,16,65,96,66,146,73,80,
186,189,85,118,94,2,85,150,101,80,37,66,46,55,72,185,65,57,70,110,165,190,70,182,
65,102,17,32,43,98,
78,9,42,168,101,102,48,39,64,37,147,150,91,45,155,78,137,
11,135,152,50,28,190,184,63,6,88,146,57,100,
36,22,149,185,106,
19,129,113,91,177,93,144,79,1,37,93,120,128,177,41,
11,6,161,28,
68,150,112,119,69,172,85,177,
176,149,19,119,97,
12,64,103,129,80,171,
26,89,80,148,118,
141,152,66,56,
123,4,80,20,130,73,169,91,133,6,8,
31,10,140,88,80,
158,58,69,159,187,0,100,28,85,10,31,189,
129,72,96,82,69,63,102,52,166,104,10,161,64,52,44,149,189,
10,8,120,156,187,146,
85,50,49,157,122,15,144,97,34,46,77,116,79,103,
69,156,156,
11,10,4,93,54,135,66,154,137,
34,133,89,27,0,160,99,160,
64,117,178,95,148,105,137,84,106,71,137,189,83,184,172,69,176,169,116,
3,90,26,175,128,62,166,88,97,138,
144,80,146,2,136,9,183,
137,64,164,176,114,
75,82,87,127,119,102,105,
161,160,70,97,66,157,17,177,129,170,5,
24,178,145,185,6,153,78,40,109,75,60,25,19,61,165,145,165,159,127,141,75,88,135,
41,163,127,31,170,109,130,88,142,84,99,95,
28,179,150,33,27,111,
11,150,87,165,46,
20,163,79,20,55,
61,72,10,155,91,102,95,179,141,30,35,143,185,86,116,90,163,
154,13,185,54,95,139,14,91,142,63,0,8,
133,159,97,8,95,118,67,142,47,5,14,111,124,105,146,113,141,
75,41,47,143,56,137,7,171,100,20,26,94,117,191,82,33,148,152,16,170,
99,110,135,43,116,167,142,34,
93,187,19,34,173,
49,157,119,174,32,
147,74,186,
145,100,31,
0,59,98,19,64,41,79,127,153,
88,117,17,172,99,93,
32,63,61,129,28,51,186,
104,162,97,80,191,59,188,26,6,183,68,
88,172,11,78,147,191,23,140,84,177,34,86,153,102,153,
62,9,39,26,90,157,45,133,174,162,
118,111,80,159,26,135,
107,67,181,37,
32,142,69,
97,157,70,148,147,
46,146,38,25,80,158,
52,173,121,97,157,31,126,86,85,88,77,61,139,129,18,133,
112,126,165,165,58,68,
39,50,2,159,8,40,180,68,24,62,26,106,80,8,117,67,140,
24,181,159,161,
156,61,133,69,0,29,1,78,
55,11,55,26,158,13,116,1,
167,97,131,163,31,37,183,23,86,
180,152,84,31,
6,78,188,11,119,56,
16,63,39,29,120,20,120,
93,3,48,153,80,114,137,50,165,50,46,69,113,180,15,80,88,
7,109,155,42,134,4,66,136,34,
84,65,39,110,156,141,93,111,145,123,26,172,
6,40,70,123,6,
50,41,177,65,10,180,185,162,
118,169,6,13,155,177,28,1,18,187,66,109,149,78,172,171,
30,74,138,29,77,116,
142,154,73,147,129,128,142,
82,88,118,96,
106,41,140,36,137,155,100,
141,85,61,129,62,48,63,115,38,170,112,
64,138,173,88,129,104,141,80,105,191,44,64,
132,118,156,63,159,0,177,60,
149,51,176,167,146,184,85,152,72,
87,11,52,
126,68,112,132,80,156,104,132,149,113,124,95,139,85,77,
24,60,14,43,75,122,
115,148,138,133,68,46,148,
32,0,
74,128,191,82,13,30,149,154,
33,73,106,152,126,
172,82,68,
175,189,81,163,8,43,177,167,102,24,173,6,
163,18,150,187,50,163,100,4,64,153,103,
31,161,41,64,154,68,158,135,180,
183,163,49,72,144,59,104,148,73,100,97,59,105,82,123,191,80,191,124,
24,55,42,47,120,39,81,144,184,123,83,123,100,
147,14,135,42,49,162,19,
135,156,188,69,126,
18,32,165,104,49,55,
141,92,66,150,26,117,57,
165,71,84,112,108,127,51,147,115,
26,53,39,9,125,81,188,
160,136,132,123,169,80,11,161,142,185,159,103,119,169,24,73,0,30,149,139,47,77,167,166,73,51,188,176,47,97,144,64,70,24,81,77,37,73,
95,61,166,67,150,186,30,144,
186,77,145,55,3,131,62,149,137,130,
75,27,67,190,
96,38,100,55,141,180,
57,8,186,15,52,58,161,27,50,128,191,128,39,144,151,79,176,
117,189,88,88,58,188,113,
137,75,5,31,64,142,63,106,109,
20,150,158,173,114,
28,32,11,
162,1,140,
53,83,31,26,175,102,102,60,66,
153,179,161,162,135,5,
156,1,6,120,84,84,90,84,75,132,150,
182,186,84,
97,164,12,102,84,63,138,23,62,175,
27,85,185,159,
121,165,104,142,52,121,117,
64,18,41,87,31,152,80,65,129,0,37,127,
67,9,52,66,133,163,74,57,168,173,19,12,75,150,168,32,55,
56,48,106,111,
110,51,61,16,57,99,113,6,
143,150,61,185,71,153,16,
65,191,122,82,116,10,
99,41,106,
158,78,191,147,
50,85,191,23,135,166,165,42,140,150,83,15,71,82,8,90,163,11,
92,189,30,141,51,19,96,
111,70,56,84,88,
130,52,41,61,161,
150,37,156,186,13,40,89,87,10,40,86,92,154,42,147,
135,10,49,55,57,113,30,
91,30,175,26,85,113,137,
73,123,18,85,13,69,149,175,
185,183,58,57,27,191,143,0,181,68,34,96,81,50,89,
155,163,7,
50,0,191,55,158,19,57,60,68,
119,68,65,135,49,
172,79,116,15,58,62,163,
85,4,81,148,113,140,138,52,100,91,142,98,24,123,17,59,8,106,35,126,175,188,
13,139,34,85,
166,143,49,42,45,121,19,157,127,163,137,
59,1,67,104,0,
185,10,47,
98,31,180,
105,50,186,152,
131,88,35,56,136,
116,148,73,163,151,101,165,85,99,137,63,137,160,2,106,82,52,177,
41,19,31,16,18,149,40,130,178,64,145,106,91,90,158,
105,190,75,180,41,144,16,71,62,185,
98,161,106,173,113,0,113,14,82,120,19,12,90,184,40,6,
142,54,27,182,126,161,73,41,122,140,59,130,168,113,169,44,191,1,121,47,100,26,94,32,137,109,99,
133,156,40,86,147,119,85,156,117,56,34,87,
149,36,47,69,6,126,66,62,68,14,20,53,83,24,71,183,
30,43,61,158,52,47,91,180,135,145,57,54,
120,156,145,115,122,180,9,57,100,122,
81,86,80,62,31,4,73,110,161,128,
188,191,135,135,40,2,53,191,130,
61,128,24,110,112,42,4,54,63,16,73,
143,1,170,26,46,33,2,
5,60,137,23,
127,75,121,3,29,
183,20,51,88,41,183,149,27,46,170,
10,61,80,36,
17,161,145,83,158,58,79,153,89,
79,20,71,57,
56,188,186,67,187,141,75,
163,89,175,86,111,140,
85,186,85,84,27,138,70,172,
110,16,37,112,187,9,86,
135,116,11,39,50,25,163,64,
105,105,73,42,126,82,77,
161,135,42,27,184,81,144,20,130,
191,88,50,183,143,23,89,42,83,65,108,108,93,
58,3,181,56,50,28,140,153,34,68,158,155,133,79,185,181,117,100,39,118,
179,44,30,28,186,153,85,14,101,132,187,26,99,
57,75,47,185,66,135,34,10,188,71,187,172,141,
137,71,43,102,166,
90,95,99,61,
187,2,163,20,4,131,108,
69,95,80,64,
122,74,102,183,27,
31,132,41,84,69,98,157,145,
166,65,92,9,95,1,
60,100,18,159,69,
161,55,114,12,70,153,135,109,46,70,151,125,
3,156,145,127,
63,97,119,173,99,56,
168,8,119,175,112,9,
85,130,186,156,170,165,68,177,
135,11,56,160,
89,172,148,70,106,17,33,
2,85,188,173,144,42,143,182,
128,157,57,84,3,35,80,26,90,74,61,82,78,53,142,93,27,73,78,
116,55,116,33,155,125,119,170,172,
38,188,32,121,40,46,6,52,74,149,
171,106,85,168,188,
84,156,82,182,121,36,157,102,109,125,
141,50,69,79,84,145,161,88,
173,113,189,2,158,63,
121,115,38,188,63,106,131,84,127,153,166,114,
157,84,24,50,24,130,81,25,
61,52,14,144,10,156,130,83,41,
50,4,111,58,32,150,141,180,67,22,105,166,81,187,5,113,
47,142,149,186,185,54,163,
157,138,103,67,137,153,62,133,
189,112,97,156,99,140,2,154,178,117,56,95,
133,115,49,52,
79,186,172,191,141,40,41,171,167,
95,69,133,128,53,132,115,106,149,191,161,154,105,48,
114,20,158,183,114,134,135,
52,19,100,70,
186,179,129,47,170,181,92,122,154,20,27,96,
12,118,141,91,98,160,100,149,
138,150,157,30,115,29,18,188,125,
3,43,17,72,46,
126,98,43,118,135,135,
24,179,81,73,131,181,37,152,
100,26,12,128,
23,105,135,64,101,74,
45,8,152,6,136,
108,4,63,103,111,
180,4,7,1,120,34,35,103,186,
29,156,30,
17,1,37,134,123,3,65,
113,189,86,142,5,173,40,148,95,50,
166,84,101,50,11,58,153,
55,181,135,41,3,
12,73,129,15,63,130,110,122,65,
52,57,186,155,103,67,69,171,
145,120,3,83,15,62,10,178,64,85,124,
149,62,95,173,177,
100,136,183,1,106,154,
97,85,167,37,158,161,80,39,
111,118,133,148,28,
34,125,70,25,31,149,13,93,118,188,
49,135,166,97,182,142,33,
80,10,93,43,72,64,135,167,191,182,91,12,55,144,139,26,138,
68,171,58,102,99,93,157,43,78,31,
140,50,27,88,90,106,
172,89,73,160,173,88,68,122,127,177,164,
119,29,133,150,63,67,51,35,5,116,
136,126,128,10,7,
103,85,12,190,
83,64,129,140,65,6,61,
128,159,136,180,100,88,166,130,66,30,
89,78,6,191,74,191,172,150,164,144,69,55,
67,141,55,
115,141,95,59,139,121,
83,145,188,42,
153,157,
152,120,141,65,97,64,60,45,120,11,
22,189,133,162,
14,61,177,70,
184,64,55,10,16,
175,78,132,51,91,
186,20,79,110,90,165,56,122,48,190,181,57,36,61,
141,125,104,191,53,12,74,127,150,168,24,67,6,41,92,48,
185,129,148,106,138,29,
69,135,89,11,8,149,32,22,191,
1,59,165,156,143,176,91,143,65,23,
27,73,128,140,12,71,70,75,161,76,98,186,40,
187,138,110,83,56,57,
186,170,63,149,94,160,162,
58,138,112,
63,10,141,102,79,
102,19,75,188,41,65,175,111,
37,17,32,39,170,5,
174,82,0,
86,38,109,167,100,163,
32,136,13,154,37,130,18,49,40,
84,155,123,180,144,128,85,174,163,8,167,
164,89,97,0,110,
159,158,159,48,122,175,
191,64,188,12,37,
55,96,165,184,156,106,12,96,
138,49,12,147,58,114,80,180,49,187,
106,161,43,127,139,153,20,89,56,
70,161,97,129,120,55,156,101,
106,121,33,171,89,10,90,99,155,43,31,63,119,
100,149,86,24,
179,5,149,4,76,
26,42,3,34,100,62,132,4,60,128,
120,19,24,149,77,49,156,17,142,
40,150,41,60,98,183,6,147,154,
187,135,67,179,10,91,
66,186,161,141,149,163,0,145,8,120,183,
18,163,60,114,
144,85,24,6,82,176,145,103,161,
10,63,80,3,105,177,165,185,167,93,31,
46,161,63,
0,32,119,50,59,154,186,13,164,
170,157,186,2,4,169,103,120,98,148,143,92,171,116,
143,189,46,8,127,176,191,116,34,65,62,106,101,177,89,19,170,188,108,
60,147,6,12,40,52,43,132,119,179,82,125,152,
42,24,39,66,54,110,135,166,145,50,
93,19,140,
163,89,67,116,155,35,152,100,109,72,114,61,155,86,47,
55,55,80,2,120,51,
186,77,169,105,7,
27,28,7,170,5,73,113,9,142,48,58,122,106,
93,142,52,174,189,128,137,50,68,191,
29,168,185,25,92,50,
150,180,156,28,153,4,28,140,84,181,141,181,128,
63,186,32,132,16,153,118,12,159,102,177,49,19,173,
129,173,
160,48,34,17,148,10,
14,55,73,113,
10,40,15,28,51,88,135,88,117,163,158,31,50,172,9,112,
9,26,62,144,42,10,11,104,
84,165,146,14,115,97,124,67,31,85,156,
46,109,148,
168,67,98,159,
11,99,69,130,71,93,8,102,27,191,
59,138,7,
146,104,164,73,165,51,173,46,144,
65,150,175,143,84,166,50,186,119,6,57,12,94,97,171,176,20,
171,79,123,160,159,0,
148,89,75,
88,186,52,103,161,117,
80,104,124,131,12,35,50,101,123,190,163,136,93,143,39,28,24,73,
158,171,30,46,
88,141,128,131,175,63,78,12,
115,4,165,
147,52,165,60,60,173,97,
62,165,11,173,51,186,1,127,123,79,77,11,
80,138,118,124,129,
12,143,121,122,186,42,27,22,97,24,67,26,148,174,161,
161,11,95,24,129,
162,50,186,147,
186,95,52,116,27,48,
159,181,191,153,59,144,18,60,158,85,175,78,27,92,134,
42,61,191,61,166,
147,153,40,138,124,131,70,117,97,158,71,158,98,
57,87,50,120,135,
70,82,52,56,147,34,27,111,43,6,14,10,89,
140,144,109,123,162,
77,24,150,37,186,147,129,145,85,104,
7,119,17,88,134,102,59,135,
4,65,64,25,164,80,55,171,11,148,84,7,
159,159,137,134,8,64,24,40,24,58,
72,182,163,159,90,62,108,36,1,190,120,186,65,25,129,
149,86,149,41,188,188,129,15,181,
1,17,86,100,176,31,72,46,62,180,162,121,156,
181,191,91,159,186,42,153,
6,175,6,89,31,144,149,53,83,160,98,
10,145,150,160,110,126,
85,58,13,174,61,148,123,141,83,85,10,
138,129,80,187,97,90,
131,73,86,
130,191,86,128,13,188,
23,50,129,5,191,30,
157,97,49,166,
14,98,165,74,76,24,
102,7,63,
188,104,4,8,28,135,180,191,38,111,159,163,102,176,93,9,182,
55,161,186,18,
62,95,36,158,189,67,148,20,94,37,149,60,82,190,10,55,123,105,
152,163,75,180,
134,164,7,7,25,114,159,64,
11,57,121,135,171,55,58,169,57,140,87,23,189,51,62,87,
152,104,156,149,105,78,87,
68,42,172,123,66,
74,67,38,115,
80,70,81,3,17,172,32,26,157,10,48,20,8,40,46,
83,110,20,50,53,139,60,98,121,169,5,2,15,187,188,
102,76,31,102,53,122,27,80,
86,153,109,131,113,
82,105,144,42,75,9,120,90,74,84,148,156,172,100,131,167,
181,181,58,149,90,156,
129,142,77,54,35,49,80,
78,88,24,102,184,175,
55,67,4,70,145,5,103,4,14,67,
10,37,4,94,1,163,135,174,57,8,57,127,103,113,62,44,108,110,72,119,16,9,135,61,170,172,176,91,2,167,81,40,86,109,175,
87,133,17,150,11,57,73,
140,25,31,43,11,39,83,49,137,
54,86,75,137,159,138,30,
135,189,24,26,147,118,12,
114,137,114,161,
13,186,
18,40,104,181,116,149,31,109,72,40,52,114,87,88,129,102,162,141,22,118,159,138,71,114,39,73,138,27,39,
161,149,180,106,130,98,139,31,176,101,50,19,63,175,116,46,64,14,141,51,
18,64,126,
189,62,131,22,135,37,92,21,46,116,113,51,117,15,137,62,
67,157,148,187,
78,66,80,88,118,78,
181,186,40,74,175,170,107,55,181,150,
140,88,22,25,1,119,66,53,93,146,70,163,
4,177,61,26,
142,93,142,79,
160,90,191,
43,99,175,126,137,48,
191,47,181,35,39,175,136,19,25,50,65,80,177,89,158,
4,85,50,150,108,164,121,145,55,32,123,176,86,
69,31,79,124,173,110,60,
118,104,19,34,
17,165,4,7,41,120,88,132,160,
144,183,159,156,31,165,
86,54,80,130,48,81,122,168,170,4,69,
170,85,33,165,181,90,103,130,
171,31,105,164,174,158,12,150,16,152,
191,42,185,145,141,
36,88,56,176,31,32,
30,92,95,153,135,
66,136,109,177,105,66,124,190,160,53,14,4,35,7,161,57,38,141,2,78,155,95,161,
13,74,130,63,85,148,
19,143,92,166,177,153,
98,170,27,168,126,149,65,
43,68,30,137,131,
123,183,161,24,85,136,171,68,
112,148,130,10,34,
149,45,118,17,
185,186,36,9,31,102,120,25,105,
97,162,133,189,160,104,85,147,90,45,13,100,
99,68,116,90,63,142,178,179,
80,90,128,91,78,19,102,69,31,
186,72,12,42,88,13,0,48,54,
7,27,180,165,25,127,186,
180,93,124,154,188,169,98,128,189,184,50,
82,128,155,151,50,70,162,129,174,74,9,
116,51,186,183,2,101,134,119,146,178,185,64,
103,122,55,101,170,
43,106,70,
153,24,172,24,106,83,83,72,173,139,131,67,117,143,102,
73,190,171,183,105,35,12,8,20,80,
90,186,185,80,3,160,190,9,62,
129,56,23,168,186,15,104,42,
41,0,75,88,171,
51,122,165,
64,12,163,18,46,88,37,
157,128,80,85,102,191,68,170,
42,15,100,76,135,161,7,18,121,48,26,147,68,136,
57,155,185,117,24,133,30,46,
110,135,43,84,13,45,83,97,8,10,162,
95,66,126,90,
181,13,63,149,77,85,91,170,8,170,
104,38,97,188,141,147,135,146,56,102,152,34,134,129,53,
63,121,52,108,15,115,
165,146,17,7,62,18,186,58,112,175,79,167,34,100,
177,136,10,132,66,4,147,155,54,163,5,14,93,94,126,68,50,19,
109,178,66,140,86,7,46,99,
71,143,116,79,168,137,16,97,23,158,
100,191,69,42,138,116,52,97,145,163,60,
52,147,42,93,186,45,129,87,130,167,
156,133,107,3,85,107,150,59,20,44,83,17,43,152,120,
149,85,186,48,179,34,100,50,
104,121,154,129,174,64,151,77,165,73,159,118,156,158,181,57,
125,116,130,102,161,
92,150,141,186,168,5,
188,160,97,
156,104,48,82,144,47,69,69,135,76,
19,191,0,52,118,191,176,98,80,121,3,63,138,137,66,137,
116,79,83,135,40,116,131,61,57,71,118,
91,181,187,181,
97,102,183,126,107,188,72,133,171,176,
48,186,158,163,65,149,56,38,160,120,98,43,
150,50,143,166,11,163,186,178,65,68,171,175,179,44,
51,116,110,175,92,122,179,32,168,171,174,
191,62,188,74,160,127,34,23,
40,147,38,150,142,188,113,181,32,10,25,
63,61,88,164,162,60,182,
43,113,99,80,39,106,127,57,
160,135,161,171,173,
183,167,40,122,
189,9,189,175,92,109,158,143,127,16,173,73,
107,156,171,8,
63,181,62,20,154,1,33,85,72,46,13,
172,72,89,25,42,85,32,24,
165,51,118,1,50,45,36,127,121,144,171,
49,138,132,21,50,
102,157,165,175,125,50,
88,22,64,39,82,183,36,31,
57,110,
74,89,122,147,106,181,
160,25,6,12,
144,19,20,26,61,140,82,132,127,
73,27,14,172,33,128,81,
96,55,
161,141,66,51,
173,67,62,118,135,108,180,189,166,87,172,129,63,146,90,149,
119,168,0,66,7,93,106,
4,46,150,123,33,17,161,180,115,5,
41,105,55,110,130,50,
85,63,52,73,126,
118,165,58,12,116,82,126,159,
10,127,65,106,184,
78,159,128,68,
5,10,55,119,179,
123,4,84,24,102,188,
12,60,66,79,190,138,16,154,67,80,6,
188,6,153,83,137,68,56,93,45,92,
164,4,100,40,134,171,137,63,
34,180,49,98,178,26,104,41,120,10,168,
60,83,166,24,5,38,48,165,
135,161,175,23,52,118,
113,155,14,
149,161,149,
73,131,24,
52,116,135,
60,50,147,
62,81,189,
81,26,24,2,
104,77,
127,7,191,166,0,
124,180,69,
157,72,170,
31,36,37,81,
8,11,73,82,181,
105,86,23,
39,58,97,
66,39,12,
176,126,36,64,57,
168,29,51,137,
110,41,81,
35,61,129,80,
184,31,161,
68,25,129,
33,89,143,
137,43,186,78,
48,159,186,
148,115,26,149,
110,164,69,
53,104,6,
139,80,162,13,126,25,
69,158,171,
108,165,132,191,
91,12,1,
56,130,135,139,153,64,
101,166,103,
149,98,74,73,
173,160,69,93,175,
34,191,89,165,
50,167,49,177,102,
155,106,177,
12,135,108,191,
175,167,165,
42,191,9,
82,116,60,8,
29,16,138,
135,173,114,
111,102,163,
168,71,86,124,
106,185,89,157,
32,172,50,
130,132,157,
0,8,158,171,
37,77,64,
4,187,164,179,81,
62,191,97,
115,63,120,74,
163,
25,128,29,
93,11,188,
177,19,161,
179,60,24,150,82,
12,159,
5,37,50,158,
20,186,161,
78,156,158,
174,104,12,146,
175,102,150,10,
43,3,
108,191,187,143,12,
105,133,171,
145,191,84,66,
50,161,128,
153,17,188,
67,12,84,
42,181,137,
162,153,62,
86,110,105,
153,181,88,
170,27,143,161,
5,113,4,92,
0,66,156,
38,74,60,
145,42,30,36,
157,50,161,88,106,
171,41,65,
21,49,
181,150,186,
79,165,
188,171,26,34,123,
64,135,161,56,134,
22,88,36,
178,64,145,64,
7,119,180,66,16,29,
180,173,34,
24,57,157,
83,149,17,
159,128,39,60,118,12,
125,26,34,60,
80,126,135,97,
123,84,140,
150,87,167,
74,38,14,97,23,
85,149,158,2,
31,131,34,10,184,
83,191,85,
142,99,49,
124,80,168,
138,3,19,64,
138,72,59,
79,69,63,
182,72,2,63,
159,118,63,168,
135,153,31,
46,115,3,
9,120,27,174,
19,72,102,67,
37,24,64,31,
11,37,9,
56,129,63,
51,55,119,
177,116,175,
143,191,
58,17,27,25,
54,177,47,
43,24,65,
176,137,
165,102,11,
136,100,144,
15,129,63,
66,53,
177,172,85,149,
137,54,11,168,
63,106,
113,43,110,
58,165,57,
15,12,
55,20,
93,119,177,
170,86,98,157,
154,31,11,
129,70,12,136,
133,62,
26,179,143,91,
32,65,36,
17,149,80,
120,16,185,
31,52,185,100,
19,175,147,
63,116,
81,185,24,
5,177,
147,138,
167,149,82,99,
56,6,131,
124,145,183,
133,157,22,
13,0,97,
136,131,45,
51,130,25,161,
156,10,128,181,
2,66,116,
154,74,40,
131,82,43,
33,170,49,28,
27,186,34,102,
25,134,40,139,
6,8,45,
34,7,180,
92,188,170,
48,141,95,
71,147,50,
73,87,39,
80,86,39,
64,145,23,
62,145,
41,141,61,
85,145,13,
122,24,159,
190,103,75,
150,67,77,
105,105,95,
103,163,144,
45,188,146,
81,175,157,
58,166,
191,183,69,
2,
138,54,85,
40,27,79,
116,143,102,
10,9,136,
171,155,97,
54,186,129,
114,138,
53,188,95,121,
3,93,10,
147,25,
163,20,166,144,
190,105,146,186,
103,88,108,
68,50,93,
25,185,
132,126,26,
94,177,65,
112,141,
177,50,191,
164,172,4,
36,186,10,
108,72,129,
103,180,157,
10,70,85,
149,66,
175,159,73,
45,97,166,
52,8,
66,68,19,
135,126,7,
178,116,41,
99,43,88,
100,120,165,
160,188,34,
68,78,
77,105,62,
183,66,114,
43,156,
32,89,
168,89,92,
89,106,185,
113,135,91,
41,79,17,
114,121,132,
172,84,57,
20,80,73,
153,88,30,
101,23,70,
141,20,161,
23,71,88,
130,186,170,
122,120,
30,128,23,
26,141,55,
148,67,13,
35,180,131,
162,22,167,
170,122,181,
61,186,32,
102,191,88,
165,10,60,
46,57,11,
185,116,25,
106,74,55,
69,86,93,
97,52,167,
3,171,55,
173,147,146,
152,24,171,
181,24,102,
60,63,26,
117,121,141,
186,180,147,
14,161,147,
5,161,153,
128,57,19,
169,64,186,
120,156,16,
137,116,19,
183,183,185,
77,133,186,139,
153,86,166,
1,166,55,
72,101,61,
184,24,78,
