127,167,8,165,188,104,186,62,4,66,41,103,10,190,154,143,123,144,47,154,
135,23,11,187,161,14,
145,0,50,24,172,
97,102,183,126,107,188,
137,74,100,67,
36,88,20,176,
78,79,7,147,
117,59,189,88,88,58,113,
116,51,24,183,101,134,48,121,
161,18,171,116,89,121,180,99,103,33,178,43,125,113,
160,136,132,123,169,80,11,161,142,185,159,103,119,169,24,73,0,30,149,139,47,77,167,166,73,51,188,176,47,97,144,64,70,24,81,
100,125,183,1,154,
59,133,117,137,90,126,139,185,155,110,157,126,91,43,41,83,171,15,
120,19,24,149,77,42,110,156,17,
50,50,65,10,180,162,
163,89,67,116,155,35,152,100,109,72,114,122,155,
156,133,69,117,29,
52,181,51,114,173,38,70,147,167,122,
47,10,45,1,45,77,133,99,139,83,45,97,15,45,53,172,52,107,11,
187,163,20,131,
138,129,190,80,187,150,97,
71,27,16,105,
130,95,12,133,89,63,89,42,54,56,112,
149,51,176,146,184,
171,69,53,138,41,73,161,83,162,24,71,59,130,40,176,30,17,165,107,
62,56,36,158,189,67,148,20,94,37,149,60,82,190,10,55,123,105,
74,128,191,82,13,
102,80,75,188,41,65,
30,138,29,77,116,
12,60,66,102,79,190,138,16,154,
153,179,161,
84,165,146,14,115,97,169,124,31,164,85,156,
146,104,70,164,73,165,51,144,46,144,
183,163,49,72,144,59,104,148,73,100,97,59,105,82,123,191,80,
129,142,77,34,
150,50,143,166,11,163,186,178,65,68,171,179,44,
164,40,134,171,137,
22,189,41,
152,163,172,38,75,180,
80,106,90,128,91,78,68,19,102,
40,147,38,150,47,142,188,113,181,32,
20,172,4,80,36,36,182,184,
67,157,41,187,
89,78,16,6,191,74,191,172,150,164,144,
141,150,84,179,57,
129,23,168,186,104,42,
69,31,103,163,
104,121,154,129,25,64,93,0,165,73,159,118,156,158,181,
160,135,161,171,
48,72,116,140,13,120,166,100,166,93,5,179,69,
128,70,183,25,6,61,177,95,
132,154,63,178,162,6,100,112,
141,39,20,1,109,120,
152,123,120,141,65,97,64,45,120,
84,65,39,110,156,141,93,111,145,
4,82,165,28,115,
11,57,121,135,171,55,58,169,57,41,87,71,51,62,87,
0,32,119,50,169,154,
7,119,17,88,134,102,
161,149,180,106,130,98,139,31,176,101,50,19,63,175,116,46,
50,85,23,135,166,165,42,140,150,83,15,82,8,90,163,11,
123,4,80,20,130,73,169,91,
158,49,63,114,140,55,6,109,147,104,
116,79,83,135,40,116,131,61,57,71,118,
105,19,166,
167,175,79,
110,103,190,104,85,
84,156,121,36,157,106,102,109,
186,170,63,149,94,160,162,0,60,
30,43,61,158,19,52,47,91,43,135,145,
51,149,146,55,
82,189,181,48,42,175,
135,189,24,26,147,12,
154,45,185,54,95,139,14,91,142,63,0,79,
177,136,10,132,66,4,147,155,54,163,5,
150,89,148,126,64,138,4,
99,179,116,166,96,
157,191,162,120,62,19,
172,79,47,58,62,163,172,
85,4,81,148,113,140,138,52,100,142,98,24,123,17,59,8,106,35,126,175,
120,156,145,122,
4,65,64,25,148,80,55,171,11,148,84,7,
150,38,19,138,12,
116,55,116,33,155,
88,64,39,82,183,36,
106,80,62,177,85,163,112,84,128,147,84,172,
83,110,20,50,53,139,60,98,121,169,5,79,2,15,187,81,59,
103,149,113,55,110,86,51,61,4,187,180,69,167,99,110,67,45,
4,55,51,
150,180,156,28,153,4,141,11,28,140,84,181,15,
191,47,181,175,136,19,25,157,65,80,89,158,
132,179,31,144,49,175,60,108,
138,49,12,55,58,
49,59,57,158,34,87,85,133,108,
43,99,175,
13,86,24,130,156,124,
135,116,11,39,50,25,163,
143,150,61,185,71,153,53,106,55,
165,61,71,84,112,108,127,51,147,115,
18,7,163,184,190,60,
28,4,32,
67,72,50,159,107,139,59,103,95,75,36,56,52,115,126,137,
114,184,161,
7,101,189,24,63,149,73,97,22,11,18,
88,172,11,78,147,191,140,84,177,34,86,104,
51,116,110,52,175,4,122,179,32,57,168,171,174,
7,119,78,178,180,16,29,
25,167,24,140,68,
85,128,141,57,
17,100,161,145,158,58,79,153,
185,59,58,57,27,191,143,0,181,68,34,96,
26,42,169,3,34,100,62,
159,181,191,153,59,144,18,60,158,85,175,78,27,
181,186,40,0,166,175,52,170,107,55,181,150,
52,173,120,121,148,45,157,31,126,86,135,85,88,77,61,139,129,
82,128,153,50,70,162,129,174,74,9,
85,186,156,170,103,165,
14,98,0,165,45,
80,81,3,172,32,26,157,10,48,129,8,40,
118,104,19,169,
53,83,11,31,26,80,175,102,102,2,60,40,
116,11,
10,61,80,
174,82,0,2,
57,75,47,185,66,135,34,10,
69,70,11,8,48,149,32,96,22,
161,55,114,12,70,153,135,109,
143,1,170,
3,90,26,175,128,125,62,166,88,97,138,
66,82,64,18,147,74,64,
143,189,46,8,127,176,191,128,34,65,62,106,101,177,89,19,74,
63,97,119,173,
139,80,59,13,
97,164,12,102,84,63,138,
161,160,70,66,157,17,177,129,
38,188,32,121,40,46,6,52,
170,85,178,
77,24,81,186,147,129,164,
103,34,122,55,
133,156,40,6,86,147,119,85,156,95,117,56,34,87,
145,120,61,83,74,188,
133,59,74,132,22,130,85,15,85,
19,191,0,52,118,191,105,176,98,80,121,3,
47,40,6,127,178,
137,159,116,97,
171,117,106,16,
106,121,33,171,10,90,99,155,43,
161,135,42,27,27,
71,143,116,166,106,
16,89,80,15,2,41,71,171,69,61,34,
103,45,11,106,40,133,67,189,191,53,144,180,2,166,104,39,147,184,62,
31,38,140,
116,148,73,163,151,101,85,99,137,99,160,2,106,
147,57,106,55,183,189,
190,116,113,138,86,31,147,117,41,110,169,56,109,18,
20,120,141,79,
153,166,
81,101,24,2,
186,77,50,55,3,69,62,
186,77,169,141,
67,9,52,66,133,163,74,57,168,173,12,75,45,168,32,184,
189,97,156,117,140,2,154,178,117,56,
41,105,169,55,
137,64,164,
181,191,82,159,186,
188,6,153,83,68,56,93,
133,97,8,95,118,74,67,142,47,148,5,14,111,124,105,146,113,141,
101,80,7,68,78,22,25,88,16,79,190,
31,132,41,84,69,98,
166,65,92,62,9,95,105,184,
158,191,147,
172,77,75,70,97,103,152,39,9,94,
191,188,74,42,160,
86,120,54,149,130,48,81,
128,157,57,84,3,35,80,85,74,61,82,78,53,142,93,27,73,78,
61,135,85,113,22,116,54,119,99,177,24,58,37,8,57,84,65,60,187,8,85,147,48,
1,17,86,100,176,31,72,6,62,180,
31,131,34,10,180,
80,104,131,16,50,101,123,190,163,136,93,143,39,
68,11,150,119,69,
38,172,11,86,187,150,123,187,31,159,
154,132,90,148,148,127,
43,21,80,39,106,57,
184,64,55,10,16,116,
115,148,138,133,68,
172,106,172,145,
141,85,11,61,129,62,48,63,115,38,170,
102,76,0,135,31,102,53,122,128,80,53,74,
55,67,4,4,145,5,103,4,14,
33,20,79,144,116,
55,55,80,2,120,
184,7,104,114,69,61,41,81,166,39,80,40,139,100,111,
66,186,161,141,187,163,
166,143,103,42,99,121,19,
98,161,173,113,0,113,14,82,120,19,12,90,184,
156,104,48,82,144,47,69,69,135,
65,102,17,
66,136,109,177,105,66,124,190,160,53,14,4,35,161,57,38,141,146,78,155,95,161,
185,186,36,9,31,
117,45,82,64,146,39,2,183,13,18,46,13,55,189,10,20,50,171,
55,96,34,165,184,156,86,12,96,
148,189,96,31,95,135,183,21,35,133,105,4,142,62,133,88,24,118,52,154,118,
121,79,116,169,185,
134,164,7,7,40,
171,15,2,122,0,70,171,88,23,107,114,24,31,145,189,123,98,84,54,147,89,
121,165,104,142,132,52,
140,48,25,31,43,136,39,83,49,137,
165,51,118,1,50,45,36,127,121,4,171,
75,41,47,143,140,137,7,171,100,20,26,94,117,191,82,33,148,152,
121,38,188,63,106,131,84,127,153,166,
129,62,12,109,8,70,86,16,185,18,80,80,138,113,52,125,161,83,68,
179,44,30,28,186,89,153,85,14,19,101,132,187,
4,85,50,150,108,164,27,121,145,55,32,123,
189,9,171,189,175,92,109,158,143,127,148,7,173,73,
170,69,186,4,169,103,120,98,148,143,128,171,
130,86,128,13,
125,100,85,3,85,89,27,153,
41,184,31,16,18,149,40,130,16,64,145,106,91,90,
64,117,95,105,137,84,71,117,137,189,83,184,172,
146,84,
62,147,166,86,96,75,
140,158,75,86,21,114,95,125,
18,64,126,
69,156,156,
45,67,97,0,
68,171,58,102,99,93,157,
19,87,80,150,184,99,84,36,157,131,95,82,136,185,166,182,89,
109,178,66,11,140,86,7,46,
62,165,11,173,51,186,1,127,123,79,11,
147,62,153,40,138,124,190,131,70,117,52,97,158,78,158,
83,64,129,140,47,49,135,
85,186,85,84,27,125,
52,57,186,155,103,67,
123,183,161,24,85,119,136,171,
86,166,32,55,37,
33,73,106,152,110,126,
1,59,165,156,143,176,91,143,65,23,25,
147,52,165,60,
74,38,89,122,147,137,
67,141,25,55,119,
99,79,35,43,116,38,155,
163,69,32,89,106,
128,136,180,100,88,166,130,66,
8,129,39,50,109,10,
106,103,43,127,139,153,20,89,
105,91,73,42,126,82,
159,159,137,134,8,64,24,40,24,58,
187,135,67,179,10,
11,135,50,28,190,184,63,6,88,100,57,184,
93,169,3,48,153,80,114,137,50,165,46,113,180,15,80,
64,56,173,88,66,129,104,141,80,105,191,44,
79,83,175,173,89,63,155,
19,30,25,119,169,39,75,
105,166,156,23,
61,179,145,185,152,154,0,34,62,165,129,
153,24,172,24,106,83,83,72,173,139,131,67,117,143,
118,25,6,13,155,177,28,1,18,187,66,109,149,
75,82,118,127,119,102,136,105,
65,191,122,
28,179,150,15,
34,61,70,25,31,149,13,
141,125,104,191,53,12,74,127,150,168,24,67,6,85,92,
156,133,85,107,150,59,20,44,83,17,183,152,
10,15,28,51,88,135,88,117,163,31,50,172,
63,186,7,32,132,16,11,153,118,12,159,102,177,
135,161,175,
142,154,73,147,129,128,142,
183,20,51,88,41,153,147,
141,50,106,79,84,145,161,88,
61,52,16,70,144,10,
153,82,157,183,126,
180,188,169,98,128,189,184,50,
20,150,158,173,114,
31,161,41,64,
27,144,7,50,5,73,113,53,142,48,58,106,
24,116,171,25,100,
83,145,188,42,
24,179,11,131,181,
11,11,38,6,57,
189,103,
110,33,120,
172,38,89,42,176,32,24,
36,20,149,185,106,
15,55,122,28,62,154,39,
20,186,123,134,83,33,183,
42,24,39,110,135,166,25,
34,180,49,98,178,26,16,41,120,
63,121,52,108,79,
129,72,96,82,69,63,102,52,166,104,10,64,52,44,149,189,
157,138,67,153,153,62,
118,165,58,12,116,93,82,
163,18,150,187,50,163,100,4,64,153,
191,185,159,23,
90,186,154,185,80,3,160,100,190,9,62,49,
10,8,120,47,187,
157,166,161,88,
107,180,38,47,155,111,171,156,
102,12,32,
162,82,132,
171,107,105,164,144,158,12,150,
25,42,101,34,1,
11,10,4,116,57,93,54,135,
86,38,109,167,183,
100,48,38,17,44,90,11,66,131,105,163,142,132,
0,181,144,46,14,102,104,144,61,90,11,110,145,144,17,
119,168,0,7,
7,27,180,165,25,
79,186,172,191,78,11,171,167,
135,11,120,56,160,
147,66,135,42,103,162,
39,78,84,138,139,16,65,96,141,66,172,146,15,80,
48,106,186,82,163,65,149,38,160,120,
189,62,131,22,135,37,92,21,46,116,113,51,117,15,137,
73,60,27,14,172,33,128,81,
2,128,188,173,144,
89,163,130,67,106,34,163,
2,53,
97,157,172,70,
42,61,191,
25,7,34,24,
140,144,109,
79,33,99,154,
144,19,120,20,26,61,140,82,132,0,187,127,
53,39,27,11,
105,75,100,41,144,16,71,62,
149,86,149,41,188,188,129,15,181,171,
137,75,5,64,142,63,109,34,15,
169,53,62,121,81,10,41,144,
12,143,122,186,42,27,97,24,67,26,148,161,
110,51,61,16,57,
104,72,119,187,156,156,88,
41,11,190,17,139,22,13,67,73,83,161,86,166,78,
169,117,190,120,184,26,27,93,84,132,72,84,151,90,87,153,0,163,149,57,67,54,186,171,118,19,
140,88,22,25,1,119,66,53,93,
181,13,63,149,77,85,
50,0,191,55,19,68,
81,64,22,21,134,105,69,131,3,24,52,85,125,77,45,153,
60,147,6,12,40,52,43,132,119,179,
6,175,84,89,31,144,149,53,
181,12,55,142,
187,38,104,150,191,149,
88,141,128,131,175,63,
63,181,62,20,154,1,33,85,72,46,164,
4,46,150,103,123,20,33,17,161,180,115,164,
108,4,63,
61,128,85,
97,45,133,189,7,160,104,147,90,
86,81,131,113,
158,58,69,159,178,187,100,28,
104,184,40,162,97,80,191,59,103,188,26,6,183,187,68,
78,9,42,168,101,102,48,39,64,147,150,91,45,155,
191,88,50,183,143,23,89,42,83,65,108,
45,52,14,131,154,32,171,3,127,81,45,126,24,91,169,179,156,
82,105,66,42,75,9,120,90,74,4,148,156,100,
27,73,128,140,12,71,70,75,161,185,
55,11,55,15,158,13,129,116,181,
95,19,133,128,53,132,115,106,149,38,191,
24,178,145,185,6,153,78,40,109,75,60,25,19,61,165,145,165,159,127,141,145,88,135,
41,163,127,31,170,109,130,88,84,99,95,
24,55,42,47,120,39,81,144,144,156,123,83,123,
112,126,165,165,58,
56,70,62,64,10,114,84,50,130,
117,156,175,
78,88,24,102,41,175,
129,80,34,116,
122,84,103,178,77,51,65,15,181,120,
120,169,143,48,86,135,144,73,71,28,52,20,55,112,
97,85,167,37,
10,63,80,3,105,177,42,
110,59,37,112,187,0,
37,17,32,39,170,
65,150,175,143,73,61,84,166,50,186,119,
42,120,128,
57,8,186,15,52,58,161,27,50,128,191,85,
140,50,27,171,88,90,106,64,
128,143,179,42,2,42,170,102,50,148,
150,37,186,40,89,87,40,86,92,154,147,
41,0,75,88,178,
156,1,104,6,120,84,84,90,84,75,
102,83,78,104,18,88,61,34,18,35,102,
6,188,11,
104,38,97,188,141,147,135,146,56,102,152,110,34,134,129,53,
74,102,145,
188,104,4,8,28,135,180,191,38,111,159,163,102,176,93,9,
0,132,27,98,19,64,41,79,
74,67,133,
34,138,150,96,181,110,129,63,25,55,
50,4,111,58,32,150,180,67,22,166,81,187,145,113,
43,59,30,
183,73,128,179,156,79,144,86,
77,172,133,186,139,
92,189,30,141,19,96,
34,133,89,178,25,0,160,
57,155,185,164,
173,67,62,144,108,180,189,166,52,87,79,129,63,146,90,91,
167,97,70,131,163,52,37,183,23,86,
27,4,161,56,0,
32,0,
11,24,150,161,53,0,17,68,141,17,11,110,139,63,37,12,0,36,130,
114,20,158,52,
191,103,185,145,
60,73,89,186,
166,157,138,92,181,153,150,105,
49,138,132,
85,58,61,133,123,141,83,85,
64,12,163,66,88,
49,157,174,32,
147,74,
70,69,186,35,163,93,167,61,146,48,
70,161,97,120,
87,133,17,
167,175,30,80,137,163,25,37,71,
93,38,142,188,52,48,174,189,128,
12,64,103,80,171,184,
107,171,
61,184,10,155,91,102,95,179,103,141,30,143,185,135,86,116,34,115,
113,189,86,142,184,30,173,40,148,50,
119,29,133,150,63,67,104,
186,20,79,110,90,165,56,122,48,30,57,
126,68,112,101,156,104,132,149,113,
68,100,50,100,80,
11,123,141,52,
19,129,113,91,177,93,144,79,1,37,93,120,177,
172,89,73,160,145,88,
46,111,155,8,45,95,93,191,146,187,34,80,20,131,168,128,56,
186,72,12,42,88,13,4,
85,50,49,157,122,15,144,110,97,34,46,116,79,103,
155,163,116,130,
157,128,80,85,102,191,68,
80,10,93,43,72,64,135,167,191,20,182,91,12,55,144,139,
81,86,80,118,169,184,73,0,
141,152,66,11,
89,130,163,148,26,79,126,154,
168,8,119,46,175,112,
166,84,118,50,48,11,
11,99,69,130,93,103,102,27,191,
80,138,124,
180,161,31,155,
138,150,157,30,115,
126,59,52,45,18,136,176,67,
64,18,41,87,75,31,152,80,65,129,0,
157,84,24,50,
47,142,149,186,54,
38,95,4,93,43,118,100,74,52,37,
8,143,45,165,90,50,135,183,122,177,
42,15,100,76,135,161,7,18,121,48,26,147,
186,189,85,94,2,85,150,101,80,37,66,70,46,55,72,185,65,57,70,110,165,190,70,
78,66,80,
175,189,79,163,8,43,167,24,6,
176,149,19,
100,42,68,138,116,137,52,184,163,60,
17,11,165,4,7,41,120,88,0,160,
32,63,28,51,
149,7,36,47,69,6,126,66,62,68,14,20,
39,50,2,178,8,40,180,68,24,62,26,106,53,8,155,117,67,140,
29,168,185,25,92,50,
30,154,113,186,
165,146,17,7,62,18,186,58,112,
61,128,24,110,112,42,4,54,63,16,73,
135,10,55,
188,4,135,40,2,53,191,
73,123,120,7,
52,81,147,42,93,186,45,11,129,
73,190,171,183,105,35,12,
10,37,4,94,1,163,135,174,57,8,57,127,103,62,44,108,110,72,119,16,9,135,61,170,172,176,91,2,167,81,117,86,109,
186,179,129,47,170,181,92,
26,53,39,9,
146,149,133,91,39,
95,61,166,67,150,186,30,
136,75,140,
12,118,141,91,98,100,149,
149,45,169,118,
70,82,56,147,34,27,111,43,
155,101,39,121,19,93,180,11,62,17,10,106,181,107,99,
39,58,184,103,149,
144,33,132,173,27,20,33,98,24,171,146,
21,43,
96,38,34,55,141,
175,3,65,167,88,135,159,
17,1,37,134,123,3,65,
184,18,12,11,67,
110,135,43,84,11,13,45,83,97,8,162,
98,144,168,
178,132,158,39,170,34,
40,150,41,60,184,183,6,147,
149,85,186,48,179,34,
164,89,97,55,95,
34,137,103,129,61,
101,126,81,
25,174,92,116,42,186,185,118,17,16,72,128,104,128,171,29,44,67,83,2,25,40,164,191,73,113,
12,19,73,129,15,181,63,130,110,
148,35,128,
58,3,181,56,50,28,140,153,34,68,158,141,133,79,185,181,117,100,39,118,
50,33,72,78,82,50,121,17,190,125,81,186,34,154,189,27,56,62,
142,54,27,182,126,161,73,148,122,140,130,168,113,169,44,1,121,47,100,26,94,32,137,
132,103,63,159,0,177,60,119,
148,154,150,112,46,46,
24,172,42,89,78,37,45,25,15,160,157,62,
185,129,121,148,19,138,29,
84,155,123,180,144,128,85,
18,40,104,181,116,149,31,109,72,40,52,114,87,88,129,102,162,141,161,118,159,138,71,114,
144,85,24,6,82,176,103,126,169,
54,86,169,
72,163,159,90,62,36,1,190,120,186,65,25,129,
72,104,186,3,
62,9,39,26,90,157,45,
60,83,24,5,48,
32,136,163,13,154,37,102,130,18,49,40,
118,92,38,150,166,176,81,171,158,103,75,55,
11,67,155,68,137,109,102,79,67,79,
103,172,85,12,
175,78,132,51,91,117,
73,41,183,
106,143,48,
7,109,155,42,134,4,
39,37,32,135,
179,99,60,24,150,82,141,
63,10,141,
106,41,140,36,
168,67,98,159,
180,4,7,1,
69,170,16,186,
75,27,67,
55,138,164,
93,187,19,
129,55,
83,191,41,85,
145,30,172,36,
102,84,97,
127,106,
149,62,95,
180,161,103,
127,75,121,
144,183,159,183,156,
111,133,
155,106,177,
142,181,
152,104,156,
115,141,95,4,
98,31,180,
132,0,121,100,
40,134,53,104,
131,86,
10,127,169,106,184,
45,8,152,
156,120,107,103,
6,1,133,
100,26,12,128,
89,171,172,125,
9,26,62,
95,66,140,
111,70,184,84,
99,68,116,
23,50,129,5,
11,150,87,
37,24,86,
16,63,39,
122,74,102,
156,105,24,
171,79,169,123,160,
20,106,63,83,
59,1,67,104,
0,45,85,
163,89,175,
88,117,17,172,
176,171,172,
13,41,186,
126,144,
89,179,19,
107,67,181,
160,48,34,17,
149,86,39,187,
115,67,61,
153,17,188,
31,52,148,185,
3,17,72,
130,171,
19,143,92,166,
154,30,15,
62,169,61,24,
159,158,159,
26,89,80,35,
166,41,86,71,
44,100,64,
103,85,132,
112,106,120,
131,100,88,
187,66,144,103,
141,92,66,
99,41,106,
32,172,50,
62,50,143,
86,13,62,
19,12,179,
159,38,63,168,
18,32,165,
77,47,52,
144,80,146,53,2,
73,65,155,
187,138,110,83,
4,177,61,
51,122,165,
102,11,157,119,
163,169,100,
155,79,163,7,
78,159,128,
96,92,99,
123,4,84,24,
91,30,175,
53,104,6,
71,11,120,
48,42,156,
137,140,93,
162,50,186,147,
27,85,185,159,
45,62,103,103,
145,191,84,
131,19,24,
11,7,53,
25,135,34,
142,100,93,142,
57,51,11,11,
158,171,30,
46,109,148,
173,113,189,2,
90,0,72,181,
119,132,123,67,102,
53,188,95,121,
49,83,90,
93,118,104,
55,181,135,41,
66,149,
87,11,169,
124,13,80,
84,6,122,
63,61,88,
188,97,
181,181,58,149,90,
184,113,20,
179,5,149,
138,166,3,
5,60,137,23,
135,156,188,
66,39,12,
23,105,135,
148,89,75,
96,62,55,
46,161,63,
4,186,38,188,
24,7,60,
55,161,186,118,
56,188,186,67,
129,173,61,
75,64,
130,185,49,120,134,58,
25,19,
149,161,149,
12,11,
136,126,128,
68,185,11,115,
116,129,184,
55,147,143,51,
164,4,57,84,
133,115,49,
92,150,141,186,
53,102,169,
106,71,141,
153,147,125,
25,128,29,
139,52,184,56,
22,69,
58,138,112,
82,88,118,
115,4,165,
35,148,148,
46,146,38,
146,66,
46,0,4,148,
35,99,6,26,
91,12,1,
108,165,132,191,
29,156,30,
93,19,140,
80,102,53,
188,93,145,
143,120,191,
111,107,
43,106,70,
112,168,132,
15,150,137,
167,
54,177,47,
186,95,52,
50,161,128,
96,69,177,
163,177,
105,133,171,
69,158,171,
56,130,135,139,
32,142,69,
168,29,51,
125,140,161,
5,10,55,179,
141,186,58,
160,90,191,
134,20,
86,41,61,
183,167,40,
64,150,140,
191,187,
12,135,150,
75,62,57,156,
32,67,38,
36,67,19,145,
3,93,10,
180,173,34,
52,19,100,
144,0,89,
176,126,36,
0,186,81,
85,63,52,
15,47,12,
88,186,52,
43,161,30,
85,84,179,
189,147,93,
13,74,130,
119,68,65,
73,27,128,
178,41,7,
2,103,174,
143,166,12,
20,144,149,
118,63,148,
112,148,130,
93,11,188,
31,6,
67,119,11,
42,10,191,
154,100,12,
70,172,128,
8,175,168,
5,48,177,
15,59,133,
6,40,47,
30,92,95,
175,82,167,
163,135,66,
180,152,84,
122,163,8,
79,20,121,
50,29,157,
95,164,133,
120,55,70,
191,64,188,
135,52,83,
126,89,153,
172,20,
74,133,143,
91,105,173,
100,82,24,
27,125,128,
177,19,161,
137,189,167,
62,157,103,
24,13,159,
38,99,152,
190,101,90,
85,149,181,
68,25,129,
171,149,140,
57,110,147,
153,157,
102,7,63,
135,61,102,
13,139,34,
181,24,34,
60,100,18,
77,30,181,
185,27,61,
184,98,103,
116,30,190,
161,141,66,
37,167,38,
85,133,106,
10,11,155,
14,55,73,
2,55,116,
164,77,63,
94,186,172,
130,155,11,
109,84,163,
174,49,51,
157,97,49,
81,86,83,
0,34,
36,84,11,
100,163,132,
154,89,127,
121,19,
58,17,27,
171,170,51,
123,152,
39,43,88,
58,165,57,
140,150,
53,143,144,
65,64,191,
