39,38,156,
173,78,12,19,123,73,176,8,
57,157,155,103,84,51,182,
155,55,71,27,145,122,62,180,147,41,60,48,57,79,70,121,189,
143,9,93,76,161,123,155,113,100,123,81,23,36,
32,172,2,186,81,178,
16,50,35,165,49,95,173,136,162,53,161,
181,103,117,56,52,186,71,102,133,
101,149,65,16,32,123,166,107,
140,184,81,83,
84,161,171,864,108,134,34,42,188,1,121,44,163,42,180,67,78,
111,181,135,140,59,176,
120,12,157,87,
67,89,121,132,171,30,15,188,
18,108,83,155,16,59,88,47,114,153,114,60,183,
125,154,20,44,36,112,128,
93,100,1,94,84,42,85,129,15,66,40,50,66,60,117,104,75,141,38,191,117,145,168,95,
156,18,52,67,189,173,182,163,162,167,52,107,
154,2,9,92,116,67,81,37,
188,73,95,52,174,
99,68,39,59,132,155,
117,141,30,3,121,136,146,80,133,136,164,
79,64,78,99,148,162,154,187,
39,55,91,77,122,145,
0,108,55,176,54,64,
25,170,122,158,184,155,158,
187,160,83,149,64,
36,170,135,95,143,57,121,64,119,109,13,
103,122,149,110,
55,135,39,8,5,167,66,166,95,
84,118,122,87,
79,2,155,72,
86,146,75,35,107,152,172,149,136,117,182,83,2,56,
134,167,161,32,60,158,84,1,134,149,
173,153,
15,5,180,30,16,177,64,165,180,114,9,5,113,67,17,44,152,48,119,189,190,91,34,80,
40,93,135,65,
85,93,101,17,91,1,10,28,83,
186,180,167,85,156,
61,64,43,
23,85,143,
92,172,61,176,159,
182,122,156,147,58,48,86,157,64,
173,26,162,14,125,73,137,
140,172,2,5,25,110,129,124,121,152,156,91,149,139,129,
183,106,122,127,8,26,78,29,45,31,32,102,2,105,46,71,154,62,
5,15,84,
166,48,4,55,174,10,125,156,134,
61,76,92,0,131,116,54,
7,4,26,110,55,119,154,
80,117,53,111,
62,155,5,10,109,145,47,79,72,150,
152,163,86,90,
79,162,
142,54,5,161,73,117,123,140,47,130,124,82,141,
77,160,118,
110,65,95,72,129,
151,57,167,68,83,78,59,125,171,65,50,71,75,56,43,6,40,170,
693,780,164,23,141,143,113,162,95,72,186,150,71,140,159,7,
170,180,114,83,
4,151,118,107,
168,68,135,73,
68,78,95,56,149,36,18,167,62,24,
188,3,78,131,117,120,141,47,61,119,154,33,
151,21,116,128,427,4,159,4,105,118,124,101,104,
106,23,106,141,148,20,183,172,145,109,190,
143,171,114,81,130,186,84,
41,105,114,164,
156,97,162,39,74,104,163,157,
188,67,
103,157,97,40,34,188,142,149,118,13,122,57,20,15,22,32,59,
163,108,86,32,111,109,
147,184,64,32,56,83,135,0,55,
114,913,135,65,27,119,0,38,191,170,67,
913,15,116,114,56,90,38,4,
118,68,36,93,147,4,102,170,159,10,30,
45,39,183,56,161,142,
155,38,99,14,53,168,
51,132,189,89,70,
66,102,55,148,
23,11,189,109,87,
191,21,30,97,165,68,159,
78,102,98,68,104,185,69,3,27,61,183,79,25,173,
84,164,149,73,25,35,93,36,144,167,110,139,7,121,5,45,105,4,
143,52,185,188,98,118,104,4,45,
129,161,188,5,45,135,145,119,58,170,
161,135,64,2,53,180,93,101,
76,0,18,9,93,62,66,181,
161,30,75,129,92,97,109,10,16,128,83,37,105,119,65,169,185,3,132,30,59,116,30,126,132,75,50,64,147,
130,38,113,179,13,115,141,
8,126,55,144,1,50,
158,135,167,20,78,7,14,44,9,
48,182,15,
170,149,181,89,93,74,101,25,63,87,88,36,
35,16,43,168,186,122,
90,71,136,0,81,80,167,43,168,67,128,123,165,38,166,122,135,53,170,
0,76,61,176,97,136,171,8,114,
1,84,31,135,14,188,109,
114,18,41,35,74,
172,167,129,100,95,140,13,132,16,53,13,121,117,32,40,122,18,160,
167,189,82,184,75,97,176,33,186,186,31,95,182,
164,118,163,148,100,80,71,41,54,
112,125,40,33,52,88,20,61,167,
37,161,85,99,8,79,
116,83,33,123,38,151,119,186,92,149,161,22,141,185,74,87,101,143,17,
5,112,142,38,30,
32,184,134,
26,7,1,83,173,137,18,89,129,61,
70,167,124,155,80,160,87,3,130,8,187,118,
43,70,3,153,107,167,109,135,182,
184,62,132,140,
67,3,11,185,70,50,45,114,83,142,62,118,156,160,134,146,31,168,
172,180,92,
146,50,19,33,44,88,183,85,30,90,78,90,164,124,135,174,
159,693,157,122,95,178,168,19,158,
104,83,91,7,72,145,3,157,82,183,
13,23,129,97,186,150,6,107,145,13,
95,172,171,122,131,146,95,110,1,116,68,159,20,12,188,38,159,110,36,73,92,146,75,40,57,91,
148,159,30,185,48,190,152,51,30,164,66,8,
127,91,4,
81,38,183,130,186,3,150,107,111,24,118,140,61,
146,95,85,142,50,68,
132,61,184,82,157,83,51,51,121,165,
131,61,188,50,138,
160,70,180,
147,49,171,25,23,
169,72,161,138,135,55,17,
162,96,46,173,57,79,29,158,189,106,54,160,101,172,99,
135,43,169,75,
50,89,146,189,76,60,16,152,116,56,67,151,
85,108,37,
12,66,120,173,58,92,104,129,50,1,134,
10,189,655,21,133,54,57,31,35,71,54,24,38,188,144,124,10,119,134,
160,136,172,80,11,187,31,169,24,0,30,77,
83,140,116,170,104,187,19,116,153,147,19,132,170,170,15,95,119,
157,147,68,117,167,89,149,144,57,34,97,153,109,
18,76,135,84,167,157,
102,31,11,78,75,708,170,130,317,21,138,147,90,96,148,181,
59,118,161,3,87,95,11,19,167,178,111,149,103,
20,106,125,156,107,181,152,161,165,31,39,51,
190,41,174,11,189,88,47,173,52,123,64,74,89,101,170,
117,142,135,115,172,68,3,158,40,
104,60,
36,59,118,13,64,40,52,149,125,191,780,
149,84,161,189,
21,191,62,153,160,56,133,15,151,42,135,6,127,88,102,145,18,93,
180,125,15,170,44,160,27,186,161,19,15,12,
2,60,176,33,70,32,91,43,13,19,83,163,158,135,153,
46,162,137,10,129,102,
185,78,107,16,
157,14,103,152,156,107,
189,181,10,8,24,75,10,7,51,175,54,152,109,26,167,129,71,168,7,135,
16,41,127,83,
155,18,88,174,75,16,91,113,185,54,
67,153,114,
38,59,90,67,176,32,
30,145,140,148,158,161,176,72,45,50,93,54,24,67,5,
2,183,19,
40,631,
123,173,142,
73,182,84,89,164,0,127,188,15,138,173,
107,13,43,185,104,127,143,
64,91,39,147,131,3,104,3,87,79,159,161,168,109,11,74,81,39,135,
78,151,185,78,143,43,38,115,113,39,45,55,60,1,
153,21,14,27,173,170,191,67,142,29,
131,64,60,121,
68,56,189,23,78,79,
167,180,27,151,185,172,145,120,113,126,177,121,111,52,125,130,149,70,159,22,189,113,134,45,54,161,41,58,14,138,99,176,43,
117,181,157,136,112,
180,155,75,172,86,141,155,61,172,
19,2,2,83,67,149,173,79,145,
108,41,5,18,67,142,58,0,40,163,125,60,176,143,115,129,21,148,115,176,11,166,11,81,84,124,
10,37,4,34,1,58,170,135,174,57,8,147,163,188,103,8,61,
4,84,171,91,71,107,166,127,7,96,178,
39,95,78,
87,59,112,120,84,162,
188,73,143,32,61,143,185,129,169,121,87,1,133,
138,167,147,
184,147,25,
188,92,84,49,123,130,37,12,24,29,36,126,135,
13,2,118,64,178,13,138,
189,73,140,160,152,
33,115,41,157,72,156,38,41,
150,13,14,167,29,118,148,136,134,115,142,186,
171,95,151,4,122,143,67,171,147,46,10,56,114,84,157,24,31,145,8,29,98,
118,164,103,151,27,84,86,80,102,
36,
135,14,55,111,130,154,158,65,90,114,183,161,88,65,
91,180,85,43,4,118,39,140,127,179,
56,45,
56,171,913,163,86,
85,135,124,155,90,108,179,
38,95,116,8,43,39,109,179,44,174,
172,160,37,59,164,25,2,106,18,126,158,50,103,
46,27,171,39,7,
92,161,55,16,117,146,70,59,97,91,10,139,161,111,
160,154,3,189,48,150,41,
135,21,100,36,67,40,18,81,168,43,85,117,82,190,
135,129,147,
25,167,631,147,130,23,46,87,
122,182,84,0,65,164,66,111,25,103,156,173,
176,92,93,93,111,138,167,
3,67,160,177,149,9,37,76,21,69,188,172,140,99,104,64,
1,14,
16,172,15,17,71,4,128,161,2,74,155,3,103,
58,10,149,19,60,120,132,123,150,
146,97,142,75,176,20,162,97,137,13,111,133,
59,95,151,145,110,157,38,118,162,128,19,2,26,
179,130,85,61,176,60,
189,50,45,2,23,114,
96,4,118,124,
15,103,93,75,89,132,159,
145,59,14,13,11,86,104,162,103,
183,631,171,24,116,68,45,153,
780,693,104,187,18,127,54,100,81,121,70,24,11,105,61,111,36,
93,170,176,123,76,159,70,29,51,9,139,146,
39,64,11,45,135,
75,102,189,180,54,74,188,179,112,95,164,161,155,167,
184,186,167,7,18,160,90,32,97,
15,913,95,69,169,61,71,83,
41,93,163,159,91,0,190,20,5,154,6,108,67,3,122,141,68,143,178,
157,33,59,132,120,190,62,150,159,171,132,147,19,44,79,
68,76,151,118,141,85,127,157,131,99,79,149,1,152,129,27,34,38,
64,61,182,36,85,72,171,161,29,187,33,87,
149,167,151,130,122,185,23,187,113,103,68,101,113,45,
49,16,84,128,
142,112,153,150,19,187,78,
97,156,146,14,118,61,7,112,66,84,124,53,49,16,19,38,155,99,71,116,184,
17,16,45,169,88,182,116,118,86,
128,90,161,149,127,154,32,
95,81,693,39,27,44,124,161,83,
186,116,81,13,45,76,168,25,122,149,98,
11,30,780,23,176,
631,52,7,177,183,26,708,21,22,115,25,101,40,
173,74,16,100,
60,155,104,165,186,
2,16,140,149,50,137,158,176,
2,27,108,109,154,93,76,79,162,119,86,61,145,
29,150,171,64,
65,135,85,110,101,152,122,40,0,97,
17,3,76,47,157,37,12,141,108,69,54,65,159,85,140,175,72,180,
9,142,122,144,141,3,49,143,7,115,154,82,149,146,
112,97,178,49,56,87,142,5,179,86,
70,92,41,2,7,141,160,
129,26,12,172,
41,8,27,167,16,99,70,188,171,79,8,123,166,70,
113,130,158,75,101,149,6,59,83,126,164,
75,161,86,124,
8,41,
163,156,164,152,40,113,52,145,1,44,85,101,104,
154,161,12,125,115,160,102,128,159,185,174,55,103,34,138,
62,184,78,123,2,116,141,176,
147,182,45,155,135,67,151,89,22,125,140,138,28,84,
188,41,75,10,53,
56,21,20,60,160,68,168,97,6,51,10,72,84,182,101,148,
118,59,189,59,84,139,77,96,22,130,3,
14,97,167,103,58,150,11,153,145,0,1,176,185,157,155,72,122,
85,68,51,187,65,119,23,146,179,166,186,
149,68,3,128,
67,15,135,153,16,154,176,
115,117,130,
68,191,117,
145,21,163,
45,149,84,
25,172,
8,171,70,
161,84,149,95,
141,116,70,
44,180,15,80,
34,10,68,
130,25,149,
86,180,118,
182,57,43,
166,101,85,
122,155,186,70,
27,95,68,
57,37,80,108,151,140,132,95,32,155,5,110,163,
154,67,7,
97,56,
176,167,167,
121,140,
71,4,
170,10,151,118,
177,3,
57,10,36,
55,169,7,
68,59,27,168,61,181,
18,156,21,
179,38,112,
162,145,87,
189,118,15,149,155,
37,188,57,
45,186,147,
102,118,46,
123,116,41,93,
60,131,
13,172,36,186,
52,112,631,163,188,
113,163,
4,913,151,
40,112,
52,181,143,
47,62,
78,146,149,
80,44,70,
84,143,18,
110,140,95,
83,113,147,50,
151,147,
76,3,143,
186,181,35,
134,134,166,
25,84,
154,183,
60,134,2,
172,117,3,152,
78,78,183,
89,147,
43,17,38,
126,188,82,
146,93,117,
123,143,190,58,
67,147,19,
7,104,158,
158,113,25,
66,122,97,40,
30,161,15,
176,62,14,
159,17,
11,64,145,14,
142,45,67,
3,64,117,
118,150,17,70,
7,46,84,
170,83,30,
134,150,67,
121,117,84,167,
44,95,158,38,
124,151,96,
58,12,150,163,
122,183,41,
163,84,56,
185,116,149,
42,84,
119,7,85,
108,85,85,
86,112,17,
59,113,18,
102,66,118,
73,95,168,
141,68,62,117,
180,15,91,
45,17,30,
161,92,89,
170,102,153,
125,151,166,
100,135,164,
113,155,78,
31,183,167,
181,20,
54,0,155,
145,19,155,
110,7,59,103,
83,161,26,
65,17,135,
132,15,172,149,
171,0,64,148,
185,188,152,
164,73,117,
80,15,118,
19,142,157,
128,151,49,
176,67,2,
119,116,2,83,
149,116,156,132,59,78,2,
167,112,55,
130,118,
71,97,164,
173,156,122,
123,188,
191,114,
14,135,158,
119,15,36,
143,78,116,
118,81,
30,161,23,
75,167,
2,59,62,
83,2,
56,68,
88,190,112,
89,26,11,
74,114,173,
136,86,117,
29,188,153,
86,145,
19,180,97,
24,81,30,
101,151,161,
190,106,148,135,
22,147,116,
133,117,21,
113,143,167,
61,188,132,179,
75,146,113,95,135,
10,46,
176,146,108,0,0,179,
107,81,4,
24,68,188,
75,155,93,
162,156,
149,113,58,
8,10,41,
95,59,
88,18,21,170,
105,151,41,
27,41,46,
137,26,146,
149,186,84,59,134,
18,184,68,
6,21,113,
135,39,147,
50,8,12,
101,116,
84,56,97,
133,
162,146,156,
117,92,
118,89,13,97,
142,
107,4,
104,145,156,
189,162,68,
130,70,143,
53,188,97,
8,38,37,
167,150,
1,163,78,
78,142,62,
127,73,128,
55,147,92,
135,64,188,
68,146,41,
58,14,182,
101,163,190,
116,62,97,
61,10,78,
50,2,146,
161,16,142,
18,26,172,
16,67,97,
180,167,17,
164,122,113,
98,186,171,
109,36,1,
38,114,5,
163,41,10,2,
152,148,
90,102,146,184,152,85,
156,122,33,
59,172,68,
81,143,135,
99,167,79,
111,81,
95,93,55,
168,186,
156,186,166,
38,155,78,
77,82,39,
187,142,70,
153,2,67,
127,183,68,
10,166,171,
74,116,156,
25,78,186,
32,101,128,
148,56,79,171,
135,146,
117,188,86,
10,118,
97,146,0,
71,155,183,67,
78,188,158,
186,150,60,
70,41,51,122,
159,191,151,
83,151,16,
183,104,
90,913,
21,108,
17,4,43,
135,189,1,
99,3,
29,93,
56,112,181,
3,70,59,
61,188,180,
124,108,95,
134,12,10,
78,84,68,
31,160,67,
103,16,145,
1,12,26,
33,112,171,
3,118,104,147,
156,140,
142,146,132,
72,56,33,64,110,
88,135,
160,70,162,
40,
182,17,167,
54,61,162,
30,11,118,117,170,
99,41,97,
72,169,14,38,
143,693,188,
19,58,146,59,
23,149,25,30,
140,111,
138,154,13,
54,142,10,
125,173,147,
158,134,162,
162,59,
2,189,172,
10,92,56,
157,17,159,
1,68,188,134,
101,56,113,
49,112,97,
80,809,
167,18,75,
111,780,92,
74,190,
70,2,
148,106,108,
124,75,97,
87,70,
67,84,41,
82,142,159,
136,0,150,
31,20,1,
1,8,101,
79,68,
43,78,
112,75,
14,173,1,
163,156,58,
20,158,103,
124,10,146,
121,36,188,
38,97,913,68,
91,64,104,38,
67,38,154,71,
86,152,
113,149,
38,93,72,
69,3,17,
3,43,
170,190,129,
53,161,16,
45,183,39,
158,2,25,
152,189,68,
137,173,2,
179,85,91,
104,163,12,
12,188,180,
143,107,41,
174,38,154,
153,43,183,
120,167,
44,163,157,
81,95,32,
181,111,189,
150,62,58,
9,15,158,
93,21,84,
60,179,93,
155,16,143,
187,79,85,
34,15,157,
172,180,86,
149,9,170,
111,80,146,
79,37,157,
13,130,
153,157,
132,57,99,67,
130,81,83,
27,180,114,
186,184,
122,39,95,
91,41,15,
174,190,146,
154,79,188,
159,92,167,
89,51,157,
145,167,39,
47,18,188,
114,143,189,
9,93,76,
136,16,117,
45,143,78,
50,161,131,83,
132,58,159,
135,2,
0,65,147,
82,104,
8,173,0,
164,84,172,
60,58,78,
91,2,95,
27,2,118,
27,167,152,68,
83,86,
5,129,62,
159,15,148,
19,59,
88,155,17,
167,176,59,
0,14,73,
15,180,21,
61,97,81,
5,57,55,
53,90,80,
162,79,16,
56,151,
129,68,13,110,
124,85,142,
104,93,151,
118,143,67,
87,188,
146,86,67,
11,59,108,
70,93,780,
82,135,
62,68,76,
47,17,142,
12,154,
160,21,172,184,
118,138,
124,
165,20,191,
141,9,130,
180,84,
166,108,41,
112,125,117,
100,173,143,
13,103,146,36,
89,190,161,
30,191,148,
123,143,
83,67,
111,167,
107,20,101,157,
165,15,
79,41,68,
11,108,89,
181,170,68,
109,2,23,
84,118,108,
22,118,167,
147,10,157,157,
82,77,126,
165,90,
65,161,153,
129,189,140,
141,180,142,
104,107,78,
11,190,39,
38,81,33,
114,18,171,
51,148,93,
62,67,157,21,
45,167,
113,15,149,
80,160,90,164,
152,67,156,184,35,81,103,181,57,27,189,20,133,42,21,10,53,153,172,15,50,185,65,20,86,157,
145,129,30,
27,153,
102,21,
74,16,64,
120,58,188,
56,147,
141,188,
73,173,188,
40,151,66,
36,188,
168,56,93,
159,64,95,
40,95,36,117,
0,122,160,
61,112,26,
159,157,
174,188,155,
10,161,
136,90,
39,45,46,
107,156,
144,84,
149,157,19,
119,129,
34,84,
155,75,
71,189,90,
55,78,
71,181,
81,143,
102,183,
76,68,61,
158,2,30,
178,13,112,
43,91,151,
109,38,
126,113,
145,2,62,
121,67,131,132,
3,16,17,
170,83,90,
189,156,
59,92,149,
161,163,45,
149,140,
165,16,
40,163,
139,92,
109,161,
132,161,157,142,
122,90,172,14,
32,147,
145,93,104,
103,154,
125,112,
31,102,171,
139,84,93,
141,106,
20,56,146,
144,8,
126,8,
91,155,92,
135,10,
163,57,101,7,
138,118,70,
109,157,
178,159,4,59,
191,153,
108,2,
139,140,118,
176,30,11,
54,167,30,
43,2,90,
117,93,172,
133,146,188,
168,67,155,
37,172,154,
39,20,99,
182,73,
33,188,64,
41,33,160,
165,132,60,
157,182,18,
96,102,
85,163,
51,20,56,
89,
28,85,147,
32,38,103,
130,142,
43,61,
22,103,
151,
72,79,
87,25,64,
178,32,41,
8,148,
186,13,693,
105,84,
84,93,149,
87,170,
62,183,
147,161,
23,147,68,
138,131,
142,146,
72,17,62,
15,73,
35,114,
57,162,
10,10,62,
158,117,159,
58,167,129,
43,135,
25,134,
87,23,116,
95,16,
127,16,107,
116,61,
75,151,
140,147,189,
81,154,108,
123,101,
131,95,
155,180,57,
138,176,73,
127,
24,171,183,
