177,116,18,106,38,163,148,85,64,144,26,85,105,70,
41,136,
179,96,25,76,66,118,158,77,
105,190,185,69,180,144,16,115,84,136,33,137,99,47,186,87,40,177,56,187,
148,53,86,112,135,166,48,148,73,181,
78,9,42,168,89,48,189,64,37,147,150,91,45,155,190,120,145,135,130,167,103,24,112,113,171,83,183,
93,148,4,82,171,186,99,4,
94,116,47,149,56,120,160,37,
84,146,14,115,102,69,124,186,164,10,85,91,18,186,114,27,
167,67,113,131,163,146,31,177,37,110,23,59,186,53,59,122,61,68,27,
103,91,186,60,66,166,171,127,142,175,63,73,76,49,76,
24,4,110,120,96,
74,129,136,30,60,3,157,161,118,21,
186,89,9,103,134,155,40,67,159,105,108,134,54,48,187,156,92,46,176,
112,154,
82,125,13,104,
70,105,177,170,36,
190,105,98,16,93,121,98,
6,161,144,28,
126,41,120,65,
32,57,100,47,129,
178,6,99,79,65,
79,178,139,123,189,127,86,
166,101,81,85,139,15,149,
152,182,147,175,85,37,182,68,88,99,112,
80,105,124,131,55,146,50,57,123,190,163,136,48,143,148,28,24,97,2,75,182,162,19,92,36,
185,132,73,111,18,3,19,
78,104,68,
102,75,163,78,110,135,137,29,144,
55,154,142,7,92,47,80,23,145,84,35,
105,176,157,178,29,7,112,155,136,70,41,45,
89,144,130,33,24,104,
82,129,93,148,
80,135,146,6,108,64,18,77,112,191,84,182,
105,181,42,188,171,
18,165,126,109,5,65,106,132,101,137,43,
125,82,88,94,
6,78,141,119,24,80,5,82,145,118,54,126,175,
120,31,8,110,81,36,154,91,98,140,143,10,
21,106,27,26,11,117,15,126,183,145,33,
88,152,
18,80,56,69,43,107,101,10,
41,71,22,130,176,145,3,39,59,134,
43,105,178,121,15,42,8,153,92,133,110,
139,86,31,110,13,
130,138,16,176,64,83,157,
60,103,6,86,77,52,43,89,119,186,17,74,40,60,104,120,124,108,120,173,7,
186,60,50,190,112,182,109,
64,151,80,129,74,152,85,22,52,99,111,177,139,
57,74,50,39,119,1,79,78,169,96,113,
134,158,62,177,10,114,
171,103,43,135,11,
96,38,2,100,15,55,141,180,175,111,18,65,
80,180,71,47,61,82,131,67,90,
144,147,6,41,7,31,118,149,85,49,75,10,28,181,53,191,
15,44,85,72,142,107,
114,107,85,114,134,144,134,78,17,113,107,84,108,
96,102,66,
191,60,148,
152,179,64,28,
138,16,103,94,101,153,100,95,
144,107,107,46,89,
12,65,66,8,51,27,48,12,100,44,177,183,99,
175,71,170,112,50,
82,29,148,143,105,20,92,
137,85,86,13,
105,6,80,47,138,65,107,122,94,183,
10,9,128,28,178,141,48,168,132,101,33,31,117,73,
157,50,183,47,26,88,117,68,141,188,54,
21,107,74,
169,179,75,136,94,
42,2,165,131,63,65,47,44,
127,37,70,20,172,24,115,91,
95,115,129,72,95,94,138,181,34,13,128,
153,98,43,38,137,
165,99,40,109,10,
88,151,108,123,124,163,3,
189,131,118,
82,75,54,92,13,151,57,128,168,24,21,
63,115,133,102,83,136,180,121,35,9,
44,14,16,
145,174,17,50,66,
128,186,17,22,10,77,117,62,79,
18,36,135,148,
188,4,8,28,135,180,74,143,111,159,163,102,176,93,9,182,68,135,142,39,95,110,61,139,38,43,157,8,116,95,178,84,178,
133,159,164,8,153,118,184,9,142,47,110,5,14,42,124,105,148,113,143,141,67,169,58,117,8,
22,17,3,69,36,131,17,48,86,
170,157,186,2,4,169,103,120,98,148,124,5,171,58,186,134,9,
95,161,123,28,
163,181,43,75,169,98,11,41,58,
31,23,73,30,149,3,136,139,10,115,108,
164,33,165,49,66,169,162,
136,190,183,151,38,
51,105,12,
100,32,62,79,85,80,121,31,33,142,96,
67,10,148,186,34,37,
96,166,86,167,69,184,170,179,
189,47,115,80,
94,56,98,184,155,9,
160,154,187,94,73,57,
2,96,12,42,75,107,23,2,
145,100,37,62,41,
37,103,12,28,136,97,167,44,85,32,170,127,94,
82,57,164,169,116,74,
136,21,41,181,17,173,92,166,
91,74,143,4,183,103,65,20,111,31,34,85,
64,122,55,44,3,
162,2,164,83,
30,115,83,153,156,31,126,82,178,39,122,
148,85,133,82,34,27,17,0,124,191,18,85,70,
59,183,119,11,
74,166,91,4,128,101,45,17,98,41,35,102,
24,142,82,
69,84,92,33,84,6,67,130,17,144,129,72,60,55,96,
161,42,134,35,114,134,99,74,10,184,
57,68,82,7,
170,25,38,
42,128,138,101,134,105,159,177,
28,148,33,191,134,58,109,
127,12,171,67,4,60,30,164,
91,115,80,131,
107,17,127,0,
5,33,133,92,16,67,154,17,57,45,
170,175,33,165,145,90,103,118,178,181,170,44,37,160,137,55,
38,171,110,174,82,3,188,162,63,58,88,149,
78,17,102,20,2,141,2,41,
82,30,80,111,
125,110,180,123,167,169,118,3,
178,10,21,105,182,10,40,143,
22,41,148,29,107,
123,9,79,122,115,72,88,127,79,172,
7,8,23,47,65,52,
54,157,10,164,
8,3,116,178,75,
165,164,147,155,61,178,164,117,
66,14,120,
112,105,103,66,105,48,
65,148,3,183,107,158,40,96,
81,162,120,2,112,141,170,120,123,161,119,
190,174,124,186,133,147,172,136,
173,174,132,178,141,189,89,
105,67,51,177,169,138,41,165,158,134,
151,89,9,115,58,125,
188,50,157,142,
27,161,78,90,44,118,
118,157,91,88,5,121,94,189,112,
6,46,105,58,
36,176,22,18,
146,100,87,32,
72,182,16,159,90,62,36,60,190,120,148,65,25,9,128,36,38,47,69,32,40,113,106,143,166,
178,54,17,36,91,4,21,188,73,
40,186,10,91,154,49,127,72,158,165,
154,5,169,159,112,109,
186,189,185,118,94,2,75,101,80,37,11,46,55,118,128,106,57,70,110,157,190,70,182,40,67,
68,88,174,132,
176,133,0,34,148,66,87,14,105,63,69,129,18,16,186,140,58,129,
165,105,26,
3,31,17,81,6,65,52,152,47,
25,50,69,182,170,179,43,
131,111,107,126,91,13,166,33,58,53,42,20,189,
17,80,111,128,20,145,7,35,
119,29,81,150,63,67,165,52,35,32,122,19,50,44,160,163,59,149,
42,43,95,170,144,60,134,18,
116,148,73,187,151,101,165,85,99,63,160,2,106,177,165,64,172,165,84,
113,103,160,37,148,82,65,105,65,29,87,49,142,
50,149,5,55,145,158,19,51,57,60,68,42,4,110,175,119,25,177,168,51,
39,157,7,107,37,81,
158,40,149,33,105,89,
115,106,31,160,105,35,156,111,189,69,91,154,26,
172,69,4,66,63,159,2,37,60,
42,92,104,112,46,27,47,32,178,159,
2,43,188,151,72,42,151,182,186,62,73,50,109,82,160,
149,63,94,144,87,31,122,
183,133,120,59,113,
63,132,48,103,187,56,136,129,
1,165,186,36,
99,67,12,67,115,74,138,
8,11,73,142,
127,20,20,120,
65,72,148,99,22,167,91,
53,145,1,49,99,186,80,32,
14,46,44,83,112,66,148,
72,65,68,103,123,1,88,106,2,155,
67,105,33,168,
82,113,134,86,78,
177,163,4,183,
103,161,10,11,63,
33,69,166,5,157,69,91,
161,89,81,
161,187,53,75,164,154,6,25,98,86,117,170,184,
118,115,56,21,
118,27,6,111,104,189,57,
46,42,6,99,148,
172,169,71,158,
40,69,128,47,2,142,188,59,137,159,177,99,165,9,30,173,31,
68,27,
41,63,30,74,75,168,117,74,121,171,105,167,144,126,145,94,129,91,157,127,
17,148,60,172,177,52,
147,13,92,43,49,126,94,4,165,167,130,129,116,178,142,108,
141,81,56,164,26,86,128,127,54,78,
107,47,148,144,
181,163,105,148,41,103,129,
177,130,180,138,148,181,31,177,179,105,40,112,94,17,149,191,
31,4,82,23,
55,96,138,165,106,156,12,88,174,154,158,75,64,106,94,70,54,159,146,135,
21,10,3,89,6,136,75,118,157,138,
128,141,82,118,47,
21,103,178,68,10,
120,124,62,140,17,
63,106,4,
84,143,182,
31,107,136,
66,71,179,145,
73,63,10,148,27,36,79,5,
159,73,127,98,189,42,152,
88,172,145,147,91,23,168,84,177,34,86,46,153,55,105,148,155,35,87,190,125,118,111,113,
23,135,7,
43,18,97,117,164,90,
13,172,130,149,85,148,18,95,20,58,168,69,74,7,71,139,
142,59,8,87,183,139,68,172,179,96,
109,186,8,134,122,48,
65,17,18,50,87,125,89,20,94,51,
74,134,
151,134,82,47,
106,131,21,63,
40,60,115,81,35,114,
153,88,30,116,33,98,49,173,109,152,65,138,148,172,78,
55,69,128,
27,118,167,
1,97,185,3,37,93,
178,170,43,165,136,27,62,8,42,123,
4,147,172,160,177,143,4,
3,45,41,181,91,49,10,72,
3,76,107,155,113,50,63,65,60,32,148,125,64,
138,99,130,130,122,94,57,31,9,182,120,83,102,188,
163,119,177,84,33,38,141,
73,124,159,93,82,128,140,103,63,23,87,183,10,
105,82,158,112,123,183,170,83,168,
121,2,118,109,171,
117,4,157,165,96,75,30,
151,87,64,92,136,110,59,2,
117,21,41,90,57,128,176,165,
174,148,12,75,174,82,52,84,97,
128,172,65,131,101,35,80,90,2,61,78,53,84,27,73,97,86,119,7,83,122,72,
122,2,69,22,40,
78,130,27,186,174,101,153,135,172,82,
2,40,30,122,28,25,187,45,98,106,111,118,159,
97,151,1,85,97,129,128,103,170,178,118,162,161,43,6,173,
177,174,115,
111,2,156,158,126,103,
94,107,177,77,170,169,
60,60,127,180,
75,161,112,84,41,109,188,169,67,87,
70,111,137,191,172,164,148,
50,2,67,30,28,188,164,132,145,39,68,142,28,134,
134,27,191,114,161,173,54,153,74,82,151,147,106,
171,86,108,53,138,41,38,3,83,162,127,71,59,17,130,40,176,30,17,168,117,
46,108,58,89,6,
37,65,43,181,
164,69,17,
30,27,50,37,127,
179,142,16,77,
44,64,156,
84,85,87,163,
137,75,70,31,135,142,63,51,109,176,40,105,40,145,55,46,114,155,
187,186,63,42,186,89,
115,138,7,173,95,118,131,74,154,149,
76,114,179,122,63,
47,72,37,42,13,99,102,107,73,2,
68,137,30,
130,85,89,147,41,106,180,
177,17,134,133,185,
85,180,37,148,4,20,169,
47,151,7,93,94,109,189,142,93,42,105,
111,152,82,59,118,36,70,34,157,165,
158,60,182,164,91,115,161,189,
122,37,30,54,
44,27,81,
37,152,47,92,2,145,39,110,58,140,57,78,150,
17,101,1,98,138,164,34,96,
154,77,85,161,14,98,30,115,
35,23,74,84,15,77,
145,170,56,53,15,62,117,85,124,16,50,79,78,3,41,
6,3,174,151,178,24,38,
166,159,120,7,178,
23,134,114,33,125,91,4,103,55,164,128,35,36,75,173,
3,21,1,8,19,143,94,
71,100,74,186,68,180,13,172,
156,174,75,115,111,79,44,166,132,
188,124,
73,148,86,16,160,120,
157,122,103,67,39,118,138,133,60,100,108,188,6,116,188,179,
27,68,73,21,43,92,
10,84,21,29,28,40,97,165,25,113,45,18,115,120,
87,65,15,75,144,42,65,86,132,167,4,
118,9,64,182,170,26,161,159,186,74,69,
118,163,49,162,160,29,19,48,169,97,125,
75,110,81,87,2,130,57,94,74,168,7,
107,27,17,31,25,175,131,191,39,122,144,95,38,184,47,22,
70,55,27,127,175,2,
71,16,13,26,85,158,
83,85,151,54,
59,142,116,
132,191,185,65,52,
164,158,54,103,181,92,83,
177,40,51,43,40,53,122,12,
107,92,18,21,57,
44,15,12,177,116,3,60,77,
39,136,30,
170,109,97,13,10,25,92,138,70,82,103,139,
126,87,149,18,119,13,6,126,186,84,131,164,182,
110,51,50,120,154,87,24,142,32,167,
67,157,186,148,142,176,109,100,99,73,77,80,50,
69,95,53,172,25,164,123,20,85,149,122,163,
48,63,118,
51,50,53,45,100,110,93,39,177,1,160,
146,55,100,
86,60,158,122,96,21,14,134,149,148,73,139,170,127,137,177,161,157,
85,145,13,154,80,118,163,165,171,16,166,108,91,
139,142,98,166,47,163,133,
31,177,138,120,89,133,146,48,166,
87,117,146,123,88,149,84,113,145,165,141,154,
57,37,117,72,
34,176,102,
180,63,71,126,177,60,
16,89,138,95,
135,100,20,161,64,
133,180,161,7,99,43,43,
148,191,75,30,175,14,30,86,20,88,187,30,107,80,148,166,
182,72,2,118,152,116,189,152,7,84,134,43,131,61,183,178,10,
160,136,132,123,169,80,11,161,142,185,159,103,119,169,24,73,0,30,149,139,47,77,167,166,73,51,188,176,47,119,144,64,70,24,81,77,37,73,152,26,27,169,172,45,154,166,86,40,97,135,52,156,51,
135,16,148,23,120,160,48,98,78,
158,102,86,172,
172,70,144,123,10,170,163,167,153,
16,189,179,176,135,5,24,89,101,164,4,73,84,
131,153,110,99,14,170,
142,54,168,182,126,161,73,172,122,140,59,130,168,149,169,44,191,1,86,24,100,26,94,37,137,109,75,36,110,186,
169,118,105,161,154,172,52,170,
179,130,169,132,152,153,
180,93,57,154,188,169,125,189,184,156,85,133,80,48,82,109,
30,2,158,54,73,68,
92,16,102,26,18,31,14,66,110,43,187,136,
144,87,42,178,181,64,
52,26,3,108,169,7,
149,13,116,107,18,10,183,
134,151,133,182,9,63,168,
148,93,28,3,82,99,65,100,22,
168,88,114,168,141,109,186,44,162,
73,36,2,141,99,10,40,52,149,
58,6,37,
174,174,100,38,138,128,6,173,189,156,49,177,168,
12,12,85,65,143,100,
110,16,37,112,9,86,75,108,154,175,142,125,142,25,47,
133,157,18,177,139,139,103,176,169,98,5,1,
45,38,3,2,189,
60,3,157,160,191,174,147,
135,188,181,114,137,98,39,4,91,191,121,130,106,
157,33,6,105,73,41,167,
129,37,176,40,49,53,172,48,95,112,82,
127,191,159,150,141,32,96,41,
130,69,138,79,17,
85,4,169,114,84,83,12,38,
191,80,48,70,99,40,132,124,183,
166,37,103,147,103,136,
186,170,140,115,189,94,160,84,41,25,126,84,93,189,
168,9,101,22,116,46,159,52,166,168,16,35,128,67,13,134,
110,94,167,16,57,69,38,6,188,179,175,44,159,0,92,
186,2,146,67,79,
1,91,93,72,65,
90,141,161,49,127,41,43,43,27,
68,164,123,17,114,72,167,130,162,166,21,78,57,
75,55,80,36,5,110,63,117,21,
7,17,148,166,134,55,133,
17,152,78,68,89,107,14,102,159,65,135,120,89,145,55,
17,157,19,178,55,66,177,107,22,90,74,178,151,
64,85,130,88,111,
161,118,6,43,38,54,130,95,120,135,140,
80,69,136,128,91,65,22,19,91,50,17,167,55,189,
24,34,127,89,37,
75,118,101,186,187,
111,185,91,96,127,80,
92,55,32,164,186,115,133,133,80,5,16,52,
103,133,102,166,37,
65,113,37,153,110,12,
37,16,122,94,148,166,
176,130,117,29,36,
98,17,153,163,135,
75,82,47,143,56,137,7,171,100,20,26,94,117,191,82,33,148,156,16,170,185,102,19,149,86,182,43,8,137,
148,43,72,89,73,65,137,
79,156,130,107,
99,10,116,178,63,107,178,131,82,173,147,165,60,65,191,114,80,118,141,
181,177,144,144,0,
85,97,161,117,184,64,34,128,115,178,
39,71,50,169,
56,118,85,147,11,141,75,84,64,107,79,18,130,54,177,83,164,94,123,
29,71,176,91,105,22,154,173,148,82,
35,161,40,17,60,105,119,95,32,8,
148,177,37,113,7,67,4,
124,190,148,
134,9,86,182,88,42,173,88,176,7,
178,30,173,144,18,25,50,85,63,
135,80,171,8,75,16,17,18,47,110,126,76,
89,78,104,48,159,21,161,144,77,55,16,
186,84,65,167,67,71,39,1,101,160,128,
102,56,84,188,41,5,134,184,96,17,158,11,
138,55,18,143,97,128,25,164,179,105,20,43,126,21,170,
44,60,8,82,
86,171,75,172,75,
69,176,115,40,11,33,59,113,118,
73,185,143,15,
65,178,128,110,52,112,16,105,
120,69,66,31,183,137,186,17,166,126,161,
159,40,65,60,118,12,178,40,42,77,187,126,55,14,36,166,167,123,14,172,
77,186,3,179,
36,135,72,111,115,70,80,
15,166,87,21,
16,130,71,44,86,8,119,
101,9,16,152,48,42,115,75,166,115,
24,66,16,165,66,134,
154,138,40,172,55,115,122,
11,101,8,128,24,20,179,
166,33,68,148,131,6,27,148,
103,10,127,21,72,100,111,
18,177,178,42,
170,170,81,118,49,141,126,36,5,9,89,
4,95,87,24,93,91,4,116,
176,67,89,168,116,57,125,
107,99,51,13,63,156,65,94,93,79,
81,75,20,44,115,175,
141,170,1,168,66,164,
0,107,110,
182,9,158,94,86,
13,147,126,137,
172,127,129,128,142,135,75,133,
12,143,121,122,31,42,30,22,4,24,117,26,148,174,0,77,2,127,135,2,168,
64,55,139,183,188,5,
4,50,31,63,85,163,4,117,142,52,187,40,122,148,
2,53,128,121,11,78,28,150,162,32,123,2,
25,137,186,147,113,185,73,178,72,138,10,115,110,2,22,
162,38,80,68,
54,152,83,82,178,188,92,30,133,161,88,55,
66,112,103,138,176,12,124,96,173,69,141,24,161,
67,75,101,96,99,126,5,88,
68,142,152,58,
94,147,157,48,99,3,105,86,140,84,
40,128,105,122,178,132,
108,85,157,52,186,185,116,48,
52,64,4,22,132,
7,162,55,128,129,39,110,150,120,140,36,152,
183,91,6,73,132,167,136,145,162,58,
9,151,170,42,10,116,104,101,55,123,37,134,182,168,14,
43,26,163,99,161,39,168,127,57,177,16,153,
167,183,
147,99,134,56,84,
142,113,110,55,147,
154,58,29,15,112,160,127,145,
26,165,71,45,138,
128,144,60,42,52,55,151,159,154,23,136,130,
100,115,116,145,146,183,46,71,29,
140,7,140,
38,121,45,103,177,170,
102,170,55,92,101,47,140,1,34,
27,166,42,70,30,
129,188,97,111,
11,69,33,59,
85,1,91,137,122,15,189,15,34,46,164,15,116,79,154,148,177,130,
164,161,43,
101,61,10,128,67,11,168,58,63,186,74,
10,178,182,170,103,73,8,78,
130,191,39,78,13,188,64,189,44,157,166,
28,63,10,65,89,144,104,95,54,50,87,116,104,
159,102,168,152,154,
161,129,27,0,162,70,85,42,66,133,175,103,165,80,
63,119,100,99,191,28,134,75,114,149,43,33,
152,159,116,148,
74,82,71,
100,44,174,59,166,65,154,135,51,103,71,5,
19,142,80,160,191,17,132,119,80,121,3,138,75,15,73,128,67,140,3,
91,15,118,127,
10,99,69,73,118,158,67,62,73,98,157,
98,130,154,49,22,39,10,139,47,72,
138,66,174,42,17,179,157,154,139,
1,37,85,137,134,50,
122,138,152,16,86,43,76,4,5,
160,128,94,60,173,115,137,73,8,125,115,186,150,77,143,
26,1,177,52,92,122,165,32,91,
136,80,39,105,169,31,39,
111,16,183,131,103,10,110,9,122,104,112,119,12,189,
103,177,33,164,113,170,143,53,55,88,160,138,156,112,97,17,
20,81,62,13,127,13,167,127,78,138,135,
104,118,111,99,78,116,180,
181,182,164,136,84,3,
17,3,114,136,130,92,
114,116,168,110,140,88,30,38,76,125,51,164,
62,2,134,114,31,178,
127,12,79,107,96,
3,77,74,125,
106,134,187,
10,111,33,167,185,
115,85,59,139,118,26,40,81,177,125,
3,145,172,65,
160,10,28,118,156,113,75,
10,21,103,54,67,76,73,12,
71,41,29,39,80,66,175,168,29,150,
188,47,135,135,40,2,53,130,187,151,129,105,
47,59,55,32,40,110,107,30,
1,57,141,58,103,143,176,26,91,3,65,23,158,10,66,142,54,34,74,
116,169,153,44,106,48,62,149,28,81,152,8,4,59,100,
53,148,169,2,69,51,38,180,144,
7,105,182,57,60,
123,105,159,95,
37,172,129,24,110,67,
122,157,167,123,107,111,78,49,154,160,104,26,
43,75,37,73,63,90,96,138,171,89,
33,153,10,164,105,158,89,70,
91,178,29,1,32,112,71,127,120,185,41,3,
99,47,104,46,
132,87,
34,1,91,
158,30,111,134,
38,85,6,
84,181,94,55,35,
66,172,24,
80,99,53,111,
57,138,82,
149,38,166,119,
109,121,154,
118,75,27,115,170,
33,21,100,10,11,
128,186,
49,113,53,
132,156,
177,64,44,
115,10,158,127,92,
32,92,
95,16,4,35,
94,138,41,160,
164,56,141,
10,182,160,3,
178,188,17,166,
166,156,74,
128,85,95,
75,23,8,
170,172,161,105,
17,74,5,
5,92,73,
120,7,81,
174,78,68,
8,10,135,44,35,
81,166,3,
8,16,109,12,
182,10,181,
3,44,185,88,
149,158,69,
167,159,147,
116,188,104,176,
184,133,94,144,
95,188,42,
34,17,95,67,85,
120,91,127,170,73,
168,50,71,
99,161,53,
17,22,120,103,
183,78,115,105,15,
131,80,22,109,
11,102,
130,177,98,128,183,
100,138,146,
50,178,
40,164,177,159,165,
183,177,64,105,12,
123,87,56,69,125,68,
160,2,170,
112,111,105,
86,16,128,22,
141,90,10,
167,65,41,172,
143,3,73,84,
62,128,145,
72,3,128,57,
172,154,121,
98,94,
53,103,167,129,
29,118,113,
144,184,172,48,
71,100,
89,151,186,
169,125,53,164,85,
161,43,158,
125,115,
175,70,152,
118,128,144,125,
54,122,141,
7,144,115,75,
148,29,4,
79,73,56,
140,120,
32,2,91,14,
14,159,32,164,
58,151,154,
129,176,41,32,
57,176,
4,178,85,4,
32,127,26,35,
127,103,123,111,
175,81,
47,135,98,139,
91,85,158,
89,170,176,
58,176,38,133,183,
134,1,102,109,24,
85,169,152,
104,42,89,28,
174,60,145,
65,126,186,
137,68,153,
112,14,175,
59,69,151,
115,30,151,
144,177,
108,88,31,147,
88,38,134,
12,10,127,
101,17,
74,75,99,
189,118,158,
138,99,26,
31,120,62,
127,154,171,
183,111,149,
115,63,101,183,
112,81,152,
96,127,17,
31,40,91,96,
45,26,105,
162,183,
86,82,87,
188,138,
170,169,94,120,
83,130,
109,153,165,131,
113,72,
143,91,120,
142,50,188,
96,117,31,100,24,
42,87,187,
48,135,
77,128,94,154,
38,53,72,136,
189,186,16,
145,183,154,
65,1,87,
6,183,166,
110,37,135,
157,21,130,86,
141,173,99,
39,41,130,
51,107,137,
55,7,
88,67,68,
155,137,72,
134,41,105,50,
92,107,17,69,
114,137,134,
36,73,1,
132,173,40,
172,3,86,
63,103,178,38,
69,120,13,18,
178,97,
124,120,191,
103,181,170,
73,47,157,178,
15,91,73,
36,75,23,
92,147,
137,160,
117,133,87,
163,139,69,
43,18,25,
47,3,128,
1,
84,16,80,
49,3,174,
11,171,163,
59,111,47,167,
106,115,
60,44,158,
140,161,37,
20,127,85,
73,10,43,
50,1,186,
28,37,6,
85,64,71,
151,17,97,83,
185,177,186,
13,131,95,
164,40,14,
83,162,164,129,
119,16,35,
16,92,85,
113,57,3,
152,54,122,
188,157,
168,75,43,174,
2,172,78,47,
139,133,188,64,
191,144,177,
132,183,
63,101,76,
110,75,
6,97,157,
24,11,
135,55,36,
48,109,22,
171,93,127,
108,114,
95,69,138,
27,84,148,
25,2,
164,85,114,
75,163,21,
98,120,135,
143,4,12,
130,161,
187,92,106,
46,137,100,
186,77,187,
60,35,42,
28,2,50,
51,65,114,50,
181,37,95,
67,186,
22,65,168,
171,105,121,
126,111,135,
104,89,82,
145,55,87,
92,82,27,
165,42,111,
45,51,5,
185,1,10,
19,185,118,
10,161,134,
164,127,70,
168,12,105,
77,160,179,
0,181,148,
183,65,191,
34,111,24,
82,73,170,
184,161,161,
129,63,181,
48,108,186,
109,168,
89,158,187,
64,144,135,
32,146,53,
57,160,32,
169,85,
179,157,11,
139,64,170,
149,73,115,
43,147,148,
150,71,37,
136,128,
143,178,160,
74,1,
167,10,157,
94,3,110,
41,78,181,
28,160,152,
98,133,190,
52,73,17,
141,163,87,
161,90,97,
83,128,105,
157,10,111,
154,55,87,
49,103,122,
189,111,45,
163,172,88,
159,128,110,
76,135,103,
100,63,12,
20,82,
78,37,10,
37,30,1,
147,152,60,
59,41,171,
8,7,133,
182,25,134,
16,43,122,
93,107,1,
4,93,148,
111,129,115,
110,111,7,
2,12,70,
13,82,170,
49,118,
41,163,
111,64,88,
176,134,
58,163,68,
79,123,128,
39,136,98,
76,103,
108,60,171,
