46,114,148,108,59,23,42,150,
123,80,20,130,73,169,55,91,133,8,182,31,60,101,
75,103,153,
73,126,99,106,
161,129,0,162,70,42,20,175,
47,88,93,94,109,142,188,53,105,
51,110,80,175,92,122,179,29,138,171,81,109,39,180,
188,107,144,38,88,3,148,
94,47,56,120,131,
75,161,135,84,41,109,
39,59,62,50,2,159,8,40,180,68,37,13,26,106,80,8,95,117,67,51,119,
55,96,138,165,138,156,106,12,88,174,154,161,138,
188,39,47,131,
34,48,100,55,188,38,31,
97,162,133,160,182,85,134,90,45,13,27,
14,163,73,24,60,37,
132,181,110,131,3,
102,81,157,11,30,125,50,106,87,88,73,75,60,
186,189,85,118,94,2,150,101,80,37,11,46,55,118,185,65,57,70,110,190,70,182,40,67,
174,47,38,
157,50,183,26,88,
25,185,162,40,40,116,119,
68,25,34,50,82,72,73,18,37,
79,122,61,6,139,123,185,
38,171,110,174,
15,105,55,170,
157,122,103,67,39,118,133,60,100,108,161,149,
158,50,117,148,32,187,103,100,28,85,96,185,31,189,74,15,
148,190,19,28,48,
188,4,8,28,135,180,74,143,111,159,163,102,176,93,9,182,68,135,142,39,95,
129,43,138,
98,55,65,135,9,151,
149,45,41,118,17,189,82,190,102,
131,94,12,188,
105,190,185,95,180,129,144,16,71,15,185,84,136,185,137,99,47,
31,177,138,120,
167,53,30,115,163,25,37,71,65,8,81,
86,60,47,73,153,21,14,134,149,148,49,
113,105,50,37,185,
159,30,145,127,8,13,170,
191,88,50,37,15,23,89,88,80,65,108,23,28,
16,63,39,120,20,140,89,101,164,43,
53,138,77,98,42,71,
70,82,56,85,34,175,42,10,89,188,103,
179,55,2,4,76,163,41,108,20,74,100,155,
20,153,85,47,55,
186,95,46,134,155,57,67,159,
54,177,47,82,178,34,92,85,
26,80,96,118,
100,106,85,80,121,
153,88,17,
139,137,162,13,46,138,
64,164,137,54,183,112,90,12,
49,128,143,190,64,59,161,57,34,87,85,100,15,108,139,112,163,167,11,
38,74,7,14,61,48,
113,148,90,103,43,157,
69,84,181,33,84,6,45,130,
63,55,136,
125,9,99,102,53,31,77,177,48,84,
108,82,115,144,
31,107,174,106,
175,128,130,118,8,43,177,167,102,24,173,6,160,18,108,100,
142,17,159,53,179,
81,26,51,162,141,2,182,141,170,92,
90,54,99,147,103,101,113,113,138,80,64,164,119,
83,145,188,42,26,102,170,165,184,97,115,
169,116,148,
137,75,139,31,135,142,63,106,109,176,131,105,40,145,
157,177,24,50,121,130,116,59,18,19,85,59,
37,37,113,12,180,
30,163,156,52,47,180,135,145,132,27,
17,149,80,68,89,107,182,93,20,
41,63,61,44,75,168,117,
57,186,155,
114,180,174,46,88,34,
191,62,121,94,
182,72,2,72,118,152,36,189,152,
36,57,185,106,127,57,155,182,167,183,15,53,
88,44,17,172,99,69,47,112,
8,7,154,
116,148,73,187,151,101,165,85,99,146,63,137,160,2,106,82,52,177,11,64,172,165,138,
180,152,84,31,17,41,117,167,37,106,37,
46,72,122,
41,10,179,14,114,122,125,7,179,
144,137,146,148,2,85,136,9,183,189,188,7,
120,145,115,17,180,127,57,114,122,145,54,
53,154,184,31,26,175,136,102,60,66,
130,85,88,147,
106,122,0,145,88,180,
23,187,2,40,90,
173,160,27,175,56,47,180,105,
85,43,153,54,
52,167,34,176,
11,10,74,127,59,93,54,66,154,33,158,
100,26,130,128,106,174,182,133,34,168,171,
161,175,134,
106,41,172,36,137,50,100,35,119,112,37,
12,64,103,129,103,50,31,96,186,133,178,
19,64,92,118,177,153,148,126,129,174,40,69,
81,80,138,121,
165,25,10,43,114,
121,115,158,188,106,131,163,153,162,114,131,191,63,
185,186,36,9,165,102,120,25,105,145,172,21,11,46,152,
148,47,133,158,180,
103,24,33,164,113,170,143,52,70,55,88,160,138,53,
147,14,135,181,49,48,128,94,185,165,24,130,70,
115,125,108,59,139,121,88,26,40,122,129,
72,62,68,84,66,92,138,140,
161,53,75,129,154,6,98,
78,9,42,168,89,48,39,64,37,147,150,91,45,155,190,120,137,135,130,167,24,112,
93,50,154,107,37,98,176,17,
118,163,159,26,135,98,34,41,169,
129,70,12,136,105,144,115,12,
135,160,186,23,52,118,94,66,169,129,
145,120,170,3,83,15,62,117,178,64,85,124,16,50,79,90,
17,14,186,7,153,62,88,114,43,51,107,
187,138,110,174,56,164,177,152,
48,25,103,32,22,75,82,
56,39,139,153,52,51,166,99,78,166,12,120,176,
73,124,143,14,172,33,128,140,18,63,
10,99,66,41,118,116,
90,139,62,73,117,
164,89,0,163,
48,145,188,147,148,116,
172,97,129,146,142,15,
32,41,12,158,48,66,
110,51,167,16,57,69,38,6,179,
12,143,121,122,31,42,77,22,4,24,117,26,148,174,0,77,2,174,
98,181,172,94,62,159,
115,120,74,
131,132,153,99,
150,37,69,186,13,77,89,87,81,40,86,129,154,42,147,7,102,157,46,
43,1,3,
66,39,27,176,12,46,
46,13,135,183,
24,178,145,185,6,153,78,40,109,75,60,25,19,38,165,145,165,20,127,113,75,88,13,135,23,
34,180,49,98,178,26,104,41,120,10,168,139,123,68,109,
26,144,4,126,34,100,5,132,4,128,
12,135,66,131,51,56,48,64,
133,157,22,92,100,141,103,176,169,12,
145,48,30,61,36,20,34,115,
131,10,88,35,68,136,145,86,31,121,100,12,86,190,22,137,116,
141,182,137,
63,186,89,59,122,16,44,153,118,12,159,177,49,19,173,22,123,165,46,
144,173,78,11,
157,128,80,85,102,191,84,35,16,112,
180,164,175,51,129,152,148,23,
4,136,164,179,114,126,14,36,40,120,150,
13,139,34,46,187,24,52,19,51,184,23,189,95,175,
24,63,128,118,177,160,14,
97,12,110,103,118,34,
77,24,150,37,43,147,129,9,145,85,104,18,125,53,105,4,133,
14,190,147,17,88,146,12,20,172,
3,104,98,75,34,
102,75,59,78,113,98,135,181,44,
17,180,19,71,178,16,66,107,61,
64,145,99,93,36,49,183,109,
1,59,58,43,143,176,91,98,65,23,
153,85,88,12,105,136,
43,2,154,184,16,129,27,129,154,18,69,165,94,
159,128,39,60,118,12,178,40,148,77,
12,177,28,25,37,
41,32,31,16,18,10,150,130,191,127,145,106,91,90,158,149,45,160,117,71,
63,24,133,102,79,173,136,161,121,
130,159,174,
0,135,
113,90,102,186,81,135,44,
37,27,64,175,
3,156,145,127,51,41,4,127,
21,50,129,26,10,11,117,
152,98,167,39,75,180,93,95,187,180,132,186,
154,25,8,43,93,31,171,
55,55,2,120,106,123,156,99,98,0,69,78,122,129,20,
22,137,48,41,36,
65,45,50,98,186,119,6,57,12,94,97,68,176,20,
85,1,49,157,122,15,189,15,97,34,46,183,77,116,79,103,154,75,130,
135,189,24,26,166,147,118,12,77,113,127,87,181,146,98,124,69,84,
168,81,98,159,116,46,136,
80,51,124,131,55,50,123,190,163,136,48,143,39,28,24,2,75,
29,161,167,
129,159,180,
63,119,116,99,191,28,134,59,120,188,
165,149,71,84,108,127,47,33,2,69,
95,146,105,39,
174,104,12,75,174,114,46,130,52,
120,85,11,63,103,
103,120,85,12,190,55,75,136,137,19,104,116,
73,86,39,127,114,170,55,
64,12,74,46,88,37,140,124,
158,8,28,24,
26,110,30,94,76,92,166,190,179,
167,39,36,182,
153,75,135,181,98,
88,141,128,131,87,94,99,12,115,130,188,12,
129,99,150,19,83,112,
88,7,135,103,161,117,148,138,153,
4,177,62,26,91,3,
6,78,188,141,119,80,5,82,145,
113,103,160,
177,116,175,48,47,141,184,85,
19,157,160,191,17,132,119,80,121,3,63,138,66,137,128,164,140,
125,71,115,164,27,109,
105,153,71,177,169,
89,78,164,6,191,48,159,172,164,144,63,69,55,136,
82,116,60,8,48,121,3,167,169,17,
84,165,146,14,115,189,69,124,31,10,85,91,91,18,
163,106,39,144,164,179,154,127,30,49,117,
26,53,39,9,154,81,153,27,92,189,138,146,11,55,
91,74,66,4,183,
138,27,90,81,187,77,138,87,90,139,81,110,116,
44,38,63,37,181,96,88,
37,27,152,39,170,5,164,191,
153,88,30,116,33,98,109,
106,19,9,65,
19,177,181,159,65,46,170,103,
186,170,140,63,94,160,41,126,38,
137,43,155,78,65,176,22,129,139,0,42,160,
181,19,186,40,4,114,175,69,170,107,56,181,147,
160,136,132,123,169,80,11,161,142,185,159,103,119,169,24,73,0,30,149,139,47,77,167,166,73,51,188,176,47,97,144,64,70,24,81,77,37,73,152,26,27,169,172,45,154,166,
52,33,92,79,56,
53,30,188,
92,11,55,104,177,
8,11,11,82,59,73,158,142,
103,97,34,171,
181,163,11,153,132,155,143,50,
98,173,118,168,126,136,79,78,141,
36,88,165,56,166,8,166,2,96,
119,68,65,67,49,106,146,74,56,124,38,173,90,
135,153,31,75,86,98,97,88,100,
51,80,134,163,80,
14,80,137,
10,84,181,131,40,99,120,
65,90,31,128,19,137,52,
121,173,6,131,81,
67,72,22,159,107,139,59,112,95,75,36,56,57,114,126,78,187,104,119,74,165,183,
130,191,27,128,13,188,46,64,67,189,
43,157,55,39,135,172,101,17,
36,114,141,4,108,159,83,153,104,27,
172,187,43,15,58,62,163,57,16,
130,100,157,177,33,12,50,96,109,
12,153,14,
133,156,40,23,57,86,147,119,85,11,156,117,56,76,114,166,
78,37,128,68,85,67,56,79,68,15,98,106,144,30,55,48,
96,26,12,166,53,167,106,
90,65,136,185,80,67,160,37,190,9,110,9,
47,142,153,42,86,54,63,182,177,148,23,174,20,
98,3,29,
56,160,160,
11,99,69,120,130,71,93,8,102,130,68,27,191,30,25,86,
122,79,114,47,
52,116,135,83,107,132,
40,23,8,115,
122,138,167,11,
23,139,125,91,4,103,164,
165,89,36,108,
128,144,50,52,163,
161,126,129,43,38,164,29,
84,155,180,144,173,128,87,174,163,135,8,72,144,14,
173,158,2,63,180,121,7,29,144,34,18,35,
3,43,107,155,132,50,63,65,60,
172,89,73,160,88,68,122,127,164,98,138,77,
112,148,27,4,34,77,35,126,29,128,111,
31,23,84,157,102,
55,43,55,26,13,176,66,63,26,26,12,
43,105,175,126,137,121,15,42,120,
49,86,119,32,173,
118,182,159,26,126,159,186,
164,4,100,40,134,180,137,37,58,162,47,26,
163,121,156,51,128,181,
146,2,116,
170,85,33,165,145,90,103,130,141,170,
94,147,135,43,99,
104,87,154,129,174,164,151,77,165,73,159,184,156,181,57,102,92,36,90,
68,34,172,11,66,41,120,
61,145,177,79,41,
38,75,188,16,144,
100,136,174,59,34,106,154,173,82,131,51,66,175,70,71,
4,50,181,31,26,85,163,
52,13,119,
2,40,36,122,23,138,
190,131,57,
30,92,95,53,153,156,31,126,
120,16,185,1,96,164,
136,126,128,10,7,74,63,99,53,168,86,
106,100,31,31,172,167,169,182,51,115,96,
66,68,19,173,105,91,32,109,
66,10,53,44,112,78,169,83,187,
129,142,77,176,49,50,172,48,128,43,
156,133,107,3,85,107,59,20,44,83,17,43,163,149,55,30,138,32,
62,72,90,171,164,61,191,104,
110,72,26,
48,16,156,177,15,34,49,7,157,
20,43,161,23,24,26,
136,100,144,153,111,89,
20,141,123,134,83,16,33,169,92,108,131,172,70,10,
143,170,73,99,
129,72,96,82,69,63,21,102,166,104,10,161,128,52,44,189,161,77,177,172,
141,81,56,
146,136,172,164,73,137,184,173,95,144,
182,26,47,81,141,154,111,55,62,
106,161,43,127,139,153,82,106,175,102,167,146,
99,101,125,10,
34,54,68,3,21,
19,106,13,65,
23,133,43,24,85,71,173,44,149,161,180,
70,129,120,169,156,156,
116,169,153,157,10,48,62,149,48,
120,103,152,34,154,60,123,40,130,159,
161,57,63,42,
67,157,186,148,109,100,119,73,
40,174,128,150,2,142,188,27,181,137,159,13,9,
56,188,85,67,187,141,75,84,64,107,119,18,130,
176,133,80,137,148,66,87,105,91,34,63,69,129,
184,168,177,146,
83,71,24,99,45,51,
97,172,135,
167,97,143,131,163,146,31,53,37,29,23,186,47,
59,11,134,75,129,175,50,16,
190,103,75,88,167,148,94,67,
110,16,37,112,187,9,86,75,108,154,132,
33,73,152,187,126,
160,175,90,56,135,113,32,75,
77,135,150,59,
43,23,99,18,39,106,127,57,
107,156,188,128,98,138,
171,86,103,53,138,41,38,3,83,162,11,71,17,130,40,176,30,17,168,107,
79,63,52,98,183,121,
92,108,133,30,141,51,19,96,27,23,180,
15,93,12,104,159,158,
142,54,168,182,126,161,73,172,122,140,59,130,168,169,44,191,1,47,100,26,94,127,137,109,75,
107,156,171,8,35,161,36,31,58,26,73,97,
172,72,89,120,25,42,121,132,143,106,74,24,145,
142,155,8,
154,163,85,161,53,43,98,159,
12,80,97,15,120,63,32,110,122,65,170,23,181,78,88,129,
178,10,105,25,
188,6,30,83,68,56,93,124,93,113,139,80,
164,89,62,64,150,127,160,
60,140,6,86,120,52,43,89,119,82,74,102,
183,106,85,189,
82,142,106,
177,138,125,61,142,31,177,179,105,
92,157,102,52,
97,85,167,37,60,80,39,85,162,127,187,4,107,166,
42,92,1,161,
88,135,39,14,85,36,150,165,
34,169,118,70,55,31,51,13,114,118,103,52,
104,67,103,15,
148,89,112,46,46,144,179,11,50,104,178,39,
59,1,67,102,74,39,99,
118,169,6,13,155,177,28,1,18,187,66,109,149,82,172,171,45,78,134,150,42,33,12,163,127,164,145,81,
178,85,145,64,128,58,
127,11,
69,135,89,11,8,47,44,44,22,84,31,
40,186,10,80,
0,106,187,55,26,
144,147,7,159,156,31,6,84,85,49,129,128,
148,88,159,169,21,
6,175,126,89,31,79,90,117,144,183,121,72,
148,11,75,30,175,113,30,12,20,88,
9,26,106,144,42,10,116,104,101,121,123,
154,31,11,
88,172,11,145,147,191,23,140,84,177,34,86,153,181,153,55,105,148,155,52,
138,55,88,26,156,18,45,19,138,
126,98,43,118,135,135,73,161,141,180,83,100,62,120,
59,63,46,116,
167,149,87,159,106,50,122,
182,97,100,167,
174,174,100,38,31,128,150,173,
169,38,
23,12,47,22,13,
153,24,172,24,106,83,83,72,173,139,131,67,117,20,102,150,7,145,86,105,36,65,74,47,
75,82,47,143,56,137,7,171,100,20,26,94,117,191,82,33,148,152,16,170,185,102,149,86,177,43,8,137,
134,164,7,7,97,114,161,173,54,153,51,28,90,151,
53,142,167,47,36,
135,156,188,69,126,0,114,137,46,39,4,91,191,
7,144,169,173,134,48,136,107,22,126,153,
89,172,148,70,140,17,94,165,
164,19,85,161,17,132,
80,135,39,6,108,64,18,
144,82,26,
138,55,157,77,
181,85,160,140,37,159,191,
28,148,33,191,134,158,
75,10,67,190,85,38,
85,149,158,2,97,134,120,178,20,33,168,
189,84,131,22,135,37,92,21,46,116,27,51,111,15,182,170,81,146,120,160,
137,64,164,176,114,14,48,
11,116,92,185,58,135,163,173,122,165,36,
74,136,172,91,128,13,45,31,
64,19,80,
141,92,26,46,36,187,81,177,81,10,
187,94,67,160,
108,72,46,92,69,36,82,24,98,
127,167,8,165,188,104,186,118,4,13,66,103,157,190,154,123,71,97,3,36,73,163,
10,9,136,28,41,178,165,48,20,168,132,101,155,
180,190,54,120,114,35,103,123,173,39,81,58,68,101,
173,66,100,40,56,
159,118,63,168,142,167,127,150,130,129,98,107,
188,63,34,
37,180,93,43,
140,88,22,88,25,1,119,66,53,146,70,69,76,23,
146,135,26,14,
96,38,2,100,120,55,141,180,175,
107,67,181,37,90,86,63,76,93,17,49,118,
57,161,50,27,120,39,119,36,79,78,169,190,81,
31,131,41,172,154,31,158,135,180,106,47,12,34,134,
181,181,88,149,90,156,98,10,119,90,12,61,135,102,
90,6,107,174,
94,26,89,116,190,87,191,
50,158,191,55,145,158,19,93,57,60,68,42,4,110,13,119,
94,177,65,123,187,
160,19,
82,128,155,151,101,70,92,129,74,9,44,108,150,60,144,
43,92,168,85,
50,129,49,177,102,128,68,123,59,61,56,
128,159,136,180,100,88,166,130,66,143,24,0,178,147,
13,172,130,149,85,148,18,95,
53,148,167,
156,104,48,164,144,47,69,135,76,116,107,
33,153,85,
112,88,67,49,71,58,49,
50,113,157,167,111,144,21,12,148,27,96,1,130,181,135,
73,123,40,90,13,69,155,175,179,24,152,
71,23,17,83,
68,164,105,17,
71,125,112,105,105,163,120,28,53,
106,111,55,100,162,
80,90,128,91,65,12,19,191,50,14,
170,157,186,2,4,169,103,120,98,148,124,5,171,143,15,
137,116,19,80,
10,37,4,94,1,163,135,174,57,8,127,103,113,44,108,110,72,119,16,9,135,94,170,172,176,91,2,167,81,40,86,109,59,88,40,21,
55,99,160,189,0,17,
37,78,14,44,136,22,167,44,88,
101,9,16,178,152,180,
18,165,126,109,5,106,173,177,
114,107,133,114,134,36,78,41,
55,15,92,29,73,7,101,
112,106,
93,11,188,31,120,113,
82,100,108,12,82,
152,37,134,
72,182,110,159,90,62,108,36,190,120,62,65,25,129,128,36,
160,41,141,56,118,15,125,
138,99,130,130,53,122,94,129,31,
8,40,128,123,39,6,84,50,109,188,52,185,40,87,74,
99,10,116,90,63,107,178,55,131,
168,8,88,175,112,9,43,184,42,
68,26,119,69,132,85,177,78,59,
149,54,167,140,184,85,174,72,32,137,156,98,157,
77,182,138,138,7,
18,157,80,56,157,22,102,
109,125,64,153,32,173,66,
138,72,103,
39,78,28,138,139,16,65,96,180,66,167,148,73,80,16,134,
188,47,135,135,40,2,53,48,130,187,92,151,
180,31,34,128,
1,185,85,
24,103,29,118,108,
62,67,72,67,
102,56,188,41,29,5,175,184,
133,159,97,8,185,118,77,9,142,47,110,5,14,42,124,105,148,113,141,
141,50,69,7,79,145,88,170,160,163,184,98,157,133,
30,159,122,77,116,115,94,92,
11,163,0,28,190,184,63,6,88,133,26,57,187,100,144,105,122,181,50,59,12,
33,69,165,52,157,130,
98,135,153,149,134,68,
177,157,12,53,187,
24,172,42,89,37,42,25,15,160,147,157,83,185,66,
27,40,66,59,140,11,135,87,
95,71,67,150,186,30,26,34,
186,12,113,167,92,
187,33,13,23,69,137,72,
26,0,99,124,
82,149,75,54,184,
103,12,158,
180,93,57,154,188,169,152,128,189,184,80,
160,41,60,173,173,55,181,187,73,8,125,170,
185,147,8,105,133,1,110,79,
80,70,8,3,17,172,32,26,157,57,48,20,8,40,90,176,81,40,178,115,
51,3,106,100,110,
31,93,125,123,3,3,136,
85,145,13,154,181,144,17,165,
128,157,65,84,35,80,26,90,81,61,82,78,53,142,126,27,73,78,180,9,119,7,
155,73,22,36,181,57,142,154,
31,131,34,167,140,58,69,159,65,101,175,164,
142,73,147,129,128,168,123,177,80,82,
2,85,188,173,144,42,151,182,11,43,165,73,146,
14,38,4,
81,168,46,189,150,
119,29,133,150,63,67,165,52,35,32,122,19,50,
114,122,110,
105,68,150,77,113,95,5,31,88,
177,136,129,4,147,29,54,163,5,93,94,126,68,50,19,95,19,
103,88,79,113,160,
107,7,17,25,
23,191,46,
47,173,69,59,175,70,
126,19,86,149,18,136,119,67,6,6,
41,68,180,160,3,96,26,64,
22,189,133,155,64,134,69,6,176,
7,144,162,55,128,
46,174,101,186,34,125,63,
159,120,144,31,57,123,154,90,
72,187,46,
23,31,92,
27,57,26,38,138,
85,164,186,156,170,23,165,68,125,179,54,155,102,157,
157,48,19,186,46,138,25,92,151,155,170,18,180,
25,167,24,137,68,147,113,177,185,165,73,154,48,121,
7,8,17,88,134,154,135,
111,189,112,
38,119,169,
15,191,160,
190,180,26,
178,101,80,
90,23,104,
51,13,
164,187,125,120,103,31,
22,67,37,131,
166,161,36,
159,19,181,
118,160,175,97,
92,72,81,188,
17,89,120,164,142,
71,127,95,
183,64,46,
59,8,63,47,52,
115,167,30,
120,172,4,12,
143,167,181,
37,77,181,37,191,50,68,
55,34,34,7,
129,137,59,55,
161,157,55,
190,105,14,
178,54,17,
139,23,
121,9,25,
101,37,31,
111,182,136,
103,133,120,48,
72,6,182,
37,101,90,
101,99,82,
118,24,157,
11,171,27,
150,4,174,105,
175,100,161,
140,27,181,60,
58,107,112,
98,65,154,
175,59,180,
49,189,112,50,
39,157,
86,107,135,
154,7,26,155,
98,102,1,62,53,
125,41,85,
27,37,125,92,
18,68,43,
8,36,160,
60,3,157,160,
75,3,80,102,
87,167,104,
36,107,72,94,
66,55,100,
165,83,147,185,
140,31,
101,90,10,
69,187,88,135,
56,173,181,50,
16,39,48,157,59,
45,65,41,
134,22,63,152,
124,64,
152,182,120,
12,148,77,11,
67,190,130,
107,99,159,
18,43,73,
34,176,95,46,
69,176,108,43,
163,11,11,
26,68,107,20,
144,108,38,
28,39,134,71,12,
120,189,43,126,10,
51,12,
108,165,157,
173,63,
164,156,90,
15,48,85,
10,141,116,
139,49,90,137,
177,25,130,
106,78,55,73,
73,102,2,
130,170,
42,43,70,168,47,
60,97,123,
122,115,41,
94,98,88,36,
17,85,82,55,
126,26,128,
170,170,157,81,
57,159,67,
13,50,74,40,
77,12,12,
52,128,59,
148,53,86,
130,120,138,
177,92,24,
134,97,86,31,
28,63,10,65,
15,36,172,
116,10,131,63,
31,4,180,
27,30,130,173,
46,130,66,
43,75,37,113,
109,83,34,
35,173,
25,11,178,
178,12,148,
12,130,82,
41,118,22,
81,128,167,57,
99,26,55,64,
123,142,94,
138,55,2,
48,38,125,
22,23,18,
98,152,108,
0,164,137,
124,135,26,
16,145,38,
113,188,93,
31,74,105,154,
3,188,31,
191,181,37,
110,51,50,
130,56,
46,185,19,
29,55,177,24,
127,120,159,
1,50,42,
92,186,26,
177,75,18,
49,107,
173,11,119,
104,148,62,
172,106,129,
87,94,84,75,
84,75,
99,88,105,
179,73,142,
44,41,23,
16,172,17,
76,26,
122,2,11,
30,26,102,
88,190,191,
38,186,34,174,
54,90,180,
69,140,55,
174,12,19,
67,90,62,
105,176,11,153,178,
186,86,157,
182,123,
62,98,182,126,98,
11,148,
66,72,135,
158,11,121,
127,159,142,
96,50,44,
102,104,92,
176,52,56,
168,41,100,85,
123,9,79,
24,73,158,
65,153,19,
169,118,105,
184,82,53,
170,73,160,159,
151,188,134,
62,164,4,
171,100,154,
155,179,10,
9,40,128,
86,11,126,
84,125,135,
132,164,30,
80,180,188,137,
117,21,163,41,
96,130,
2,96,12,
97,83,134,
61,50,17,
96,41,36,37,
149,13,116,
40,173,120,
130,69,138,
157,150,
152,180,101,
120,31,68,
182,17,106,
68,98,180,
135,80,88,
163,141,
86,136,
174,187,90,
117,158,41,
65,3,106,
159,15,89,
161,23,107,
9,90,98,
53,103,96,
79,103,145,
115,80,83,
3,31,41,
52,88,103,
11,102,2,
92,54,82,
7,41,
123,159,50,
189,183,26,55,
122,157,55,
86,171,75,
45,69,138,
157,127,33,113,
174,100,40,
43,77,20,
134,39,98,
160,24,
75,110,87,
78,12,102,
91,135,
87,135,99,131,
189,149,85,
18,77,13,
66,17,24,
44,102,113,
70,147,100,
11,186,8,
173,174,109,
183,64,91,
7,55,77,
126,7,30,
157,43,141,
37,106,39,
59,157,77,
98,153,107,
99,87,129,
85,4,70,
146,
91,176,84,
8,75,159,
159,118,120,
163,14,4,
51,34,83,
179,26,41,
26,41,
92,43,20,
71,100,41,
39,188,163,
152,185,73,
40,25,19,
175,37,106,
69,19,150,
116,25,59,
162,81,97,
20,17,14,
180,157,92,
19,138,157,
114,120,165,
48,12,78,
102,149,18,
125,160,46,
95,13,
122,30,63,
47,167,165,
185,24,113,
141,126,6,
12,55,
115,145,106,
165,63,67,
167,110,52,
36,11,22,
75,160,142,
45,83,
90,145,134,
172,14,20,
128,129,144,
166,97,
140,89,16,
27,37,36,
42,53,46,
136,31,103,
64,41,
109,75,130,
32,160,109,
101,55,46,
21,34,148,
88,37,114,
87,88,27,
29,102,98,
