127,12,98,67,
49,118,82,148,112,2,23,3,
85,88,186,156,170,23,165,41,125,179,54,155,102,157,
123,9,79,122,115,72,88,
164,165,33,55,49,66,168,
14,181,17,22,
115,59,139,121,26,40,177,
113,70,102,186,81,6,
101,10,128,67,11,168,
16,130,71,44,
188,6,30,115,81,68,56,81,124,93,113,139,80,163,38,76,118,
6,88,146,54,
22,17,81,69,12,4,
32,160,109,113,113,84,10,6,
167,67,143,131,163,146,31,177,37,29,23,188,186,144,59,122,61,68,
172,69,24,63,19,55,37,60,
133,180,161,56,99,
33,36,48,120,51,93,170,17,
53,30,30,188,105,127,48,
21,103,178,85,10,
28,63,10,65,89,144,104,143,17,54,50,
15,85,17,
105,190,185,69,180,144,16,84,136,185,137,99,47,186,87,40,74,56,187,
169,89,122,146,144,182,141,
84,165,146,14,115,102,69,124,186,10,85,91,91,18,186,
159,46,157,38,78,17,95,
6,78,188,141,119,24,80,5,82,145,118,54,70,126,175,107,
10,84,21,131,40,97,134,25,45,18,
94,129,184,
67,102,
87,167,146,123,88,150,149,84,
169,118,105,161,154,
1,129,42,
2,40,30,122,28,138,187,45,98,106,111,
130,85,147,41,
138,55,88,26,156,18,45,143,97,128,25,164,179,105,20,
94,8,123,139,191,132,88,
165,25,10,9,114,186,101,0,115,169,
71,127,42,99,9,54,
78,9,42,168,89,48,39,64,37,147,150,91,45,155,190,120,137,135,130,167,103,24,112,113,171,83,183,
182,72,2,72,118,152,179,189,152,109,6,84,134,43,158,
53,148,167,2,69,51,
73,158,156,148,
147,136,181,49,48,94,185,165,24,130,129,116,178,
10,37,4,94,1,163,135,174,57,8,28,127,103,113,16,44,108,110,72,119,16,9,135,94,170,172,176,91,2,167,81,40,86,109,59,88,40,21,142,
69,84,181,33,84,6,45,130,17,144,129,72,48,
28,148,33,191,134,58,
154,138,144,40,
141,170,1,168,169,
131,10,35,68,136,145,86,150,121,100,12,86,190,50,137,160,116,187,
186,170,140,63,189,94,160,41,25,126,84,
138,66,174,9,17,179,157,154,
181,105,186,40,4,114,175,69,170,38,56,97,77,147,90,84,156,103,35,
81,26,51,162,120,2,141,170,120,123,
148,53,86,112,135,
134,39,98,46,9,
140,102,120,
30,92,95,53,153,156,31,126,82,178,
147,160,167,112,22,
171,86,103,53,138,41,38,3,83,162,71,17,130,40,176,30,17,168,39,
134,25,10,184,170,23,
110,16,37,112,187,9,86,75,108,154,132,168,26,142,125,142,
55,48,44,32,70,
172,127,129,128,142,
130,191,78,13,188,77,64,67,189,44,102,166,
103,10,145,158,21,72,
57,133,117,
24,63,91,118,18,160,177,54,129,135,180,137,
32,41,158,158,48,158,32,143,55,137,111,
102,115,130,
52,116,101,4,83,107,132,144,
148,47,133,158,34,49,17,
190,105,113,16,14,121,98,
123,142,94,158,132,
91,24,101,
65,17,18,50,87,
177,25,37,52,105,79,145,154,
98,40,118,56,177,30,5,73,165,
67,190,130,156,20,136,163,54,160,
131,94,12,9,133,
85,1,153,122,15,189,15,34,46,15,116,79,154,177,130,
159,118,63,168,72,168,167,150,9,129,109,107,62,41,22,112,149,70,
130,160,170,137,118,
37,12,44,136,97,167,44,32,
105,176,157,153,178,29,35,
85,43,153,54,39,53,191,18,116,30,126,63,21,
145,120,170,56,53,15,62,117,178,43,85,124,16,50,79,90,175,3,104,
85,145,13,154,80,144,163,165,171,
74,136,101,91,4,128,13,45,180,41,35,48,
10,9,136,28,41,178,165,48,168,132,101,31,32,73,
9,26,151,144,42,10,116,104,101,71,123,37,134,182,168,14,
74,157,147,153,173,157,
68,172,11,189,41,120,60,138,122,
26,1,177,14,52,
51,175,110,80,175,92,122,179,29,138,137,171,81,109,165,59,
182,25,57,9,
24,103,29,118,108,24,9,144,54,129,
39,157,7,107,26,
78,17,102,70,
129,142,176,40,49,172,48,95,112,190,
66,39,103,138,176,12,124,96,143,69,141,
27,57,26,32,38,135,32,
13,172,130,149,85,148,18,95,20,77,107,101,7,71,
92,63,102,18,31,14,
190,139,191,167,148,73,67,11,12,136,36,
42,2,71,
72,6,182,14,
41,68,160,3,96,26,64,177,78,127,159,100,11,133,
15,37,159,173,
144,157,107,
75,55,80,
120,66,44,183,137,159,
174,174,100,38,138,128,6,173,189,21,156,72,177,
47,142,53,42,86,54,63,92,177,148,14,107,30,
96,166,86,167,106,170,179,
119,29,133,150,63,67,165,52,35,32,122,19,50,44,160,163,
120,129,62,33,123,45,62,
156,174,75,115,111,149,
127,120,41,20,172,24,
107,99,159,63,156,
161,134,114,134,
138,157,68,
178,10,21,105,25,48,10,
159,40,65,60,118,12,178,40,42,77,187,126,
110,51,167,16,57,69,38,6,188,179,175,
100,174,59,56,154,131,51,71,5,
165,147,155,168,60,178,164,117,
167,53,30,115,163,25,37,71,65,8,143,140,
86,171,75,113,44,75,
157,33,113,105,
44,38,63,37,181,96,88,55,18,101,172,25,
9,40,128,132,85,138,118,186,67,
33,69,165,5,157,40,
183,163,41,43,155,
9,24,
179,96,138,
129,137,6,116,15,17,120,73,1,118,54,
151,87,64,92,
91,74,143,4,183,103,
98,154,49,22,71,139,164,70,72,
47,88,7,93,94,109,189,142,93,42,105,
133,159,41,8,185,118,184,9,142,47,110,5,14,42,124,105,148,113,143,141,67,
18,80,56,157,22,44,107,101,10,
75,4,89,59,
91,176,84,175,137,181,
165,149,71,84,136,108,66,116,33,2,69,88,156,36,
134,9,86,182,88,42,
161,129,27,0,162,70,85,42,188,133,175,136,
164,89,62,177,150,127,160,144,181,79,87,146,
74,63,105,133,110,
42,43,70,170,47,6,
31,4,180,82,15,
27,21,102,11,188,
146,23,26,6,42,153,
60,103,6,86,120,52,43,89,119,186,17,74,68,104,120,124,120,173,
23,133,43,24,85,84,71,173,149,161,17,106,127,135,60,
191,60,85,94,
144,147,6,159,156,31,6,149,85,49,75,10,28,
54,60,47,82,178,153,92,6,85,133,161,71,
57,186,182,116,105,21,44,72,
188,107,144,38,161,49,3,148,74,177,170,
109,182,153,32,44,173,40,
26,104,128,172,
71,23,17,83,3,146,98,67,103,
180,31,128,74,
33,153,164,
190,174,26,186,133,147,172,
26,76,166,190,179,176,
143,101,167,181,80,66,89,146,
17,80,129,47,128,
179,55,2,167,76,163,41,108,20,74,100,80,114,19,22,85,106,
55,34,7,92,47,23,
145,53,103,177,88,
122,138,167,137,
107,27,17,77,25,175,131,191,39,122,144,95,
88,1,41,6,
151,48,9,17,
118,98,6,111,104,
175,48,145,101,169,
177,157,51,43,40,53,187,
53,138,47,98,47,101,88,16,81,83,129,
55,96,138,165,106,156,106,12,88,174,154,158,138,64,106,94,
41,63,74,75,168,117,74,121,125,171,
133,157,18,92,74,131,103,176,169,63,5,
14,141,92,190,
170,170,81,118,49,82,141,126,179,5,134,
88,7,135,73,161,117,46,138,153,26,96,178,89,
51,50,53,106,100,110,93,39,177,
116,169,153,157,48,62,149,48,81,8,4,59,100,
20,62,13,127,13,167,127,72,107,138,
23,134,114,125,91,4,103,55,164,128,35,
3,129,24,38,
98,135,134,124,127,173,130,
41,10,179,14,114,190,125,7,179,88,146,97,102,92,174,
173,174,109,188,178,
165,114,
67,188,105,
24,67,42,89,3,37,42,25,15,160,147,157,83,185,66,172,
120,31,68,110,81,
159,120,144,77,31,154,90,72,59,3,77,42,
115,100,120,74,134,
85,4,70,84,83,12,
0,135,89,130,146,
29,161,167,151,
37,94,148,166,107,177,
190,131,57,74,157,129,186,97,
86,3,135,94,122,132,
63,74,119,116,99,191,28,120,188,114,149,43,85,
43,92,137,85,117,
116,148,73,187,151,101,165,85,99,63,160,2,106,52,177,165,64,172,165,
42,92,1,112,46,27,
102,67,92,27,140,
55,172,106,24,
16,63,39,53,135,5,105,89,101,164,
43,75,37,113,63,90,
75,161,135,84,41,109,82,188,169,67,
64,55,129,30,50,
142,2,73,147,129,128,125,168,123,177,80,82,111,22,11,
115,138,167,95,131,
7,144,162,55,128,129,39,83,150,120,140,
107,156,188,128,98,138,40,131,57,
30,7,163,98,156,52,47,180,135,132,173,41,64,129,47,176,
135,156,188,181,0,114,137,39,4,91,191,
116,10,131,63,85,132,119,175,
144,154,38,119,122,154,
148,177,37,113,89,3,
72,182,16,159,90,62,108,36,139,190,120,148,65,25,9,128,36,159,47,69,32,
14,59,44,83,26,72,66,124,
88,165,53,145,108,123,
17,23,28,
44,98,82,
114,116,168,110,140,88,30,38,
63,24,133,102,136,121,35,9,
157,122,103,67,39,118,138,133,60,100,108,6,
143,28,167,
48,188,147,148,116,17,178,41,173,50,60,9,31,69,
77,107,181,185,13,96,103,62,62,116,109,
190,108,121,
12,143,121,122,31,42,30,22,4,24,117,26,148,174,0,77,2,127,
149,13,116,
4,50,181,31,26,85,163,4,75,117,142,52,
142,54,168,182,126,161,73,172,122,140,59,130,168,149,169,44,191,1,86,47,100,26,94,137,109,75,36,110,
39,78,64,138,139,16,65,96,113,66,167,148,80,151,134,21,151,18,171,85,
56,160,130,72,128,17,
184,133,148,163,94,134,144,
82,75,54,184,92,13,15,
6,42,182,
178,145,64,14,58,105,142,99,
113,148,43,157,31,86,32,
126,87,149,18,136,119,117,6,6,186,84,131,164,182,
114,119,174,46,34,165,8,134,
122,157,169,167,123,107,111,
144,137,123,148,2,85,9,183,189,188,7,167,64,
180,92,24,
128,144,42,52,26,151,26,154,23,
31,177,138,120,113,133,146,48,101,
21,106,26,10,11,117,27,183,119,
43,105,175,178,137,121,15,42,130,8,153,48,
109,83,77,159,11,
148,190,93,28,3,48,99,65,100,22,
101,175,173,13,164,152,148,152,
181,13,14,132,143,66,
176,133,0,137,148,66,87,14,105,91,30,63,69,129,143,18,
38,183,188,16,144,
92,41,69,101,163,
165,117,125,107,
130,120,138,56,16,176,
80,69,136,128,91,65,22,19,97,50,14,17,
77,182,32,158,7,102,0,164,183,130,129,44,
50,158,21,55,145,158,19,51,57,60,68,42,4,110,13,119,177,
153,85,88,12,105,0,69,83,
115,11,31,160,102,156,7,189,69,
73,124,159,93,172,128,140,18,63,23,87,183,10,
110,51,50,120,170,168,154,
129,99,41,83,179,112,64,158,3,64,180,
70,82,68,56,85,34,6,12,175,55,42,10,89,188,103,98,
164,187,103,181,3,92,
68,164,123,17,114,72,167,130,186,162,
159,73,127,
129,138,
95,71,150,186,30,121,26,21,
88,172,145,147,91,23,140,84,177,34,86,153,46,153,55,105,148,155,190,35,87,190,125,118,109,183,
88,16,135,39,94,142,85,89,32,150,165,36,
48,165,25,103,32,22,75,82,175,55,27,33,151,74,
69,92,53,172,12,
12,65,66,131,51,27,48,12,100,
121,115,190,188,4,106,131,174,153,162,114,131,127,55,63,107,
188,173,4,8,28,135,180,74,143,111,159,163,102,176,93,9,182,68,135,142,39,95,110,61,89,38,
75,158,101,
81,27,144,121,22,21,81,53,122,
127,71,159,150,125,141,
52,167,34,176,6,29,100,
120,148,152,34,154,60,123,140,40,130,37,
178,54,17,36,91,
186,189,85,118,94,2,101,80,37,11,46,55,118,57,70,110,157,190,70,182,40,67,
65,56,128,110,137,52,59,112,16,105,
29,176,24,91,105,154,173,
143,176,
165,89,113,108,164,182,
62,2,114,158,77,178,
132,181,110,131,3,74,12,
131,132,153,110,99,170,164,
102,56,84,188,41,13,5,175,184,77,17,
138,55,2,179,154,22,
135,80,88,27,19,75,16,
41,173,22,130,
131,111,107,126,107,112,
158,50,88,148,32,187,103,100,28,96,185,163,189,74,75,109,73,
50,71,64,
80,135,146,6,108,64,18,77,112,191,46,
54,8,186,129,
106,111,55,117,162,132,73,
105,178,72,177,47,138,65,107,
186,60,136,190,112,72,
103,24,33,164,113,170,143,149,70,55,88,160,138,156,
57,74,50,27,120,39,119,1,79,78,169,190,105,96,15,
107,18,165,
137,75,70,31,135,142,63,109,176,131,105,40,145,55,3,130,
187,110,174,56,128,164,177,
180,177,138,
73,123,40,90,13,69,175,24,152,47,
102,75,163,13,78,113,98,135,
118,49,163,159,34,158,169,
11,99,120,130,71,71,8,102,130,68,27,191,30,25,115,148,27,159,46,3,
157,177,24,74,121,184,116,120,175,59,18,159,85,59,144,72,
152,182,120,45,170,85,37,
98,102,1,62,53,28,44,
71,100,41,148,186,68,13,
21,10,39,89,6,
174,12,75,174,114,52,52,118,97,
136,126,10,90,74,186,63,99,27,168,86,57,71,
56,116,181,183,50,88,
80,180,188,47,61,82,
30,2,53,
167,87,159,18,97,122,135,83,147,
185,147,105,133,1,110,79,159,18,77,104,
82,75,170,
52,177,174,99,
17,59,48,15,151,33,
75,82,47,143,56,137,7,171,100,20,26,94,117,191,82,33,148,156,16,170,185,102,19,149,86,177,43,8,137,
90,6,174,49,127,43,
103,133,120,48,102,71,166,
121,6,131,116,81,
92,108,133,30,86,51,14,96,27,180,53,103,
175,128,130,118,8,43,177,167,102,24,173,6,160,18,108,100,44,91,
3,164,137,148,159,116,49,
106,100,55,166,127,167,169,72,51,96,111,
156,33,164,144,47,38,69,135,76,116,107,17,119,67,73,165,
101,158,68,44,96,
56,6,
6,175,126,89,31,79,52,90,8,117,144,183,121,72,8,56,32,
94,116,47,149,56,120,131,
163,106,39,144,179,154,30,117,183,123,184,
50,2,56,48,28,188,
173,160,188,175,56,180,41,105,101,30,
32,27,32,
99,10,116,63,107,178,55,131,82,173,147,71,165,60,
113,100,32,
140,88,22,88,25,1,119,66,53,146,70,69,76,23,92,
180,93,57,154,188,169,125,129,189,184,133,80,
186,84,113,167,54,165,71,190,1,148,160,128,
149,63,94,144,87,159,
112,148,27,4,34,77,35,126,29,128,111,40,159,43,131,
90,138,136,
117,21,163,41,90,57,158,165,176,165,
120,103,145,115,17,127,57,114,122,145,54,140,
148,191,75,30,175,113,30,20,88,187,
97,167,85,97,129,128,153,
137,51,122,32,24,
8,7,55,179,42,54,73,
108,165,157,46,186,185,
137,64,43,83,
164,98,100,40,134,113,101,47,58,162,47,131,26,
18,43,73,113,165,
36,72,33,115,165,97,
125,41,85,165,
154,138,29,
137,43,155,78,65,176,22,129,91,42,160,69,
60,3,157,160,191,60,13,
94,147,157,86,99,3,
148,89,71,112,46,46,144,179,11,184,186,39,
55,99,160,0,7,45,146,35,8,
46,165,159,108,122,54,63,88,
153,88,30,116,33,98,109,49,173,186,
160,175,82,56,156,113,32,75,
156,133,77,106,85,107,101,59,20,44,83,17,43,130,40,86,30,138,32,
41,30,85,129,
78,130,159,
37,65,43,15,
2,96,12,42,75,107,
22,147,137,48,21,36,86,92,142,159,65,100,14,138,
183,77,120,
40,115,81,
170,85,33,165,145,90,103,130,178,181,170,
142,59,8,87,157,139,
25,11,178,182,136,
138,72,103,180,90,
118,169,6,13,155,177,28,1,18,187,66,109,82,172,171,45,78,134,150,42,33,12,163,53,164,145,81,111,130,174,
168,9,101,159,116,46,159,52,136,168,16,35,
127,53,121,79,
56,101,157,133,65,57,
26,185,4,143,5,132,4,88,128,91,8,
17,152,78,68,89,107,14,102,58,65,
103,34,171,181,77,
103,91,186,60,66,166,
41,32,10,16,18,10,150,130,191,127,145,91,90,158,145,71,145,48,125,
166,37,103,118,103,
40,186,10,154,49,127,158,
118,24,157,91,88,5,121,94,55,
174,187,90,121,
129,159,166,94,111,30,
95,115,129,72,95,
114,107,179,133,114,134,144,134,78,41,113,
17,89,120,98,14,138,56,
16,17,
161,118,6,43,38,54,29,95,
19,80,160,191,17,132,119,80,121,3,63,138,75,15,73,128,67,140,
177,116,175,47,163,41,85,64,144,26,85,180,
72,57,106,66,138,140,105,174,34,48,186,
143,32,63,99,
42,128,101,134,105,159,
172,89,73,160,63,88,68,122,127,126,164,26,138,77,177,71,
82,128,155,151,138,70,92,160,74,9,44,150,60,49,142,
59,51,65,82,158,4,
46,114,148,108,59,89,14,
96,7,88,77,
63,186,89,59,122,16,44,153,118,91,159,143,177,49,19,104,22,123,165,
89,148,148,70,169,17,165,188,75,
3,76,107,155,132,50,63,65,60,32,148,125,64,
7,8,141,88,134,85,115,188,135,
63,132,136,172,187,
108,72,46,92,69,190,132,24,98,165,
135,153,29,75,86,98,88,100,136,
1,185,85,88,137,
45,55,152,2,
4,121,62,26,93,91,4,116,
12,153,56,190,22,69,
31,23,73,123,3,3,136,10,115,108,
22,72,18,
40,69,128,47,2,142,188,59,181,137,159,13,9,99,165,
64,122,129,55,39,3,
18,165,126,109,5,65,106,177,101,137,85,
8,11,11,26,73,153,142,
2,188,144,42,151,182,186,62,165,73,50,109,82,46,
14,80,61,181,26,
45,69,138,65,
56,188,85,147,187,141,75,84,64,107,119,18,130,54,177,83,
67,157,186,148,176,109,100,119,73,77,80,136,
17,157,19,71,178,16,66,177,22,90,74,
62,164,4,182,159,77,27,143,
83,71,24,99,45,51,167,
47,53,72,37,
186,95,9,103,134,155,57,67,159,105,108,134,54,9,187,156,92,
176,67,26,168,
177,62,138,148,142,31,177,179,105,112,164,17,
59,63,46,17,165,159,106,171,14,32,75,
86,60,47,96,21,14,134,149,148,
92,55,22,164,186,
85,179,97,161,76,184,
177,75,18,70,58,
188,47,135,135,40,2,53,48,130,187,151,129,105,
2,53,128,121,45,86,119,
82,142,169,
7,41,30,96,47,
101,52,74,100,
141,81,56,164,86,14,127,
165,48,59,51,132,164,
115,188,
75,110,87,2,130,
79,159,6,139,123,185,127,86,
128,172,65,147,101,35,80,26,90,2,61,82,78,53,142,84,27,73,97,180,9,119,7,188,
3,188,31,161,123,1,13,179,
113,103,160,148,82,18,65,85,105,65,
179,26,41,169,132,3,
88,44,112,172,99,127,47,90,121,56,114,110,
154,163,85,161,14,98,159,
10,99,41,118,116,67,62,73,
47,164,55,32,40,
119,61,24,67,146,74,56,124,38,173,96,21,116,
69,176,108,21,115,40,
120,11,63,103,157,
139,72,45,94,65,183,188,
133,156,40,23,57,86,147,119,85,158,156,57,117,56,76,114,166,
96,38,2,100,15,55,141,180,175,139,18,
64,151,80,129,74,15,137,144,
25,167,24,137,186,147,113,177,185,165,73,48,70,72,138,10,115,134,2,22,
24,178,145,185,6,25,78,40,109,75,60,25,19,38,153,165,145,165,127,113,75,88,13,23,
160,128,41,60,173,173,55,115,147,73,8,125,115,186,
138,99,130,130,53,122,94,129,31,9,120,
157,50,183,47,26,88,117,117,
116,57,129,77,165,
105,57,181,42,188,
34,169,118,70,55,51,114,118,103,52,
43,23,163,99,18,39,112,127,57,177,44,166,
27,136,42,
161,53,75,164,154,6,25,98,3,109,150,
183,139,91,73,132,167,
118,9,64,182,170,26,85,161,159,186,
38,171,110,174,82,3,188,162,181,
73,2,190,8,99,10,
134,164,7,27,191,114,161,173,54,153,82,90,151,147,
1,57,141,58,143,176,26,91,98,65,23,158,10,66,11,
178,170,43,165,27,62,
5,33,133,92,16,116,154,168,
80,124,131,55,146,50,57,123,190,163,136,48,143,39,28,24,97,2,75,182,162,19,
26,138,14,9,91,81,153,27,92,165,138,146,78,82,
3,31,41,6,65,52,152,11,
101,9,16,91,152,48,56,42,115,75,
170,157,186,2,4,169,103,120,98,148,124,5,171,58,186,9,
13,50,74,40,146,102,60,14,85,102,185,
100,32,62,106,85,80,121,31,101,
111,16,112,131,103,48,9,122,104,32,
105,67,177,169,71,
136,80,190,
123,80,130,73,169,91,133,120,31,101,
188,63,167,37,67,69,85,
160,136,132,123,169,80,11,161,142,185,159,103,119,169,24,73,0,30,149,139,47,77,167,166,73,51,188,176,47,119,144,64,70,24,81,77,37,73,152,26,27,169,172,45,154,166,86,
43,145,183,7,118,145,
89,78,6,48,159,172,21,164,144,63,77,55,16,76,
104,118,111,
71,16,95,13,50,158,
157,142,185,190,56,
125,127,41,41,
122,68,
136,67,165,147,67,
45,120,139,
168,165,110,
148,11,72,73,
91,178,26,29,
1,3,186,
44,43,86,
168,159,114,168,141,
56,100,98,
163,92,43,
98,17,
68,101,132,70,
65,139,45,159,12,
127,23,20,
132,94,108,123,
116,121,94,56,
106,156,168,21,
81,81,188,
93,148,4,
38,119,121,45,
11,109,101,
165,18,
153,74,8,97,
40,109,33,70,
63,92,133,
185,26,73,157,
85,9,
79,177,
80,85,143,105,
183,38,88,
65,148,3,158,
40,107,156,177,159,
13,3,181,
99,129,
91,118,26,
55,121,186,164,75,
60,60,165,54,
70,25,177,
85,113,118,
159,120,79,
170,152,110,
37,172,120,
167,39,160,20,
8,6,116,
96,119,66,
21,69,81,
87,65,75,
51,33,12,
184,82,
170,188,
76,3,188,7,
70,113,40,
186,55,2,
166,106,43,
18,176,39,
53,145,145,
96,101,
17,148,159,60,
188,128,173,
100,115,116,113,
1,57,
48,72,101,
130,43,0,
57,56,6,
179,8,170,182,
125,110,180,
70,111,137,
109,161,88,
72,68,103,123,
71,11,
113,188,
158,71,59,65,
26,110,128,39,
146,164,87,
117,4,157,
14,46,53,182,
165,26,108,
122,2,22,40,
115,25,
6,3,174,57,
153,88,135,112,
37,152,47,
10,21,103,
113,39,165,190,
159,15,168,
19,172,135,
107,37,13,
46,134,2,80,
90,145,134,
114,88,
22,41,148,
117,126,106,157,
158,40,32,
65,113,37,
38,114,188,
116,3,5,
35,23,74,181,
21,50,174,
97,36,80,
139,142,98,
58,177,17,
95,161,159,
162,38,80,68,
163,119,67,
165,99,40,
44,175,120,
130,69,138,
166,129,
10,178,41,
15,82,64,
135,16,148,
105,16,57,80,
76,85,89,
191,80,190,
59,142,116,
82,30,80,
45,38,2,
111,152,142,118,70,
127,141,88,
112,42,49,119,
121,2,118,
122,81,86,
160,167,131,
123,87,163,3,68,
57,1,136,
40,128,105,122,
74,188,190,
176,130,117,29,
187,186,63,131,
72,25,159,98,
129,188,97,53,
84,23,182,
101,165,18,
48,43,111,
24,119,127,55,
107,6,20,
72,157,57,22,
154,144,177,110,
153,54,85,
124,14,98,
115,123,165,
97,138,41,
43,182,
149,156,103,
181,91,164,
145,43,41,
35,55,105,
144,177,52,
73,106,185,
46,11,42,
122,64,144,
79,164,
32,100,47,
158,123,133,117,
167,179,183,
99,178,133,
6,161,144,
52,26,3,
128,186,17,
148,120,101,
189,47,115,
154,5,169,
85,188,152,
190,41,88,
178,30,173,
126,85,6,
144,184,81,
125,142,88,
188,139,124,
147,99,134,56,
141,127,
168,106,110,
173,15,74,
119,114,2,112,
174,190,
4,22,59,
185,13,
62,177,120,
147,128,74,
158,118,62,
163,158,49,
86,2,156,
42,159,8,
67,10,71,
83,85,53,137,
58,28,
16,145,38,
136,135,
60,48,99,
47,73,157,
156,186,181,
85,13,
32,37,59,
47,17,
150,87,161,
83,7,
139,96,190,
33,156,
9,170,48,
163,177,188,
67,75,101,
100,41,52,
44,14,16,
77,156,67,
140,167,7,
120,7,81,
3,94,
32,72,
111,2,156,
169,165,175,
18,167,24,
6,129,
56,145,
188,50,27,
65,22,
23,134,128,
84,85,87,
82,113,134,
108,88,31,
62,
119,21,144,
157,17,74,
57,72,107,
30,12,85,
104,145,185,
54,24,67,
151,39,29,
155,183,27,
27,161,62,
71,105,172,
74,132,41,
118,43,166,
143,62,91,
136,25,161,
66,14,120,
36,88,190,
75,86,144,
9,159,72,
150,131,
129,24,147,
165,98,
110,74,88,
168,5,164,
14,47,9,
135,24,167,
91,63,88,
160,130,67,
158,129,182,
59,40,167,
15,31,57,
164,165,161,
141,7,66,
16,89,88,
130,68,
177,174,115,
101,31,156,
95,95,107,
186,68,153,
55,118,8,
70,78,159,
170,33,42,
183,78,56,
106,2,179,
14,13,
129,24,69,
86,141,79,
132,183,165,
32,88,77,
80,179,67,
67,127,
72,20,56,
182,169,126,
175,6,116,
12,12,85,
90,117,88,
56,105,12,
14,178,154,
184,85,157,
169,179,75,
3,86,145,
187,148,105,
23,49,
93,47,33,
11,1,190,
