13,61,10,129,58,
34,138,143,96,
7,189,175,108,165,
20,109,41,27,18,
99,32,118,77,116,133,156,74,
1,160,86,160,168,77,
165,38,110,30,37,103,7,61,21,8,189,48,6,
61,140,191,12,161,157,62,73,
72,118,62,138,117,127,6,164,27,
139,190,67,16,113,49,137,0,104,
179,117,181,136,169,181,144,148,
156,189,119,10,6,93,42,45,132,81,168,71,
95,120,65,26,147,127,124,53,110,88,151,29,28,29,12,139,148,105,133,191,44,
168,1,133,59,106,189,
149,189,107,77,90,8,36,9,100,38,61,7,54,35,76,
101,67,
186,174,91,57,66,170,71,
76,2,130,127,138,115,190,134,
80,104,158,131,101,16,35,91,
103,96,70,5,174,8,98,130,117,123,
50,72,85,108,28,77,36,175,135,140,149,83,
151,163,138,127,159,6,180,171,65,71,127,75,43,6,40,81,78,102,
32,96,171,81,155,50,125,
61,84,58,68,178,105,179,135,163,
158,100,182,80,147,7,181,71,110,
55,41,166,128,66,
8,91,52,175,
178,129,88,186,2,184,10,168,154,60,25,
81,60,29,151,21,134,32,105,69,
113,67,148,184,137,
148,161,96,95,95,135,183,23,152,113,105,4,142,62,133,88,24,118,52,
190,98,125,
41,184,102,
118,142,7,93,190,148,113,129,32,99,7,57,171,61,
117,65,45,82,64,146,39,2,183,136,18,46,13,8,189,
47,179,61,98,191,189,1,45,47,133,99,125,139,110,45,97,146,
83,161,130,142,
84,164,131,136,
131,64,164,144,14,15,115,57,66,21,66,190,168,106,56,136,51,87,57,65,167,84,
102,67,116,112,133,
171,32,83,14,129,127,159,36,76,36,31,179,
104,10,127,18,177,1,159,173,121,168,
119,30,73,
85,47,80,150,
121,91,139,164,15,
138,130,21,151,44,12,33,49,97,4,126,3,136,0,
162,182,132,128,
96,41,171,25,90,62,7,102,
154,45,86,54,95,139,14,91,142,
151,154,27,160,38,164,125,
43,42,183,88,6,164,111,38,105,168,98,191,80,
28,97,93,180,
125,6,140,74,117,93,
138,106,126,152,132,148,88,178,139,94,107,4,179,0,26,160,
49,189,170,66,118,67,112,
37,152,68,115,163,128,67,
2,89,129,50,19,158,24,27,104,127,30,58,8,114,48,163,45,114,178,
74,152,25,99,136,
75,47,137,7,114,100,
99,118,10,153,47,129,
189,49,11,149,27,138,185,108,75,148,166,35,7,48,120,6,11,
19,11,97,164,86,
41,32,127,170,13,130,
120,104,59,158,5,27,97,187,
180,124,24,35,71,179,162,141,6,65,137,128,151,
99,32,191,0,61,141,113,4,179,151,68,36,135,129,190,
101,105,80,182,28,
106,138,62,177,27,126,42,73,60,84,
24,11,135,160,60,104,45,110,47,150,
182,135,21,101,162,153,
79,156,85,125,162,106,114,129,104,14,17,81,33,140,
41,93,97,143,159,91,0,5,20,5,90,154,6,67,151,3,122,141,121,178,38,95,118,2,188,117,
82,180,179,
133,156,40,186,35,86,119,85,64,83,
137,45,180,161,
122,61,35,141,157,
18,83,72,43,
90,68,3,38,77,175,165,183,
168,162,156,50,56,
30,37,146,
163,61,150,67,
106,186,160,165,30,9,75,50,33,115,176,154,143,3,165,
77,71,71,99,11,90,27,128,50,23,6,95,
11,90,105,53,189,19,103,67,
189,62,74,190,144,18,178,21,98,113,
145,186,150,113,4,
155,110,37,176,98,
174,3,45,27,
187,7,88,114,21,126,139,120,140,25,
34,115,49,180,182,
103,149,113,55,110,86,26,175,4,20,6,180,167,179,115,
66,126,49,186,34,150,177,
72,91,120,159,18,160,21,36,22,
90,169,127,130,4,
151,127,61,99,138,50,
130,77,40,126,124,154,63,89,
134,63,35,160,135,181,39,28,66,174,63,48,48,
147,171,42,
61,13,179,128,104,155,52,124,191,99,165,118,
103,172,191,77,
108,99,29,157,
29,188,96,95,78,60,34,111,60,70,110,137,45,81,109,125,
78,98,132,29,141,125,134,107,83,106,24,69,179,54,67,
71,61,120,38,77,
3,47,64,129,106,67,72,143,
182,115,158,128,
135,32,134,123,24,61,61,16,81,50,
43,98,104,141,66,89,
190,47,129,130,76,
52,173,166,8,148,187,45,
119,189,86,190,
8,165,129,23,
11,189,91,77,29,166,92,37,136,155,12,
178,143,152,32,150,21,148,
125,78,82,68,153,111,149,120,44,190,62,137,136,50,85,190,
146,118,25,129,146,88,47,
62,56,36,72,189,
18,91,118,189,68,77,0,126,146,55,90,93,75,
17,97,64,174,170,160,
51,100,39,153,17,190,180,
155,101,111,121,19,32,153,136,11,68,
145,27,73,132,1,158,117,
164,167,20,10,163,150,174,84,23,30,60,104,121,87,12,72,91,134,
5,160,179,
32,135,163,115,132,
16,25,51,92,35,141,104,
113,171,
39,62,51,171,
156,38,166,49,57,135,86,79,134,99,25,63,40,129,
160,50,67,29,97,148,178,1,6,174,28,79,
190,120,189,68,1,156,
174,164,160,70,186,103,35,170,
104,79,125,62,4,117,137,4,24,
128,49,67,13,180,162,30,182,82,37,
90,149,11,96,18,155,
179,93,180,171,
64,153,189,131,104,120,87,137,45,161,168,109,39,81,39,82,95,20,36,
18,118,10,
62,96,125,83,173,61,187,
70,180,170,67,174,25,163,
37,97,183,125,22,
86,119,6,113,
10,170,135,59,158,138,14,164,12,18,187,189,28,4,45,170,18,152,161,125,8,143,104,119,96,54,99,148,17,136,120,166,88,107,165,61,
104,129,131,188,141,147,135,159,56,102,145,179,
86,104,141,57,
21,97,138,174,182,127,34,178,27,189,183,180,35,
97,163,161,169,173,17,37,141,40,71,
18,48,98,104,181,116,149,31,109,102,10,52,178,83,87,88,0,102,162,100,
39,175,52,147,2,103,
123,130,129,79,
162,13,50,68,180,161,35,52,
85,138,171,165,176,62,98,161,
118,93,67,8,72,99,146,90,92,22,49,113,18,
83,183,75,168,181,68,44,171,22,105,18,180,62,46,7,
82,94,125,42,9,120,128,97,
189,179,125,33,117,140,
25,174,138,116,16,42,65,185,118,17,16,105,128,104,128,74,29,44,148,
116,6,111,130,59,113,153,190,73,
24,61,22,125,
30,106,165,33,
74,114,59,110,124,148,68,
19,2,66,15,91,177,140,144,79,
91,114,125,146,88,8,11,148,
75,95,146,87,
105,1,43,175,11,96,161,180,3,16,56,88,191,79,101,1,
129,33,96,118,63,102,98,138,104,178,163,35,13,44,190,97,
181,158,102,97,167,15,104,
111,160,4,179,
20,169,103,60,164,24,95,148,82,
2,85,148,54,92,94,
141,189,78,125,119,52,5,104,162,50,16,142,91,66,27,86,120,162,176,95,
30,164,128,53,103,
117,170,181,161,125,179,180,45,7,103,47,172,175,
13,162,137,
161,112,64,2,172,93,162,58,88,10,97,72,142,148,72,14,172,190,25,154,
89,2,91,67,99,149,
8,143,191,67,66,
170,141,117,183,117,110,10,71,70,124,170,180,49,77,141,17,120,
107,58,179,58,146,110,
45,117,126,169,114,
154,183,161,175,68,173,119,151,151,63,130,
57,179,61,60,14,105,125,
135,50,98,127,
143,52,185,85,98,104,104,4,45,120,31,113,58,139,50,179,190,169,
8,118,88,
127,167,8,188,104,186,68,4,153,66,41,4,
190,119,33,76,51,91,60,
125,183,66,6,104,158,83,160,55,99,93,185,57,178,
179,130,32,61,5,47,146,4,50,141,175,64,166,189,6,182,30,
72,61,50,3,
189,9,171,10,175,160,109,100,143,127,23,7,
178,21,160,129,104,179,70,0,78,165,112,109,47,
190,44,20,118,118,143,61,108,160,55,3,
100,158,34,179,146,
190,85,61,57,59,63,
96,6,51,10,171,110,11,60,
37,30,159,115,8,146,155,112,
127,151,90,95,161,104,151,40,143,135,
21,165,160,166,123,
175,189,154,67,
116,191,110,
180,170,70,77,128,101,181,177,44,
175,103,7,
179,78,31,84,82,111,138,17,50,54,104,
169,20,179,120,184,97,27,93,84,132,160,84,151,90,51,153,
120,132,59,3,74,99,189,49,31,163,94,3,13,72,108,190,1,10,145,191,78,148,
27,189,90,140,
141,99,59,104,
172,117,103,52,42,48,141,
102,151,171,181,113,41,
158,49,145,0,
51,16,142,74,180,76,4,64,188,70,
66,136,105,66,174,68,160,53,2,56,4,
166,103,178,10,
139,50,150,68,121,179,
6,94,129,96,165,125,75,51,68,25,106,55,86,93,189,
25,45,10,38,148,
32,178,8,66,61,
29,42,67,108,40,160,168,136,86,9,95,124,165,106,61,
181,60,83,174,84,79,81,
191,99,43,13,105,103,116,133,65,
115,37,106,
12,10,92,64,10,176,98,30,136,90,99,164,92,
181,117,134,186,148,0,142,175,179,85,110,
91,186,150,72,129,93,190,
23,164,171,143,82,185,79,155,93,8,165,
33,106,86,129,74,5,3,187,60,
53,11,19,
51,32,66,50,147,32,112,183,16,
111,115,140,171,162,154,116,150,170,148,154,155,154,125,
132,145,120,162,
169,45,166,
66,7,143,155,19,55,36,
104,184,66,162,80,191,178,143,158,188,26,73,43,183,
37,140,165,49,60,20,78,11,133,58,
173,154,
184,7,104,114,69,61,41,77,131,
75,6,18,189,
185,11,189,95,59,66,101,92,
8,153,122,74,123,100,172,7,85,134,90,71,135,16,188,
158,174,63,125,160,18,132,178,65,74,70,
110,135,43,104,143,155,45,83,97,8,
35,189,171,36,122,191,
0,99,97,161,58,138,66,145,18,83,45,64,115,24,
110,189,143,70,142,172,19,
64,32,97,127,38,36,115,152,3,17,115,125,89,88,
178,146,116,132,129,166,185,40,61,138,103,141,92,25,80,
45,50,16,168,10,163,137,170,77,146,84,
79,67,39,
153,175,127,64,
68,66,7,69,21,1,166,155,
15,142,64,19,
100,189,149,25,74,82,95,137,67,59,83,124,18,
100,125,189,81,
115,174,143,138,34,76,64,81,94,160,173,182,
126,25,18,59,155,170,106,66,188,132,80,
24,178,145,185,6,153,119,40,109,75,60,
150,91,153,4,11,
55,190,6,60,153,23,
175,153,81,
189,49,110,94,57,132,102,11,84,119,91,
162,165,11,120,35,92,110,
138,25,72,86,88,67,151,114,49,129,
67,118,101,34,70,130,
70,103,178,19,51,
133,7,95,8,95,118,168,170,142,47,157,5,
137,139,88,100,13,141,
46,111,8,183,95,93,191,
163,129,152,80,151,91,41,73,5,154,150,65,30,
71,9,170,77,67,145,163,43,128,
93,169,91,48,141,118,114,98,28,118,27,46,
60,126,125,23,140,63,147,163,50,42,81,23,55,134,
148,74,59,
120,125,61,87,
178,2,126,158,73,
186,170,
129,156,104,3,3,116,178,
51,6,96,
73,54,6,165,145,49,63,171,79,
74,51,125,136,
47,74,142,67,87,52,3,102,47,66,41,162,95,190,
124,180,20,79,146,
67,163,159,97,128,118,87,100,64,64,27,117,78,61,167,
44,83,179,129,180,
58,143,108,14,0,13,61,166,185,107,24,
117,67,67,165,68,10,13,175,
87,171,164,75,139,85,143,
142,75,51,73,28,19,15,131,130,44,131,83,61,162,86,
86,148,146,50,0,10,11,19,38,
67,175,166,147,183,80,15,29,175,100,151,160,119,95,70,89,
128,143,179,
161,105,33,91,106,98,168,
45,29,85,92,119,
116,99,129,191,4,
191,61,105,38,
38,140,165,142,
148,25,189,66,10,68,53,120,
157,73,155,14,
138,189,108,119,163,
77,160,80,31,74,92,1,130,104,162,181,186,84,149,116,51,8,63,90,
189,100,123,188,4,119,60,170,11,45,112,153,6,147,
59,49,
185,125,
79,47,18,182,47,7,159,48,125,163,175,181,155,188,85,164,
44,190,168,95,53,
141,137,104,170,53,
171,61,42,7,30,
160,134,85,144,111,168,97,175,21,144,125,187,169,5,126,150,
30,168,58,119,179,22,167,142,50,9,78,
25,144,113,146,148,45,32,43,
125,141,79,44,90,145,128,107,106,85,126,59,39,65,136,189,48,116,86,190,100,46,63,
175,170,39,9,187,126,117,
138,3,11,44,72,64,
62,39,104,145,63,
67,71,55,49,79,8,139,138,154,
129,171,91,31,38,
13,128,120,119,171,64,117,166,170,6,
33,119,68,190,162,189,191,79,161,30,122,97,
49,73,138,120,139,59,110,158,34,87,85,
50,106,111,58,86,150,
6,43,130,49,156,131,116,25,5,35,28,72,
129,2,6,8,70,86,16,185,95,123,80,
48,134,18,99,168,59,
94,33,142,124,6,149,180,17,134,
186,133,141,41,85,145,178,184,
153,24,51,55,182,
50,2,139,33,105,72,78,82,121,17,190,160,45,36,
148,118,111,66,178,
84,179,115,30,169,
34,21,143,150,12,66,144,181,
68,62,139,96,17,189,23,78,99,143,17,125,19,60,105,61,18,154,148,154,57,6,99,90,83,
139,141,187,87,
88,105,91,138,19,122,116,76,95,64,
171,35,96,41,73,85,162,113,71,14,113,
3,125,148,41,160,167,122,186,14,48,161,71,66,
180,28,96,132,116,33,87,85,134,145,178,134,
4,189,121,183,3,173,111,16,
70,25,110,95,
7,133,165,68,158,187,88,189,88,117,61,118,11,
153,125,99,68,87,177,18,91,29,38,
10,37,4,94,1,163,135,174,57,8,13,127,103,8,86,44,108,110,72,119,25,9,135,61,170,172,176,91,
145,19,27,132,
86,9,10,29,52,148,45,134,93,112,
45,52,18,131,154,32,
61,184,10,122,32,125,
42,24,29,187,135,
6,189,4,77,
130,138,185,67,101,134,76,58,123,
168,131,83,160,103,104,76,188,45,10,33,35,44,
146,75,174,166,146,93,86,30,126,107,11,178,
90,27,85,8,155,
85,125,45,109,147,4,75,61,190,2,90,117,
120,169,182,86,71,144,108,25,
52,143,10,146,175,79,144,12,29,58,147,86,14,6,60,131,77,98,148,
19,145,80,184,99,84,88,70,95,82,
73,142,1,26,68,84,104,157,172,106,65,131,
85,81,148,113,140,174,52,100,160,142,98,24,123,
4,65,85,10,152,25,148,67,6,124,127,
97,174,38,9,17,149,19,143,64,160,0,129,28,
45,64,120,25,174,137,86,160,
74,189,33,
104,61,86,86,140,120,110,134,131,29,66,79,
150,111,66,139,145,166,50,82,88,163,166,178,
65,25,88,102,
183,168,170,46,67,71,115,153,86,1,
126,178,67,138,123,84,152,153,132,115,45,
66,35,150,40,3,58,134,173,62,188,125,16,131,67,65,131,70,104,32,80,51,141,
170,170,186,126,13,28,
27,2,18,21,137,151,122,72,
160,136,132,123,169,80,11,161,142,28,159,119,169,24,73,0,30,77,139,105,77,167,166,73,51,15,
41,61,49,125,47,
59,133,3,137,141,126,
142,54,27,126,161,73,148,122,140,47,130,118,169,44,110,1,161,15,100,26,94,152,94,
91,163,121,164,65,7,29,161,12,123,
150,171,69,85,102,27,24,
166,58,21,13,
67,11,4,113,6,
57,138,131,
61,85,113,22,116,54,119,99,190,24,71,171,85,24,37,8,57,84,10,60,72,142,
61,132,18,74,152,154,
97,120,160,82,
171,15,151,2,122,23,0,70,171,88,87,23,102,114,147,24,31,145,189,123,98,84,54,150,13,96,
152,141,142,10,87,
11,162,96,
36,50,99,50,171,
143,29,34,68,54,108,66,110,115,71,178,40,34,48,127,
160,60,189,24,189,158,57,151,12,45,
77,47,170,45,
110,128,151,96,63,170,139,64,
98,73,47,157,15,18,36,158,43,
166,52,189,141,146,55,169,175,161,11,
61,67,190,41,13,12,30,151,163,103,102,76,42,131,
163,37,45,32,
27,120,86,20,73,113,174,142,48,
138,35,77,4,131,85,128,26,57,81,9,
64,117,61,13,81,105,15,84,161,117,
183,83,67,4,154,59,104,148,73,187,67,59,54,82,123,
25,96,156,6,6,161,70,6,70,120,12,13,40,
79,191,123,104,
67,130,11,185,70,164,45,114,175,62,102,160,134,146,14,25,168,111,117,165,66,138,97,8,
126,173,130,
81,138,145,64,
110,142,59,95,116,178,92,164,58,42,157,93,
160,118,3,173,
161,83,0,91,133,179,8,
59,10,112,120,180,74,110,120,168,148,68,134,191,
140,111,38,125,61,166,
38,64,97,
32,64,41,100,51,174,86,118,23,173,80,146,162,
141,152,93,111,91,81,139,156,43,123,
180,51,94,51,48,34,82,21,50,136,
178,189,101,110,17,11,183,144,94,143,
27,67,55,50,164,71,150,56,145,83,14,151,29,77,
61,149,57,187,13,135,64,85,7,32,120,47,162,19,97,58,117,141,
159,1,104,79,64,
143,189,46,8,115,176,191,128,178,
86,44,54,158,187,27,104,83,154,
179,61,121,107,120,190,102,178,
58,3,175,30,56,50,28,140,153,107,
189,156,145,127,141,1,136,106,119,4,109,47,160,75,141,68,95,164,
170,10,133,183,190,185,82,71,
115,64,183,124,32,126,
145,38,0,81,
8,10,32,181,70,88,67,16,27,66,56,30,107,117,110,
148,2,181,50,68,134,87,86,160,25,
1,145,166,119,159,117,183,73,141,
14,10,131,17,70,169,58,171,171,3,52,134,12,157,
78,178,30,120,
142,88,181,173,30,98,180,38,61,
119,154,33,13,112,52,0,85,
98,10,129,135,155,190,176,93,
108,50,120,190,
191,59,116,47,61,79,8,
10,52,15,51,
134,180,104,86,56,60,
174,132,134,146,21,4,7,112,101,158,60,176,66,17,85,27,
93,18,86,110,
95,20,129,75,80,141,19,
85,50,49,77,122,
28,142,177,10,1,
186,189,77,42,94,132,150,101,
152,126,149,124,89,189,148,37,64,74,178,151,
175,179,67,166,82,100,127,73,176,50,61,90,8,
41,96,186,20,55,100,21,152,
113,118,143,79,94,145,63,
120,162,179,50,141,
35,134,180,149,129,26,80,6,
179,161,103,31,39,128,
88,172,142,137,8,191,140,84,55,
3,120,174,185,23,138,30,132,59,106,69,190,106,136,137,145,127,127,84,176,
130,25,67,90,31,83,110,141,58,
109,29,108,93,20,120,130,160,173,
12,61,91,14,
113,145,102,160,
136,3,155,117,74,
104,139,154,129,25,77,141,
103,61,168,137,
110,74,162,47,24,
0,139,18,
120,25,170,
172,73,110,
170,175,45,
183,171,90,
137,45,3,
147,51,29,39,
74,61,43,
62,85,127,43,
152,41,4,93,
25,178,130,
161,61,117,
28,50,95,
18,45,104,158,20,
50,120,150,180,30,
86,120,156,
56,168,62,
91,189,89,80,190,
105,50,25,160,
38,129,151,
161,64,85,
1,145,73,
180,83,59,
13,41,119,
73,119,27,175,
80,19,95,
131,104,184,
157,61,108,
57,189,160,86,
191,120,33,
181,180,59,162,
73,171,183,
74,158,120,
160,106,66,113,
137,75,125,
30,84,61,50,
4,104,150,103,
130,41,103,
126,160,38,
6,125,73,103,4,13,
89,64,43,121,130,
16,66,
141,172,186,61,
60,164,181,57,
24,20,42,
48,134,172,
57,186,118,
157,128,133,
141,130,122,
136,11,180,
137,27,29,103,
16,135,45,
159,104,171,
1,105,104,68,190,
21,68,72,178,
28,160,101,170,160,160,
108,109,120,138,
35,133,168,
38,43,71,86,145,
54,143,183,10,
175,58,79,
83,110,68,50,
96,32,
146,37,32,45,
125,117,151,29,37,41,61,64,
87,153,120,67,
188,126,189,
106,161,29,
67,47,50,
183,1,21,37,
27,106,141,
88,187,150,95,
183,125,178,23,
158,104,120,
71,143,97,186,
95,100,47,
16,45,80,
150,160,178,186,
125,47,79,
188,104,4,
190,161,131,
2,124,184,76,
68,162,190,127,
11,7,155,
52,172,39,
143,87,23,
144,34,189,
155,66,90,
191,88,95,
103,166,165,178,39,
143,110,3,10,
65,117,158,
119,133,
63,62,110,154,
140,19,187,
121,104,179,89,
166,68,140,1,
164,43,151,
50,179,179,
95,19,133,
164,19,
178,138,186,
24,2,0,
88,138,148,
171,111,133,86,183,
69,184,
114,45,138,
102,189,47,78,104,18,150,
141,166,180,189,
76,149,61,
132,174,126,
112,178,86,
84,3,181,
110,181,49,
190,116,179,
60,20,96,190,
11,86,189,
176,3,155,
128,55,77,157,
4,179,189,134,51,127,6,
67,183,3,
187,52,183,
17,94,68,
27,93,174,
115,103,0,
34,100,
155,23,
185,129,23,
151,152,41,128,110,
83,133,27,100,
149,97,152,
43,71,74,62,
53,95,30,
92,185,77,
145,71,189,
188,41,8,
58,61,2,110,101,
26,103,91,
132,180,156,189,145,186,
179,44,139,
132,158,126,
102,61,
148,183,138,
112,161,189,
78,42,168,102,
81,115,79,
153,155,183,127,
110,158,130,
4,104,99,90,
127,4,3,153,
80,126,178,
25,187,100,120,
161,137,166,
26,138,138,
96,103,34,
19,110,95,
13,191,25,
39,179,79,
165,7,106,
141,97,1,
92,45,2,
26,73,104,
133,59,37,191,
162,141,168,
22,118,72,24,
145,3,1,62,
168,48,30,
42,106,43,171,
122,88,33,
7,8,149,
102,96,18,
133,161,99,
17,97,178,
93,146,6,
98,85,189,
23,55,189,
55,27,67,88,
61,29,175,
124,115,
103,30,11,
24,180,58,
182,34,120,
127,3,
156,133,141,190,
77,85,184,
18,27,79,
134,164,59,76,
35,21,162,
151,27,154,
16,51,8,
184,
87,148,152,
4,138,145,
85,119,144,
165,162,23,
178,180,18,125,
82,100,150,
0,178,138,
142,110,154,
11,178,24,
154,163,68,
141,
128,71,127,
0,181,86,
116,88,178,
95,185,77,
119,138,67,
97,110,67,33,
31,171,129,
113,171,116,
134,14,180,
83,
80,66,168,85,
140,88,104,
50,32,125,67,
88,7,178,
23,77,148,183,
117,103,41,
173,52,142,104,160,
14,27,57,
66,8,185,148,8,
1,183,28,
174,115,
82,170,20,
131,61,
117,170,64,
161,148,3,127,
160,115,1,28,17,
173,115,62,
65,191,163,
93,23,109,156,
27,130,145,
2,66,
40,97,130,
171,73,118,
118,25,6,13,
157,122,110,
155,157,90,
6,67,160,
114,74,75,
60,106,29,
38,191,153,
33,168,50,
35,16,174,
163,97,71,
144,160,179,
77,1,180,
79,160,124,
173,126,109,
66,43,104,
8,2,117,
84,45,
147,189,85,
70,69,158,
22,83,37,
154,67,106,
160,138,109,
136,10,74,
123,183,126,
122,27,85,
76,88,190,
190,99,125,
137,104,113,
110,107,
43,18,
113,189,86,
150,50,66,
108,7,143,
18,61,153,
85,79,87,
149,89,50,
140,50,27,
128,110,179,
132,61,32,
58,130,37,
102,179,
71,158,27,
29,153,143,
67,126,37,
176,175,174,
84,64,61,123,
94,178,138,
181,179,
119,156,24,10,
176,98,101,85,141,
132,160,138,169,78,
91,164,153,
188,51,79,
42,82,61,
144,19,120,
145,104,
68,153,37,
109,178,85,
114,184,187,
73,61,178,
11,185,150,
123,21,103,
127,21,14,151,128,
101,176,180,
185,130,170,
64,0,133,
91,154,
69,150,70,68,
120,109,
107,10,138,
114,91,79,
124,100,130,
170,186,189,
56,66,
5,6,
123,84,141,
51,169,182,
101,185,130,58,
99,89,61,
119,1,45,
164,189,79,
12,160,11,
146,100,124,
129,79,178,99,
8,67,161,
166,150,
29,91,11,
7,174,
168,29,
45,0,47,
63,158,113,
0,158,119,
101,155,178,186,
64,45,110,
189,186,168,
187,62,42,
155,79,11,
124,4,152,
35,162,
163,61,
160,190,72,
98,161,52,
15,121,160,181,
71,170,
130,27,81,190,186,116,99,
106,168,
42,186,
151,67,
168,161,
85,181,79,
97,67,
36,66,62,
73,116,98,
177,66,180,
94,82,2,
