24,102,82,44,17,117,57,121,
145,181,178,42,186,138,
168,115,120,48,
136,109,136,76,79,102,181,174,
178,126,110,20,5,65,145,150,
160,18,101,129,147,140,37,12,10,156,185,
97,105,99,150,25,29,20,87,
60,35,42,52,23,169,147,46,113,36,76,
107,80,51,13,63,156,65,63,82,93,104,125,25,24,
129,51,124,4,183,140,37,65,48,119,88,150,46,108,82,
135,136,63,57,21,116,27,123,51,56,127,65,161,102,34,
118,22,178,168,40,68,
18,158,72,54,66,1,
176,18,0,88,148,87,14,105,61,63,161,18,16,65,140,15,0,
70,60,156,83,117,179,118,108,
47,13,118,99,113,87,164,
73,124,103,93,82,156,128,140,63,23,87,93,122,168,138,134,55,184,43,147,92,9,124,
23,153,75,81,167,191,
169,149,64,74,122,173,99,
105,70,147,174,94,83,42,44,88,110,64,
64,26,129,74,148,76,22,40,99,111,1,139,191,80,
102,87,183,36,109,175,178,188,
7,72,81,124,107,
186,77,2,73,78,59,13,110,147,66,106,89,111,160,117,22,134,110,20,145,30,52,
70,106,
36,102,81,17,97,
10,111,59,86,44,85,119,81,61,95,
63,91,13,170,4,108,
187,139,22,69,45,103,175,77,134,66,48,
43,156,160,5,154,
50,152,3,
106,69,48,46,
178,95,146,111,44,51,182,33,118,159,103,
102,170,55,112,101,69,140,1,92,14,181,130,41,107,
45,158,65,191,12,
4,39,101,4,
63,105,107,108,105,135,84,163,
190,6,10,97,169,146,64,155,
128,11,62,115,159,
108,51,163,61,143,141,
142,53,77,18,134,157,176,
166,117,4,36,21,143,81,51,179,
184,7,110,159,147,111,117,109,110,151,64,131,162,9,75,85,
42,158,93,170,144,60,134,18,68,35,119,188,15,126,81,32,73,74,94,86,169,131,22,186,145,118,138,
111,153,62,161,181,
144,25,42,60,64,9,43,3,53,172,148,188,73,41,132,
28,18,156,121,137,119,
157,95,8,149,30,
47,65,158,
8,124,141,18,18,114,
69,147,48,59,
178,57,160,2,101,
95,99,30,13,45,
166,136,27,149,46,10,157,
166,32,0,150,
141,81,43,164,26,86,187,127,150,47,74,8,4,5,108,152,115,137,102,6,29,191,106,80,
139,191,110,87,26,187,187,82,
54,100,174,
118,12,115,53,38,119,
32,26,35,170,76,171,91,35,43,91,78,186,149,119,183,
23,60,85,12,34,17,72,
67,10,148,186,22,125,178,102,31,190,155,126,
46,101,60,99,123,83,
126,51,62,119,66,28,45,113,9,85,
4,35,143,142,116,104,72,158,4,12,
129,160,5,66,79,66,174,153,
144,147,41,31,10,85,49,75,10,55,89,191,92,73,157,177,
90,18,30,87,
183,111,108,44,45,46,110,165,18,98,185,161,68,178,158,113,
182,29,104,15,67,129,
120,18,176,
95,157,91,125,49,
134,133,157,84,158,
186,44,40,67,51,39,33,49,142,138,
79,67,25,30,183,112,184,175,84,101,
163,10,4,181,71,
25,26,79,91,144,179,149,58,166,107,178,121,139,105,93,177,
63,59,16,60,67,145,79,44,158,16,
27,143,43,
156,36,71,159,28,43,137,137,146,68,159,167,
55,84,24,83,164,114,164,
35,35,115,118,184,5,6,102,
187,66,107,188,139,158,13,128,43,56,125,90,147,122,161,
129,12,86,21,52,35,58,97,114,60,
102,149,62,18,46,101,82,
47,8,78,151,15,33,47,169,187,180,7,126,190,114,
124,110,127,123,61,147,10,37,112,109,166,149,139,
107,27,75,31,25,175,100,191,57,122,29,95,38,184,78,22,17,100,54,115,187,124,93,97,21,55,187,
103,84,178,
185,60,183,22,0,93,171,
82,30,58,169,89,24,22,44,42,185,121,106,137,
138,190,122,185,101,121,13,103,67,66,25,102,56,145,156,25,
174,2,12,43,5,41,16,30,181,29,91,41,150,180,138,67,42,129,
73,127,177,51,
110,51,100,120,149,154,87,157,68,32,153,32,108,37,73,94,60,102,59,51,46,91,125,125,170,
111,108,37,
7,8,88,23,64,65,94,103,184,130,26,160,155,169,129,139,157,7,47,18,
115,141,56,123,156,
3,6,183,17,88,
27,135,102,51,30,95,144,
58,130,147,148,151,191,
188,187,21,42,121,63,123,
76,130,151,136,102,86,186,53,76,59,
182,114,178,70,3,163,138,94,133,
131,42,32,73,
30,115,83,166,14,156,31,126,82,165,54,44,54,83,95,95,59,8,
48,119,50,26,76,191,13,68,113,145,29,111,187,40,
172,121,183,89,74,161,64,
103,7,65,81,154,171,13,190,
87,72,134,85,119,99,
35,18,0,17,60,105,119,35,32,22,94,35,
149,32,43,190,136,13,
115,138,66,173,184,191,131,74,72,146,21,90,118,31,119,90,168,123,161,79,164,83,73,
39,154,189,164,64,151,
39,129,124,21,6,55,111,34,4,100,175,129,
21,166,176,7,57,56,129,76,102,49,106,78,134,174,
89,3,22,47,
157,50,183,47,26,88,40,117,68,141,135,181,151,185,63,7,21,100,
168,108,
49,181,94,181,63,69,
19,142,17,73,160,191,10,132,87,121,3,138,75,15,73,128,67,140,151,146,17,127,
65,46,107,183,107,158,40,66,180,87,134,129,138,103,116,33,81,47,78,
152,10,69,137,158,38,
8,47,51,85,61,188,157,157,174,181,117,
73,17,130,22,92,132,144,52,20,37,95,12,159,115,
146,42,143,63,156,30,23,9,
17,19,93,111,139,20,42,98,35,107,134,159,34,36,8,105,138,
143,154,42,27,32,8,173,166,147,148,36,58,
117,112,157,165,167,148,30,77,161,100,118,166,26,169,184,169,180,80,
177,40,3,51,43,40,53,122,184,61,12,168,172,93,63,73,78,65,
189,52,16,124,51,14,53,154,121,188,129,180,122,
130,165,62,
29,190,30,125,13,64,
191,139,101,13,37,12,59,80,
45,126,105,183,70,185,187,82,9,65,70,
81,43,111,10,
40,26,8,64,157,155,65,124,176,157,
136,56,149,136,79,60,116,154,135,179,174,
3,107,59,144,59,37,84,
9,181,55,138,42,0,116,104,101,55,37,169,84,183,87,14,167,123,30,
104,182,82,173,110,107,55,20,43,190,100,2,17,175,
134,149,73,153,81,
83,58,109,52,97,104,59,13,38,53,
91,170,71,20,92,95,
101,9,16,66,152,48,29,42,115,81,183,16,102,76,46,18,76,139,178,43,
85,156,189,146,8,5,
154,26,2,119,70,
148,82,141,63,
17,92,117,136,33,163,3,118,101,189,148,125,23,166,138,60,
129,59,111,119,9,88,145,
158,4,5,133,182,58,45,47,
50,2,38,30,91,88,164,132,114,18,68,142,37,190,120,115,82,48,49,78,99,153,7,161,121,24,92,51,
23,10,146,7,83,85,
28,126,105,4,134,
87,9,156,37,162,32,68,35,109,136,
176,40,105,
151,19,184,127,10,157,91,
63,69,32,177,146,17,7,0,
87,114,65,181,150,101,61,122,19,96,132,80,118,55,27,42,179,
8,80,151,
189,168,85,0,39,44,157,113,
117,58,70,14,20,87,130,60,80,91,94,146,36,
84,92,92,61,134,144,105,16,
16,189,22,176,84,5,37,89,101,164,4,91,172,30,63,7,106,174,39,35,70,30,90,159,
114,58,111,0,87,94,167,182,163,9,59,
179,25,80,66,118,158,9,65,47,94,125,143,170,
147,105,80,161,91,28,58,50,
37,110,87,111,58,7,83,
66,18,119,65,38,63,
62,119,181,158,112,35,36,
181,153,51,101,157,49,123,59,96,
151,4,83,34,158,56,148,113,53,51,41,52,21,
127,188,108,164,24,156,
59,162,63,106,16,4,
6,39,28,79,141,3,24,12,116,130,127,
142,42,186,
84,73,4,55,103,3,
61,8,108,77,
156,18,87,87,43,161,46,4,
36,166,64,152,137,66,157,176,62,
51,110,76,129,100,55,50,
105,94,28,54,47,107,122,162,64,105,113,101,97,123,
32,57,21,18,41,121,91,131,125,156,107,100,
147,36,73,143,
5,51,68,
100,5,190,161,53,32,143,91,99,
59,140,3,3,186,130,129,110,101,55,158,185,114,18,
76,161,74,40,158,59,101,101,49,51,101,159,142,
160,180,26,43,
136,98,17,173,166,175,36,81,88,149,13,91,168,24,58,119,22,61,
55,80,94,165,106,156,12,190,174,154,158,155,106,94,126,167,109,16,
153,36,53,110,126,172,152,1,
176,62,186,95,0,66,81,142,41,117,158,116,
148,138,82,124,118,74,1,58,95,119,36,
188,99,60,79,60,
181,177,136,65,
65,106,18,50,125,89,20,94,180,93,185,109,72,184,72,37,133,178,146,180,45,95,97,
86,129,147,42,2,
17,104,150,148,81,63,119,
169,50,190,108,87,59,133,182,135,
181,157,17,145,31,42,68,72,80,34,63,
110,186,82,165,69,
126,66,18,102,42,99,172,
60,64,80,117,43,138,123,4,188,18,85,
83,70,77,55,138,
166,42,17,138,2,67,170,25,
163,32,114,152,
6,190,95,60,159,120,
123,115,13,16,0,
185,138,65,79,67,23,61,7,116,
72,87,88,87,105,106,7,65,169,8,163,16,21,97,
64,39,127,145,48,79,65,
57,148,21,135,30,107,132,105,178,103,44,130,
109,55,87,152,
37,105,50,124,65,160,16,66,15,176,21,68,
4,166,52,28,50,176,2,
127,72,151,30,12,88,93,121,114,64,86,73,157,6,68,
67,
68,48,183,52,
83,30,
171,82,64,7,4,
102,135,148,101,24,60,
181,170,111,163,49,86,104,37,0,175,31,163,
84,164,96,65,124,
171,150,114,
181,132,72,5,11,102,117,174,128,71,142,42,9,
147,160,37,58,54,84,121,
27,31,21,133,10,87,82,8,161,
154,17,17,136,55,115,122,138,135,143,74,109,105,
106,172,70,82,21,91,
0,172,176,156,4,181,63,25,
103,66,87,69,116,
108,85,41,60,185,116,70,159,138,
130,59,93,58,106,180,178,73,139,142,162,102,144,58,157,119,23,45,80,
115,106,18,152,35,35,99,111,29,167,154,26,51,94,81,50,82,
78,177,119,119,167,
71,7,91,66,
183,129,101,46,26,3,102,175,160,158,143,
166,152,66,13,189,97,
168,189,118,
87,82,139,40,84,101,102,146,0,191,129,70,
43,26,101,99,18,39,168,127,57,177,16,153,185,19,50,88,82,47,65,142,122,33,43,110,149,184,71,
181,62,161,0,176,42,92,184,12,51,59,
82,169,49,39,138,148,50,63,
146,182,143,16,
87,117,72,47,3,84,141,103,107,40,
130,22,7,46,26,76,8,92,188,88,38,37,82,
122,25,186,14,107,111,78,164,154,160,104,26,47,81,147,114,82,155,177,67,
12,174,181,30,171,63,176,
172,0,12,106,153,
106,190,72,65,26,99,78,73,147,141,
153,181,43,38,110,26,134,23,162,50,102,30,111,152,129,
1,148,153,70,141,18,
14,124,133,17,148,161,26,129,69,132,159,32,
77,142,61,
134,17,153,65,87,151,68,86,76,135,131,99,18,
7,21,49,0,38,150,173,171,71,145,37,91,20,
132,73,77,87,52,97,
158,180,63,59,131,69,8,167,83,
91,167,50,107,63,59,173,92,78,
17,24,76,151,
3,128,87,89,58,8,80,
152,41,50,179,
122,128,44,169,106,58,152,
148,14,102,64,116,61,67,4,69,108,68,106,36,
69,49,63,109,104,103,3,
42,91,96,63,65,47,44,6,114,81,119,137,143,146,166,142,26,
65,101,135,30,44,
59,145,30,20,
13,69,24,152,47,18,18,115,130,100,114,31,22,31,
122,73,
124,91,181,14,39,189,181,146,163,15,128,45,
175,114,138,
39,88,35,174,147,
191,1,181,138,
163,13,48,162,13,159,5,167,22,108,191,63,
18,98,110,76,177,
64,122,85,55,44,90,102,60,18,176,44,169,172,63,67,190,19,110,
150,56,129,17,33,53,123,
75,82,47,143,53,66,7,171,100,20,26,94,117,191,82,33,27,98,16,170,185,102,19,149,182,72,8,137,174,118,82,190,131,
139,187,80,17,
60,66,72,110,87,164,191,92,101,125,
101,18,161,85,181,105,46,86,46,
13,139,63,94,18,16,171,123,103,
69,84,6,67,32,17,144,129,106,147,60,66,98,7,56,18,102,140,114,
79,185,88,6,5,75,173,95,191,
150,7,133,171,70,22,
81,133,59,174,84,39,14,79,120,83,109,17,7,16,
85,91,23,101,79,188,166,
119,133,22,23,126,130,94,80,114,141,78,118,178,28,
82,122,70,115,
143,81,190,16,100,37,158,127,
101,111,17,87,108,161,191,65,91,4,55,115,126,4,
100,169,157,13,13,56,65,
42,67,7,101,82,18,49,177,162,163,173,86,187,
76,76,64,18,125,
130,143,73,126,
76,190,35,
121,82,172,22,71,60,144,
67,122,162,
88,22,30,72,47,102,181,60,188,67,78,146,109,185,122,
2,166,16,124,10,
43,101,66,187,8,81,173,1,118,120,177,27,
14,39,81,21,10,187,161,77,
114,114,103,21,56,13,47,
119,122,129,26,78,4,148,
25,0,107,138,
67,185,79,41,
13,62,39,95,100,24,159,
160,133,190,60,186,128,78,
59,3,31,109,17,
90,115,187,169,150,
177,190,67,144,136,181,154,
93,55,64,112,130,39,99,
146,14,4,
119,32,129,130,167,62,7,44,
84,9,160,189,87,
44,18,82,53,41,63,119,
18,141,69,64,102,36,146,53,141,32,
98,17,75,121,140,68,122,77,95,69,
26,160,32,8,154,122,165,32,91,48,48,151,117,111,46,124,24,14,187,160,164,69,
81,107,106,162,120,2,109,141,170,36,123,122,42,70,77,143,48,84,136,103,134,62,68,
110,186,80,102,164,
173,119,69,141,137,
0,9,35,80,28,181,25,163,
141,191,71,38,68,36,
170,157,81,2,4,169,103,120,98,148,124,5,171,58,186,134,9,91,50,63,67,
147,101,124,15,72,56,150,86,187,84,121,
47,25,21,77,139,80,98,122,36,
92,114,91,84,179,
106,190,40,186,59,31,
102,75,163,26,66,110,135,137,29,144,102,154,60,36,65,21,91,
5,171,111,53,43,27,32,122,13,93,35,
16,81,63,173,69,
156,82,120,17,16,23,105,76,70,116,36,94,
87,26,39,38,169,
133,51,159,102,99,134,43,158,24,80,73,34,14,64,35,73,111,119,184,160,95,85,98,169,
4,129,36,105,138,156,135,84,81,35,
119,94,100,185,18,83,109,3,99,
30,169,91,149,73,67,46,29,7,42,65,46,161,191,85,9,
174,105,136,51,31,166,54,1,111,
162,187,149,41,21,7,7,148,169,22,148,184,23,
60,59,83,51,40,144,46,185,96,188,115,108,103,17,
143,146,41,
63,82,17,149,161,181,87,
3,119,50,186,
79,135,66,148,85,152,64,47,
191,64,141,29,23,141,37,53,79,
32,5,143,131,6,36,110,162,127,94,14,
121,156,5,8,97,72,129,119,157,12,67,
24,3,156,13,60,79,107,91,55,2,175,
1,191,43,165,26,137,107,
96,162,138,60,59,88,
51,23,126,45,31,110,93,39,177,1,168,35,117,108,186,122,
158,151,76,152,62,157,9,
97,83,107,129,102,49,58,83,
18,35,147,42,156,120,37,1,155,53,30,25,66,13,159,79,160,17,60,28,
77,83,186,136,107,66,100,138,142,132,84,
13,103,5,191,
86,134,181,168,44,
10,52,191,27,67,44,76,190,191,68,151,50,163,154,174,15,23,112,102,166,
104,181,83,174,
73,106,125,75,
124,64,40,2,7,3,162,107,84,
24,136,167,30,
141,119,81,
31,59,30,181,167,30,27,119,177,116,70,158,
94,114,119,7,178,55,65,57,49,119,32,
150,69,4,178,186,
51,107,85,178,124,5,135,115,83,
138,108,109,157,154,161,174,118,96,145,182,67,175,142,110,17,
32,73,163,112,164,166,152,174,69,
163,182,181,
66,115,179,99,37,29,186,166,132,78,
55,13,39,22,0,101,119,
54,138,162,66,126,53,18,88,183,71,
59,5,48,49,169,10,81,15,29,76,40,51,187,140,181,81,
110,90,73,95,123,72,155,18,43,38,64,
71,141,8,13,122,107,158,20,108,110,181,72,56,
7,42,0,162,113,183,119,
137,86,152,141,95,
2,43,45,42,151,11,23,0,73,50,109,82,160,86,186,154,
148,79,144,143,17,
85,16,10,133,80,118,163,165,171,16,166,108,7,175,9,23,
36,136,156,47,39,60,128,
167,117,24,115,9,17,91,119,165,171,60,
157,110,66,71,130,8,128,158,142,179,166,
33,150,178,80,
141,115,23,66,148,173,87,104,94,24,158,186,184,80,
105,176,157,105,155,9,41,45,172,4,63,139,167,150,125,1,17,37,10,2,
18,101,64,42,8,101,191,90,120,176,
118,88,179,112,117,190,86,35,
73,110,189,70,167,50,181,84,100,130,17,3,
80,113,5,116,110,181,60,131,0,0,133,139,8,140,47,156,177,24,117,
12,43,172,129,73,26,4,45,118,159,23,115,
169,47,149,9,138,
66,111,138,69,80,157,125,43,95,88,119,77,129,71,57,
63,64,49,110,
82,126,75,162,74,92,13,68,1,171,168,157,21,189,82,9,
161,183,14,111,
79,49,16,97,129,188,24,137,89,108,63,
137,1,
36,32,117,2,17,147,148,
188,130,88,59,88,127,4,179,
72,131,121,186,18,2,85,
77,66,98,42,46,61,79,
149,30,157,158,169,63,29,73,134,102,132,169,16,
92,84,119,72,113,127,
0,98,166,55,124,44,58,53,176,102,7,189,123,
190,88,100,55,62,106,143,23,76,177,138,52,126,52,103,160,
17,29,19,36,
184,181,65,108,79,177,102,115,189,163,
64,133,11,136,5,14,93,82,44,95,129,72,36,
102,76,141,126,136,97,112,131,110,
85,51,
58,22,30,89,154,122,8,116,
114,8,50,107,138,
26,87,127,166,143,40,13,98,
95,66,178,
126,82,119,67,130,
55,87,93,51,122,
91,42,51,147,102,65,148,165,95,86,155,
95,110,133,176,48,100,51,71,94,
116,162,176,103,
84,91,162,150,106,92,139,79,
17,119,127,3,166,68,61,17,15,19,73,157,118,109,154,92,63,
177,119,112,155,181,6,71,140,92,79,
53,18,189,18,118,153,142,112,59,
157,76,170,1,78,98,163,30,138,172,
41,63,30,74,44,168,144,121,108,171,132,116,144,145,143,157,23,67,34,
62,100,190,126,94,13,91,102,176,128,164,2,43,58,111,34,50,95,
29,101,1,70,101,59,170,155,109,164,182,116,97,76,141,188,
82,24,148,104,156,181,156,16,110,75,83,107,157,87,168,73,
21,112,42,26,165,11,144,126,183,145,14,120,47,39,135,27,188,146,2,76,
44,73,186,
39,26,190,82,87,145,81,179,14,16,114,25,
43,73,144,134,
145,41,138,103,163,48,184,
4,30,151,0,61,112,163,146,119,
162,172,176,96,67,116,59,89,
73,2,186,141,99,133,40,52,89,110,17,32,155,108,82,19,73,144,81,
152,153,51,55,13,119,109,166,
85,51,87,25,
58,94,97,130,
80,117,3,141,87,
53,0,100,191,54,
66,187,79,187,5,75,54,2,77,187,18,
147,69,160,167,39,16,47,45,163,23,
88,17,164,151,136,151,88,124,163,76,53,39,187,190,118,183,163,17,79,186,190,160,84,127,130,3,97,175,
52,83,119,129,91,4,173,84,40,14,
161,156,121,110,181,101,140,172,98,45,
92,60,73,53,158,144,118,
23,190,7,121,
18,165,126,109,5,65,187,106,8,132,101,137,86,13,154,44,126,48,142,
28,69,99,33,191,113,134,58,6,109,123,38,109,134,161,
108,183,148,32,73,30,111,127,168,5,41,103,46,
102,69,133,64,118,27,110,40,89,108,24,184,
126,87,70,149,18,34,119,65,6,126,186,84,32,164,182,143,169,5,178,124,132,54,50,47,132,
94,115,94,143,58,105,
111,5,82,52,88,10,126,101,131,137,
16,101,32,13,79,130,2,149,157,158,143,120,
119,115,52,152,92,173,116,153,121,0,126,31,177,8,142,129,
26,106,63,130,
41,170,67,152,14,
60,5,6,85,77,52,43,89,119,25,80,74,30,104,120,124,108,120,173,136,62,70,63,114,159,100,135,24,166,155,166,23,103,190,136,186,149,182,
114,119,122,69,92,175,10,129,78,186,
4,171,190,125,
151,68,22,8,17,
118,91,87,70,
51,95,15,189,166,85,
22,45,152,0,38,122,107,140,47,187,7,163,58,152,69,131,
98,183,75,18,47,62,127,34,
17,32,1,27,18,25,164,88,57,
57,114,45,22,
10,14,2,114,
119,136,35,186,176,89,63,148,143,50,42,66,150,51,
190,169,51,160,0,106,39,29,75,149,6,88,190,152,138,60,
157,99,6,105,53,41,167,98,40,134,181,120,157,82,
5,20,100,92,16,48,106,178,57,45,129,79,
150,84,97,119,155,
127,124,124,53,50,58,32,33,24,26,102,167,
91,158,25,32,30,1,10,20,120,32,24,85,191,118,104,151,47,
133,160,1,157,81,48,165,27,59,
67,166,64,174,
111,16,183,80,103,81,150,9,122,66,79,119,12,91,189,114,129,26,136,81,8,48,
100,110,4,21,95,54,81,95,29,
121,120,98,154,35,105,112,28,
15,182,124,37,29,
144,130,84,100,
94,166,16,13,40,88,174,33,64,156,
119,109,66,10,48,
114,116,114,110,140,88,30,38,0,125,171,57,114,130,22,39,174,55,184,
70,94,82,94,175,164,105,143,58,87,186,
8,43,158,128,58,
109,96,184,154,64,29,119,149,69,173,99,110,156,88,
138,186,152,4,188,52,54,80,191,83,67,
99,188,157,97,9,
51,190,27,
158,34,113,172,91,124,134,120,68,140,161,146,186,
51,174,115,127,158,77,91,165,112,46,18,133,
40,106,76,177,102,165,116,73,124,179,186,78,96,52,44,48,
13,138,166,49,
4,168,60,150,117,115,184,
96,42,84,3,82,109,191,181,
172,162,177,174,106,72,102,
67,182,177,
81,65,4,115,141,156,49,
120,175,8,110,81,36,154,91,179,140,122,26,18,156,133,158,55,17,129,165,
24,6,26,
70,126,182,16,49,79,
181,80,82,31,3,33,173,73,34,6,191,88,48,
71,177,152,115,156,86,163,74,
22,137,88,151,118,55,140,145,57,158,
143,126,146,130,37,153,26,169,127,44,183,
57,132,94,66,
179,39,118,152,18,92,157,
124,40,126,158,
35,16,35,76,180,4,
155,122,30,3,4,18,167,116,
164,110,84,174,
48,124,69,106,
105,72,156,105,84,164,176,154,
125,66,76,
94,0,42,70,116,
73,156,164,40,178,44,148,141,58,131,
84,81,63,87,59,
76,66,48,21,92,134,17,159,21,149,17,64,59,60,
173,21,104,153,181,42,
100,119,117,144,28,51,
83,105,151,53,81,86,37,82,
116,29,156,58,
156,73,115,80,
171,116,13,168,133,16,114,132,140,
128,3,124,36,
22,162,67,121,185,150,
30,18,50,4,154,167,24,79,110,31,146,126,123,191,88,188,127,102,35,27,16,58,70,158,
11,182,53,61,45,
167,155,23,78,
83,119,60,
74,76,154,172,
58,3,129,70,
13,29,163,
46,51,166,
176,0,36,12,
4,188,
67,138,138,
110,109,71,
51,152,181,59,73,
65,102,100,84,
58,62,127,37,85,
84,80,88,
17,181,156,59,
3,155,96,
25,17,85,
68,87,181,5,81,
12,191,6,
159,16,13,14,
115,167,71,
95,79,
69,14,22,16,26,
132,14,144,126,
29,17,100,15,
171,167,185,
137,79,36,
9,184,73,158,181,
34,98,23,
129,87,119,
36,156,153,
93,17,185,
119,17,42,154,
78,65,40,
164,39,32,127,
171,5,12,103,
47,147,179,79,
44,57,10,
166,124,26,
56,114,100,71,
41,151,144,102,
70,45,108,
165,91,120,21,
0,87,114,
167,73,158,105,
32,100,87,
42,77,181,
13,149,95,
49,186,13,81,
125,4,110,107,
158,16,92,30,
108,60,169,
83,97,158,123,
66,60,18,
76,101,83,
46,77,30,
115,51,12,58,
138,169,42,114,
185,59,136,
144,27,121,
131,72,158,
124,127,73,
184,43,141,
139,99,105,160,124,
131,184,111,
160,183,178,190,
112,62,32,
69,187,103,
60,102,
52,190,151,
113,126,48,92,
169,162,42,
130,57,6,
3,124,24,
42,30,174,87,
64,18,76,102,7,
154,103,18,
19,64,43,
134,21,43,123,
49,7,97,
86,101,97,
189,184,166,
145,7,
174,138,
23,162,60,
88,96,176,109,129,
102,102,88,35,172,
138,145,148,
59,133,188,84,
58,117,143,115,73,
155,190,150,91,
174,164,39,81,
46,129,110,
16,85,146,37,
69,173,110,
148,91,117,
100,104,32,
181,96,8,
169,90,100,
123,134,188,
159,73,6,
163,157,145,
97,88,79,86,
180,47,35,
164,47,55,
44,86,65,
61,77,10,124,
8,27,40,
137,173,82,
48,81,95,
38,66,110,
126,153,
98,0,69,
2,36,24,
125,67,73,110,
191,18,30,21,
38,130,50,152,
102,153,
142,176,130,
115,101,4,107,
152,22,79,
129,189,121,
165,183,110,
138,82,166,190,
145,64,129,
48,168,18,181,64,
65,45,40,64,
175,183,24,88,
142,76,138,
116,136,41,
38,141,87,
180,117,65,158,
94,117,95,
123,136,150,83,
52,189,132,186,
20,7,97,
95,137,73,
70,31,154,
46,106,108,
97,65,132,36,
164,55,26,
28,147,18,
35,39,62,
80,130,147,66,
176,162,142,
177,18,43,
11,128,64,
68,156,118,37,
149,124,60,
122,187,55,119,
67,170,42,
26,25,183,
51,8,181,
136,185,123,
101,87,76,
65,177,181,
23,147,
62,98,81,
173,143,52,
135,4,79,169,
120,16,43,
37,130,143,
60,121,108,
59,76,53,
21,173,157,
30,157,
158,141,143,
25,39,0,97,
113,60,183,
108,79,63,
176,120,181,37,
109,59,136,
103,57,108,
179,70,87,
151,58,39,
112,10,4,
2,105,4,
142,181,119,
162,84,124,
156,109,24,
63,81,148,
109,83,65,
102,127,10,
118,92,43,
20,104,186,
137,111,156,
143,4,108,
181,9,177,
53,92,150,
10,19,85,
161,187,14,
122,47,98,
52,111,190,68,
13,55,
163,4,17,184,
160,133,84,
33,47,94,
126,101,190,47,
186,60,70,
107,51,65,102,
81,100,63,
186,176,114,3,
157,189,16,161,
1,133,174,
18,66,134,
190,50,23,
163,42,
185,88,160,
6,177,35,
109,102,81,
91,117,
174,32,104,
10,124,160,
0,22,94,
53,83,
166,85,85,
167,127,156,
117,8,24,
36,141,143,
124,189,8,
5,64,158,
79,70,111,
75,98,73,
99,119,169,
111,184,174,
14,146,52,
86,18,91,
64,105,94,
74,169,71,
4,59,163,
158,31,183,
175,102,104,
134,28,142,
189,84,
47,89,91,
182,60,11,
108,70,63,
34,181,135,
15,147,176,
69,98,102,
162,54,
146,178,117,
72,18,71,
63,188,26,
152,32,
188,102,29,
31,106,13,
21,32,37,
168,51,82,
25,60,47,
112,177,121,
183,88,7,
60,167,129,
184,114,4,
180,160,189,
170,110,179,
156,81,160,
119,55,17,
42,21,181,
131,22,75,
30,90,186,
159,128,156,
16,94,156,
87,97,90,
110,124,178,
45,161,124,
85,30,60,
9,146,99,
44,40,
178,119,102,
82,130,129,
