178,21,160,129,
191,114,181,47,61,
152,126,116,67,48,78,89,189,148,37,106,64,123,178,
38,85,10,137,166,151,186,44,32,155,11,130,142,89,11,
72,10,143,157,145,114,71,
22,178,78,179,119,79,140,81,67,
170,141,117,183,96,46,10,71,70,124,5,78,180,98,49,77,184,
98,16,157,47,157,15,36,158,43,
160,134,85,51,168,175,21,
83,106,33,191,
67,63,159,153,128,154,118,166,100,64,64,27,87,64,117,78,61,167,
146,149,93,
118,93,165,72,99,146,164,90,
168,131,83,128,160,162,116,76,92,45,92,113,140,
75,185,78,24,32,
48,27,9,22,49,55,61,125,31,179,38,28,160,53,54,
127,0,151,90,95,69,104,
75,0,47,60,
7,181,151,114,
64,61,65,118,102,106,69,
177,50,165,68,128,3,10,
78,98,163,29,141,125,134,107,83,106,24,69,179,75,67,
44,104,189,102,185,57,134,129,191,38,
133,7,95,8,43,118,168,170,
126,63,18,59,
106,138,62,177,64,
64,32,97,127,38,36,152,3,
32,126,29,
58,143,130,14,0,53,61,123,185,
3,27,104,33,150,142,74,156,170,50,27,115,175,29,45,
11,117,24,
81,60,29,151,
183,83,67,4,154,59,104,
14,181,17,120,161,171,135,71,30,16,54,68,83,133,
17,41,4,43,14,116,191,188,22,28,49,13,
179,61,22,152,164,
104,3,180,129,170,
164,167,20,10,163,150,174,84,23,
180,41,72,116,164,79,4,85,177,122,115,180,
104,184,66,162,80,191,3,161,45,188,44,73,43,183,
47,74,142,67,87,52,3,
8,157,37,122,149,74,123,100,172,85,134,90,71,135,
164,152,104,121,101,186,140,28,190,173,95,
44,3,189,180,
36,6,57,84,110,33,77,63,168,172,147,
85,37,179,183,113,140,52,100,160,142,98,
189,156,44,145,141,1,136,106,119,4,109,47,160,38,
168,133,77,
104,61,86,112,140,120,134,
189,49,11,149,138,185,162,75,148,166,35,7,
51,32,66,94,147,32,49,87,98,183,
24,178,75,185,6,153,119,123,109,
144,154,106,118,160,18,179,110,
4,85,10,5,25,148,
172,63,91,100,81,120,13,35,93,87,53,112,121,44,137,76,40,73,18,160,49,121,38,16,103,87,6,
174,92,33,134,146,21,4,27,5,101,158,60,
92,46,129,
143,34,68,157,161,66,110,115,45,178,
160,136,123,169,80,11,161,142,28,159,119,169,24,73,0,30,77,139,105,77,167,
117,170,181,111,13,186,125,179,
143,167,3,65,79,80,67,70,154,157,
39,112,64,
65,58,13,157,104,165,40,162,138,4,168,64,57,82,
133,32,157,15,120,103,
138,3,11,127,72,60,13,
154,183,30,155,175,68,
186,164,133,10,103,41,85,122,145,
89,91,142,139,71,38,162,58,108,185,
98,166,10,129,135,190,
37,85,168,126,99,8,64,106,102,142,148,118,90,
66,47,12,162,110,140,
33,157,174,102,189,81,185,55,83,1,158,88,175,151,55,106,22,
58,89,141,24,
46,96,179,64,135,
44,51,151,138,125,124,
95,46,161,158,191,136,
148,79,95,95,135,183,51,152,113,105,4,142,
171,32,83,14,129,
111,181,115,140,24,55,162,154,116,150,170,154,155,149,
16,132,154,87,
125,44,90,145,128,107,106,85,126,59,39,116,65,136,189,48,116,86,190,100,
186,38,113,178,102,
49,73,138,120,78,139,59,107,158,
65,10,39,31,41,163,45,
122,165,80,4,
58,65,30,56,
86,44,167,158,187,86,104,180,83,154,36,
47,179,61,98,191,189,1,45,
10,140,184,28,57,10,
41,93,97,143,159,91,0,5,20,5,90,154,6,180,67,3,122,141,121,178,38,95,118,
116,17,99,168,8,99,99,176,
110,66,43,37,185,
124,151,162,61,113,77,98,141,79,
31,99,166,165,80,36,150,82,
151,163,138,127,159,6,7,171,65,71,75,43,6,40,81,44,71,102,
130,138,67,134,76,58,170,
20,169,103,164,148,
102,67,44,116,112,
138,88,77,106,131,85,128,13,
184,179,178,11,84,170,
113,63,148,184,
61,67,190,41,163,
138,130,21,151,44,12,33,49,97,157,126,
117,67,67,25,68,
29,42,67,108,40,160,32,136,
141,124,93,55,91,81,
60,162,73,138,75,107,83,
85,125,43,38,14,55,156,
129,156,104,3,
65,25,10,88,102,
103,172,53,94,178,72,
120,132,59,3,99,166,87,49,13,163,94,3,13,72,133,
86,73,86,172,43,
150,111,66,139,145,
67,130,11,185,70,164,45,114,175,64,62,118,102,160,134,146,14,25,168,111,117,165,66,
76,168,
149,189,166,77,90,8,36,9,100,160,38,
187,81,34,
189,74,15,18,178,150,
107,189,29,86,
135,134,123,24,61,136,72,16,81,21,
3,120,92,185,110,23,138,30,132,59,106,69,190,
18,91,118,189,68,77,174,126,146,
74,88,59,
170,63,132,107,158,68,73,104,
77,160,80,31,74,1,130,25,162,181,186,84,149,116,51,8,63,90,124,
148,39,181,72,185,68,97,86,160,191,177,
48,2,190,126,45,152,26,
156,189,3,11,119,6,25,42,45,132,81,168,71,
11,88,6,17,156,151,1,136,12,38,
183,38,85,179,3,93,17,96,
29,128,96,95,78,149,34,60,70,110,107,45,81,109,63,125,
88,172,142,78,132,33,140,84,
105,1,43,13,11,96,180,16,56,191,79,101,107,
67,166,147,183,80,15,29,175,151,160,143,25,163,86,95,70,89,
28,142,10,
64,51,37,86,31,96,105,107,
130,167,169,66,106,41,19,49,58,
132,37,155,96,108,60,
132,81,88,14,68,173,170,16,18,106,68,128,
77,137,71,
180,28,96,132,116,62,87,85,134,145,178,
4,169,184,
11,6,146,
150,50,2,172,
12,10,92,64,10,176,61,
64,99,39,166,189,131,19,104,53,87,137,45,161,168,109,39,81,39,82,95,20,36,
27,0,67,188,125,164,
40,16,119,133,40,
103,0,16,5,5,142,
27,79,174,181,84,18,32,42,
129,33,96,118,11,63,183,62,98,178,104,178,163,35,
79,184,180,182,47,7,27,
53,151,103,161,
81,172,75,43,150,187,188,83,109,4,
57,61,10,
162,79,60,51,120,
162,89,75,50,115,180,161,
12,66,185,92,18,75,139,31,128,172,
131,64,164,144,14,15,189,57,66,21,66,168,136,51,87,53,65,167,
128,22,29,141,168,171,91,
114,51,171,7,
37,110,149,187,97,165,171,133,
171,15,151,2,122,23,0,171,88,39,23,102,114,147,24,31,145,189,123,98,67,84,101,76,62,13,
81,141,91,144,24,132,23,118,77,81,91,41,152,179,8,
61,64,57,187,13,135,166,64,85,100,80,32,120,47,162,19,64,97,92,117,
63,85,125,29,
151,169,31,158,427,53,11,4,170,123,124,142,0,145,113,111,26,
92,28,166,19,126,61,88,69,2,94,140,171,142,
116,112,32,180,45,2,169,125,152,100,88,180,144,183,21,36,
32,152,142,62,133,186,36,67,
156,101,166,49,57,135,52,171,79,134,53,44,25,63,120,129,
38,142,24,189,
32,64,41,100,51,49,185,131,23,173,80,
78,98,34,104,22,185,165,3,69,3,27,171,183,75,42,98,62,161,
150,178,99,189,153,
181,111,57,65,110,112,191,14,9,180,189,9,
33,106,36,86,129,160,74,
65,66,13,84,82,
61,12,80,92,
1,160,33,
780,142,104,187,24,166,18,127,45,54,100,81,121,77,24,175,119,105,61,111,106,
62,75,78,180,72,
88,155,74,2,185,25,138,84,175,162,116,62,108,5,10,
181,117,134,186,148,161,7,142,107,179,
113,69,75,94,149,127,186,164,72,89,124,137,
108,132,178,106,56,109,92,
61,188,13,179,128,104,155,52,124,191,165,118,
190,85,61,
134,12,166,35,160,135,181,39,28,66,55,161,174,127,48,78,93,
12,134,
117,126,107,121,107,
17,126,178,11,
16,165,40,36,84,92,98,33,103,67,
158,132,167,77,20,84,68,9,137,136,165,162,101,6,57,
180,87,86,80,34,164,22,131,104,
18,48,104,181,116,149,31,109,102,10,52,178,83,
24,45,111,24,38,
25,138,116,16,42,65,11,185,118,17,16,105,128,143,128,
160,67,29,97,148,178,1,144,
79,148,143,162,179,91,84,86,55,41,
161,143,134,149,120,47,154,
38,183,48,12,
125,27,66,6,104,76,180,63,169,55,99,
16,87,49,182,50,29,53,130,
91,11,75,125,96,
78,88,37,134,152,79,
61,48,0,74,152,
179,128,79,
117,185,11,146,39,2,183,18,46,13,189,
166,48,93,75,174,30,92,134,85,24,72,186,67,90,61,31,180,69,120,166,98,149,59,64,
37,10,62,30,159,78,8,
91,163,164,65,7,29,
95,120,65,27,127,124,110,181,151,29,29,12,139,148,58,133,
60,183,7,174,
133,37,40,186,52,50,165,85,14,
83,183,75,168,181,68,171,155,105,18,
163,129,152,80,151,91,41,
79,156,181,32,21,78,151,124,
96,170,1,49,46,68,85,44,187,91,38,
55,141,130,134,14,44,
93,169,48,141,118,114,28,118,151,
125,6,140,
94,33,142,124,101,6,7,149,180,
190,20,118,48,143,61,164,3,
152,158,41,144,0,179,32,3,144,81,34,0,
161,181,14,125,
71,9,170,77,67,145,93,
61,85,22,116,54,119,99,190,24,92,171,85,37,8,57,84,122,60,
30,136,0,130,185,121,112,49,
76,2,130,127,
127,167,8,188,104,75,4,153,66,41,
98,51,22,62,170,124,184,124,
137,10,77,
22,21,13,3,128,23,98,150,119,181,116,
75,30,113,81,111,17,130,89,84,162,62,190,62,187,168,90,
143,46,162,115,128,
66,35,150,40,65,130,58,134,173,62,188,147,125,16,131,67,65,131,88,70,104,32,80,51,
48,55,189,85,
99,64,61,6,14,178,61,73,150,36,92,140,137,
189,100,123,107,4,119,60,48,153,
142,75,32,51,73,28,15,181,130,44,131,8,61,162,93,86,
145,131,73,132,1,158,
87,38,180,27,157,80,22,51,7,
97,38,9,19,143,64,160,0,
68,62,96,5,189,23,78,99,143,17,96,125,19,60,105,61,18,154,87,180,57,6,99,
115,180,143,138,
101,171,143,
75,19,127,78,11,91,186,77,128,128,165,
128,10,12,178,170,74,49,103,130,127,132,
87,106,120,57,16,56,172,86,68,81,147,56,6,67,179,41,16,
154,45,86,54,95,
86,79,10,52,148,
147,171,23,87,
114,72,25,47,43,190,78,186,45,161,191,155,
189,9,171,10,175,160,7,100,151,
11,75,25,129,101,184,91,54,
160,48,189,24,189,
10,128,186,118,42,53,71,
149,113,189,8,146,174,161,189,141,
149,11,30,180,68,3,168,144,
10,37,4,94,1,135,174,57,8,65,127,103,8,86,44,108,110,72,119,25,9,135,170,172,176,
166,64,189,
4,189,121,99,183,3,173,122,157,16,
183,170,46,67,
125,27,45,
161,64,2,127,172,93,162,24,58,88,10,97,72,142,148,72,14,172,57,
7,133,165,68,158,187,88,189,
66,136,91,24,105,66,68,160,61,
2,89,129,50,19,158,92,27,104,88,30,48,127,114,48,163,45,114,
25,77,88,117,43,52,
27,95,81,48,3,16,125,114,162,121,139,138,
46,170,95,92,99,49,131,179,
157,72,143,98,134,155,67,87,133,60,125,35,55,
50,2,139,68,105,72,78,82,177,121,17,190,150,3,45,49,
112,38,172,75,104,116,39,31,43,153,85,97,148,
104,129,165,124,141,147,
10,170,59,158,14,164,72,12,18,187,137,189,28,4,45,160,38,161,125,8,80,104,119,96,88,
180,170,70,122,
51,148,160,57,64,113,188,162,11,189,176,
85,166,45,180,4,75,61,190,63,90,117,
68,50,149,173,8,91,29,
51,100,44,114,39,153,17,187,180,
100,92,61,126,71,
110,36,3,58,37,69,
178,189,128,
86,67,73,
59,10,120,74,110,120,
183,63,129,72,185,191,116,
139,27,16,113,49,12,
147,154,34,66,31,84,103,167,162,115,131,93,
39,51,171,
57,161,51,44,144,53,
94,51,
61,99,58,68,124,179,
144,152,179,137,167,57,149,125,125,34,122,
0,99,97,161,58,
6,36,94,129,96,166,125,11,172,68,25,106,
25,114,92,113,146,148,45,113,
184,99,104,169,
158,33,100,107,80,147,7,181,
119,33,
189,44,33,49,177,110,94,57,132,
6,43,130,49,156,131,55,116,
153,3,67,189,60,21,154,136,109,178,18,185,
129,2,6,128,184,70,86,16,
126,111,117,80,83,66,82,
178,22,153,132,150,166,185,23,
134,157,8,56,171,40,62,153,
72,148,135,67,23,
19,75,184,69,
149,111,29,172,37,89,117,175,187,
138,106,126,152,115,
180,124,166,35,116,179,162,
1,145,96,52,
118,142,7,93,190,113,10,129,64,99,144,55,10,61,
8,10,32,181,70,88,67,16,27,3,
73,48,6,165,145,49,86,
103,149,113,110,86,26,175,20,180,167,
179,78,31,84,
5,176,170,4,103,7,128,
63,170,67,126,113,144,158,183,126,146,
49,51,128,17,15,147,50,30,
64,61,118,67,85,162,46,167,17,92,36,103,7,166,
11,90,105,189,19,30,82,
52,143,10,146,79,144,12,29,58,147,86,14,
82,65,125,114,31,
154,67,64,147,38,66,143,78,97,16,
106,130,160,165,87,9,75,50,33,144,176,143,
179,32,61,157,184,47,46,144,146,4,183,141,46,175,64,166,189,6,182,30,
184,10,79,4,117,41,143,
150,22,81,91,
55,48,79,157,48,111,67,
185,54,188,153,92,136,131,
45,50,168,10,
30,75,107,58,119,179,22,167,142,
169,20,151,120,184,97,101,27,93,
125,78,82,68,153,85,149,120,44,161,190,62,10,
143,25,72,141,18,48,174,
52,156,133,1,74,
165,84,16,3,114,74,65,122,118,
96,41,171,25,90,62,
0,151,103,60,117,106,73,30,28,75,116,138,132,127,27,132,84,112,1,61,152,
13,17,105,44,120,101,65,117,182,138,138,164,6,138,
80,104,158,126,
135,14,
165,158,110,31,37,103,177,7,61,21,
126,92,138,37,17,48,152,63,153,32,114,
72,91,120,159,
175,179,67,92,
13,128,120,171,64,
91,170,128,66,81,89,35,151,184,139,189,14,87,123,8,161,16,
106,138,0,142,
92,3,61,126,168,
141,189,78,128,178,52,58,104,45,171,143,
107,86,46,150,158,30,63,147,177,185,181,
67,64,101,11,70,130,
39,171,148,104,185,2,
43,17,183,88,6,128,85,88,105,168,98,191,
92,14,174,100,16,25,120,182,
48,16,173,145,74,136,116,73,78,152,12,
85,138,171,
34,21,143,150,
37,140,165,49,60,157,78,64,30,
80,143,127,31,10,155,172,167,
186,77,3,58,117,114,185,34,167,172,
21,97,138,174,182,34,178,27,
14,10,131,70,169,58,85,171,3,52,
140,111,135,10,125,61,61,
178,99,186,17,184,2,184,10,168,
60,126,125,93,140,10,163,50,42,81,23,
84,27,179,62,158,
90,85,8,
99,32,191,0,61,31,116,179,55,68,
171,35,96,41,73,114,85,162,113,
43,114,185,185,81,35,78,139,133,86,71,
3,165,125,148,41,44,160,186,167,149,122,78,14,48,
181,95,142,51,27,79,
142,54,151,161,73,148,122,140,47,130,118,15,169,110,1,161,89,100,26,94,38,94,
73,60,142,86,26,68,25,104,
188,73,143,32,61,185,169,125,87,13,27,157,11,82,
33,119,144,
62,32,180,30,140,147,187,84,129,
143,52,185,188,98,118,104,4,45,120,31,113,58,139,101,
114,72,126,82,
138,25,
102,151,171,181,
41,96,186,87,
144,116,33,
41,152,32,127,
86,148,87,64,
25,67,156,
120,169,161,
171,128,141,
16,135,172,45,
144,167,63,
113,85,51,
174,164,149,70,
66,143,
120,92,104,59,169,
110,189,143,
185,32,148,12,107,
132,145,158,120,
142,88,181,38,30,92,
42,10,29,27,
155,154,
78,154,48,
97,37,161,169,
68,66,7,
23,164,171,72,
157,65,179,153,
82,11,65,
21,165,160,
138,13,189,122,
110,142,59,95,144,
107,60,105,
169,116,125,130,120,
185,87,33,75,
185,186,43,189,
166,6,38,
113,118,143,
39,175,
121,30,27,4,
179,117,181,
38,87,171,
99,120,
120,162,55,
45,116,24,25,
8,134,142,81,
45,102,65,131,154,
10,52,10,
172,36,149,150,
182,135,21,
2,116,39,124,184,114,76,64,
118,143,67,
125,117,157,29,144,
187,7,62,37,
77,75,170,
153,125,
167,86,
173,132,48,
4,32,151,
58,130,
161,91,104,53,
1,0,11,47,
59,166,3,
119,189,22,
70,180,170,67,174,
62,37,171,
173,164,68,
19,2,
31,48,64,
139,43,
129,92,44,
88,66,43,
171,156,14,
175,39,9,187,
24,161,66,58,
186,32,
30,62,11,
113,171,
90,149,11,96,
190,114,
7,94,64,189,178,
158,174,151,
67,32,47,16,
175,103,
181,22,158,102,
18,144,12,
84,0,36,61,184,
24,31,166,11,
90,166,127,
55,85,125,
124,98,104,
45,47,125,16,151,
16,25,48,4,
162,147,88,
45,141,104,143,
99,116,118,
91,68,150,72,129,
109,29,81,
91,81,
37,152,110,
151,45,189,
175,149,
100,189,149,
111,126,117,
139,50,150,
154,93,143,
191,61,105,
38,172,
189,149,51,
46,111,8,183,95,93,
186,75,77,
16,165,66,91,
21,22,79,135,
180,51,94,
130,55,67,
179,48,99,
10,65,
180,68,149,
122,61,180,138,
34,180,186,187,
146,118,25,11,
148,25,189,
184,129,98,
181,83,
6,11,
175,189,154,33,
78,32,170,49,
160,118,3,
84,164,147,
96,29,183,
55,99,118,120,
187,96,51,
56,87,58,134,162,
120,156,172,
182,79,
105,50,25,160,
16,25,51,
171,61,
185,110,117,39,43,
24,135,160,
51,16,142,
128,49,67,13,
77,36,168,
15,142,189,
61,140,191,
34,144,147,
80,32,
142,106,103,
21,116,153,
76,125,171,
179,100,87,
35,134,180,157,129,
103,147,133,
138,44,65,27,
71,151,14,43,
123,24,
161,114,0,
171,92,37,
164,118,13,179,
155,80,111,121,
116,6,111,
154,111,161,
99,125,46,
45,29,85,
134,180,104,
32,27,171,
19,11,97,
103,186,
108,29,
101,13,94,
128,129,75,
185,183,178,
155,114,83,
140,92,62,168,
69,64,110,
173,32,
191,99,43,183,
28,17,93,180,
191,148,
168,75,156,
170,3,130,
157,4,37,
130,77,30,126,
48,134,18,
92,168,176,61,
102,33,45,108,186,
162,143,168,56,189,
104,10,127,39,
131,32,180,145,
96,6,64,10,
94,106,92,189,
160,113,10,33,149,
84,65,88,
25,45,10,38,
95,164,
89,2,149,67,
16,14,139,129,
117,85,184,
182,179,
111,151,75,
64,154,61,13,
29,91,16,
170,133,183,
80,66,122,168,85,
64,67,67,151,2,
32,75,8,66,
73,171,
146,63,174,
189,131,
36,32,148,86,
94,46,
26,
153,24,51,
152,138,
163,61,
154,153,144,
50,106,16,
29,68,3,
167,144,144,
44,86,13,
114,165,2,
178,143,152,
174,143,18,
83,81,60,
158,49,145,
138,115,
30,154,37,
150,34,31,
26,73,151,
156,85,
165,16,75,
145,186,150,
122,186,144,
59,49,
11,67,51,
88,7,
69,127,19,
97,148,154,
123,152,58,
31,179,147,
64,67,
99,184,4,
167,143,80,
23,178,147,
10,125,177,
128,5,75,
143,184,190,
86,107,129,
112,0,181,
35,189,171,
182,16,13,
99,116,118,
190,98,125,
105,68,64,
30,37,14,
2,117,150,
113,160,151,
53,58,57,
49,48,
104,125,
135,140,
27,2,21,
28,160,92,164,
179,144,180,
125,144,44,
88,116,11,
26,48,103,
107,170,64,
178,180,18,
128,143,179,
6,125,73,
165,106,37,
129,171,91,
178,141,108,
158,152,63,84,
189,179,125,117,
128,91,177,
165,104,133,
185,3,88,
157,138,143,
25,96,156,6,
72,50,113,103,
120,125,61,
61,140,66,
126,138,
153,175,127,157,
166,166,178,
50,133,
151,67,33,
104,141,
136,135,30,
32,78,116,41,79,
3,47,64,129,
90,75,118,
93,147,146,
124,180,44,
43,98,104,
47,66,79,
67,171,37,152,
126,100,130,
56,108,87,
72,118,62,
105,148,83,
24,24,
62,96,125,
54,48,14,
100,158,116,179,
101,156,169,
38,64,97,
85,48,80,
115,138,162,
44,55,156,
81,22,81,141,
176,51,116,
106,108,33,152,
92,185,175,
119,30,22,
93,60,142,55,
157,33,8,
5,68,174,
53,10,48,
147,51,62,
55,33,6,
74,189,33,
180,62,125,44,
71,10,89,
78,43,114,
10,60,118,
121,41,164,155,
45,25,3,48,
140,22,164,
178,129,
100,125,189,
11,149,38,
145,71,189,
162,66,171,
102,64,18,
96,180,
155,38,
118,25,6,13,
3,104,8,
25,73,
119,156,24,10,
132,180,156,189,
93,183,134,71,
101,67,
85,186,8,
36,64,31,
49,189,170,
10,37,
163,67,78,
140,88,99,104,
108,89,
101,105,11,
128,43,
127,138,2,
41,61,79,32,
113,25,168,
13,117,118,
73,172,170,
7,60,5,
141,170,179,
103,128,165,
160,106,66,
169,184,4,
49,32,172,
48,143,3,
57,87,65,
41,184,163,
19,64,130,
67,71,22,
38,96,149,
84,75,165,
12,11,38,
40,134,
8,61,37,
71,8,72,
70,129,143,
107,49,117,
62,134,106,
127,161,134,
136,95,29,
147,49,104,
74,61,52,
140,66,
91,141,128,
54,11,154,
180,180,181,
14,132,
87,16,
4,179,189,
8,68,116,10,
150,164,
57,189,144,
151,93,79,
53,16,156,
141,149,104,
7,118,91,
83,86,14,
187,75,149,
172,80,186,
130,128,16,
18,132,143,
91,18,79,
169,142,
135,98,
80,67,180,
158,170,98,
113,139,25,
68,18,161,88,177,
175,153,3,
57,68,61,
134,8,
177,148,189,
41,65,81,
58,186,95,
179,81,85,
45,2,66,76,
68,125,132,73,
80,61,61,50,
189,64,
119,40,
53,64,131,
128,25,138,
16,8,105,101,87,
