75,55,128,20,1,5,39,49,177,117,21,
118,88,79,90,112,117,190,187,
51,127,158,91,
177,40,167,51,43,40,53,122,50,12,168,172,93,
75,103,28,8,41,60,104,160,175,
12,43,86,129,143,26,4,
32,57,100,121,163,125,156,
63,105,107,40,105,
66,14,120,187,5,75,54,29,134,180,5,
119,136,35,186,176,89,63,148,143,50,42,
62,134,19,45,134,122,
64,139,129,74,148,85,22,99,111,1,139,186,191,
5,20,100,92,16,48,154,90,57,45,
42,63,26,124,103,135,126,156,12,
168,122,85,30,123,63,184,18,96,
10,191,54,67,44,76,190,191,68,88,50,163,154,23,
21,39,7,57,56,129,41,102,49,
186,170,140,115,189,94,160,84,41,4,126,84,39,189,187,110,186,119,4,143,
110,190,148,112,127,112,128,
60,112,72,110,
74,94,138,3,29,
17,22,32,148,1,87,34,149,67,107,164,88,
89,144,58,
4,129,186,105,138,40,
159,177,
8,47,85,61,
50,10,39,134,146,
82,75,162,74,92,13,1,171,168,24,21,189,
130,158,63,25,28,6,42,
130,27,165,50,62,
16,47,8,
27,68,21,43,92,160,
166,117,127,
37,50,124,
2,121,11,176,150,162,123,134,62,19,119,97,136,85,30,106,
60,64,80,92,43,138,174,4,
59,140,186,129,160,101,
148,45,17,72,
186,187,2,146,79,70,18,158,126,75,
17,43,136,92,3,118,101,189,148,6,86,188,166,
186,137,9,103,134,155,40,67,159,26,108,134,54,48,156,114,46,176,120,45,26,154,
142,74,108,85,165,153,
34,17,75,99,100,137,
166,81,135,177,116,18,26,98,147,179,
121,2,5,8,97,152,181,72,43,28,186,157,
73,53,178,86,148,155,
111,62,134,160,55,14,109,176,181,179,48,71,24,141,187,
50,122,181,177,130,186,
80,113,5,116,136,181,60,131,0,0,133,139,86,140,47,62,
70,54,49,94,175,164,105,175,
56,4,134,176,
24,162,83,
98,17,75,121,140,115,
62,2,96,48,190,126,94,13,91,102,176,
84,92,188,61,178,74,
65,106,18,50,135,125,89,20,94,180,93,185,188,72,184,72,
7,105,87,168,60,154,78,119,111,148,69,152,
82,160,188,9,
176,0,148,56,87,14,105,63,129,18,16,186,140,54,
181,80,82,31,47,3,
173,167,104,153,149,144,
91,158,25,32,30,1,10,
16,123,101,32,141,79,
88,28,36,97,179,
60,154,19,51,40,144,
135,82,132,3,65,166,173,8,49,112,122,
160,133,190,
186,60,178,112,182,178,64,100,173,50,187,54,
19,142,17,160,191,38,132,119,121,3,62,138,75,15,73,128,67,140,151,
177,75,143,155,40,40,71,140,92,28,
67,10,148,186,34,32,89,102,31,56,114,
87,117,134,3,100,183,141,103,
163,139,48,172,127,159,5,167,22,
173,81,7,100,40,
166,123,89,181,147,103,136,93,107,
106,190,72,65,26,188,
85,51,
31,23,73,30,6,136,139,68,115,84,26,141,92,157,119,161,63,47,
157,57,1,78,98,156,30,138,96,
91,99,165,158,
88,10,186,137,
115,106,31,160,100,35,99,111,26,29,154,26,190,94,
71,141,8,13,66,85,158,20,
121,120,98,
139,95,47,47,163,142,96,57,38,112,151,159,171,
181,37,132,72,5,11,50,95,117,126,128,
31,120,30,123,167,30,27,
21,120,75,103,164,77,
89,154,130,8,153,18,67,32,70,186,
184,133,117,68,101,95,144,61,131,186,189,12,
95,78,30,
145,56,85,15,62,117,160,85,124,16,79,132,41,181,66,
7,110,104,44,
134,111,148,106,78,128,151,73,
165,178,183,133,133,
96,42,124,168,82,109,
18,101,38,42,
126,1,34,179,29,58,100,
87,117,39,54,145,165,141,93,
120,14,127,170,111,21,161,78,6,133,
95,156,70,
165,187,186,16,180,55,151,190,88,
50,2,67,30,28,88,164,132,145,39,68,142,37,134,120,160,13,48,49,99,7,
102,170,55,92,101,21,140,1,92,14,6,130,
32,131,6,36,110,162,127,
60,164,160,191,0,186,147,34,84,84,148,21,40,107,
12,108,7,2,58,63,
181,170,27,
55,111,165,100,15,77,
90,141,147,32,49,127,41,37,25,82,19,73,5,90,
179,111,10,111,130,
135,188,188,110,181,84,114,60,151,39,4,91,191,121,130,106,36,
75,25,101,162,187,95,126,141,170,69,94,72,136,172,126,
187,139,22,112,45,40,
127,12,54,67,4,60,30,164,78,103,116,96,
88,17,164,151,136,124,163,3,53,153,190,118,90,17,
42,91,96,166,63,65,47,44,6,163,114,81,119,137,143,
105,73,28,158,176,123,116,170,83,168,149,111,178,6,38,
181,124,191,96,92,184,12,
154,22,154,82,130,178,147,74,
10,78,161,100,53,7,91,154,111,
88,134,49,60,3,
110,135,73,95,123,66,156,155,
179,25,80,66,118,158,9,77,31,65,184,94,125,148,75,
177,189,42,159,44,47,64,114,126,143,
5,67,6,72,66,
135,136,42,57,21,116,123,56,
101,111,17,87,
80,1,84,166,
99,12,88,73,91,119,
84,91,60,36,92,
95,18,60,173,12,139,
30,169,91,149,73,28,68,
38,45,168,
180,161,92,169,24,81,66,133,70,
136,22,112,38,
28,30,105,109,74,129,148,
95,75,81,125,7,49,
127,30,12,20,93,121,
127,154,68,58,136,55,48,104,26,166,2,
28,130,175,59,
0,181,166,96,124,58,169,118,
163,42,32,12,4,84,156,
60,35,42,52,95,68,147,46,20,36,
66,115,179,145,161,29,186,28,
121,43,30,82,
30,18,50,4,127,154,103,79,110,31,50,126,123,121,188,127,102,35,
54,157,10,164,103,28,23,
81,32,95,23,
75,34,183,149,57,145,47,80,
183,81,87,114,124,
182,84,71,37,
164,21,168,84,124,
141,90,16,146,140,142,25,3,47,
67,17,129,47,180,152,55,
190,169,125,160,2,106,178,39,
39,129,124,21,
68,161,127,174,
144,25,42,60,181,64,9,
6,39,60,47,117,
111,16,183,103,150,9,122,66,145,119,12,91,189,114,129,26,
78,10,95,160,74,120,2,124,54,102,71,
29,101,1,70,101,59,
64,133,47,177,29,14,93,110,44,95,129,62,
102,95,148,9,
37,90,71,181,131,
63,11,138,1,42,175,63,
138,4,188,52,54,147,
24,91,82,110,162,74,79,
22,41,188,29,38,134,107,140,47,187,7,163,58,
134,17,153,65,87,68,86,76,
141,124,145,72,137,136,82,95,
181,157,127,166,31,
96,147,13,62,62,66,
73,17,130,22,92,10,134,
105,70,72,147,174,94,
127,20,163,120,17,13,81,143,166,140,171,82,8,181,13,
85,64,71,141,159,160,
161,66,17,100,187,
69,70,92,134,84,6,67,17,144,129,72,147,60,66,7,56,75,18,102,123,140,
28,65,89,144,104,75,54,50,87,56,
75,172,112,84,41,109,21,188,96,114,87,53,101,8,146,
86,60,158,134,21,14,134,149,139,170,127,80,177,123,157,130,168,
119,99,133,22,156,
107,165,112,140,
184,7,110,159,147,156,117,109,
60,75,102,188,68,111,112,
25,56,79,91,144,179,149,120,143,141,178,121,139,105,146,177,
39,4,30,21,123,80,50,58,
170,72,14,81,49,141,126,36,5,9,148,41,
91,42,51,
120,186,18,
67,5,92,148,142,109,100,162,73,77,80,50,125,12,
141,170,1,115,23,66,148,169,87,104,94,101,75,111,
96,0,59,139,112,107,
13,172,50,186,85,148,18,95,15,58,168,100,74,7,50,139,53,120,154,189,
72,171,16,159,90,62,24,36,60,190,120,138,65,25,9,128,163,95,141,69,32,152,46,106,143,166,167,125,105,133,148,
23,7,121,174,
21,27,26,177,11,15,126,183,145,14,120,47,39,135,27,188,109,2,76,
153,43,38,110,26,134,162,
9,55,170,42,0,116,104,101,55,37,134,84,183,168,14,82,123,
87,114,65,181,60,101,61,122,
178,154,190,84,
123,105,141,174,10,116,16,176,63,69,76,120,118,155,86,20,134,
147,10,124,191,
77,160,179,148,73,151,178,24,40,
100,138,33,173,75,32,
141,134,100,52,119,
168,9,189,22,116,46,43,52,166,68,16,35,128,67,13,134,143,6,164,
108,85,12,186,185,116,48,142,159,138,
126,87,70,149,18,32,119,65,6,126,186,84,42,164,182,143,75,100,178,177,
1,47,100,165,
27,17,181,122,160,130,152,149,186,
101,9,16,66,152,48,29,42,115,75,16,68,63,46,18,21,
72,170,88,5,87,105,106,22,65,
147,154,15,172,63,191,26,
139,55,87,81,102,81,
36,136,106,39,60,42,
24,134,72,13,60,70,107,
167,172,41,72,15,173,85,158,
35,18,0,17,60,105,119,35,32,22,94,
186,77,73,160,59,13,147,66,141,89,
47,68,21,139,77,139,80,
12,143,121,122,31,42,30,22,4,24,117,26,148,138,0,77,112,127,135,2,168,99,172,98,140,156,88,66,95,116,
50,30,171,
20,127,85,127,134,190,0,4,140,150,119,22,181,
155,132,157,74,154,141,67,73,
149,64,85,17,43,118,124,86,
144,184,187,48,62,39,93,173,
112,105,107,25,116,105,48,94,106,166,191,136,62,105,
5,154,86,53,
107,80,51,13,63,156,65,63,82,93,92,104,178,96,24,
151,139,4,34,87,56,
122,178,22,94,134,3,28,32,188,6,
38,81,191,177,51,189,19,18,47,43,144,105,136,186,
143,126,127,71,63,153,
166,80,42,
51,23,126,45,160,110,93,39,177,1,160,38,117,191,
61,8,145,
64,122,85,55,44,90,102,60,18,149,
15,17,21,175,
86,146,75,55,75,133,5,19,12,53,
10,32,123,13,147,77,
70,69,154,180,
94,165,115,75,86,105,
2,43,188,45,72,42,151,11,186,23,0,73,50,109,82,160,12,175,
100,10,87,55,41,141,
45,144,124,76,117,
171,103,116,168,22,133,16,114,132,66,50,
4,163,20,60,52,
60,103,6,86,77,52,43,89,119,186,88,74,30,60,104,120,124,108,120,173,7,62,135,63,159,100,135,24,166,155,166,
47,181,38,34,190,
139,187,80,17,
81,91,52,153,140,166,139,127,130,180,
97,130,18,
22,162,3,69,36,162,106,17,63,86,154,120,171,129,128,71,142,
132,136,155,
179,88,138,
34,126,134,8,186,
154,106,17,17,172,55,115,122,138,135,143,
157,139,31,
158,4,91,133,
184,154,179,120,116,149,103,161,
154,77,85,109,14,30,115,155,174,178,89,117,141,
148,29,170,110,165,178,179,82,134,
134,9,86,60,88,42,173,88,176,94,17,50,42,36,50,62,69,24,70,34,
96,127,181,75,
161,26,36,43,38,149,130,180,120,103,140,20,2,124,18,146,
41,70,168,173,
156,40,154,47,119,
142,133,10,188,
129,12,55,21,52,
185,138,65,78,78,
73,110,189,90,86,
129,59,111,22,
64,81,188,87,
105,72,112,156,
130,172,7,86,81,
95,17,181,163,161,75,42,102,184,
39,84,6,
68,17,63,86,47,121,
40,88,63,144,94,177,
79,71,25,30,183,
71,177,63,78,
7,8,88,23,10,65,94,103,184,130,26,173,173,169,171,139,157,
114,164,111,183,87,94,
147,160,37,58,54,84,121,
172,154,163,121,173,41,117,147,114,
103,186,60,34,166,171,127,142,175,63,73,76,76,20,30,161,21,191,85,
119,29,81,150,94,67,165,52,35,32,122,19,70,44,160,59,23,99,102,107,173,
28,69,99,33,191,122,134,58,109,123,116,
141,81,43,164,26,86,187,127,150,47,74,8,4,5,14,38,
178,48,105,19,122,165,
49,135,70,102,
73,36,2,186,141,99,133,40,52,110,17,32,155,153,
4,56,85,123,142,117,116,104,72,158,186,65,12,
168,98,86,132,171,38,26,41,7,127,30,
49,25,136,20,86,
157,50,183,47,26,88,66,117,68,141,135,181,54,185,63,7,
119,115,52,152,92,173,116,
1,165,186,36,29,41,126,19,176,54,134,
191,112,64,141,29,
188,120,84,176,6,64,82,106,64,135,165,142,25,181,134,
24,181,92,136,167,
113,130,29,113,
82,30,169,135,89,24,188,142,
91,177,10,
63,169,101,177,83,
189,186,16,177,51,168,53,107,
94,114,119,119,7,178,55,65,
119,94,20,185,
183,111,108,44,165,46,110,
24,180,82,44,132,75,
1,57,141,58,103,143,176,26,91,3,65,23,158,10,66,142,54,74,66,60,172,62,158,80,65,158,
7,21,86,12,38,
161,129,180,0,162,70,6,42,120,133,175,110,96,165,80,17,133,68,98,72,189,
167,177,158,47,41,
86,49,112,22,85,7,62,73,
134,122,22,119,2,20,87,99,52,123,188,
174,23,60,
105,94,54,47,107,122,162,
52,152,3,50,
160,128,82,60,9,173,78,115,137,73,8,125,115,186,150,77,85,50,186,73,73,181,75,
39,26,190,82,87,145,81,75,14,
175,2,96,17,51,
124,78,181,96,144,73,
138,108,157,154,161,68,
100,63,115,22,1,126,66,74,
134,117,149,73,173,
20,161,103,146,65,145,
28,22,54,72,177,83,111,
3,130,52,135,
127,124,110,168,50,92,
74,105,115,100,155,173,
139,86,31,143,110,13,87,187,187,82,157,
177,38,21,17,91,63,
92,150,17,69,180,164,53,147,50,107,129,
36,32,52,152,17,50,147,134,
126,148,175,72,51,
174,12,5,41,16,30,91,41,
94,138,41,129,112,62,43,150,171,
43,26,101,99,18,39,168,127,57,177,16,153,185,121,50,88,82,47,65,142,122,33,43,
60,134,1,135,135,44,
191,60,68,181,20,
185,22,124,77,35,114,
113,104,17,113,
41,172,174,
152,11,181,88,13,119,27,67,118,
18,35,95,42,156,120,37,1,86,
63,132,137,103,56,136,129,143,71,100,110,74,5,
14,46,47,83,10,66,22,
164,92,54,181,25,114,
14,124,133,71,148,
138,74,72,185,94,101,121,100,103,66,25,102,116,145,
92,34,27,103,86,60,26,35,
7,146,162,56,12,129,150,95,36,152,105,135,41,
47,8,15,139,47,16,187,167,
16,189,22,176,5,152,89,101,164,4,91,172,84,63,7,106,174,67,35,70,
188,47,135,135,2,53,43,80,187,82,151,47,39,65,162,82,17,60,106,
165,107,153,155,61,90,186,164,94,91,148,
87,72,134,
169,141,115,78,109,84,63,130,0,191,
84,39,80,80,182,
146,141,145,
178,105,148,186,44,
158,34,86,172,91,130,34,167,120,68,
136,56,149,136,49,57,75,135,179,174,188,
30,115,83,166,14,156,31,126,82,165,39,54,83,106,95,
100,32,62,79,85,80,121,31,157,142,119,33,
114,116,110,140,88,30,38,125,185,57,114,75,
117,133,87,154,75,20,87,130,47,80,
70,55,95,30,175,2,89,6,41,41,
48,60,50,26,76,191,172,88,133,
116,28,173,
9,84,55,76,136,
77,185,186,136,100,138,142,
48,108,186,178,62,151,28,
41,70,87,22,130,176,145,39,136,134,62,166,65,11,112,66,
26,1,32,56,92,122,165,32,91,31,48,48,151,117,111,
126,51,186,62,
82,24,148,104,156,181,156,154,75,109,107,129,121,87,156,
59,5,119,48,49,169,96,81,15,29,76,40,
29,138,66,113,126,122,127,79,75,
32,126,22,45,189,
117,134,6,166,28,
67,115,85,16,80,102,140,17,
8,63,135,47,
8,75,11,129,102,94,73,117,20,16,20,165,126,13,81,34,168,182,
175,53,26,15,126,166,70,48,113,75,
171,102,72,
51,68,175,189,126,
173,95,7,116,155,
76,9,48,21,45,134,
12,163,174,181,42,
170,157,186,2,4,169,103,120,98,148,124,5,171,58,186,134,9,30,
145,61,17,50,66,18,141,
112,154,60,181,61,114,141,
148,14,102,180,64,116,61,67,4,69,68,28,68,
160,188,51,22,
27,31,21,
39,87,10,189,
156,10,18,87,43,161,182,
124,91,181,14,39,141,181,146,163,92,
160,136,132,123,169,80,11,161,142,185,159,103,119,169,24,73,0,30,149,139,47,77,167,166,73,51,188,176,47,119,144,64,70,24,81,77,37,73,152,26,27,74,169,172,45,154,166,86,40,97,41,156,52,156,51,164,140,8,144,27,178,142,23,180,27,
26,42,127,142,28,
70,126,41,16,
39,97,50,169,78,133,137,
78,138,134,185,3,
190,115,47,160,102,157,
133,81,161,102,99,43,43,158,24,80,73,34,14,64,35,73,120,119,184,165,95,
47,110,64,2,37,64,166,187,128,159,17,182,
185,97,29,18,84,
141,186,155,
104,7,82,173,110,113,107,55,9,30,190,
107,27,31,25,175,100,191,57,122,95,38,184,78,22,17,100,54,72,
56,26,67,25,80,
112,139,41,187,54,65,
129,44,149,176,40,49,84,156,48,105,67,82,112,183,23,
122,25,27,107,111,78,154,160,104,26,47,81,147,114,168,
42,101,134,18,119,177,162,43,
80,67,39,
154,171,29,15,112,154,128,127,145,32,135,60,107,23,156,70,150,134,173,
40,77,181,4,32,
55,134,127,111,129,38,
181,164,136,40,124,91,69,32,131,180,189,141,
138,162,29,63,191,78,190,179,66,
143,177,12,25,71,53,139,
17,15,127,177,127,161,61,27,15,113,19,73,157,118,154,
86,134,68,
156,184,157,154,69,
172,167,48,130,
162,2,149,24,24,138,148,
63,68,16,60,67,145,22,12,63,
141,75,117,137,147,62,169,91,184,
136,141,9,48,
151,32,77,105,33,63,22,26,
68,44,30,102,104,167,168,51,32,101,
40,106,76,177,102,165,
41,7,83,167,56,168,
172,181,133,14,
187,66,107,188,139,158,161,
102,69,133,139,142,181,110,40,89,186,
88,22,40,72,47,
161,156,10,110,
181,24,121,45,17,
142,42,102,99,175,82,73,
184,181,65,
133,160,86,157,81,119,
57,72,136,19,188,157,
110,51,100,120,149,154,87,157,32,32,7,73,94,60,102,
124,181,127,123,45,147,152,37,112,
3,141,78,172,
154,5,69,54,112,119,109,172,140,5,5,184,186,
66,111,138,69,41,157,125,138,
166,175,47,
18,89,69,64,36,161,53,185,
117,112,157,165,167,75,30,77,161,141,118,166,26,169,184,
182,156,145,130,
186,38,165,67,39,1,33,160,50,165,
92,16,102,26,18,31,14,51,66,24,43,124,136,150,127,
57,148,21,135,30,107,132,105,
72,75,121,131,2,
3,88,38,190,
129,8,124,4,183,140,7,65,48,178,28,
134,41,86,50,28,55,131,34,87,141,179,
55,80,94,165,106,156,139,12,190,174,154,158,75,106,94,70,167,16,
73,124,103,93,82,156,128,140,103,63,23,87,93,10,105,168,138,134,55,184,79,147,
79,118,73,120,24,99,
85,145,13,154,80,118,163,165,171,16,108,7,175,9,67,
43,42,168,45,
133,159,164,8,153,118,184,9,142,47,110,5,14,42,124,105,153,113,143,141,67,169,48,117,8,172,16,32,91,142,184,
81,133,59,81,183,39,14,
75,82,47,143,53,66,7,171,100,20,26,94,117,191,82,33,27,98,16,170,185,102,19,149,86,182,72,8,137,174,118,82,
177,175,149,144,136,145,
50,13,22,186,
188,80,124,140,160,191,22,136,44,150,154,
41,70,100,134,136,160,81,7,
134,95,56,10,94,21,
83,58,24,52,
47,67,31,106,
68,27,
36,73,1,114,165,139,126,161,
110,24,64,
13,8,10,94,173,
102,75,163,26,66,110,135,137,29,144,49,60,67,171,125,21,
35,16,35,
10,134,22,
149,30,129,158,161,184,29,30,134,102,
90,88,118,190,89,158,15,
2,78,190,127,154,
144,147,41,45,31,160,10,85,49,75,10,28,181,89,191,38,40,157,177,
119,100,7,74,130,
32,81,26,35,170,76,151,171,91,35,17,91,78,
32,133,67,23,40,
148,131,82,124,118,
60,60,127,191,48,87,160,91,
136,80,132,7,153,52,40,130,
181,152,144,144,0,112,111,85,180,172,1,102,153,160,62,
22,32,168,92,115,100,25,12,28,10,136,72,152,
191,188,103,132,147,51,
186,166,13,88,
84,16,107,31,129,77,9,
47,1,117,160,82,
119,148,134,42,133,
43,105,183,121,15,42,8,153,92,133,110,74,121,17,
135,7,60,
45,148,105,32,70,38,187,43,
0,9,35,80,28,
115,138,66,173,191,131,74,154,21,119,74,79,83,
76,103,40,59,
106,30,36,33,176,106,117,153,
42,43,93,170,144,60,134,18,68,35,177,95,15,134,81,142,73,74,94,
85,142,189,2,8,5,
71,143,143,14,79,182,
65,183,107,158,40,87,134,129,138,103,116,
105,176,157,105,178,29,7,112,155,9,151,41,45,172,4,63,52,74,150,
81,107,106,162,120,2,109,141,170,125,123,122,42,119,64,77,180,
29,150,185,134,111,105,22,154,173,148,131,127,64,
36,84,88,135,10,
130,89,97,41,106,180,178,73,139,169,113,6,102,
10,179,69,73,118,158,67,62,73,50,156,157,39,114,80,6,142,136,73,187,
17,19,95,111,139,20,145,98,35,107,134,34,36,
134,29,99,1,
148,60,126,119,
152,124,148,121,52,34,115,
175,70,28,57,177,18,184,33,98,23,147,142,
190,20,10,110,169,146,
26,166,168,115,94,
145,87,31,170,56,182,11,146,
51,92,85,78,
85,80,47,4,20,169,87,168,149,162,190,
6,102,188,130,
17,106,41,
82,186,39,127,148,
120,175,8,110,81,36,154,91,179,140,122,160,82,156,184,133,158,
41,63,30,74,75,168,144,121,171,132,167,144,145,145,94,157,17,67,34,
125,102,190,
160,60,85,
156,82,120,95,163,42,105,76,132,
190,88,100,55,62,90,106,165,
120,66,31,137,137,186,188,137,161,25,
72,161,28,88,106,2,28,107,126,
136,98,41,181,17,173,92,166,36,139,88,75,13,91,168,24,58,119,22,61,
75,78,189,136,117,69,141,29,
18,165,126,109,5,65,187,106,8,132,101,137,97,13,168,
157,99,6,105,41,167,155,
34,102,67,91,134,158,31,110,65,
19,178,57,2,60,
86,17,149,123,
114,172,67,36,
20,60,191,123,
84,163,9,169,
99,142,79,50,134,
58,22,126,89,
83,28,41,
17,68,
93,144,64,
152,22,113,
17,32,67,
28,66,121,26,
172,183,89,
23,81,54,2,
189,161,85,184,39,
66,1,110,100,
157,100,110,66,71,
8,141,18,
133,161,
55,104,9,
47,6,156,141,
7,16,85,
147,105,175,166,
6,17,5,
52,4,105,141,
3,88,87,
82,120,47,
179,120,
171,7,94,
112,110,96,
68,191,60,148,
166,30,
152,16,36,
10,36,
66,171,157,
106,154,17,
14,141,170,
22,151,88,20,
163,72,10,
187,47,165,
54,138,112,66,
106,106,134,47,
160,120,59,75,
101,75,141,
153,89,136,165,
190,165,138,104,
156,82,110,
141,191,71,181,
71,22,157,
166,60,117,
63,147,130,
103,7,65,
53,18,189,
100,110,161,
40,177,173,
4,30,151,
139,136,64,
147,138,96,
150,154,92,
111,28,10,
78,185,39,51,
180,165,148,
1,63,181,75,
8,75,
114,114,21,
133,180,39,
81,8,133,
111,55,179,
169,141,190,
132,156,24,
99,157,
137,42,120,63,
120,79,121,
186,82,165,89,27,
53,10,73,
136,41,136,
184,175,
52,83,119,129,
87,151,17,139,
7,129,41,
11,63,41,152,
186,102,121,34,
62,1,144,
123,31,4,
106,190,40,
95,72,134,
126,181,51,
48,175,127,
155,173,123,
86,73,94,18,
171,82,139,
40,60,187,
109,82,21,
153,73,88,
31,179,
182,
96,175,157,
166,127,0,
38,141,55,
57,114,75,
41,170,21,
21,101,102,
22,50,16,160,
172,75,177,3,
173,135,119,
74,154,28,
183,129,75,
13,69,24,152,127,18,
82,141,188,
88,152,48,
14,102,120,30,
149,75,177,173,
5,63,154,
134,66,154,62,
180,160,67,
53,175,
90,165,
95,110,133,
30,157,2,31,
165,190,186,
80,75,117,56,
22,136,14,
50,36,52,
44,60,7,178,
26,106,151,
147,36,73,
79,29,16,
167,117,24,
54,70,154,
31,34,181,
187,10,118,111,
146,7,75,
13,62,96,127,
33,100,175,186,
168,8,41,
100,5,190,
173,41,13,134,
9,102,104,
15,90,147,
124,183,164,
133,165,
23,10,154,
77,55,21,10,
75,24,179,160,
118,0,149,152,
14,39,81,
30,104,168,
115,152,98,
107,17,189,
111,101,60,29,
108,183,
137,141,141,
68,138,60,
82,96,
179,134,166,
52,36,136,
81,173,81,
70,134,131,
148,82,141,
117,4,106,45,
54,78,1,176,
30,168,170,149,
173,74,154,
77,47,117,
87,82,139,
125,66,72,
92,84,119,
145,41,75,138,
138,77,12,
42,130,36,
109,96,184,
66,71,
114,112,122,
128,134,47,
178,126,186,
175,120,
162,188,22,
119,154,141,
116,65,171,
25,
87,134,39,64,
94,74,40,13,
131,72,70,
85,167,181,103,
113,152,
146,25,161,
95,12,184,
160,147,190,
12,22,95,
140,129,69,107,
55,9,86,
148,7,17,
62,141,
103,184,87,
84,164,185,
127,32,
116,138,12,
166,17,60,
150,105,20,
112,60,124,
82,90,148,
28,72,117,
182,8,47,
110,161,183,
83,63,30,
131,148,29,
153,142,143,
154,17,2,
121,147,68,
53,5,92,
61,136,84,
122,62,135,
142,139,26,
40,136,59,
48,129,136,
174,105,136,
143,154,42,
69,156,154,
43,43,12,
188,187,21,
35,133,30,
68,148,
78,107,32,
180,161,81,
63,157,31,
70,119,24,
132,191,171,
51,126,
130,136,179,
178,107,129,
91,124,62,
145,111,177,
62,80,64,
125,81,67,
47,75,14,
104,75,68,
185,119,
161,184,95,
32,73,100,
94,26,42,
65,4,112,
73,142,160,
58,83,39,
157,121,190,
128,110,181,
129,92,
176,62,106,
74,84,24,
155,60,110,
105,57,25,
17,181,47,
102,149,62,
55,67,73,
189,13,32,
181,20,188,
123,168,110,
25,144,79,
56,41,7,
75,186,
89,82,172,
