49,51,128,17,
140,184,166,98,168,20,74,106,148,120,8,
78,128,98,34,68,104,22,185,165,69,3,27,183,42,89,62,58,161,
92,28,166,84,126,88,69,
170,181,89,176,40,74,101,63,87,102,12,3,29,172,86,76,148,158,188,102,
31,132,
79,148,143,162,133,189,84,126,86,55,
54,173,166,134,92,36,63,101,
183,47,64,68,117,108,
135,95,97,75,132,166,163,0,93,58,85,106,87,
182,111,38,
4,151,118,107,173,126,7,71,171,162,68,189,148,135,93,9,85,177,
22,178,78,26,179,83,
65,120,10,39,
171,0,64,148,108,145,163,43,129,122,131,105,135,114,153,60,139,80,
54,0,146,43,137,15,171,190,44,30,175,149,
96,144,117,175,61,
73,48,155,165,159,145,
103,49,77,87,109,99,
18,47,152,186,181,
158,113,11,130,
97,120,159,65,135,7,68,66,56,124,167,38,155,65,189,130,108,170,180,152,
2,129,50,19,158,92,104,88,30,73,48,76,114,48,163,45,114,
95,120,693,119,27,8,124,2,181,151,29,183,29,12,101,148,37,133,
48,190,135,145,74,116,73,124,152,
113,158,69,75,94,149,6,127,186,164,104,160,124,137,
149,80,186,
186,181,84,139,33,107,46,101,149,67,135,116,12,
47,47,92,130,10,183,18,32,88,110,
76,77,2,68,
43,114,171,81,
52,181,143,10,146,103,79,144,12,29,1,
181,36,103,165,168,52,186,67,133,28,161,45,99,118,27,143,101,
186,81,62,165,18,30,
16,84,40,36,84,92,98,33,103,
134,12,166,35,160,119,135,181,100,56,28,66,55,161,174,110,
113,122,70,149,
47,142,
164,8,145,104,147,85,186,4,163,28,190,173,
146,154,138,113,91,28,108,
135,0,134,123,166,61,136,72,
91,68,66,81,89,35,151,184,139,189,14,87,
164,84,172,75,
64,99,39,189,131,104,87,137,159,161,168,109,39,81,39,82,95,140,36,135,
91,57,135,116,71,168,179,63,179,
68,62,96,183,189,23,78,99,143,17,103,78,118,19,60,76,61,18,
49,114,9,
80,155,142,
75,30,113,81,177,89,73,62,190,62,78,
10,140,101,
180,87,86,9,128,164,
130,92,189,158,134,16,143,
190,145,85,135,118,48,123,61,59,164,23,
45,181,102,131,154,
154,67,9,147,146,59,38,38,66,143,142,171,165,
158,135,167,77,20,74,84,68,9,137,118,165,162,101,6,57,
113,125,150,112,
167,75,65,121,
185,54,188,153,135,136,
96,170,49,109,
117,142,70,93,68,177,158,40,126,10,7,14,105,119,122,106,21,93,109,75,
158,130,126,63,55,98,10,99,
151,169,31,427,4,159,4,123,124,142,0,145,
119,117,134,77,95,44,58,55,
125,78,113,68,69,
80,61,182,61,
66,70,110,
181,117,134,186,148,161,
140,111,10,
11,780,9,176,139,15,9,19,66,
164,155,152,118,11,89,179,
48,161,61,131,3,148,
65,161,157,104,180,
143,155,46,25,130,21,104,46,
55,105,159,114,173,135,
64,61,118,85,162,171,135,183,180,92,73,103,
86,17,98,10,158,86,104,180,71,154,23,
137,143,107,103,164,27,85,29,
57,141,38,135,117,39,25,180,91,110,0,14,92,167,
30,75,107,
143,9,93,76,161,123,85,113,51,77,187,130,131,128,151,
124,170,97,
3,92,116,110,23,138,188,
43,17,88,6,128,88,
61,188,13,179,128,104,155,52,
181,111,57,145,110,81,14,55,189,9,
147,111,155,164,2,142,165,67,26,106,
3,68,84,33,150,142,43,156,24,50,27,
148,18,181,72,185,
128,155,171,143,41,
10,170,159,189,158,74,14,164,72,12,46,92,137,189,4,
33,123,157,174,102,81,185,55,83,85,158,88,
135,48,49,39,64,55,100,2,7,189,189,
157,72,143,17,134,155,67,87,65,35,
19,149,191,
92,55,16,117,16,146,157,59,97,121,10,139,111,142,2,27,15,85,
31,98,161,148,156,
190,41,174,126,189,88,47,173,52,123,64,89,94,170,55,48,7,100,
159,64,100,160,140,24,10,81,67,35,97,55,66,16,12,116,
104,91,65,163,
178,22,153,118,
108,85,85,104,55,102,65,135,76,134,18,102,
85,66,51,164,171,17,97,131,118,133,179,164,166,186,56,185,191,30,180,164,190,97,53,3,78,148,
188,73,143,32,61,185,169,125,87,13,157,11,82,
112,149,38,121,77,140,
32,152,142,62,
93,151,148,61,0,
176,24,170,16,43,146,
118,144,4,93,147,4,159,186,170,159,31,90,92,190,188,40,43,47,25,51,13,191,41,121,
59,188,98,120,123,
174,92,33,87,21,4,27,49,
0,92,61,140,46,118,18,37,
36,57,110,33,165,63,
94,142,10,
76,11,143,60,98,35,106,100,
188,92,49,123,130,37,12,24,29,68,118,126,43,88,51,59,63,
179,67,85,118,
132,27,155,31,96,69,155,108,135,126,
51,148,160,
160,136,172,80,11,161,142,28,159,119,169,24,73,0,30,77,
81,172,75,43,
11,118,105,128,
130,138,158,67,44,134,
75,135,127,191,37,39,167,172,189,112,181,
33,106,36,
78,142,140,167,124,67,75,137,57,
27,95,81,48,3,16,125,114,0,
159,160,101,189,
107,11,4,13,86,162,126,137,
161,135,64,2,48,172,93,58,88,25,31,72,142,102,72,14,65,
180,41,72,116,164,79,181,85,
101,171,95,13,162,10,31,171,116,20,159,62,
121,133,155,154,116,99,183,112,108,78,62,
9,154,103,11,4,49,184,180,
51,32,143,94,27,32,49,87,98,
104,165,11,18,158,54,118,104,97,65,1,61,55,145,
171,135,151,2,122,0,171,88,128,23,114,147,156,24,31,145,189,123,98,67,84,101,76,104,
189,159,39,4,98,110,
156,160,166,49,135,171,79,
0,151,103,60,117,69,73,30,28,75,116,81,127,27,132,57,93,
37,98,159,
163,128,171,70,125,58,
58,10,149,19,60,92,123,150,139,180,134,109,124,102,
151,138,127,159,6,171,65,50,71,93,75,43,6,40,170,44,
61,99,104,68,93,
165,104,16,87,3,114,74,65,122,
66,35,97,40,65,159,130,58,134,173,62,11,147,125,16,131,67,65,131,88,70,
22,56,25,3,128,98,
98,152,86,31,37,59,187,70,125,4,103,
117,170,181,177,
117,126,107,
99,121,87,0,61,31,172,109,
120,78,59,3,99,166,87,156,191,140,13,163,
148,152,171,
84,92,87,186,80,50,4,16,3,14,128,114,157,92,3,162,167,176,149,120,
66,91,
57,92,133,
189,156,44,155,127,141,1,136,
178,99,160,186,
162,79,60,188,
105,1,117,13,11,96,55,180,16,56,135,
44,115,102,185,80,
0,16,61,176,97,136,171,74,108,41,188,55,68,93,58,135,114,175,17,74,90,25,81,17,
125,27,66,163,104,76,
143,163,3,65,79,80,73,154,58,157,
8,157,37,122,149,
181,95,142,51,71,79,
172,160,37,59,24,164,25,2,106,18,126,158,118,50,103,38,113,116,118,42,156,
142,32,118,187,78,15,181,50,131,61,93,
119,133,
24,68,188,176,6,153,112,26,170,
14,181,17,120,161,171,
182,29,80,13,92,172,
87,106,120,81,16,
148,140,79,95,95,135,31,51,188,
45,126,98,
79,180,142,7,27,
160,134,85,51,159,168,
129,191,166,118,11,
138,130,21,151,44,12,33,
159,29,151,73,172,17,7,114,
20,169,103,156,164,118,
179,171,85,61,176,47,2,144,146,152,183,46,175,64,166,189,
60,149,165,149,106,46,58,176,
130,66,65,106,97,49,58,
191,62,85,19,129,75,120,182,
149,84,29,
111,181,135,140,24,162,103,147,150,182,101,154,
102,127,31,180,130,94,
126,70,92,69,37,
140,170,160,0,114,124,163,64,121,152,
61,64,69,4,57,187,0,135,166,48,85,80,32,120,47,162,64,96,
88,172,135,102,132,33,
155,142,147,73,110,164,121,143,9,72,128,18,80,152,70,21,118,
77,160,80,31,152,103,1,54,76,112,25,162,181,186,84,149,116,51,
104,104,113,
144,1,105,5,89,96,39,145,73,84,
58,78,126,37,143,101,
25,12,118,20,190,22,
181,166,85,47,50,51,135,187,7,31,114,148,67,86,
46,186,60,8,95,
187,142,36,185,184,46,145,13,
48,27,9,22,49,55,
6,17,43,693,130,49,
89,91,142,139,144,38,
166,145,85,126,84,125,6,83,181,105,135,129,51,93,116,130,156,
106,130,145,117,87,9,75,100,33,144,176,
189,54,149,27,18,178,130,135,
13,80,107,138,
60,76,126,93,140,10,163,
110,66,
45,17,2,66,76,
67,181,166,107,171,29,175,147,78,160,
133,95,0,
693,780,164,23,141,113,162,95,72,48,150,71,140,50,7,158,50,141,112,6,
93,117,166,48,141,118,29,47,28,
88,155,17,2,155,25,138,84,4,162,
132,81,88,
143,181,137,68,161,
116,112,32,91,180,140,2,177,125,
188,3,162,100,177,7,148,
81,126,91,159,24,132,23,118,77,186,
80,44,83,103,155,13,7,47,149,185,156,7,30,158,112,
87,165,120,84,106,111,99,103,136,69,29,116,174,135,32,
91,163,146,164,
85,166,108,180,81,4,75,61,
107,186,67,103,
163,126,153,79,165,139,
118,142,85,167,68,45,158,152,91,155,11,150,20,2,28,40,183,178,
98,140,16,158,47,
176,186,0,87,0,179,85,185,101,160,75,154,
92,47,176,14,174,16,54,71,
10,170,86,169,46,77,58,100,94,
41,135,147,88,106,23,
17,56,45,6,88,90,86,154,28,12,60,43,31,0,127,
146,50,19,33,44,88,183,85,30,90,78,44,164,42,32,174,11,16,
61,92,0,116,54,119,99,44,24,92,171,85,
126,4,166,70,80,81,32,165,11,58,158,45,141,169,
173,86,159,75,54,4,180,163,44,81,
55,181,
23,147,86,
170,10,151,118,133,40,140,51,10,49,165,28,0,174,172,
172,75,91,100,81,159,13,35,93,87,53,112,121,44,137,76,40,39,18,160,4,121,182,25,
118,142,104,93,190,26,113,10,129,64,
35,100,159,78,38,36,
141,693,70,112,134,
166,48,75,174,45,30,92,134,85,54,186,67,61,31,69,120,166,98,149,
166,140,166,67,
141,189,78,128,
149,124,15,150,84,12,29,60,100,37,112,118,108,19,60,4,113,26,
128,10,12,178,170,74,49,115,
185,80,176,33,
189,4,153,10,79,135,
147,145,50,149,191,
87,180,27,157,80,176,71,51,
125,111,127,44,90,145,128,107,106,166,126,59,34,116,65,136,189,48,116,86,190,
50,89,146,142,76,60,116,56,67,151,103,65,63,154,14,
163,135,173,80,91,
127,8,75,188,4,69,66,84,
156,171,67,80,120,67,98,172,
67,156,63,159,153,128,154,71,166,100,111,64,27,64,117,166,181,61,79,
160,64,37,189,48,150,113,156,140,18,159,21,178,55,
17,41,4,43,14,116,191,85,22,28,149,49,13,
39,183,75,42,189,100,3,172,67,188,37,30,36,
41,93,97,143,159,91,0,190,20,5,90,154,6,180,67,152,3,122,141,136,178,
120,12,87,11,122,142,65,176,141,68,
37,95,29,105,146,71,186,6,
55,54,92,93,
37,58,165,0,60,71,78,
99,64,61,14,178,61,73,
12,66,120,92,85,75,177,124,31,128,25,172,
25,31,143,29,
142,120,154,46,72,80,92,79,75,110,62,
123,143,190,58,3,31,72,172,3,
68,78,3,32,3,12,36,79,56,167,152,24,81,91,151,6,5,87,179,
81,181,188,159,87,186,3,128,
168,131,83,116,160,162,
152,41,88,18,184,76,51,118,144,86,121,148,
171,70,133,
38,57,137,186,32,182,112,130,35,89,
152,77,179,97,155,52,12,
29,87,67,160,
67,130,11,185,70,50,45,114,175,64,62,118,102,160,134,146,14,168,111,117,165,66,
131,64,164,144,14,15,189,57,66,21,66,171,168,0,48,136,
140,116,112,
108,149,97,95,101,
37,85,75,126,99,8,64,106,156,39,142,36,
126,117,117,163,83,66,82,
126,188,58,31,120,164,99,60,10,175,159,
0,135,17,
78,98,146,29,141,125,134,107,83,106,30,179,
155,135,88,69,104,
85,108,37,8,183,181,140,52,179,100,160,142,98,
92,182,46,84,
51,166,181,118,44,
29,188,128,182,95,78,149,65,37,60,159,110,
116,87,121,3,168,101,179,
117,113,92,31,11,146,39,96,183,183,38,46,
165,158,37,78,177,7,
147,154,188,66,41,158,23,167,162,
55,0,87,145,134,
84,164,109,166,84,127,35,93,36,144,167,110,139,137,121,97,92,149,57,105,102,
56,134,117,114,22,88,128,175,
45,27,166,118,
83,183,168,181,68,
177,75,4,144,24,152,188,117,
170,97,117,183,96,46,10,71,46,124,5,78,
780,693,142,104,187,166,18,127,45,54,100,81,121,77,24,175,11,105,61,111,
2,179,147,186,
10,37,4,94,1,58,170,135,174,57,8,65,127,103,8,86,44,108,110,72,3,25,9,136,172,176,
44,54,145,146,43,87,63,69,32,
104,67,15,90,72,57,4,105,157,82,44,32,49,188,29,131,
70,20,141,113,125,126,171,4,126,161,66,94,102,98,1,55,130,171,
126,132,107,79,
32,64,41,100,51,88,185,44,
152,98,144,0,180,32,3,68,110,
88,190,84,133,
8,10,181,70,67,16,
13,17,105,101,120,
104,184,162,124,
114,72,25,43,140,157,49,45,
135,186,181,171,57,
4,70,189,98,69,165,183,3,
97,0,110,135,143,64,160,0,
9,142,122,144,141,3,49,143,7,115,181,82,146,154,123,139,189,4,
98,189,76,104,45,43,103,8,33,
93,135,172,
135,91,155,111,130,154,158,46,145,90,185,61,183,161,88,65,41,30,
18,104,160,189,68,77,126,146,
65,112,135,30,130,104,29,167,
11,104,126,164,156,
21,117,138,174,
25,172,138,116,16,42,65,11,185,118,124,100,
153,3,67,189,163,140,136,109,178,18,185,
3,165,68,84,41,44,160,186,167,
180,97,173,74,116,62,87,
143,52,185,188,98,118,104,4,45,120,31,113,58,139,
155,189,
103,149,113,110,86,9,175,50,20,107,180,
105,166,37,58,116,128,46,53,
46,170,95,92,144,100,102,179,
31,123,117,141,25,19,154,115,104,
107,86,46,150,158,30,63,
65,13,181,104,165,40,162,97,4,168,64,
63,0,67,158,29,126,
133,121,40,186,57,119,50,170,
145,106,105,13,44,104,181,55,157,88,30,142,164,190,147,3,7,175,183,171,
142,54,151,155,161,73,117,140,47,130,118,172,133,148,1,161,89,100,135,94,94,
92,172,61,124,130,116,159,0,1,63,16,191,10,57,72,102,132,
3,39,123,173,85,
12,188,17,64,10,176,21,61,
86,101,86,172,172,
50,2,181,68,58,147,78,82,177,121,84,190,150,3,
112,38,172,141,113,116,39,43,153,91,
40,123,16,133,
65,25,97,
68,188,4,161,
68,0,50,
128,84,56,
167,118,
60,162,149,
140,159,153,
172,142,86,
69,125,0,127,
4,61,104,172,
145,135,73,
116,17,166,
169,20,151,126,184,
89,78,
4,174,
149,113,58,8,
72,10,142,157,
39,135,
105,145,144,
8,95,164,
103,111,98,
191,147,118,
158,33,104,107,
127,64,102,
176,60,92,
3,145,10,
78,68,120,165,121,
98,166,
71,86,87,
135,190,64,
110,57,152,47,
101,181,
47,164,93,
164,137,20,10,
184,104,
46,143,0,
29,93,63,25,
55,48,158,79,
183,83,4,
189,9,171,10,
144,152,179,
85,176,12,33,
100,159,149,35,134,25,
165,154,36,163,4,169,
179,78,164,
123,154,165,33,58,
120,61,
113,146,117,156,
187,181,98,
110,155,97,189,134,
71,102,170,
62,75,78,142,
74,10,175,
156,189,3,11,25,113,
95,46,158,191,
128,163,78,11,180,
138,88,146,
87,68,44,91,180,
130,166,102,6,8,
109,96,117,99,
48,2,190,
80,126,143,
187,175,
149,166,77,
0,63,131,133,27,
69,132,61,
23,190,41,31,
157,114,
2,135,95,
11,107,25,129,
186,164,133,
25,77,88,
71,181,67,
31,101,181,
16,92,27,159,
73,75,143,64,
101,158,186,
16,130,25,
1,104,52,
148,142,93,
87,99,55,
75,85,
149,17,60,147,
7,165,
61,67,190,
117,67,67,
39,175,144,
186,38,113,178,
7,80,135,
159,173,118,75,
31,102,118,23,
171,179,101,43,
103,52,68,137,151,98,
71,92,91,
36,187,54,39,
88,41,32,
70,117,163,
156,166,20,31,
91,104,112,
180,58,102,
134,157,
75,0,173,159,
122,165,
27,0,67,
15,104,
160,176,67,29,97,
65,66,
7,4,102,92,
106,147,
71,37,37,177,
43,17,118,154,
122,117,120,
10,47,
112,75,
30,136,0,
181,83,
154,176,31,
69,87,92,
154,121,
6,113,166,
12,134,
18,155,115,
88,92,56,
68,125,97,
30,85,39,186,
78,170,
105,171,104,
128,43,105,81,
46,170,187,10,
115,128,44,
10,128,
177,117,91,71,
163,164,143,
183,121,170,
47,179,61,98,
150,111,
161,143,134,
137,10,78,
112,80,65,
128,22,29,141,
188,39,81,76,
4,149,85,10,
175,179,67,
100,188,106,
44,51,151,
180,64,152,
25,10,38,
138,3,
25,172,57,156,
154,45,86,43,
64,61,65,118,
58,143,130,
104,61,86,
74,0,180,158,
102,46,161,
86,170,169,181,
116,105,10,
110,36,3,
116,0,159,
3,123,81,4,
163,104,60,
135,132,97,189,
59,154,190,
2,116,147,
144,177,46,152,
86,79,10,152,
14,84,117,
156,37,153,
26,22,118,149,
79,67,
73,2,144,
27,79,174,
171,85,154,
28,17,93,
155,132,
118,81,179,
24,111,
138,25,
43,188,54,171,
145,104,166,
126,63,18,
141,57,93,
53,105,85,
127,0,151,
31,99,166,
173,164,55,
68,83,120,
183,95,118,
162,107,168,
55,119,104,
163,120,
51,77,
72,148,135,
81,85,0,
123,190,118,59,40,
177,50,165,
135,171,105,
12,36,159,186,
176,84,10,
104,145,164,98,
0,99,97,
62,121,101,
4,88,84,
2,118,
83,166,33,76,
5,144,170,
153,156,24,
102,84,88,
18,153,0,
112,24,693,
136,10,41,
183,145,
109,103,
124,151,162,113,
36,37,35,12,
92,57,7,23,
123,188,34,
177,12,116,
179,91,
62,32,180,
56,17,
52,152,61,
21,143,12,
169,86,165,
133,142,171,
117,57,56,
100,46,
32,87,116,
114,2,171,
7,145,181,
28,160,92,164,
167,97,84,
118,143,67,
118,181,
104,171,108,
124,12,104,
101,86,54,108,
106,41,60,
13,118,187,
67,104,159,
75,176,117,
161,181,14,70,
102,58,92,
162,147,88,
49,48,103,
186,2,3,37,
17,157,0,
180,105,65,
12,170,152,
14,10,131,
101,176,58,
4,118,164,
100,32,39,
151,91,68,103,
175,39,9,187,56,
25,114,0,
17,159,
57,104,61,
44,3,189,
152,164,177,
92,3,61,
41,32,
10,92,126,95,50,24,116,
4,32,151,
189,131,
183,39,85,179,
44,61,173,
175,54,103,
84,88,158,
124,25,149,
102,67,44,
64,67,67,
154,50,143,
181,65,180,
147,171,
8,85,136,
10,60,118,
172,99,170,
88,66,43,
69,126,155,44,
164,126,85,
30,78,80,
145,187,144,
118,25,172,
110,142,
26,147,24,
92,176,
124,78,140,
60,149,
172,88,
30,166,54,
133,79,170,
43,3,
42,25,172,
47,118,
136,135,30,
64,32,97,127,
27,189,137,
184,9,152,
92,142,84,
94,190,51,
61,12,80,
114,181,159,
19,2,31,
132,92,76,
83,80,22,
102,108,71,
121,118,167,
185,32,148,
58,10,105,
104,31,143,
170,24,133,
108,0,146,
186,176,81,
167,3,57,
135,142,4,
94,102,70,
30,135,145,
40,170,118,
184,91,
139,89,163,
118,164,149,
79,156,181,
150,50,149,
11,117,158,
98,51,22,
28,118,
44,130,
146,18,176,
10,52,158,
16,165,66,
80,171,163,
41,128,118,
29,149,137,
6,151,37,
111,125,67,
25,161,
189,179,125,
75,142,
39,112,64,
34,125,123,
46,143,142,
104,155,125,
38,117,154,
108,132,183,
18,148,108,
81,27,173,
16,87,176,
178,189,128,
176,106,12,
139,171,
125,
58,119,0,
9,106,11,
175,126,96,
29,170,104,
172,170,123,
189,97,75,
179,91,68,
85,92,137,
24,177,3,
46,135,105,
113,118,143,
20,140,101,
84,88,144,
103,0,16,
144,118,106,
56,68,
171,67,70,
84,171,84,
58,60,50,163,
175,145,67,74,
186,77,
22,17,
171,145,
179,22,
67,8,39,
188,147,170,
113,143,185,
114,165,
7,188,80,
124,92,48,
67,171,37,
189,64,
162,101,77,
3,153,170,
77,143,119,
57,78,181,
165,181,170,
158,147,80,
114,55,
171,156,14,
160,118,3,
54,77,189,
88,47,161,171,
99,120,
128,49,67,
27,132,51,45,
16,8,105,
49,174,
102,70,170,
8,98,
76,132,188,152,83,
129,2,
127,189,125,
146,37,54,
101,111,
153,171,
148,181,
31,17,151,
106,87,
67,156,
171,61,
141,126,
157,145,84,
157,92,
127,10,17,
28,146,
93,60,142,55,
108,121,
149,84,189,
131,143,66,
67,179,
120,84,
71,4,
78,35,
102,33,45,
35,134,157,
131,104,45,
148,85,48,
95,46,108,
97,84,104,
49,6,
12,138,68,
33,138,98,
164,91,180,
43,176,112,
99,126,158,
50,133,693,
152,140,48,
76,125,171,
63,91,44,
107,78,117,
13,61,
70,66,
159,37,67,
69,4,
81,33,0,
86,107,173,
78,37,85,
100,10,190,
157,33,8,
158,2,693,
