105,57,181,42,188,
159,102,168,152,154,
178,54,17,36,91,110,21,
154,138,144,40,172,55,115,
100,44,174,59,56,166,65,154,135,51,103,71,5,
108,72,46,69,190,79,98,165,175,
77,179,113,
134,7,27,191,114,161,173,54,153,74,82,90,151,147,106,
88,7,135,73,161,117,46,138,153,9,158,178,89,
160,128,94,60,173,173,55,115,124,73,8,125,115,186,
130,80,170,137,43,
139,142,98,166,
65,148,3,17,107,158,40,
106,156,168,21,63,
9,26,151,42,10,116,104,101,123,37,134,182,168,14,
105,106,158,112,123,
26,1,177,14,52,92,156,
75,101,186,187,
73,124,159,93,172,128,140,18,63,23,87,183,10,
125,110,180,123,
63,132,172,187,56,136,
86,171,75,113,77,75,
130,85,89,147,41,
136,80,190,39,105,169,31,
12,12,85,
13,181,170,
107,99,159,13,63,156,65,94,113,
30,7,163,156,52,47,180,135,22,132,173,41,64,129,176,
21,69,81,177,120,
52,167,34,176,81,29,100,75,
76,114,179,122,
99,10,116,178,63,107,178,55,131,82,173,147,5,165,60,65,191,
96,166,86,167,184,170,179,
38,75,121,45,103,177,170,
67,157,186,148,142,176,109,100,99,73,77,80,
101,31,156,35,2,
143,176,42,54,157,181,
52,26,3,
11,109,101,8,172,167,20,154,
113,2,102,186,81,6,
127,70,20,172,24,42,
156,77,106,85,107,101,59,20,44,83,17,43,130,151,40,30,138,32,127,120,26,
165,147,155,61,60,178,164,117,81,
67,188,105,33,168,
55,34,135,7,92,47,80,23,
40,156,177,159,
149,63,94,144,87,31,159,54,
30,2,54,73,35,68,
44,15,12,
92,41,184,69,120,101,163,92,11,
165,168,51,132,164,3,118,93,167,
190,174,186,133,147,172,
166,101,129,85,139,
43,145,183,7,145,152,106,
107,27,17,31,25,175,131,191,39,122,144,95,38,
5,33,133,92,16,154,168,57,
183,77,120,59,0,
74,63,105,148,133,110,27,92,98,169,136,
157,50,183,47,26,88,117,68,141,11,188,54,
55,99,160,181,0,7,80,45,146,8,41,
78,17,102,20,
148,53,86,112,135,166,48,148,
87,65,75,144,
137,85,112,
27,68,73,21,
60,103,6,86,120,52,43,89,119,186,17,74,104,120,124,120,173,
129,6,116,15,17,120,73,1,118,161,
167,179,183,
17,157,19,178,55,66,177,107,22,90,74,178,
74,166,91,4,128,13,45,73,41,35,102,
160,136,132,123,169,80,11,161,142,185,159,103,119,169,24,73,0,30,149,139,47,77,167,166,73,51,188,176,47,119,144,64,70,81,77,37,73,152,26,27,169,172,45,154,166,86,40,
81,75,20,52,115,
168,106,110,127,165,
132,167,185,65,52,
110,51,50,120,170,168,154,87,24,
10,37,4,94,1,163,135,174,57,8,28,127,103,113,16,44,108,110,72,119,16,9,135,94,170,172,176,91,2,167,81,40,86,109,59,88,40,21,142,
107,61,18,57,
47,7,93,94,109,189,142,93,42,105,
170,157,186,2,4,169,103,120,98,148,124,5,171,58,186,9,
54,60,82,178,188,92,6,30,133,161,88,55,
29,161,167,151,76,37,46,
69,84,181,33,84,6,130,17,144,129,72,25,60,
130,191,39,78,13,188,77,64,189,44,157,166,
65,72,60,99,
94,116,47,149,56,120,131,160,
169,89,122,146,144,182,141,176,99,
47,53,72,37,42,13,99,121,102,
18,43,73,113,165,76,
18,80,56,44,107,101,10,
1,129,42,40,5,
51,175,110,80,175,105,122,179,29,138,137,171,81,109,165,27,
143,28,167,67,27,43,
129,159,166,94,111,30,173,81,
186,60,190,112,182,109,
103,10,145,21,72,100,
32,181,100,47,
114,174,46,34,75,165,8,134,
138,66,174,42,17,179,157,154,181,
100,115,116,113,145,146,
90,131,174,49,127,41,43,63,
118,157,91,88,5,121,94,189,112,
127,191,159,150,125,141,
92,63,16,102,26,18,31,14,7,66,
80,105,124,131,55,146,50,57,123,190,163,136,48,143,148,28,24,97,2,75,182,162,19,
176,133,0,148,66,87,14,105,91,30,63,69,129,143,18,16,186,140,
145,170,56,53,15,62,117,43,85,124,16,50,79,90,3,41,89,
144,147,6,41,156,31,149,85,49,75,10,28,
179,41,169,132,152,153,
177,174,115,
2,53,128,121,45,150,162,32,
57,186,182,116,105,21,44,16,172,40,168,152,93,
75,82,47,143,56,137,7,171,100,20,26,94,117,191,82,33,148,156,16,170,185,102,19,149,86,182,43,8,137,
78,130,159,27,186,174,101,
62,2,134,114,178,
25,50,69,49,170,
3,31,17,6,65,52,152,11,
114,116,168,110,140,88,30,38,76,125,
118,49,163,159,162,160,29,34,169,97,150,
43,163,99,18,39,112,127,57,177,153,
59,183,119,11,
120,148,152,34,154,60,123,140,40,130,37,102,29,117,73,
168,159,114,168,141,186,44,162,
190,105,16,121,98,
140,167,7,96,
158,40,15,33,
138,99,130,130,53,122,94,57,31,9,182,120,83,102,
82,51,75,54,184,92,13,151,57,128,168,24,
1,91,179,72,
158,88,182,164,
6,3,174,57,144,190,178,
53,138,47,98,101,88,16,81,83,129,145,167,90,
28,63,10,65,89,144,104,143,54,50,87,116,
71,16,95,13,26,50,158,
136,21,41,181,17,
112,148,27,4,34,77,35,126,29,128,111,40,159,43,131,137,175,14,174,
145,53,103,3,88,183,
84,165,146,14,115,102,69,124,186,164,10,85,91,91,18,186,114,
124,14,98,
31,23,73,149,3,136,139,10,115,108,
74,136,30,60,3,157,
174,148,12,75,174,114,82,52,84,97,
172,89,73,160,63,57,47,122,127,126,164,11,138,77,177,22,
72,182,16,159,90,62,108,36,60,190,120,148,65,25,9,128,36,159,47,69,32,40,113,106,
75,80,52,96,5,7,
165,99,40,109,167,
178,30,173,144,18,25,
6,78,141,119,24,80,5,82,145,118,54,126,175,
154,29,15,112,160,176,26,
148,177,37,113,89,3,7,67,175,
91,74,143,4,183,103,90,20,111,
91,178,26,29,1,32,112,127,
167,53,30,115,132,163,25,37,71,65,8,143,140,11,177,34,165,
70,111,137,191,
4,50,181,31,63,85,163,4,75,117,142,52,52,187,40,122,
2,96,12,42,75,107,23,101,120,
165,149,71,84,115,108,66,116,33,2,69,88,156,36,160,
69,92,53,172,25,164,123,20,85,
104,118,111,99,78,116,180,
120,92,11,63,103,6,24,2,
26,110,128,39,118,
93,148,4,82,57,186,150,99,
23,134,114,125,91,4,103,55,164,128,35,
133,157,18,74,131,103,176,169,63,5,1,
46,165,11,159,108,122,54,63,88,46,
105,190,185,69,180,144,16,51,115,84,136,33,137,99,47,186,87,40,74,177,56,187,
15,31,57,163,
72,65,68,103,123,1,88,
145,43,181,
42,2,90,131,63,65,47,
11,99,120,130,71,8,102,130,68,27,191,30,25,157,115,148,27,159,46,3,56,
65,113,37,153,110,
170,85,33,165,145,90,103,130,178,181,170,44,37,160,46,55,
135,80,88,27,75,16,17,95,47,
73,63,156,148,27,36,
120,21,66,44,183,137,159,17,166,77,126,161,
159,118,63,168,72,168,167,141,150,9,129,109,107,62,112,149,45,
10,9,28,41,178,48,168,132,101,31,117,73,
174,88,90,141,89,120,142,173,112,
128,186,17,22,
37,172,120,24,110,
154,5,169,159,
107,17,127,
41,63,30,74,75,168,117,74,121,125,171,105,75,144,126,145,
28,148,33,191,134,58,
78,9,42,168,89,48,64,37,147,150,91,45,155,190,120,135,130,167,103,24,112,113,171,83,183,
84,85,87,105,163,
53,145,145,
27,57,26,139,38,26,82,135,32,51,
149,13,116,107,
21,10,3,89,6,136,46,118,
148,89,71,112,46,46,149,179,11,184,98,20,186,72,
129,99,53,41,83,179,112,64,158,3,64,98,180,106,16,67,
40,69,128,47,2,142,188,59,181,137,159,13,99,165,9,30,
151,9,115,125,
100,32,62,79,85,80,121,31,142,
163,106,39,144,73,179,154,30,15,117,183,123,172,184,
188,173,4,8,28,135,180,74,143,111,159,163,102,176,93,9,182,68,135,142,39,95,110,61,89,38,43,157,8,116,95,178,
57,74,50,27,39,119,1,79,78,169,105,96,15,
49,118,25,148,112,2,23,3,180,
179,55,2,167,76,163,41,108,20,74,100,80,114,19,22,85,106,155,1,77,114,
186,189,85,118,94,2,75,101,80,37,11,46,55,118,128,106,57,70,110,157,190,70,182,40,67,
171,86,53,138,41,38,3,83,162,71,17,130,40,176,30,17,168,
67,75,101,72,96,143,99,
21,103,178,68,10,
88,172,145,147,91,23,84,177,34,86,153,46,153,55,105,148,155,190,35,87,190,125,118,
186,2,146,67,79,
56,116,160,130,128,17,
80,180,71,47,61,82,131,149,
184,82,
151,87,64,92,3,110,59,
50,71,64,38,109,150,29,162,
51,82,14,
179,96,76,66,118,
64,122,129,55,44,3,
18,165,126,109,5,65,106,101,137,43,
57,56,6,
7,41,30,23,47,65,
102,75,163,13,78,113,98,135,137,29,144,
163,92,43,22,169,98,
57,117,72,
166,37,103,147,103,
163,119,84,33,
94,129,98,184,155,
178,10,21,105,25,182,10,40,
7,184,15,141,88,134,85,115,188,135,
86,3,135,94,122,132,42,
64,151,80,129,74,152,137,22,52,99,
3,76,107,155,167,50,63,65,60,32,148,125,64,
135,153,29,75,86,98,14,88,100,136,2,78,55,
107,37,13,58,
82,164,169,116,
164,158,103,181,3,92,
147,92,181,49,126,94,4,165,167,130,129,116,178,
105,6,80,47,138,65,107,122,94,183,
30,115,95,153,156,31,126,82,178,39,122,
46,11,42,6,99,148,
127,12,98,67,4,
176,67,168,
148,190,93,28,3,154,99,65,100,22,
56,116,181,183,50,173,17,70,11,63,
148,11,72,89,73,93,137,
180,177,138,40,75,
31,4,82,15,23,
85,88,186,156,170,109,165,41,137,179,54,155,102,
56,100,132,183,
82,30,80,111,
80,135,146,6,113,108,64,18,77,112,191,89,
116,148,73,187,151,101,165,85,99,63,160,2,106,52,177,165,64,172,165,84,
177,51,43,40,53,12,
111,2,156,
39,157,7,107,26,37,81,
149,73,130,80,
6,161,144,120,
90,145,134,68,58,109,
12,143,121,122,31,42,30,22,4,24,117,26,148,174,0,77,2,127,135,
159,120,79,73,95,158,
42,43,95,170,144,6,134,
172,69,4,63,37,60,
177,130,138,148,21,31,177,179,105,112,94,17,
180,93,57,154,188,169,125,129,189,184,85,133,80,48,82,109,
10,111,33,
2,43,188,104,42,151,182,186,62,165,73,50,109,82,160,
166,33,68,148,131,124,
42,92,1,112,46,27,47,32,178,159,
62,110,4,182,159,182,27,143,
134,9,86,182,88,42,173,
191,80,190,48,70,99,
98,130,154,49,22,139,72,
131,94,12,9,133,90,
33,153,10,164,105,158,89,
153,88,30,116,33,98,49,173,186,109,152,65,138,148,
6,88,54,
115,11,31,160,105,35,156,7,189,69,91,154,
75,110,81,87,2,130,57,
8,11,11,73,142,
16,130,71,44,86,
161,187,53,75,164,154,6,25,98,86,150,117,
51,50,53,100,110,93,39,177,
97,167,1,85,97,129,128,103,170,88,118,162,
130,43,0,149,
25,11,178,182,136,176,124,155,69,
112,105,103,66,
164,165,161,
142,54,168,182,126,161,73,172,122,140,59,130,168,149,169,44,191,1,86,24,100,26,94,137,109,75,36,110,
82,75,170,131,11,183,75,
85,145,13,154,80,163,165,171,158,166,
122,81,86,
36,88,190,
133,180,161,56,99,43,43,190,
167,67,113,131,163,146,31,177,37,29,23,188,186,53,59,122,61,68,27,
22,41,148,29,30,172,
110,51,167,16,57,69,38,6,188,179,175,44,62,
72,99,182,14,67,
123,9,79,122,115,72,88,
157,122,103,67,39,118,138,133,60,100,108,188,6,
98,60,94,129,
56,101,133,65,57,109,
137,51,122,
92,55,164,186,74,133,133,81,
101,158,54,68,138,44,96,
183,145,91,73,132,167,
127,168,20,
105,67,51,177,169,41,
60,3,157,160,191,60,13,
141,170,1,168,169,66,164,
41,173,71,22,130,176,60,3,39,
172,127,129,128,142,135,163,75,
80,69,136,128,91,65,22,19,97,50,14,17,167,55,189,
161,118,6,43,38,54,29,95,129,120,135,
103,133,120,102,166,37,
144,107,107,46,89,
40,186,10,154,49,12,127,72,158,
95,71,135,131,150,186,30,121,26,21,44,
66,112,103,138,176,12,124,96,173,69,141,
186,84,113,167,67,71,39,1,148,160,128,
186,95,9,103,134,155,57,67,159,105,108,134,54,187,156,92,77,176,
161,129,27,0,162,70,85,42,133,175,136,103,165,80,
51,105,12,
63,92,133,68,
129,176,40,49,172,48,95,112,82,
96,75,0,140,
41,30,85,129,136,
64,55,129,30,50,183,188,
71,100,148,186,68,180,13,
27,21,102,11,188,63,
188,47,135,135,40,2,53,130,187,151,129,105,
45,55,152,2,63,88,172,159,
44,120,
111,152,82,118,36,70,
167,98,87,159,18,97,122,135,132,48,148,
134,151,98,9,63,96,168,
109,83,109,159,11,22,84,
142,59,8,87,139,68,172,179,96,
98,102,1,62,53,28,44,84,123,
85,1,137,122,15,189,15,34,46,15,116,79,154,177,130,
183,163,41,43,
20,81,62,13,127,13,167,127,78,138,96,135,
184,133,148,163,94,144,
53,148,167,2,69,51,
88,1,41,6,89,
161,42,134,35,114,134,
97,36,80,183,
3,164,137,148,47,49,128,
139,86,31,60,
96,38,2,100,15,55,141,180,175,18,
37,152,47,92,2,145,39,
52,116,187,4,83,107,132,144,43,134,145,165,128,22,125,
85,179,97,161,117,184,64,169,
165,114,
45,38,3,2,
50,149,5,55,145,158,19,51,57,60,68,42,4,110,13,119,25,177,
138,55,88,26,156,18,143,97,128,25,164,179,105,20,43,126,101,170,
173,174,178,141,189,89,
181,13,133,14,66,138,32,35,
103,91,186,60,66,166,171,127,142,175,
115,138,167,173,95,118,131,74,
131,153,110,99,14,170,
102,170,55,92,27,101,47,140,
99,4,129,47,91,
173,160,188,169,56,91,180,41,105,81,30,20,
85,4,84,83,12,190,
75,4,89,
174,174,100,38,138,128,6,173,189,156,177,
35,23,74,181,101,
152,182,120,45,170,85,37,182,68,88,99,112,
190,191,167,148,73,6,133,136,36,
89,78,48,159,172,21,161,144,63,77,55,16,175,
91,176,84,181,109,173,114,
63,74,119,56,99,191,28,134,73,120,188,114,149,43,33,
81,26,51,162,120,2,112,141,170,120,123,121,161,
86,60,158,122,96,21,14,134,149,148,155,139,170,127,137,177,161,
43,105,178,121,15,42,130,8,153,133,110,
138,16,103,180,101,153,96,
6,42,182,43,39,113,121,
159,40,65,60,118,12,178,40,42,77,187,126,55,14,36,166,167,123,
120,31,8,110,81,36,154,91,79,140,156,143,
14,80,61,181,26,1,
17,89,1,98,14,138,56,164,34,
133,159,164,8,153,118,184,9,142,47,110,5,14,42,124,105,148,113,143,141,67,169,
114,107,179,114,134,144,134,78,41,17,113,107,84,
153,33,88,105,0,49,69,83,
7,162,55,128,129,39,150,120,140,36,152,
71,41,29,39,80,66,
17,152,78,68,89,107,14,102,159,65,135,120,89,145,
169,118,105,161,154,
137,75,70,31,135,142,63,109,176,40,105,40,145,55,3,130,
26,138,14,9,91,81,153,27,92,36,165,138,154,78,82,
119,29,150,63,67,165,52,35,32,122,19,50,44,160,163,59,
14,181,17,51,68,
162,38,80,68,
185,132,73,111,
113,148,19,41,43,157,31,86,92,113,
186,68,153,
44,38,63,37,181,96,74,137,110,18,101,172,25,16,
17,148,159,60,172,177,56,
1,57,141,58,103,143,176,26,91,98,65,23,158,10,66,142,54,
37,65,43,
157,33,113,105,143,
108,157,46,186,185,
117,4,157,165,
121,2,118,
122,138,167,137,86,43,76,4,
105,176,157,153,178,29,112,155,136,70,41,
102,56,84,188,41,13,5,184,77,17,158,11,
0,96,135,89,130,146,183,
170,152,110,128,
122,157,169,167,123,107,111,78,
89,73,148,148,5,14,169,17,145,188,75,183,80,173,
153,88,135,112,141,
160,10,56,118,156,113,75,
14,44,83,26,72,66,124,135,
10,21,103,54,67,169,
56,118,85,147,11,141,75,84,64,107,18,130,54,177,83,164,
81,27,144,170,22,171,21,81,53,122,92,
17,80,129,47,128,20,145,7,
55,96,138,165,106,156,106,12,88,174,154,158,64,106,94,70,54,159,146,
79,159,178,108,139,123,189,127,86,
178,170,43,165,136,27,62,144,42,
65,17,18,50,87,125,89,20,
41,10,179,14,114,190,8,7,179,88,146,97,102,92,174,
170,170,81,118,49,82,141,126,36,5,
87,167,146,123,88,150,149,84,113,
101,9,16,152,48,56,42,115,75,166,115,
113,103,160,37,148,82,18,65,85,105,65,29,87,
65,56,128,110,52,112,16,105,
98,17,153,163,175,
125,88,94,
182,72,2,72,118,152,116,189,152,6,84,134,43,158,61,183,178,10,
50,2,56,30,28,188,164,132,145,39,
98,135,134,124,127,173,130,
109,186,50,91,56,
8,3,116,
94,147,157,86,99,3,105,86,
88,165,53,151,145,108,123,124,
131,111,107,126,112,166,33,58,53,42,20,189,
2,40,30,122,28,187,45,98,106,111,118,159,
91,118,
118,9,64,182,170,26,85,161,159,186,
135,16,148,23,120,
118,27,6,111,104,81,57,
25,167,137,186,147,113,185,73,178,72,138,10,115,2,22,
115,59,139,26,40,81,177,
10,99,69,73,118,158,67,62,73,
37,16,122,94,148,166,107,
69,176,108,21,115,40,11,33,59,
116,57,129,165,135,15,119,155,
85,113,118,
15,44,85,142,
34,169,118,106,55,91,51,21,114,118,172,52,
22,17,81,69,131,52,
16,63,179,176,53,135,5,105,89,101,164,4,137,
43,75,37,113,63,90,96,138,171,
144,154,128,86,122,154,
125,127,41,33,
103,33,164,113,170,143,53,55,88,160,138,156,112,97,
88,16,135,39,191,142,85,89,32,150,165,36,
186,170,140,63,189,94,160,84,41,25,126,84,93,
19,142,80,113,160,191,17,132,119,80,121,3,63,138,75,15,73,128,67,140,
64,85,130,88,111,
73,106,185,159,
38,171,110,174,82,3,188,162,181,34,
106,111,55,162,132,73,105,22,
10,84,21,29,28,40,97,25,113,45,18,
13,50,74,40,146,177,102,60,14,85,102,185,
148,85,133,82,34,49,17,167,
130,120,138,56,16,176,64,83,
40,167,115,81,35,1,
127,79,107,96,
182,25,57,9,158,94,86,
134,156,62,96,
47,55,32,40,110,107,
141,81,56,164,26,86,128,127,
77,182,32,158,7,102,0,164,183,130,129,44,86,120,186,
148,191,75,30,175,113,30,86,20,88,187,30,107,80,148,
73,149,2,190,99,10,163,
101,10,128,67,11,168,58,
3,165,21,1,8,
96,134,20,134,138,
46,114,148,108,58,89,6,
33,69,165,166,5,157,69,34,169,
181,105,186,40,4,114,175,69,170,38,56,97,40,147,90,84,156,172,35,55,149,145,39,
116,169,153,48,62,149,28,81,152,8,4,59,100,
68,101,174,132,
188,63,167,37,67,69,85,113,
170,97,13,10,81,92,138,
63,186,89,90,122,16,44,153,118,91,159,143,177,49,19,104,22,123,165,113,
68,164,123,17,114,72,167,130,186,162,166,21,78,90,
154,163,85,161,14,98,30,
164,33,49,66,168,162,
16,89,88,138,
126,87,149,18,119,6,126,186,84,131,164,182,
159,46,88,38,78,17,137,95,91,
177,116,18,106,38,163,85,64,144,26,85,180,61,105,
12,65,66,131,51,27,48,12,100,44,177,
111,16,112,131,103,10,9,122,104,112,119,12,175,
37,103,12,44,136,97,167,44,85,32,170,
128,172,65,131,101,35,80,90,2,61,78,53,84,27,73,97,86,119,7,122,72,
187,186,63,
75,161,135,84,41,109,82,188,169,67,87,114,
29,71,176,91,105,22,154,173,50,5,82,
156,33,153,164,144,47,38,69,135,76,116,17,119,134,73,165,
168,9,101,159,116,46,159,52,168,16,35,128,67,
117,21,163,41,90,57,2,176,165,
147,99,134,56,84,
190,108,85,
36,72,111,115,165,97,
144,184,81,48,
21,106,27,26,10,11,117,27,183,145,34,
130,69,138,79,
31,177,138,120,113,133,146,48,101,166,
60,60,165,54,98,41,65,131,139,149,
128,144,60,42,52,26,151,52,154,23,88,130,
63,115,133,102,83,136,180,35,9,
27,42,70,30,143,
13,172,130,149,85,148,18,95,20,58,107,74,7,71,
4,147,172,110,99,
113,100,77,80,107,
156,174,75,115,111,3,44,166,
159,73,127,98,189,42,
4,62,24,93,91,4,116,
95,115,129,72,95,94,138,181,
52,64,4,22,132,
44,98,82,
42,128,138,101,134,105,159,
110,16,37,112,9,86,75,108,154,175,26,142,125,142,61,47,
3,86,145,35,
1,37,85,88,137,
135,156,188,17,181,0,114,137,116,39,4,91,191,121,130,
85,180,37,148,
7,75,92,
54,101,143,149,
30,27,50,
135,100,20,161,
99,67,169,72,67,
175,111,108,98,
143,82,63,99,
67,10,
105,16,57,80,84,
24,127,37,
99,47,104,46,
172,154,34,
153,98,43,
2,117,135,166,
96,66,
1,97,14,3,
70,55,27,127,
103,161,10,
141,173,159,
123,87,163,69,125,68,
150,87,161,50,118,93,
33,163,156,
143,62,91,120,
82,113,134,
181,91,164,136,
188,50,27,157,
158,129,182,85,159,
92,92,147,
43,143,18,
129,188,97,53,
189,47,115,80,
120,129,62,
83,130,
183,89,64,105,
94,107,177,
57,138,82,
160,165,154,
59,142,116,
83,85,53,137,
11,69,82,59,
39,136,30,
126,180,
107,47,148,144,
16,92,57,
95,161,159,
41,113,90,
180,63,71,126,
164,69,17,
26,27,71,
122,64,144,
183,78,56,115,
168,5,164,
27,161,62,78,74,
144,177,52,
74,134,
90,79,53,
11,92,102,
128,144,186,170,3,
39,71,50,181,
146,55,100,
46,21,170,29,
3,74,
106,129,43,72,
146,87,
169,179,75,136,
85,188,152,
190,41,88,
32,2,91,14,
177,13,17,
86,94,182,
166,159,120,2,
3,151,156,
92,37,113,170,
131,128,60,
128,141,82,
137,64,159,83,
122,37,30,
37,29,1,
60,74,
90,42,91,
86,144,148,
145,52,17,50,
6,46,105,
23,135,7,
14,89,131,
40,180,4,
151,134,82,
82,129,93,
162,2,164,
84,182,
188,124,
61,110,177,107,
91,34,
42,143,127,
38,107,50,
176,130,117,29,
88,152,159,
28,10,57,
89,144,130,33,
3,45,41,
44,14,16,
66,14,120,
165,117,52,
1,186,
112,42,49,9,
124,88,25,
12,40,113,
35,30,3,
145,100,37,
126,41,120,
84,147,98,
54,157,10,
118,115,56,21,
24,4,110,120,
111,185,91,
144,87,42,178,
89,65,174,
75,180,82,
136,74,63,
65,42,
169,10,85,
32,88,77,
40,128,105,122,178,
144,6,178,
39,186,6,
116,188,104,
68,142,152,
113,63,188,
158,102,86,
78,104,68,
167,165,159,147,
14,159,112,32,
22,163,109,
176,25,154,
10,178,170,103,
68,14,157,
43,6,188,2,
29,120,102,10,
131,80,22,
152,179,64,57,
47,17,
173,115,129,
43,130,52,
167,80,53,
122,2,22,40,
173,134,56,
120,7,81,
136,25,161,
34,17,167,
120,135,174,24,
88,64,174,72,
35,161,40,
95,159,188,42,
44,64,156,
58,131,90,
59,69,151,
115,30,165,151,
82,180,
118,179,26,
68,11,27,
91,115,159,99,
155,94,25,
47,42,172,
169,173,33,
191,60,
132,183,165,
113,167,6,
117,85,120,
174,78,68,
121,47,81,
79,120,130,
68,63,30,
130,177,98,128,
29,118,113,
171,103,43,
88,97,128,
67,10,148,186,
188,54,64,
70,56,105,
157,130,
5,99,29,
178,6,99,79,
58,107,46,
15,7,158,
189,131,118,
104,2,
82,29,148,143,
154,11,148,
112,81,152,
115,63,101,183,
53,103,167,
17,3,114,136,
137,85,86,
175,89,148,
98,74,148,
75,38,41,
34,33,38,
169,74,163,
44,95,170,
84,109,116,
73,30,89,
109,153,165,
93,165,148,
47,3,135,99,
179,142,16,
72,148,128,57,
164,82,50,
110,178,44,4,
63,27,45,
73,63,74,
155,86,179,
81,118,173,165,
81,81,
108,88,31,
168,67,
27,118,167,
109,180,90,
54,1,
83,138,
17,135,65,
42,86,161,
75,172,
124,166,160,
139,27,
166,156,74,
123,105,159,
106,134,34,
137,44,16,
7,17,148,
31,107,136,
148,46,153,
161,89,81,
67,129,186,
11,46,56,
181,143,95,
24,142,82,
16,44,129,
175,103,110,
110,37,43,
159,2,17,
73,10,120,
22,52,128,
142,103,174,
173,66,174,
113,113,72,
111,64,
152,159,116,
10,182,160,
8,41,120,
141,153,
1,17,133,
5,1,89,
18,177,178,
66,71,179,
170,25,38,
63,106,4,
101,78,102,
167,3,40,
127,91,103,
81,129,39,
191,88,127,
112,111,105,
178,188,17,
36,159,73,
46,46,144,
48,191,180,
164,56,141,
86,16,128,
80,130,55,
79,100,186,
160,2,170,
55,154,102,
39,41,130,
85,69,
149,181,60,
130,135,
121,6,135,
20,65,148,
26,141,
