161,135,64,2,48,172,93,101,58,16,25,31,72,142,72,
145,35,
170,97,118,169,46,
68,62,56,90,189,23,78,99,143,17,103,
25,172,116,45,65,185,
122,138,122,84,0,65,164,66,111,14,103,89,173,103,67,141,
16,65,161,55,
151,109,68,152,87,171,65,50,71,93,75,56,43,6,40,170,44,
120,12,87,11,152,142,158,65,176,
143,693,188,172,155,50,
123,143,190,58,3,31,
34,108,10,68,19,186,131,109,77,159,
163,156,116,152,40,113,75,151,92,154,85,132,3,114,136,175,90,123,114,35,49,
160,37,189,48,150,113,65,156,74,140,148,159,
187,142,70,68,118,8,
189,181,10,8,24,148,29,7,51,175,54,109,26,129,71,0,168,7,88,165,
28,4,142,155,73,63,84,107,
107,13,43,185,104,127,143,17,106,170,187,
135,91,111,130,154,158,65,118,90,185,114,183,161,88,65,18,78,
152,163,98,150,0,180,32,129,68,110,
3,64,117,53,74,175,
181,108,134,186,14,
176,142,140,
86,112,17,98,141,125,10,45,125,
141,108,68,132,91,64,177,
10,37,4,34,1,58,170,135,174,57,8,65,127,188,103,8,61,108,110,72,25,
123,17,61,180,
58,10,149,19,60,112,123,150,139,180,
23,11,89,51,186,87,154,182,166,182,
55,169,124,178,25,166,13,22,138,
146,50,19,33,44,88,183,85,30,90,78,44,164,32,174,11,
124,85,142,4,
80,44,70,84,155,13,7,47,149,
27,95,68,48,40,
88,17,2,
125,20,44,36,145,128,107,106,166,126,
16,172,149,17,71,4,128,177,161,2,0,143,3,103,18,176,165,42,
168,102,102,104,93,60,
182,17,
172,91,100,81,143,13,35,93,16,53,112,121,44,137,32,40,39,18,160,
171,0,64,148,108,145,163,129,
126,4,166,9,61,168,81,116,165,
43,61,89,176,113,36,
107,191,129,4,13,137,
173,78,12,189,96,88,73,176,55,93,107,134,76,84,123,137,
56,32,20,157,60,160,68,97,6,91,165,10,64,84,182,3,148,61,141,
15,913,95,69,169,61,71,83,10,156,
143,52,185,188,98,118,104,4,45,120,31,178,
780,693,104,187,166,18,127,54,100,81,121,70,24,175,11,105,61,111,36,
180,155,172,150,158,14,123,172,25,126,
115,129,154,104,91,
93,145,102,
61,92,0,116,54,119,99,44,
188,92,49,123,130,37,12,24,29,68,118,126,43,88,51,
4,84,171,71,162,107,166,127,141,65,28,115,178,52,
102,85,57,27,168,
17,41,4,43,35,
57,36,38,102,39,180,91,110,184,53,95,
97,156,14,65,61,7,112,66,84,124,53,55,38,155,99,71,130,170,180,
181,111,189,145,110,49,
0,16,61,176,97,136,171,114,41,188,55,78,58,135,114,175,
162,39,157,175,
117,142,89,93,68,26,3,158,40,126,10,7,14,105,119,122,106,
170,10,151,118,60,61,140,51,10,49,
4,151,118,107,173,126,7,71,171,162,68,189,68,148,154,93,
95,24,57,
156,160,169,
0,92,61,140,78,46,151,
179,130,85,61,176,60,2,31,47,
13,95,5,189,173,156,
14,41,180,160,131,
19,68,34,62,
23,85,143,110,130,0,93,182,157,118,13,72,
85,108,37,8,183,181,140,52,179,100,
92,55,16,117,16,146,157,59,97,10,139,132,111,142,2,27,35,
32,172,186,81,178,55,10,12,56,
142,54,5,155,161,73,117,68,140,47,130,124,172,148,70,168,161,89,100,13,94,101,
87,147,97,27,65,157,80,
172,160,37,59,24,164,25,2,106,18,126,158,118,50,103,38,113,
114,913,135,65,27,119,36,68,0,38,191,170,67,186,134,170,47,150,84,
71,4,53,147,123,147,66,24,
122,155,129,92,0,143,180,9,7,18,63,77,128,171,122,
132,61,184,82,92,165,83,51,51,88,165,6,
61,10,78,104,64,
118,123,151,93,27,84,151,80,102,120,172,70,88,170,111,146,49,70,125,152,161,
95,166,84,144,187,45,60,60,95,91,80,58,100,
171,151,4,122,143,0,171,47,56,114,147,156,24,31,145,123,98,67,84,101,107,
132,50,141,82,
84,164,109,166,84,127,35,93,36,144,167,110,139,137,121,149,105,4,101,161,
104,165,49,
24,68,188,13,176,
190,41,174,30,126,189,88,47,173,52,123,64,74,89,170,48,
111,181,135,140,24,162,0,147,
77,160,118,80,31,103,1,105,154,59,60,181,
9,142,122,144,141,3,49,143,7,115,30,82,146,154,70,123,139,
112,172,113,
90,154,71,55,0,81,75,80,167,43,168,67,114,128,123,165,38,166,19,135,53,68,
63,122,123,
170,181,89,176,93,74,101,63,87,102,36,150,3,
51,132,189,191,89,84,102,34,148,100,
135,48,147,
155,55,71,27,145,122,62,180,171,41,60,48,70,80,121,189,137,165,118,122,
131,64,164,144,14,15,189,57,66,
148,140,51,95,
159,693,73,161,122,140,178,168,19,158,120,1,33,179,
176,62,14,76,69,
164,145,104,147,85,
78,0,158,130,162,0,114,
0,151,82,60,117,119,73,115,8,62,116,5,
149,68,15,128,151,12,29,100,37,
113,163,150,112,
20,11,125,156,107,42,161,165,31,39,
156,97,127,162,162,39,74,104,157,189,171,113,124,15,
5,41,2,
118,23,17,70,105,22,84,109,126,
65,135,85,166,143,11,174,122,0,97,19,25,165,160,
166,48,4,75,174,130,92,134,85,54,95,186,67,65,61,175,49,69,
62,155,113,49,10,109,145,47,79,72,150,100,52,108,175,
108,85,85,85,55,102,
67,111,114,62,182,107,171,29,
36,170,10,143,57,64,5,70,36,24,142,56,78,121,11,178,
150,170,188,41,129,158,
68,78,32,3,93,36,79,56,167,152,19,24,81,91,
145,106,14,13,44,93,104,181,162,103,125,141,164,190,
159,64,34,160,24,89,81,35,
162,156,4,
123,154,41,93,33,58,
78,125,98,34,68,104,22,185,165,69,3,27,61,183,42,173,89,122,58,161,
91,141,68,66,81,89,35,151,
33,123,159,
92,47,163,
126,117,163,
56,171,87,913,36,190,131,126,2,170,124,104,6,143,
165,104,188,87,114,
134,12,166,71,119,135,181,56,28,66,
161,189,84,79,
112,125,58,22,88,20,61,167,112,
152,41,18,125,
191,62,114,85,51,
140,184,83,2,74,176,74,148,
65,17,135,16,30,130,97,104,
17,16,45,169,88,182,22,118,86,154,56,12,60,123,43,
8,41,111,
87,165,112,120,84,162,99,103,136,29,146,
93,170,10,123,159,70,29,51,9,139,36,28,85,54,114,19,
123,143,63,51,156,
188,39,76,
49,162,67,128,104,147,118,104,116,27,133,163,
25,12,55,118,
188,41,127,10,53,150,165,96,190,
61,64,43,4,146,187,0,123,166,48,85,68,32,
118,65,150,189,141,84,187,77,22,135,
29,188,157,182,95,78,149,37,158,159,110,
157,14,156,107,38,134,155,162,87,97,65,
38,187,90,67,176,9,32,77,9,157,111,136,49,71,184,
188,73,143,32,61,143,185,129,169,87,13,141,157,11,
147,111,155,164,
135,129,9,75,132,166,163,5,0,93,58,85,146,
172,180,92,184,
102,118,168,178,180,
117,61,72,3,121,136,80,133,136,164,
60,155,10,165,109,56,113,46,
41,8,27,14,16,99,188,171,8,123,166,5,22,
180,41,122,164,
70,142,124,155,80,53,165,3,130,45,33,187,118,55,6,122,154,
95,81,120,693,13,27,12,124,161,83,122,145,151,29,157,161,12,101,148,37,133,
67,156,63,146,153,128,154,49,137,166,95,100,
85,166,108,
130,70,143,66,65,106,182,97,49,
186,181,35,139,33,107,141,46,101,149,
56,134,36,913,107,
62,184,78,19,123,37,131,40,176,148,105,104,173,107,
75,131,113,81,177,55,
117,92,31,53,
154,67,175,9,147,146,49,59,101,
182,29,23,
14,97,103,145,181,20,145,0,176,185,157,163,161,121,185,
101,151,161,142,144,
88,118,132,182,186,
12,188,17,
118,68,36,93,147,4,102,186,170,159,10,92,190,188,40,43,47,25,172,
68,96,151,118,66,85,127,88,99,131,121,22,149,137,38,50,129,27,34,158,33,38,34,114,142,
54,0,43,137,15,171,190,44,
2,16,129,50,158,5,92,104,88,30,
68,59,141,97,57,61,181,43,80,24,142,
33,60,70,68,105,
162,145,87,49,
160,136,172,80,11,161,134,119,169,24,73,0,30,77,
147,154,71,66,
189,161,173,27,115,
130,38,113,30,179,49,134,141,38,46,
3,16,17,43,11,138,
17,3,76,47,37,12,141,108,69,54,65,140,175,72,105,
153,3,67,189,163,40,
156,17,52,67,189,173,80,163,38,162,167,62,52,107,93,68,39,159,99,
164,155,38,
59,172,68,118,
35,100,159,41,5,156,
59,154,
81,95,32,56,32,71,124,146,
35,145,43,149,168,186,122,92,163,
76,85,176,
76,11,143,60,
126,188,58,31,120,56,182,67,60,26,
61,188,132,179,
913,15,116,114,56,90,38,4,60,131,34,116,64,56,
163,14,171,
143,181,122,68,
65,118,13,
53,3,188,97,57,69,
39,162,156,156,42,189,100,3,172,128,188,37,
98,152,86,31,
38,128,57,137,170,5,125,
64,99,111,147,131,3,104,148,87,159,161,168,109,93,61,81,39,82,95,
103,122,110,86,9,175,88,50,20,107,
189,156,39,130,
80,117,53,111,32,156,95,
112,97,101,102,112,56,87,142,5,86,94,45,
85,68,51,187,65,76,97,131,23,118,179,164,166,186,93,185,37,191,125,180,164,190,
146,118,154,
128,90,149,127,36,32,38,8,160,49,114,143,182,
50,2,181,
8,10,41,181,
138,114,64,
120,118,38,3,
1,12,
61,170,126,117,157,
90,104,163,
158,135,167,77,20,78,111,68,9,137,165,162,101,6,57,
143,171,81,130,186,84,15,100,158,28,162,98,
58,12,150,41,85,125,
43,70,3,57,107,109,137,182,186,3,57,47,
84,118,122,87,95,65,16,3,14,24,114,74,92,
187,53,85,95,11,118,
10,92,56,32,50,
147,64,32,135,0,76,55,87,158,50,
97,56,158,122,137,15,87,
173,76,143,54,4,180,163,44,
130,166,189,
47,47,62,5,38,92,130,161,125,10,183,18,32,
127,4,75,188,156,162,38,4,66,84,
102,118,183,93,146,79,38,115,99,
67,130,11,185,70,50,45,114,122,9,62,118,156,160,134,146,168,111,35,
36,59,118,64,40,52,149,125,191,780,72,153,
184,62,132,140,175,
693,780,164,23,141,61,143,113,162,95,72,48,150,71,140,159,7,158,
92,172,61,130,116,159,0,1,
156,35,166,142,13,
64,61,118,36,85,56,171,87,183,180,158,103,
148,32,62,180,94,
151,10,184,427,4,159,4,105,118,124,101,23,0,
37,85,99,8,64,106,156,39,
12,66,120,173,58,92,50,1,128,25,
38,114,5,127,164,155,120,87,141,73,159,144,191,
142,112,32,118,137,187,78,28,15,101,87,176,50,131,68,61,156,
43,17,64,88,
181,36,103,56,52,186,40,133,28,94,161,45,99,118,143,
104,83,61,90,72,30,4,105,157,82,32,49,134,169,
11,780,23,176,95,61,15,
66,122,97,40,23,130,58,134,62,147,
73,10,28,18,
85,124,110,155,108,179,74,102,187,79,
181,166,85,50,
143,9,93,76,161,123,113,51,187,23,36,130,128,
78,98,146,29,
83,140,170,104,146,116,153,147,19,132,121,15,95,119,17,
155,79,142,147,73,110,164,38,121,143,
50,89,146,142,76,60,116,56,67,151,182,103,65,63,147,14,
169,93,138,47,23,55,17,170,139,47,137,
88,190,112,
113,130,158,69,75,94,149,6,186,164,160,124,137,
92,122,166,84,126,
70,20,118,113,125,126,171,
16,41,127,40,24,49,
104,145,156,164,91,
5,35,38,0,25,166,177,
105,117,33,13,140,17,
5,112,142,38,24,13,191,62,36,
52,181,143,65,146,103,79,144,182,
50,189,12,129,30,132,143,
166,156,85,126,84,125,161,191,62,181,105,
41,93,159,91,0,190,20,5,154,154,6,180,67,152,3,122,141,143,178,
114,163,128,
19,62,65,184,
129,188,152,45,135,145,58,170,32,115,107,177,50,50,59,45,63,
24,5,17,56,162,95,
182,43,186,182,114,82,16,
103,16,145,
165,158,16,
171,70,122,
97,0,110,
111,158,64,
88,68,135,
161,47,95,
27,41,87,
184,19,38,57,
74,84,85,
78,142,62,167,
142,120,36,
53,57,187,55,
121,83,155,
70,111,118,161,
84,173,114,
106,130,145,117,
107,4,
55,0,70,53,
3,68,84,33,
119,117,134,
105,166,118,
103,77,87,
74,190,182,
173,156,122,3,
32,148,145,
143,16,65,3,123,
141,186,145,38,
140,170,160,0,
185,188,135,
77,122,
22,78,118,
58,78,126,
176,43,0,0,179,
48,27,
137,68,142,169,43,
60,95,33,
159,156,38,
73,38,155,
75,135,127,
130,23,92,78,
99,64,
177,75,5,
128,151,12,
101,171,95,
47,179,171,169,60,
164,122,113,
32,38,
3,120,43,
178,102,143,
104,62,49,24,
16,84,40,
141,4,188,86,
9,122,135,
55,173,97,75,
44,54,145,146,
44,185,80,
80,87,118,
13,80,107,70,
118,142,85,
154,70,163,
158,113,130,180,
125,47,86,
46,170,95,
87,142,151,
128,122,39,
165,90,70,
101,142,108,84,131,187,
56,81,151,64,
150,62,58,
136,8,117,30,
18,122,135,
137,67,107,97,
56,68,24,
189,4,153,
132,100,163,
99,68,102,
0,135,23,
170,107,38,114,
135,0,134,
91,57,135,
20,103,14,
62,156,186,
189,118,149,155,
29,87,67,
49,16,62,181,
154,4,115,
12,95,
61,97,110,
34,68,51,
143,155,56,
180,97,173,105,
45,17,
22,41,68,
49,154,166,
125,85,86,
122,70,122,
69,17,
93,117,118,
110,85,23,95,
77,38,
3,70,143,
178,55,
154,77,41,
107,156,
40,16,29,
125,145,58,
191,166,5,
151,149,118,
50,89,129,
93,23,135,172,
164,117,47,
0,65,147,122,16,
164,84,172,65,75,
146,81,
46,186,60,
65,4,157,
144,95,38,
81,126,91,159,
54,173,166,
68,4,61,187,
2,179,56,
29,40,149,60,
143,172,173,
51,32,143,
31,98,161,
175,166,
156,37,123,
165,56,
178,32,41,
127,128,
100,143,62,32,39,
101,112,154,
37,95,29,
190,145,85,
10,36,73,
84,118,28,
63,28,67,
32,152,142,
9,126,
36,36,93,43,
78,135,36,84,
115,4,102,
104,56,
70,9,36,13,
124,37,56,
47,114,118,
128,49,67,
80,155,77,68,
111,67,38,
122,117,97,
148,160,64,
175,154,
4,913,151,124,
8,37,122,
124,156,97,
48,161,61,
94,181,112,
40,181,27,153,
182,67,88,
126,118,
107,62,28,
176,24,170,
38,47,102,
123,118,171,
154,123,23,
107,171,173,
87,64,56,38,
107,186,67,103,
145,155,
149,113,58,
113,70,43,
152,120,151,
149,84,29,
24,68,71,
124,113,81,
175,162,103,
79,161,155,
127,10,188,
43,17,118,
74,160,140,186,
96,173,
130,138,158,67,
84,56,97,
55,147,92,
14,84,117,
93,64,68,
60,76,126,
11,187,65,
182,130,52,
3,39,123,173,
131,913,142,56,
89,78,
179,85,
68,188,4,161,
71,155,134,67,154,
140,111,
48,190,135,
172,143,118,
25,5,10,38,
91,95,56,
134,157,173,
100,132,149,35,
186,182,43,74,
7,4,102,
32,128,100,51,
31,123,117,
89,91,142,43,
8,0,187,
155,80,28,
31,179,
59,77,177,
157,29,23,
10,60,151,
75,163,164,
18,16,73,
159,29,151,
118,155,187,59,
187,38,107,
183,47,64,
78,29,
191,95,
173,13,
186,88,113,
162,78,143,
138,130,
24,84,
30,190,50,
15,97,143,
129,68,13,122,
111,70,117,
110,57,152,
131,75,34,
108,34,171,
24,16,36,104,
118,138,64,172,
9,154,103,
105,77,180,
65,84,52,87,164,
93,151,168,
191,107,38,
104,65,
175,3,62,
133,49,95,
140,105,159,
100,95,51,
13,142,24,
103,52,68,
94,142,148,
102,108,112,
129,171,150,
22,55,17,
46,130,0,
30,104,130,
180,64,152,
27,189,49,
89,117,159,
169,104,156,
47,17,142,
99,41,97,156,
124,151,113,
168,142,
84,171,84,
158,64,120,
118,181,
163,135,173,
147,171,71,49,
60,913,17,47,
186,23,34,
53,117,70,
45,70,86,
98,78,143,
13,55,105,
36,128,114,
57,68,43,
187,101,61,
150,114,180,
40,62,
179,85,
67,171,37,
65,25,97,
172,118,161,
95,67,11,
111,8,
125,70,118,
116,913,126,
8,85,128,136,
113,143,185,
56,112,181,17,
0,122,160,
95,46,67,158,191,110,
105,151,
11,20,3,
37,85,
51,188,23,
149,84,161,189,
0,14,
138,3,55,
61,56,142,
91,115,104,
163,126,153,
30,122,23,60,136,
76,147,188,
61,11,693,
62,67,166,
161,142,68,118,
7,122,
5,135,
106,107,37,
100,85,142,67,
105,104,
62,0,5,
10,170,86,
157,92,56,
180,148,85,
101,158,186,
93,169,4,
66,71,91,
41,58,35,
23,30,151,66,
89,50,39,
14,173,
25,0,
158,143,68,
72,17,62,
113,156,60,
114,182,84,78,
13,151,
88,173,103,
52,4,85,
65,120,10,
137,173,158,
7,80,
126,70,92,
25,161,
151,0,13,128,
72,117,161,
136,163,
55,32,
162,127,
6,113,
84,51,80,78,
156,171,67,
47,169,164,
49,38,130,
114,0,163,
155,157,
189,131,50,
168,126,
68,117,156,
143,107,41,
60,179,29,77,
18,172,
158,2,693,
170,190,129,
122,121,122,
123,163,9,
171,67,155,
17,24,
116,49,0,
104,168,115,
107,20,56,157,
183,85,
123,188,
122,95,78,
60,95,170,168,
29,93,
134,114,9,
146,87,61,
97,65,157,
64,43,141,913,
74,156,3,
175,184,163,
45,25,112,160,
137,155,84,
172,142,
186,114,62,
180,58,102,
10,118,
70,93,780,
81,143,
56,60,
24,111,
162,111,156,24,
165,155,65,
146,67,135,
115,189,0,
108,181,141,
55,16,108,
109,118,
3,153,170,
57,158,53,
38,68,130,
134,160,104,
81,172,75,
158,29,150,
149,80,186,
151,91,163,
62,19,66,
69,166,53,
92,118,
58,95,0,
110,155,97,
136,38,87,
25,180,65,
27,92,
141,9,130,
145,129,95,
9,93,71,134,
28,143,
82,182,
18,47,152,
26,117,126,
64,138,56,37,
19,90,93,
182,128,23,
184,151,172,
44,61,173,
50,10,68,
108,62,101,
43,188,54,
45,95,129,
157,61,95,
5,47,
43,151,
148,56,171,
27,102,114,
76,173,173,
190,56,188,
41,150,17,
109,34,
10,93,47,
96,188,68,
114,165,138,
152,118,
57,131,43,
176,
119,0,
71,4,
182,126,50,23,
66,68,131,
73,173,188,
38,97,913,68,25,
126,125,190,
67,126,95,
12,134,
138,122,
82,132,0,
7,117,
129,2,
118,143,67,
161,166,149,95,
111,780,92,118,
12,95,32,
79,102,68,
4,61,104,
0,171,189,
95,95,
189,186,73,140,160,13,
49,130,170,128,
125,78,152,38,
0,111,
95,64,
122,41,
181,170,68,
139,9,
131,62,101,
188,0,127,
125,112,
171,4,156,
149,16,35,
166,55,23,
148,189,4,
42,78,16,
165,126,132,
172,180,
71,189,90,
157,188,
109,151,60,
2,140,
44,151,
45,181,
17,83,107,68,
99,61,181,
162,4,158,
20,70,
145,14,171,
71,97,9,
122,8,155,30,
148,142,
119,61,160,
35,67,17,
146,83,
134,130,
53,90,80,
75,151,166,
36,181,56,
73,0,159,160,
187,143,85,
146,67,
87,170,
11,36,
91,172,
55,90,
37,149,
176,120,
138,118,70,
120,
141,122,
139,186,
82,64,
123,173,
71,81,
174,190,146,
30,9,
102,170,51,7,
150,152,
121,14,36,
28,93,
9,38,67,
42,20,
