63,67,158,
58,12,82,185,85,125,176,108,
67,156,63,146,153,128,154,49,137,166,95,100,111,64,34,64,117,
87,165,112,120,84,106,111,99,103,136,69,29,146,116,174,
171,151,4,122,0,171,128,23,56,114,147,156,24,31,145,189,123,98,67,84,101,107,104,
88,68,135,
151,169,31,427,4,159,4,123,124,101,33,0,145,
99,64,61,149,14,178,
153,3,67,189,163,40,57,44,140,184,112,109,178,
181,117,134,186,14,148,
47,47,62,92,130,187,125,10,183,18,32,88,72,110,
108,149,97,
32,111,141,4,
102,97,127,31,168,178,180,
20,169,103,14,164,
173,78,12,189,96,61,73,176,55,93,107,134,84,123,137,56,31,
16,172,149,17,71,4,128,177,161,174,2,0,143,3,103,176,165,42,14,31,28,
85,68,51,97,131,23,118,133,179,164,166,186,93,185,76,191,125,180,164,190,65,122,
95,166,84,144,45,101,60,91,80,58,100,1,163,172,95,79,138,
91,160,68,66,81,89,35,151,
106,130,145,117,87,9,75,100,
142,120,36,154,46,72,80,92,79,
104,90,72,4,105,157,82,44,32,49,188,29,
133,121,93,186,
66,70,59,
151,138,68,159,87,171,65,50,71,93,75,43,6,40,170,44,
35,100,159,87,5,5,78,38,36,
190,41,174,30,126,189,88,47,173,52,123,64,89,94,170,55,48,
25,12,55,118,20,190,22,
56,171,144,36,190,131,126,2,170,6,143,167,
117,142,89,93,68,3,158,40,126,10,7,14,105,119,122,106,21,93,
20,11,125,156,42,89,161,165,31,39,107,114,
61,92,0,168,116,54,119,99,44,24,173,
46,170,95,92,
167,149,85,70,21,143,
11,104,126,65,
92,8,55,16,117,16,146,157,59,97,173,10,139,111,142,2,27,15,10,
68,3,151,118,66,85,127,88,99,131,121,22,149,137,38,50,129,27,158,33,38,34,142,153,
107,11,4,13,137,126,137,
38,5,127,164,155,120,150,73,159,144,100,34,143,
158,113,130,
121,133,155,154,116,99,183,89,163,108,
5,35,38,0,25,166,177,112,127,36,157,92,
152,98,173,144,0,180,32,68,110,
10,37,4,94,1,58,170,135,174,57,8,65,127,188,103,8,108,110,72,3,25,9,170,136,143,
155,79,142,147,73,110,164,38,121,143,9,72,3,128,18,80,190,152,21,118,
70,169,142,124,155,80,53,165,3,130,33,187,118,55,6,122,154,
143,155,56,
126,188,58,31,120,56,49,67,60,175,159,
95,41,57,83,
4,84,171,186,71,162,107,166,127,141,65,95,152,115,178,52,92,51,
137,68,142,190,86,
140,111,
12,95,53,
137,143,107,103,164,
87,147,180,27,65,157,80,176,71,
78,98,146,29,141,125,134,143,83,106,
10,92,56,50,116,
44,122,102,185,80,
36,36,93,43,110,
152,77,179,97,155,170,
8,10,181,70,
143,693,188,114,155,50,165,
38,128,57,137,5,186,125,32,182,112,130,35,89,
9,142,122,144,141,3,49,143,7,115,181,82,146,154,70,123,139,189,
117,126,
37,85,99,8,64,106,156,39,142,36,
160,64,37,189,48,150,113,156,74,140,148,18,159,21,178,
51,32,143,94,27,32,49,
64,61,118,36,85,162,171,183,180,92,103,
181,36,103,188,52,186,40,133,28,161,45,99,118,27,143,101,
188,92,49,123,130,37,12,24,29,68,118,126,43,88,51,59,157,
25,172,138,116,42,65,11,185,
142,112,32,118,137,187,78,15,181,87,50,131,61,79,93,
119,117,134,
188,127,10,106,181,165,149,190,
55,27,124,178,25,13,28,138,139,
165,104,188,87,3,114,74,65,122,
60,95,33,
70,9,36,13,144,164,153,
97,120,159,14,65,61,7,112,66,84,124,55,167,38,155,141,130,108,170,180,152,
125,85,86,0,
101,151,161,144,142,144,167,174,12,164,55,143,184,
75,30,113,81,177,55,89,73,82,62,190,
91,95,56,118,
84,118,122,87,95,80,65,16,3,14,128,114,92,3,162,167,176,149,170,
95,67,11,33,159,
184,92,128,22,103,118,
112,38,172,113,116,148,48,153,
3,68,84,33,142,43,156,
80,44,70,103,155,13,7,47,149,185,156,7,
166,109,85,126,84,125,161,62,181,105,129,51,93,116,11,
67,111,166,62,182,107,171,29,175,147,78,
4,151,118,107,173,126,7,71,171,162,68,189,68,148,154,93,9,
13,80,107,70,
92,47,176,14,174,184,16,54,5,
147,111,155,164,2,42,142,165,67,
143,9,93,76,161,123,113,51,187,23,36,130,128,
10,170,86,
164,155,38,184,70,
85,108,37,8,183,181,140,52,179,100,160,142,
131,64,164,144,15,189,57,66,21,66,171,168,
68,62,56,183,189,23,78,99,143,17,103,78,118,19,
29,188,182,95,78,149,37,159,110,
52,181,143,65,146,103,79,144,182,29,
40,16,29,
66,122,97,40,65,159,130,58,134,62,11,147,125,72,131,67,
143,181,137,68,118,38,
780,693,104,187,166,18,127,45,54,100,81,121,24,175,11,105,61,111,
24,68,188,13,176,35,153,112,
152,41,88,18,125,76,51,118,168,
134,12,166,35,160,119,135,181,157,56,28,66,
154,4,115,
108,85,85,104,55,102,65,135,
141,4,188,86,97,43,
103,33,77,87,
168,102,61,104,93,94,152,
158,135,167,77,20,149,68,9,137,118,165,162,101,6,57,
39,53,42,189,100,3,172,188,37,79,
693,780,164,23,141,61,143,113,162,95,72,48,150,71,140,159,7,158,50,141,112,
101,171,95,13,162,10,31,8,171,
93,145,154,133,
33,60,70,68,105,103,46,151,129,1,
75,135,127,191,167,172,10,
174,92,33,16,87,
172,75,91,100,81,13,35,93,16,53,112,121,44,137,40,39,18,160,4,
181,111,189,145,110,49,81,14,22,55,155,161,189,9,
54,173,166,147,134,92,
144,95,38,70,89,96,
58,78,126,57,37,143,
49,67,128,104,147,104,116,133,47,
127,4,75,188,38,4,36,66,84,
50,2,181,68,58,147,
0,147,16,
114,72,128,43,140,65,157,
154,67,175,9,147,146,49,59,38,66,143,142,111,
60,155,165,56,113,46,58,176,
180,97,173,
31,123,117,16,
130,70,66,65,106,182,97,49,58,
88,155,17,2,155,
188,73,143,32,61,143,185,169,125,87,13,141,157,11,82,
32,152,142,175,
123,143,190,58,3,31,72,172,
163,14,171,173,
159,693,73,161,122,178,168,19,158,120,1,33,179,35,
128,149,127,36,32,38,8,160,49,114,143,182,184,61,100,
170,10,151,118,133,40,140,51,10,49,187,53,
19,68,90,62,175,
76,11,143,60,98,
163,135,173,125,
65,120,10,
118,142,85,68,45,158,152,91,155,
104,165,49,11,18,160,158,54,118,104,109,65,
73,38,155,165,
128,12,144,170,74,49,
43,114,171,
147,154,71,66,41,23,167,
185,188,135,
126,117,117,163,83,
163,126,153,79,
85,166,108,167,180,81,4,
189,118,149,155,18,
156,171,67,80,120,
17,41,4,43,14,116,
189,4,153,10,79,
97,0,110,29,135,
64,99,147,172,189,131,3,104,148,87,137,159,161,168,109,93,39,81,39,82,95,140,36,
191,62,63,85,19,129,75,
11,780,9,176,95,61,15,9,19,66,
160,136,172,80,11,161,28,159,119,169,24,73,0,30,77,
40,181,27,153,3,57,145,
62,155,113,49,10,109,145,47,79,72,100,52,108,175,175,39,
50,189,12,129,30,132,50,143,32,177,
173,122,3,118,
135,0,134,123,
92,28,166,84,126,0,88,
161,182,14,
36,170,117,143,57,5,64,5,70,36,142,56,37,11,178,
41,93,159,91,0,190,20,5,90,154,6,180,67,152,3,122,141,136,178,
49,154,166,93,130,
112,125,79,58,22,88,20,61,167,112,50,32,85,
56,143,20,73,157,60,160,68,6,91,165,10,64,84,182,3,148,61,141,83,
32,128,100,51,
29,87,67,53,97,
120,12,87,11,142,65,176,141,
63,191,77,
104,184,49,
189,156,173,115,141,1,136,
87,142,151,77,
140,170,160,0,114,124,163,64,
0,16,61,176,97,136,171,41,188,55,68,93,58,135,114,175,17,
137,67,107,107,
57,36,38,39,180,91,110,14,95,92,
27,95,68,48,40,125,114,
107,4,46,150,158,30,137,
164,84,172,65,75,
77,160,118,80,31,152,103,1,76,63,60,162,181,186,84,149,
115,67,124,154,104,
41,135,147,
95,95,120,693,27,12,124,161,2,181,151,29,157,29,12,101,148,37,133,
74,160,140,186,
156,160,166,49,160,135,
125,163,145,58,
111,181,135,140,24,162,147,150,182,154,
78,125,98,34,68,104,22,185,165,69,3,27,183,42,70,173,89,62,58,161,
130,23,92,42,158,190,
79,148,143,162,133,189,
113,158,69,75,94,149,6,127,186,164,104,160,124,137,
0,151,5,60,117,119,73,115,8,75,116,5,87,81,125,
176,43,0,87,0,179,85,185,
92,172,61,130,116,159,0,1,17,63,16,
147,64,32,135,0,76,55,87,11,54,158,50,
1,12,137,129,
143,16,3,65,79,80,35,73,154,58,
126,4,166,70,80,168,81,32,165,11,58,158,45,
54,0,43,137,15,171,190,44,
171,0,64,148,108,145,163,43,129,122,131,105,
173,159,75,54,4,180,163,44,
149,68,15,128,84,12,60,29,100,37,112,167,108,19,60,4,
65,135,30,130,97,104,
83,56,95,168,
55,0,70,145,
145,151,155,
105,166,118,37,90,116,
190,145,85,
146,3,154,113,28,
155,55,27,181,145,62,169,171,41,60,48,70,80,121,189,137,165,118,122,
143,52,185,188,98,118,104,4,45,120,31,178,77,58,
37,95,29,105,
61,188,179,128,104,155,
65,118,13,181,165,40,
17,16,45,6,88,118,86,154,12,60,43,31,0,127,
178,102,143,45,10,16,144,
86,112,17,98,141,125,10,125,86,104,180,71,143,23,
118,138,64,172,
43,61,89,176,113,36,53,107,9,120,
9,154,103,11,4,
5,112,142,38,99,35,34,36,
5,113,2,0,
189,39,130,4,98,110,
3,16,116,110,11,138,188,
175,154,
12,188,17,
159,64,100,160,140,24,89,10,81,35,97,55,66,
135,48,147,49,39,48,107,2,7,189,
177,75,5,118,50,
98,189,76,104,45,
113,70,43,
125,111,20,44,90,145,128,107,106,166,126,59,34,148,
23,85,143,130,69,0,93,182,118,13,72,128,
2,16,129,50,149,158,5,92,104,88,30,152,76,114,48,163,45,
135,91,170,155,111,130,154,158,118,90,185,61,183,161,88,65,18,41,
55,173,97,75,163,59,74,
33,123,159,27,174,102,95,150,185,
157,14,134,155,67,87,97,65,35,
0,92,61,140,46,37,
148,140,79,95,95,135,
48,27,9,
184,187,140,150,175,
164,22,145,104,147,85,101,186,
165,158,16,37,
161,135,64,2,48,172,93,101,58,88,25,31,72,142,72,
122,138,122,84,0,164,66,111,14,103,89,173,103,67,141,113,
112,97,51,102,112,146,87,142,5,53,86,76,148,126,153,150,
132,50,27,155,31,
48,190,135,145,
187,142,70,21,68,118,8,185,184,
98,152,86,31,37,59,187,70,125,4,
130,55,166,189,21,10,
103,122,113,110,86,9,175,50,20,107,180,184,
56,134,36,22,88,89,128,
117,113,92,31,53,146,39,96,
105,172,117,33,13,161,96,55,
67,173,130,11,185,70,50,45,114,122,175,64,62,118,102,160,134,146,14,168,111,117,165,66,
93,170,10,123,159,16,29,51,9,139,36,28,85,54,114,19,113,
159,51,38,
65,4,157,104,
61,64,43,4,146,187,0,166,48,85,68,80,32,120,47,162,
120,78,38,3,99,166,87,156,44,
186,181,139,33,107,46,101,149,67,135,
142,54,5,155,161,73,117,68,140,47,130,118,172,148,70,1,161,89,100,13,94,101,94,
145,106,14,13,44,93,104,181,55,103,88,125,164,190,147,3,7,175,40,
135,95,97,75,132,166,163,5,0,93,58,85,146,106,
12,66,120,173,58,92,85,75,50,1,31,128,25,
140,184,166,98,168,74,74,148,
45,17,2,
10,170,159,189,158,74,
172,160,37,59,24,164,25,2,106,18,126,158,118,50,103,38,113,42,
43,17,88,6,0,
60,76,126,93,
58,10,149,19,60,92,112,123,150,139,180,134,109,124,
118,68,93,147,4,159,186,170,159,31,92,190,188,40,43,47,25,51,
78,142,140,167,124,67,
71,4,53,147,123,147,66,24,1,0,83,114,
49,16,62,181,126,
84,164,109,166,84,127,35,93,36,144,167,110,139,137,121,92,149,105,4,
44,54,145,146,46,
166,48,4,75,174,45,130,92,134,85,54,95,186,67,61,175,49,69,120,166,98,149,
170,181,89,176,93,74,101,63,87,102,36,3,29,172,86,
81,126,91,159,
50,89,146,142,76,60,116,56,67,151,103,65,63,147,154,14,
70,20,141,113,125,126,171,4,126,167,66,150,163,98,1,
165,70,73,
146,50,19,33,44,88,183,85,30,90,78,44,164,32,174,11,16,
181,166,85,47,50,51,135,187,7,31,
182,29,23,80,161,92,
103,16,145,23,76,76,
88,190,112,133,
68,78,3,32,3,93,36,79,56,167,152,19,24,81,91,151,
16,84,40,36,84,92,
125,47,86,71,
118,23,17,70,94,105,22,39,109,126,120,
175,32,166,
22,178,78,118,
14,97,116,103,145,99,181,20,145,0,176,185,157,163,161,130,185,161,16,34,
59,66,154,131,23,88,150,
118,65,150,189,141,84,187,77,96,22,135,70,12,75,166,143,55,173,
170,97,117,183,96,46,10,71,
3,64,117,74,175,34,68,
179,171,85,61,176,60,47,2,144,146,152,152,175,166,
188,3,162,17,
86,86,172,
53,112,43,29,170,
61,97,110,
181,95,142,
148,160,64,
47,142,
176,24,170,
125,78,113,
34,3,
79,112,180,142,
116,112,14,
96,170,118,
129,191,166,50,
184,164,153,
65,84,52,87,164,85,11,
91,57,135,
149,80,186,
170,10,135,
93,117,166,49,118,
45,181,
55,105,118,159,
66,71,91,
8,37,122,
107,186,67,103,
183,47,64,68,
175,3,62,
93,151,168,
157,134,
138,130,21,151,
134,157,173,
46,186,60,8,
127,128,
94,118,142,152,
90,105,19,
116,87,121,3,
95,46,67,158,191,
31,98,161,
154,93,121,
34,68,14,
179,85,
189,181,10,8,24,148,29,7,175,54,109,26,129,0,168,7,88,165,
89,56,121,
138,118,70,
164,122,113,
55,147,92,
186,4,77,
126,112,107,
3,155,146,
31,17,151,
130,138,158,67,49,
127,10,188,17,
5,135,
180,41,72,164,79,181,85,
146,67,135,
51,166,181,118,44,
57,153,58,40,
65,25,97,
3,70,143,22,
186,62,165,
185,80,176,33,
51,112,159,4,
149,84,161,189,
159,29,151,95,
89,91,142,43,144,38,
160,156,104,91,
112,5,149,38,
4,70,189,98,
67,115,186,
46,33,142,
76,103,85,96,
143,167,78,
178,99,160,
126,70,92,
171,70,
18,135,
98,166,
76,77,2,
8,0,187,
0,135,23,17,
87,0,35,
60,162,149,
3,165,68,84,41,
137,64,1,
124,97,
84,56,97,
29,40,149,60,97,
2,179,56,
68,0,50,
22,181,164,184,
19,149,191,
87,106,120,
118,142,104,93,
182,130,52,
70,111,161,
76,147,188,152,
68,188,4,161,
149,2,99,158,
182,111,38,
0,14,
22,56,25,3,
150,33,70,
190,155,130,
10,178,101,130,
13,55,105,101,
21,117,138,
141,189,78,
96,173,
152,179,2,94,
144,128,101,
125,27,66,
183,121,170,
84,173,
93,64,68,
45,126,98,
97,102,29,
100,38,106,
89,78,
37,36,98,
160,134,85,
141,693,70,
94,168,
31,173,132,
14,181,17,
155,135,88,
100,159,149,35,
149,84,29,
18,47,152,
34,5,67,
163,121,70,
93,23,135,172,
148,181,
80,61,182,
111,67,
77,
3,39,123,173,
118,155,59,
39,62,135,
167,101,75,
150,111,59,
140,159,153,
21,160,167,155,
61,11,693,
162,79,4,60,188,
123,154,165,93,33,58,
104,65,
48,161,61,
30,75,107,
43,3,141,
37,58,165,0,
110,57,152,47,79,
107,171,173,135,
80,126,143,
78,68,120,
113,125,150,122,112,
55,130,
101,158,186,
53,117,70,39,
7,4,102,
104,104,113,
144,152,179,
176,84,58,
139,55,
21,130,187,
28,160,92,16,
122,117,
68,4,61,187,
173,163,67,172,
101,95,181,
92,4,176,
88,59,
124,151,162,113,
138,3,55,
102,108,112,
157,114,5,
23,147,86,
161,105,181,
44,153,120,
92,182,46,
150,38,112,
186,164,133,
28,146,55,
76,103,112,
184,101,104,
99,121,5,
55,181,101,
171,179,101,
120,97,43,
147,145,50,
116,17,166,
27,55,33,23,
175,126,62,
70,78,
45,166,118,
36,128,127,
167,97,84,
117,170,181,
109,166,104,
88,92,56,
172,105,64,107,
81,181,188,
10,93,47,
186,38,113,
23,59,27,
180,87,86,
158,130,126,63,
113,146,117,
4,32,151,
103,52,68,137,
133,49,95,
109,118,107,
180,64,152,
12,101,134,
71,125,170,
170,84,152,
36,37,35,12,
31,102,118,
62,75,78,
96,144,117,76,
156,189,3,
74,55,10,
138,25,95,
118,143,67,
161,166,80,149,95,
166,140,118,166,
58,143,130,
135,186,181,
127,5,102,
66,68,131,
47,49,164,
47,118,
4,61,104,172,
86,170,137,
149,188,166,77,
128,84,56,
80,155,142,
71,86,87,
172,95,
85,176,12,
61,135,128,
149,113,58,157,
169,70,
17,92,188,
153,68,24,
18,104,160,189,
65,66,
56,60,
148,56,171,
8,85,128,136,
100,62,32,39,
162,101,77,
59,188,98,
83,71,78,
128,155,171,
46,0,
58,95,0,
104,145,164,98,
11,20,3,
1,33,142,70,
104,61,86,
98,140,
32,38,50,
176,60,92,
81,85,0,
105,171,104,
128,49,67,
79,155,39,142,110,
171,67,155,
116,105,10,
82,75,58,
31,101,181,
41,95,
188,39,81,76,
156,37,
157,95,149,188,
30,190,72,50,
163,140,95,55,
35,134,159,157,
136,10,41,
117,36,67,67,
106,188,87,
6,17,43,
25,5,10,38,
115,189,0,
89,117,159,
3,153,170,
115,4,18,
111,70,117,
40,170,
158,104,107,
99,120,14,
116,49,0,
19,93,
79,95,
4,149,85,
122,44,85,
187,47,170,
111,32,154,
153,112,70,
167,147,56,
159,173,118,
168,131,83,
7,80,135,
72,47,66,
146,112,179,
164,137,20,
8,92,101,
133,79,170,
2,135,95,
144,56,178,
190,75,137,
118,177,184,
175,179,67,
178,22,153,
10,75,92,
110,155,97,189,
43,17,118,
6,113,
125,112,
181,65,180,
1,71,95,
146,87,61,
14,84,117,
97,65,157,
75,0,173,
73,75,143,
39,118,
58,60,50,
92,142,84,
102,67,44,
12,36,118,
129,33,1,
48,112,135,
169,20,151,
0,43,92,
130,38,14,
96,105,
18,155,115,
64,67,67,
122,165,
52,4,85,
113,5,60,75,
13,
81,172,75,
187,181,98,
34,125,38,
112,24,693,
173,92,152,
74,165,
71,4,
113,143,185,93,
154,70,111,
175,103,
44,61,173,
122,70,
84,171,84,
114,27,143,
103,80,
69,87,23,
44,51,151,
147,171,71,49,
24,111,
65,114,
42,147,130,
11,107,25,
73,173,188,
137,173,158,
123,173,135,
131,142,56,
43,188,54,
45,95,
35,143,24,
120,118,61,
50,50,
7,145,181,
114,20,71,
154,50,143,
16,92,178,
94,190,51,
180,58,102,
172,142,
107,172,109,
189,64,
47,179,61,
60,149,
72,142,
124,78,140,
20,25,
29,93,
129,2,
104,168,115,
99,68,
60,179,29,77,
172,170,123,
3,145,10,
92,57,23,
176,14,69,92,
183,85,
114,165,
25,161,
42,78,16,
111,125,67,
104,171,108,
2,147,
70,118,8,
107,43,20,
23,103,171,92,
0,122,160,
110,36,3,
123,188,
137,155,84,
189,131,50,
67,126,95,
62,19,66,
125,78,152,38,
69,166,
61,56,142,
166,67,156,179,
102,33,
78,35,
62,67,166,
158,2,693,
118,181,
157,92,56,
100,85,142,67,128,
50,10,68,
56,68,
9,93,134,
67,171,37,
7,80,
190,56,188,
49,51,128,
93,60,142,
108,121,58,
109,58,153,
75,12,106,
46,44,
77,87,143,
143,56,101,
189,135,181,
9,106,11,
85,112,
27,132,51,
125,188,98,
168,126,
84,77,16,
29,52,95,
175,145,67,
143,86,10,
13,142,24,
182,67,
122,121,122,
79,163,68,
159,160,126,
148,112,125,
11,166,147,
174,101,
155,132,61,
50,112,693,
162,64,84,124,
189,9,171,
42,25,172,
142,3,37,
88,47,161,
148,189,4,112,
122,41,
119,0,
149,16,
50,89,
22,68,
159,151,15,
145,48,
135,148,108,
141,32,120,
126,125,190,
145,14,171,
18,172,
7,117,
57,158,
165,155,
151,91,68,
32,112,
106,37,
148,142,
54,104,
114,2,84,
29,170,104,
