171,85,182,53,96,41,73,161,85,162,113,71,178,113,79,
191,133,102,146,
190,98,113,34,138,86,57,117,103,
45,52,18,131,154,32,171,161,127,
105,50,25,160,158,79,10,
167,2,70,131,163,70,
158,58,70,147,163,65,21,100,
133,97,8,95,118,134,142,47,148,5,14,
163,150,187,50,163,108,4,180,
30,168,58,115,179,22,167,20,50,9,78,165,145,177,
24,81,61,27,12,125,148,161,55,
58,3,175,30,56,50,28,140,153,180,68,158,141,133,185,181,117,100,
78,9,42,168,101,102,48,
140,50,27,
156,135,21,7,
32,41,184,
123,130,129,156,166,143,
168,161,104,5,19,1,73,120,
134,180,29,86,56,60,113,144,133,86,72,
88,172,78,147,191,46,140,84,55,181,86,
137,75,147,145,64,
43,98,104,156,66,89,50,64,
96,38,124,108,84,
180,51,48,34,82,21,58,155,
175,170,39,9,187,126,106,117,179,140,110,
144,60,132,173,42,27,
45,50,16,120,160,163,137,170,132,7,84,18,
10,60,153,100,105,99,
73,113,27,168,33,
28,50,81,31,29,35,
8,143,191,93,90,
159,141,37,134,8,
130,138,185,35,120,134,58,123,
61,29,187,13,75,64,85,108,32,120,47,162,19,39,97,58,117,141,
135,50,98,147,156,
187,117,114,21,126,105,5,124,36,
113,143,79,94,145,141,43,
8,38,52,152,52,128,129,17,66,69,
44,190,70,53,28,
100,189,24,42,64,10,
91,189,69,80,190,100,145,40,118,161,100,
61,0,191,99,12,161,157,62,73,12,171,171,188,
143,189,46,8,115,176,191,128,34,65,106,35,177,
183,168,170,46,67,71,115,86,1,187,
3,16,141,
10,37,4,94,1,163,135,174,57,8,127,103,86,44,108,110,72,119,25,9,135,61,170,172,176,91,2,167,186,81,117,
158,80,147,71,110,177,161,
28,177,93,1,154,
92,9,30,9,146,
173,115,62,126,144,13,
82,105,66,42,75,9,120,90,97,
43,71,131,21,80,129,106,
18,45,104,158,48,81,165,
155,180,67,
159,170,115,76,
124,117,121,48,
41,184,96,16,18,149,40,130,16,
81,60,22,151,21,134,32,105,69,131,3,21,24,114,52,85,183,77,
180,7,96,83,116,33,87,85,134,145,94,134,26,93,145,48,73,
172,38,117,103,52,42,141,189,24,24,
7,8,1,180,156,
186,25,133,141,41,85,152,145,0,178,184,104,21,
35,21,162,131,70,55,100,85,96,
64,117,61,95,81,105,137,84,151,117,
39,175,52,2,103,8,40,180,68,24,62,82,106,53,170,155,165,67,
143,167,34,176,54,108,66,110,115,126,178,40,34,48,60,132,158,
66,136,109,77,105,66,4,160,53,14,56,4,35,63,38,57,
108,70,181,90,78,
60,164,181,12,52,43,
25,174,92,116,16,42,185,118,17,16,105,128,104,128,171,29,44,1,83,
181,60,108,184,174,79,81,135,
21,85,72,178,26,131,85,147,
87,171,164,75,156,85,119,94,
169,117,190,120,184,26,103,27,93,84,132,72,84,151,90,51,153,0,
115,103,153,40,26,
34,115,49,180,178,
52,143,10,146,175,79,144,12,29,58,147,86,6,60,131,77,98,148,64,141,37,42,
103,30,11,106,
65,117,158,82,34,125,30,143,167,
37,140,165,49,60,20,78,73,133,185,96,44,159,79,67,103,
66,35,150,40,29,58,173,62,188,16,65,131,70,104,80,189,155,50,
11,185,150,161,53,0,17,68,141,17,
35,180,149,129,26,80,148,186,79,188,143,
79,47,114,182,47,7,48,163,175,181,155,188,85,164,1,
104,97,188,141,147,135,146,56,102,179,34,134,182,
7,101,189,102,108,63,30,122,97,
103,172,77,24,111,
73,190,171,183,105,
103,169,86,175,
184,7,104,114,69,61,41,77,36,5,165,32,181,
83,110,50,53,139,
120,132,59,3,135,51,99,189,49,31,163,94,114,173,72,189,190,1,105,145,191,78,179,168,
19,87,80,76,184,99,84,88,70,95,82,136,
171,32,109,72,73,127,159,36,76,36,31,179,
40,78,130,115,127,
80,104,158,131,101,16,35,91,123,190,163,136,
49,73,138,120,139,57,158,34,87,85,188,108,
4,104,150,103,123,20,49,
11,3,24,50,28,190,
50,4,111,58,86,150,55,180,67,22,66,81,
159,104,171,59,151,18,180,
79,51,72,59,162,106,114,93,104,14,17,170,33,140,11,189,116,171,
102,141,0,77,118,102,
152,41,4,93,149,
179,93,180,171,86,79,82,129,137,
166,157,21,92,128,
38,38,172,
77,59,115,1,79,32,
67,11,4,7,6,155,7,94,188,
114,189,78,
121,6,78,188,63,
95,185,77,42,72,103,
59,157,81,131,
108,34,52,
72,91,120,159,18,134,21,36,190,171,186,189,25,129,
62,56,36,127,189,67,
101,136,10,141,
158,151,51,105,
164,167,186,163,150,89,23,30,60,104,121,87,107,91,
148,59,65,34,16,
59,112,120,180,154,30,148,68,77,191,111,80,
160,84,108,
60,126,125,23,140,63,147,163,50,42,81,23,77,134,144,92,2,156,
24,11,161,191,60,104,45,110,47,107,100,67,164,110,17,
18,137,165,
88,98,178,129,16,
186,170,63,149,170,160,
92,185,169,189,
179,130,32,47,179,146,50,141,90,64,166,189,6,182,30,
126,25,18,59,155,170,106,126,132,80,98,173,182,42,
70,35,170,69,186,91,163,93,167,131,146,48,
48,49,116,98,140,13,120,18,166,
135,187,11,51,63,
121,164,46,124,105,134,
124,96,
157,138,59,
55,154,67,88,50,1,
110,128,17,23,63,170,139,64,80,172,
24,178,145,185,6,153,119,40,109,75,60,25,19,61,80,165,145,165,
19,2,66,113,91,177,144,79,1,37,41,
27,189,115,140,12,
113,171,116,134,177,53,30,
188,51,79,
185,129,23,148,
12,60,61,146,29,
171,61,53,7,30,39,103,151,50,102,61,130,155,
116,191,163,131,164,134,48,
102,140,13,116,112,133,5,191,126,72,154,
190,120,189,75,156,
189,62,74,190,135,18,92,21,46,116,113,51,117,
65,150,148,143,73,85,
34,138,143,96,65,110,108,184,49,
79,179,115,18,7,
120,169,48,86,144,108,28,45,52,
93,169,91,48,153,80,114,98,50,165,27,46,0,113,
70,75,144,112,84,129,
64,56,115,104,66,129,104,
104,184,66,162,43,80,191,175,143,188,26,168,43,183,68,
120,111,161,25,53,114,181,
150,180,156,91,153,4,141,11,115,102,
158,49,180,0,140,55,
121,104,179,89,6,
156,184,27,119,10,161,42,45,81,147,71,99,
127,167,8,188,104,186,62,4,67,66,41,27,190,
42,48,100,76,185,
16,12,149,24,45,
103,149,113,55,110,86,51,61,4,6,180,167,49,115,
81,28,76,30,
16,25,51,92,29,5,104,92,31,148,88,103,113,
163,27,45,32,25,
85,171,165,168,157,69,77,104,
180,26,59,125,158,159,119,146,191,
117,65,45,82,64,146,39,2,183,136,18,46,13,189,10,20,80,
163,126,77,76,185,
32,75,132,6,77,105,118,
178,107,88,186,105,113,30,2,184,10,168,20,154,60,25,9,77,
175,58,79,119,71,135,
173,154,101,67,181,91,188,
189,9,171,189,175,92,114,109,100,143,127,148,7,
183,166,41,81,37,178,30,155,
77,61,71,163,183,128,50,132,95,66,
59,133,117,137,141,126,139,185,155,110,157,
189,179,97,33,117,140,2,154,
107,164,47,21,
85,50,49,77,122,15,144,178,35,34,
52,173,120,8,148,45,157,81,
86,15,50,128,0,10,11,19,38,186,113,175,
20,152,30,
122,88,33,
179,42,121,147,164,120,95,153,85,
64,43,8,
86,7,57,156,99,114,68,
2,126,129,50,19,158,110,167,104,127,30,97,58,146,114,48,163,45,114,180,178,17,165,164,
47,179,61,98,191,179,1,45,47,133,99,21,139,110,45,97,146,45,53,107,
27,93,48,100,151,5,89,
67,50,
119,1,23,87,155,172,56,
67,71,55,49,68,172,9,139,138,127,154,20,
103,166,165,190,39,37,31,104,
30,20,175,162,92,81,124,18,12,128,10,
144,19,120,
162,13,50,180,35,52,30,
98,161,52,173,113,0,
141,172,186,61,123,100,46,
126,2,191,102,126,
35,157,162,130,144,54,86,17,31,
156,133,91,190,75,107,150,
183,61,98,0,
154,45,54,95,139,14,91,142,63,
170,79,150,11,
61,85,113,22,116,54,119,99,177,24,171,24,37,8,57,84,152,60,187,147,48,
101,105,191,80,182,177,180,
57,189,106,86,52,96,161,27,50,
11,154,4,
63,102,23,66,86,80,177,84,
85,79,87,23,21,88,123,141,
117,170,181,161,85,139,27,180,151,186,47,124,172,175,
71,9,170,77,67,145,163,43,128,141,26,178,
128,145,8,166,60,
119,117,175,
108,50,106,120,190,142,8,3,163,
79,186,
106,80,62,177,81,126,18,153,60,84,
142,48,186,185,
42,147,186,144,112,113,181,165,
80,11,66,168,117,
118,25,6,13,155,177,28,
8,34,153,122,61,74,123,100,172,7,85,134,99,71,135,16,188,108,134,
21,81,81,107,47,158,172,186,
47,74,142,67,87,52,135,102,47,66,41,162,56,182,
143,141,133,38,17,
155,66,182,
57,186,179,
30,169,164,155,27,53,103,65,
54,143,183,29,0,50,185,77,43,
114,184,187,8,
70,69,158,27,29,149,
108,7,143,1,160,27,75,
0,181,86,115,30,102,104,144,80,61,183,105,
176,112,155,65,105,166,75,
84,160,179,65,115,30,169,70,
63,110,154,154,1,
60,106,158,149,10,44,6,129,151,162,
80,126,3,110,172,32,184,
106,33,
33,97,68,162,189,191,79,161,30,122,97,
146,146,25,129,134,88,47,153,154,12,
180,24,35,71,179,162,129,6,65,137,128,151,126,13,34,
133,59,37,132,143,
0,186,61,34,98,
145,186,150,107,12,
183,77,154,59,104,148,73,100,97,59,54,82,123,191,
181,173,166,88,42,
67,37,47,66,189,163,74,
189,172,96,66,49,50,82,189,120,
36,50,50,171,45,43,176,
170,175,45,102,
130,49,40,154,63,89,42,54,
155,79,84,
158,129,69,92,18,132,65,77,70,19,
142,154,108,147,
32,136,163,115,154,
141,50,1,71,79,3,145,101,57,
82,100,150,18,100,
131,43,164,45,38,99,
115,174,143,138,34,64,159,94,150,173,66,77,
53,83,11,
150,50,66,145,166,11,82,170,163,178,65,17,85,68,
165,38,110,30,37,103,184,140,137,21,8,189,48,16,18,75,74,39,
186,189,42,94,142,150,101,35,100,66,70,100,
27,144,15,73,113,53,142,48,
34,30,148,178,180,
127,21,14,151,128,172,
161,105,33,106,91,98,168,120,176,26,2,19,63,175,
163,129,152,80,151,47,41,73,5,154,150,65,30,121,165,21,155,111,
191,59,116,47,61,8,137,
162,30,165,53,11,83,35,92,110,69,60,
133,156,40,186,191,86,147,119,85,156,128,
18,48,98,104,181,116,149,31,109,72,40,52,114,87,88,102,162,100,161,118,159,138,
75,82,32,18,119,102,44,179,
30,172,165,33,183,14,33,189,27,40,156,
115,79,183,124,32,0,178,27,28,4,89,
186,20,79,91,57,90,165,122,48,
136,115,74,101,
188,50,49,
19,11,97,28,86,180,168,12,
97,1,133,189,7,
150,37,178,186,44,40,89,
49,189,170,48,128,67,93,112,101,30,34,4,
97,174,38,9,42,19,143,105,88,129,175,168,
16,89,45,80,15,3,41,
56,70,62,64,119,47,
23,164,171,85,82,185,79,24,8,165,63,75,92,81,
62,96,128,11,173,51,61,187,127,85,
86,103,113,
52,172,39,91,108,83,175,
104,79,117,137,4,24,70,64,
96,38,34,189,80,
20,30,186,123,154,
17,1,
78,40,88,24,
104,85,189,187,186,156,
104,139,154,129,25,64,141,0,165,
191,3,105,38,24,175,136,
155,110,158,176,98,9,
168,48,30,60,28,
170,170,186,126,80,169,5,103,120,148,186,
127,62,23,
51,16,31,74,180,76,73,64,188,70,158,79,120,51,178,86,
39,61,171,110,
96,148,32,117,
107,24,41,139,
4,65,64,152,25,148,67,80,55,171,11,148,84,139,
53,106,11,19,178,
191,120,33,8,113,102,126,141,57,
170,141,117,183,117,77,110,71,70,124,170,24,186,49,112,147,141,17,120,13,36,159,95,39,
50,85,108,28,77,36,42,140,150,83,15,109,82,171,163,11,
38,165,42,38,84,31,96,
1,97,166,119,117,88,73,141,1,7,62,
161,61,117,66,157,17,
151,154,111,158,64,185,
13,8,173,
119,156,24,136,41,63,
32,143,41,100,174,86,23,173,80,162,
110,135,43,155,45,83,97,12,46,162,
46,111,155,8,183,95,93,191,146,187,34,
33,182,111,50,
102,189,47,78,104,18,88,170,61,34,18,35,191,102,
185,1,11,189,95,59,142,6,92,66,97,123,163,21,140,42,37,
88,105,85,171,19,122,116,76,95,44,39,
178,171,186,73,158,
188,104,4,8,28,180,191,38,111,
68,86,90,
136,6,155,117,20,162,
13,41,157,102,2,73,
46,88,110,160,
56,84,66,
132,143,45,77,
41,96,186,166,87,100,21,152,111,5,55,
104,1,18,177,159,173,121,34,126,175,64,
82,180,179,65,50,70,162,129,174,74,
182,135,21,101,182,153,33,171,104,155,
1,183,28,165,156,143,176,168,
21,165,166,63,18,
128,110,86,6,18,61,
189,64,67,49,17,94,57,102,84,119,91,79,26,182,
70,154,108,19,158,51,122,138,147,12,131,49,167,
0,139,18,50,1,169,
25,46,10,38,90,148,92,84,179,43,62,93,
25,163,144,89,113,146,120,45,32,43,47,110,0,84,129,160,
178,143,152,150,21,2,34,65,115,
21,97,138,54,182,127,34,168,189,65,180,156,35,
145,38,27,81,69,128,90,123,187,
73,54,6,165,36,39,49,63,171,79,61,74,169,161,
138,130,21,151,44,12,33,49,97,4,126,3,136,0,47,108,
105,97,91,43,0,
18,83,123,72,43,128,55,21,144,67,
78,53,30,120,114,121,109,108,74,
61,184,10,91,102,179,103,141,30,
51,51,52,117,
171,15,151,2,122,23,0,70,171,88,87,23,107,114,24,31,145,189,123,98,190,84,54,147,51,
179,31,84,188,82,111,25,17,50,54,104,104,151,
166,103,90,49,183,131,95,112,181,123,166,165,
1,17,86,100,176,
143,52,185,85,98,104,104,4,45,120,31,113,180,139,50,179,190,169,67,55,67,
110,162,47,24,123,92,127,31,43,139,
116,88,73,163,151,
39,171,178,44,66,137,
11,170,155,104,137,109,
8,165,129,23,39,64,13,50,10,
85,4,81,148,113,140,52,100,109,142,98,24,123,17,59,
165,162,23,118,1,5,166,
74,189,165,143,128,
89,163,43,121,130,67,
175,189,154,30,38,104,167,103,24,
113,21,171,156,65,
141,125,104,170,53,178,74,127,150,168,51,
160,136,132,123,169,80,11,161,142,185,159,103,119,169,24,73,0,30,139,105,77,167,166,73,51,188,176,47,
129,72,96,82,69,63,102,98,166,104,10,163,35,44,70,97,
117,59,189,
129,2,12,109,8,70,86,16,185,179,123,80,80,60,
18,91,118,189,77,0,126,146,21,55,148,84,75,30,153,22,93,167,106,
139,190,67,16,113,49,110,0,104,
34,21,143,150,12,0,190,32,181,53,
128,143,179,42,4,46,
5,170,184,75,168,92,165,23,44,
98,63,73,88,47,157,15,18,36,158,43,99,12,48,148,
153,50,106,115,130,164,
6,73,103,121,128,
153,24,172,10,182,18,72,173,
0,158,117,
148,189,96,139,95,135,183,21,152,133,105,4,142,62,133,88,24,118,52,
152,39,142,151,65,84,20,89,
42,24,27,187,95,135,97,126,
80,10,93,43,72,137,135,167,
90,186,145,179,185,80,
38,43,113,86,145,93,43,
61,183,73,152,154,0,
141,59,104,84,86,98,159,102,
101,173,7,68,78,
102,63,140,
86,120,83,180,130,48,
70,82,104,
24,170,172,149,141,
190,44,20,118,143,149,181,108,
191,88,183,138,100,
41,107,32,49,31,47,152,142,19,
50,2,33,105,72,78,82,50,121,17,190,125,188,45,153,36,34,154,189,
12,61,122,125,186,42,27,
154,183,134,7,175,46,173,28,151,151,63,130,19,11,20,55,
10,52,15,28,51,88,105,
43,110,183,88,94,111,38,105,168,98,80,141,180,15,104,124,
63,186,7,
66,7,143,155,19,152,36,79,1,161,190,
137,180,18,161,
181,117,186,0,175,52,
189,49,11,123,27,138,185,108,75,104,117,48,120,100,11,86,31,169,
16,51,8,23,82,21,191,
24,55,42,47,39,81,
86,9,10,52,148,134,133,63,26,81,165,51,
142,54,27,26,126,161,73,148,122,140,47,130,168,113,169,44,1,41,100,26,94,152,135,
48,108,18,99,168,59,142,42,
91,138,186,150,72,139,93,46,89,66,
75,47,140,137,7,100,20,26,94,
55,11,41,117,158,
129,180,8,186,
152,190,8,89,189,148,23,178,155,
178,85,53,
38,65,97,162,179,30,143,18,90,
77,85,184,102,151,47,
137,45,83,179,125,161,
138,70,157,91,
114,40,79,81,168,
11,162,121,135,171,55,38,58,
23,16,152,31,90,
138,189,191,119,163,
140,88,22,25,1,
41,32,127,170,13,130,88,183,
11,99,105,53,130,189,19,103,102,67,164,27,191,
135,142,47,89,
137,80,39,
132,154,126,63,
132,120,144,32,
98,183,10,129,86,135,155,190,93,168,
100,189,74,82,59,42,140,18,28,186,117,103,
96,41,171,100,62,7,130,17,175,
95,19,133,145,170,
155,101,39,121,19,32,136,11,62,17,30,
187,183,163,145,
18,172,79,
50,179,179,33,
90,86,25,68,106,
172,67,119,
151,163,138,159,6,180,171,65,104,71,127,75,43,6,40,81,78,159,136,
32,96,171,81,155,46,125,70,
116,20,130,59,113,153,0,73,0,66,146,
111,180,179,80,120,59,33,97,103,1,
113,189,86,142,134,30,
81,145,64,21,177,
105,1,121,43,175,11,96,161,180,3,16,56,88,191,79,101,144,108,179,70,173,178,112,176,150,163,
0,116,93,
92,110,23,128,63,86,
74,51,136,73,
69,85,145,
179,57,75,185,
139,91,4,
10,101,80,57,
129,25,43,88,
85,150,21,
77,85,172,133,
141,24,150,
156,86,113,
82,39,179,
179,44,189,186,
51,169,182,
52,57,
86,189,141,179,98,
149,190,41,24,
187,62,42,135,
128,49,6,
111,41,151,71,
36,184,187,
66,67,91,
31,171,103,189,28,114,
11,86,80,20,99,62,
167,18,65,80,
29,70,54,128,
123,141,145,
116,79,
68,171,58,
94,67,87,
172,77,18,
50,0,
131,70,116,
30,84,7,34,0,49,
17,161,145,24,
89,150,115,
186,72,12,
24,172,23,89,78,
80,106,90,
17,150,96,154,
5,27,41,187,
147,42,170,158,
161,57,123,
100,23,183,1,141,
128,71,29,127,
141,191,113,
57,61,190,10,141,164,
105,82,178,
4,85,50,
190,171,
97,141,82,
27,42,127,54,30,
191,180,188,
106,103,43,
141,85,11,61,
166,41,176,
65,178,158,
128,74,30,
110,143,59,
160,45,46,
63,121,21,12,
33,73,106,
147,70,
79,77,66,
38,11,153,66,175,
87,41,11,127,
119,29,133,
91,164,105,156,
100,96,91,186,
189,30,189,
152,41,66,
118,91,102,
40,114,
109,171,66,11,
164,11,24,
64,104,
44,75,88,
117,141,165,68,10,55,175,49,100,119,
48,124,186,82,163,
140,48,165,100,
185,59,58,179,
139,117,59,
26,21,169,115,
175,52,104,
98,126,141,
152,61,191,
60,128,168,
180,143,19,2,188,
3,108,
158,143,178,
30,38,59,
1,55,0,
12,70,98,129,
6,128,185,
55,35,4,
81,24,86,24,
161,18,171,
18,82,38,45,
188,8,
102,75,
157,35,166,161,
182,182,47,
179,38,175,
125,12,65,
83,86,137,
174,82,
123,183,161,85,
96,57,37,
181,58,120,
12,19,30,
117,51,96,
154,132,146,
30,162,61,
113,86,42,
156,1,104,
163,89,67,116,
112,170,105,70,
66,186,161,
13,162,
130,86,
165,104,163,42,
80,24,63,
6,121,60,
82,189,16,48,
9,92,67,
73,65,171,
8,159,188,
89,27,16,135,
33,30,
186,10,170,
154,163,80,5,17,
74,67,78,
65,163,176,84,
112,176,
73,51,13,
189,179,72,
156,87,60,43,
62,1,39,
0,25,116,
93,38,79,18,
141,97,58,
66,116,8,
36,73,170,
85,117,171,62,
123,4,80,20,
66,82,64,115,
62,25,72,
113,178,191,38,
97,111,
138,190,
46,128,32,
50,54,189,
100,27,35,
39,88,152,
4,128,66,
11,79,
12,16,110,63,
106,108,57,
69,91,162,
7,180,67,
49,103,130,
166,48,166,
38,131,96,
97,33,183,
163,105,167,48,
63,92,135,
100,158,58,
51,171,135,141,
80,96,154,
164,2,153,57,
84,96,63,
162,82,136,
139,148,107,
31,23,41,
99,11,8,
161,24,45,
184,34,156,80,
44,150,37,
50,50,43,
52,181,51,
96,35,41,
149,60,70,
131,167,59,
27,163,108,
100,191,91,
38,188,8,
6,32,43,
90,38,108,
105,10,120,32,
140,185,175,
104,103,11,
53,113,120,
31,35,
66,39,185,
176,36,
144,85,35,
64,100,
91,52,70,
49,117,189,
175,86,81,0,96,191,123,
147,137,135,179,
146,104,70,191,
164,131,179,
81,106,23,
17,110,11,
53,39,27,
57,191,
84,4,25,56,
163,116,158,
23,5,100,
140,158,75,
91,173,61,
160,186,25,
61,128,24,
86,90,35,88,
29,12,66,
84,25,45,152,144,
169,30,189,
114,31,120,9,
9,155,92,114,
117,0,189,
40,150,41,
53,78,162,
57,185,66,135,34,
172,21,80,110,
84,38,155,
73,37,178,
186,179,129,
185,54,
44,60,39,
110,24,
130,27,81,186,116,99,
75,165,23,
180,86,
169,169,46,
4,163,115,
44,5,
144,134,18,
2,161,
148,35,
175,161,97,
38,191,
25,186,
80,0,170,
1,108,25,77,111,
164,116,
128,92,77,52,
46,154,141,
177,101,
43,36,54,
92,189,158,
99,10,131,
151,152,60,
8,114,152,
85,179,65,
21,43,16,
27,145,117,
147,142,21,
156,30,133,
168,141,98,
26,180,142,
42,100,179,
136,19,
10,8,30,
118,165,32,
30,113,113,
75,156,176,
86,92,134,
157,13,59,
76,19,81,
122,7,12,
20,67,4,
102,150,7,
90,166,23,
180,163,101,
126,180,163,
161,137,73,
190,169,127,
130,153,96,
128,62,133,
129,158,64,
17,11,143,
73,180,116,
109,85,50,
179,47,
45,131,
52,81,128,
105,187,73,
26,86,161,
40,39,
135,189,120,
68,11,150,
146,2,92,
161,24,156,
151,179,117,
75,108,190,
15,27,86,
70,32,105,
49,70,166,
37,52,150,
177,81,113,
1,66,104,
149,35,186,
169,170,92,
11,150,87,
21,185,113,
65,113,152,
158,155,60,
3,11,191,
134,113,121,
113,73,
148,18,96,98,
169,73,
110,175,39,
48,27,180,
50,141,8,
69,8,70,
58,61,2,
143,123,65,
168,97,85,114,
93,8,25,
77,54,81,
17,155,35,189,
28,118,120,
134,146,116,159,
43,25,105,6,
21,148,18,
152,8,186,
186,86,117,
182,189,126,
46,169,25,
106,161,
55,24,18,60,
148,185,24,
178,141,71,51,
103,170,171,1,
153,38,179,93,
81,52,18,
188,173,61,
28,168,44,
50,93,57,
117,187,58,
67,143,39,
145,137,95,
113,190,16,
53,34,171,
93,28,
