735,252,
851,100,921,345,309,867,321,
212,487,932,902,855,236,905,498,608,257,651,674,260,59,996,654,933,132,927,631,560,900,766,203,834,250,171,98,387,327,859,672,700,724,877,239,949,976,706,67,868,18,145,107,742,386,845,365,582,761,645,825,80,201,50,671,739,328,172,924,205,330,158,589,819,191,426,804,396,673,815,799,986,489,47,685,428,91,157,243,335,669,39,916,57,393,382,971,276,728,423,255,511,473,778,913,2,389,457,922,649,793,500,32,928,68,957,253,702,307,517,138,941,809,41,436,615,
321,867,
615,436,
252,735,
796,
93,
34,
864,
232,
449,
274,
506,
982,
601,
543,
915,
456,
552,
722,
773,
782,
144,
830,
935,
536,
861,
159,
533,
6,
661,
193,
182,
282,
711,
505,
283,
603,
738,
501,
940,
235,
488,
135,
748,
759,
573,
693,
595,
343,
616,
183,
445,
52,
768,
315,
271,
598,
289,
439,
164,
726,
104,
125,
231,
621,
43,
312,
644,
308,
978,
323,
756,
717,
241,
213,
490,
567,
419,
807,
767,
542,
537,
995,
683,
713,
642,
568,
434,
513,
534,
652,
474,
408,
556,
527,
17,
795,
977,
725,
664,
844,
594,
49,
969,
840,
136,
646,
803,
447,
538,
532,
751,
129,
55,
771,
336,
472,
233,
394,
953,
325,
114,
338,
66,
381,
951,
214,
934,
268,
350,
491,
961,
988,
744,
657,
794,
636,
678,
15,
622,
763,
77,
176,
936,
880,
186,
625,
112,
888,
120,
836,
943,
841,
843,
522,
464,
959,
180,
524,
414,
848,
148,
908,
259,
287,
446,
269,
314,
238,
99,
140,
635,
167,
705,
780,
391,
162,
418,
460,
599,
204,
207,
360,
226,
261,
247,
3,
691,
785,
911,
305,
21,
548,
998,
679,
71,
290,
169,
105,
944,
857,
402,
410,
656,
929,
78,
871,
764,
878,
545,
286,
896,
946,
284,
380,
301,
772,
16,
111,
571,
168,
750,
784,
294,
514,
499,
925,
61,
737,
547,
989,
519,
893,
285,
44,
564,
985,
302,
62,
10,
802,
818,
509,
134,
983,
320,
624,
938,
329,
263,
0,
480,
453,
754,
189,
879,
544,
75,
716,
81,
267,
707,
639,
629,
637,
27,
883,
420,
407,
502,
295,
904,
662,
240,
26,
606,
695,
184,
555,
741,
714,
179,
12,
188,
496,
413,
262,
109,
376,
994,
648,
579,
351,
83,
206,
638,
535,
218,
194,
421,
425,
592,
745,
359,
317,
906,
318,
789,
73,
892,
251,
962,
697,
808,
660,
403,
623,
587,
993,
311,
485,
411,
596,
352,
154,
910,
512,
248,
23,
437,
970,
665,
663,
972,
668,
585,
56,
948,
133,
96,
675,
465,
701,
229,
103,
237,
614,
388,
366,
69,
561,
417,
914,
862,
466,
886,
740,
531,
909,
404,
666,
907,
912,
752,
127,
174,
245,
357,
390,
987,
797,
521,
727,
991,
362,
371,
974,
546,
326,
337,
894,
422,
686,
898,
115,
372,
463,
53,
435,
826,
643,
227,
478,
479,
710,
918,
694,
450,
607,
275,
968,
805,
332,
783,
917,
730,
11,
90,
113,
385,
223,
833,
611,
967,
33,
999,
430,
627,
82,
980,
956,
165,
682,
753,
468,
36,
384,
427,
677,
258,
632,
529,
504,
334,
497,
832,
442,
712,
416,
170,
620,
126,
475,
210,
954,
84,
97,
306,
441,
88,
731,
153,
117,
776,
829,
137,
720,
494,
266,
960,
281,
779,
24,
45,
123,
299,
72,
25,
166,
708,
94,
265,
459,
576,
173,
74,
881,
196,
931,
762,
256,
361,
597,
899,
452,
874,
95,
246,
865,
574,
14,
363,
116,
150,
965,
208,
866,
341,
856,
981,
339,
482,
364,
628,
588,
572,
510,
889,
280,
139,
143,
87,
507,
930,
369,
5,
680,
440,
736,
811,
719,
786,
746,
655,
444,
9,
42,
349,
557,
835,
813,
873,
774,
684,
600,
378,
734,
152,
870,
409,
640,
869,
151,
891,
379,
699,
20,
31,
984,
443,
399,
451,
340,
177,
412,
254,
1,
292,
8,
124,
790,
528,
895,
119,
755,
846,
709,
222,
130,
86,
769,
604,
415,
51,
40,
358,
540,
142,
958,
610,
331,
758,
823,
801,
347,
209,
429,
373,
997,
887,
161,
220,
270,
197,
926,
46,
38,
562,
175,
939,
28,
721,
192,
149,
979,
749,
462,
667,
4,
872,
653,
346,
58,
723,
817,
303,
19,
647,
850,
277,
919,
580,
146,
518,
471,
354,
401,
788,
298,
578,
964,
658,
228,
634,
847,
160,
76,
791,
424,
715,
395,
955,
234,
704,
760,
770,
64,
937,
392,
703,
495,
853,
29,
131,
492,
202,
484,
569,
992,
882,
950,
617,
48,
990,
553,
198,
963,
630,
200,
431,
515,
438,
147,
400,
523,
219,
945,
577,
448,
215,
65,
293,
975,
920,
356,
609,
