25,185,162,40,40,131,119,138,119,
20,13,127,13,167,
156,104,48,164,144,47,38,69,135,76,116,107,17,119,67,73,165,
10,37,4,94,1,163,135,174,57,8,127,103,113,44,108,110,72,119,16,9,135,94,170,172,176,91,2,167,81,40,86,109,59,88,40,21,
39,157,7,107,172,
29,161,167,106,
83,71,24,99,45,51,167,
141,81,56,164,125,90,14,
113,38,37,185,101,72,
67,62,167,9,
43,105,175,178,137,121,15,42,176,8,153,
159,181,173,38,78,162,45,
68,25,34,50,82,72,73,18,37,97,168,88,
32,160,109,113,10,
94,47,149,56,120,131,
179,55,2,4,76,163,41,108,20,74,100,155,114,19,22,85,
119,29,133,150,63,67,165,52,35,32,122,19,50,44,
4,50,181,31,26,85,163,4,
69,135,89,11,8,163,44,44,22,84,31,188,0,
69,84,181,33,84,6,45,130,17,102,144,
103,31,34,171,23,
17,180,19,71,178,16,66,107,79,22,90,
129,159,94,111,30,
182,72,2,72,118,152,36,189,152,109,6,84,
40,128,150,2,142,188,27,181,137,159,13,9,167,165,
122,115,41,
119,61,65,67,49,106,146,74,56,124,38,173,90,96,
14,80,61,181,
177,75,18,
118,182,170,26,161,159,186,
85,186,156,170,23,165,41,125,179,54,155,102,157,
23,133,43,24,85,84,71,173,44,149,161,17,106,135,
64,164,54,54,183,112,90,12,163,73,95,
72,62,68,106,66,92,138,140,105,
59,63,46,165,159,106,171,14,
164,4,100,40,134,113,47,58,162,47,26,
107,156,188,128,98,138,
182,26,47,81,141,154,111,55,62,0,139,11,
115,11,31,160,
21,106,129,26,10,11,117,27,183,
98,135,149,134,102,127,173,130,
11,171,27,129,123,
171,86,103,53,138,41,38,3,83,162,11,71,17,130,40,176,30,17,168,107,
123,142,94,158,
106,100,55,31,127,167,169,72,51,115,96,
94,65,123,181,139,
36,57,185,106,57,129,182,167,183,15,41,
167,39,36,182,20,
18,43,73,113,
67,72,159,107,139,112,95,40,36,56,114,126,42,119,74,165,183,
106,161,43,127,139,149,82,106,175,102,167,146,
43,23,163,99,18,39,106,127,57,177,
129,178,31,49,
165,48,59,
86,60,47,73,21,14,134,149,148,49,
0,69,135,89,
61,57,145,177,135,2,79,41,
31,131,34,167,140,58,69,52,159,65,101,175,164,
160,128,41,60,173,173,55,181,147,73,8,125,115,
45,69,138,
137,75,31,135,142,63,106,109,176,131,105,40,145,55,3,
149,13,116,
12,81,129,103,115,31,96,186,133,178,94,
158,1,
80,69,128,91,65,22,19,191,50,14,17,
118,160,175,129,168,
178,12,148,164,
52,88,103,
122,2,11,22,40,
17,80,68,89,107,14,20,65,
190,180,26,186,
172,187,15,58,62,163,57,73,16,
134,164,7,27,191,114,161,173,54,153,51,28,90,151,
3,188,31,161,
52,33,92,79,56,138,
18,157,80,56,157,22,44,
20,113,85,47,
82,128,155,151,70,92,129,74,9,44,45,150,60,49,142,
55,15,92,29,73,7,101,
51,50,129,106,100,110,
73,124,159,172,33,128,140,18,63,23,
186,189,85,118,94,2,150,101,80,37,11,46,55,118,185,65,57,70,110,157,190,70,182,40,67,
129,99,150,41,83,179,112,64,106,3,64,102,180,
66,10,44,112,78,169,83,187,0,129,147,
34,180,98,178,26,104,41,120,10,168,139,123,68,109,178,72,
107,27,17,77,25,175,131,191,39,122,144,
30,122,19,77,116,115,94,92,
71,123,127,42,99,
114,180,174,46,88,34,183,165,
43,190,41,
181,85,160,140,139,37,159,66,157,
31,177,138,120,129,113,133,146,
46,114,148,108,59,23,89,150,
136,126,10,90,74,186,63,99,168,86,57,156,
174,174,100,38,138,128,173,189,82,
168,8,88,175,112,9,43,184,132,42,
53,30,30,188,105,127,26,
154,25,8,90,31,171,168,175,
26,76,166,190,179,176,
130,120,138,56,
59,72,134,75,129,175,50,
184,82,
140,88,22,88,25,1,119,66,53,146,70,69,76,23,92,
177,25,52,105,79,
31,131,41,172,154,31,158,135,180,106,47,12,34,134,
26,107,53,175,
188,173,4,8,28,135,180,74,143,111,159,163,102,176,93,9,182,68,135,142,39,95,110,61,38,
9,40,128,132,85,138,118,186,67,
159,60,118,12,178,40,148,77,187,126,
173,160,188,175,56,104,180,41,105,101,
80,135,146,6,157,108,64,18,163,
130,159,174,4,15,64,168,
13,172,130,149,85,148,18,95,20,156,77,107,101,
135,31,75,86,98,88,100,
63,132,136,172,
23,92,139,102,165,
115,138,167,30,95,90,
22,17,81,69,
12,66,131,51,56,48,64,
15,36,172,5,2,105,
63,74,119,116,99,191,28,134,152,120,188,95,149,43,
86,11,126,85,89,
88,37,114,
77,182,138,7,102,0,164,183,130,
8,7,154,11,122,
99,10,116,90,63,107,178,55,131,82,173,122,71,165,
56,39,165,139,153,52,51,51,166,99,166,12,120,176,
129,70,12,136,105,144,51,115,77,42,57,
148,191,75,30,175,113,30,12,20,88,
106,111,55,162,132,
6,78,188,141,119,24,80,5,82,145,118,54,
178,10,21,105,25,48,
86,171,75,113,
174,104,12,75,174,114,52,130,52,118,29,
84,165,146,14,115,189,69,124,105,10,85,91,91,18,
60,140,6,86,120,52,43,89,119,186,82,74,102,68,104,120,124,168,120,
129,72,96,82,69,63,21,102,62,166,104,10,161,128,52,44,189,161,77,172,
129,142,179,176,40,49,50,172,48,128,95,104,112,36,11,
69,176,108,21,
38,74,113,7,14,61,48,84,30,
116,10,131,63,
148,190,93,28,3,48,
160,136,132,123,169,80,11,161,142,185,159,103,119,169,24,73,0,30,149,139,47,77,167,166,73,51,188,176,47,144,64,70,24,81,77,37,73,152,26,27,169,172,45,154,166,86,
85,149,158,2,134,120,178,20,33,168,120,
83,145,188,42,26,102,170,165,184,94,117,
70,82,56,85,34,12,175,55,42,10,89,188,103,
157,177,24,74,121,116,120,175,59,18,19,85,59,144,
103,24,33,164,113,170,143,52,70,55,88,160,138,
12,153,14,190,
75,110,164,87,2,
122,138,167,137,105,
38,188,16,144,94,
178,54,17,
40,186,10,80,154,49,
86,107,135,94,
7,8,88,134,85,135,
114,116,110,140,88,
33,69,165,52,5,157,
96,38,2,100,15,55,141,180,175,
135,80,88,27,19,
41,68,180,160,3,96,26,64,107,78,127,159,191,
34,169,118,70,55,31,51,114,118,103,52,
4,136,164,179,114,126,14,40,120,
115,59,139,121,26,40,122,129,14,
138,66,174,9,17,
144,154,38,
50,158,191,55,145,158,19,51,57,60,68,42,4,110,13,119,99,
26,13,124,
170,170,157,81,118,
24,178,145,185,6,78,40,109,75,60,25,19,38,153,165,145,165,127,113,75,88,13,23,
71,95,13,89,
37,180,43,15,
163,106,39,144,164,179,154,30,117,183,123,176,184,
101,90,10,128,113,102,168,
2,85,188,144,42,151,182,11,62,165,73,50,109,82,46,
31,74,154,103,44,
120,103,145,115,17,180,127,57,114,122,145,54,
188,6,30,83,81,68,56,81,124,93,113,139,80,163,
131,132,153,110,99,168,170,
90,6,107,174,49,
47,88,93,94,109,142,105,
48,165,25,103,32,22,75,82,175,55,27,33,
43,92,168,85,
88,135,39,14,142,85,89,94,150,165,
25,11,178,
6,175,126,89,31,79,52,90,8,117,144,183,121,72,
7,144,162,55,128,129,39,
160,41,56,118,125,157,115,108,113,
10,84,21,131,34,40,99,125,77,25,94,
186,12,113,167,165,
105,178,72,177,
116,169,153,157,54,48,62,149,48,81,179,8,4,
177,116,175,48,47,163,184,85,64,102,26,85,180,173,
81,80,138,121,22,11,21,81,53,
148,177,37,113,89,
120,152,34,154,60,123,140,40,130,
3,43,107,155,132,50,63,65,60,189,148,125,
181,105,186,40,4,114,175,69,170,107,56,77,147,90,84,
170,85,33,165,145,90,103,130,178,170,
78,9,42,168,89,48,39,64,37,147,150,91,45,155,190,120,137,135,130,167,103,24,112,113,171,
22,23,18,
114,107,179,133,114,134,144,134,78,41,62,
42,128,129,101,134,
120,42,4,44,183,
148,88,159,169,21,27,177,
92,138,157,102,52,0,14,
138,72,103,180,90,
98,65,154,49,
145,48,30,61,36,20,34,115,63,167,
147,14,181,49,48,94,185,165,24,130,70,116,
87,167,104,123,88,
108,165,157,160,46,186,185,
39,78,28,138,139,16,65,96,180,66,167,148,73,80,151,134,21,
54,28,90,180,
116,148,73,187,151,101,165,85,99,63,160,2,106,82,52,177,165,64,172,165,138,
55,99,160,189,0,34,45,146,
47,142,53,42,86,54,63,182,177,148,23,174,20,30,
97,167,68,85,97,129,
17,89,120,98,138,
94,147,86,99,
98,40,118,56,177,30,
105,67,71,177,169,
26,185,4,34,70,5,132,4,88,128,91,152,
49,118,82,129,148,
121,115,190,188,106,131,163,153,162,114,131,127,55,63,
103,133,120,48,102,65,
42,43,70,168,47,6,
107,156,171,8,35,161,36,26,73,171,9,178,
104,129,167,
172,89,73,160,63,88,68,122,127,164,26,138,77,
128,129,144,5,
118,24,157,91,88,
137,43,155,78,65,176,22,129,42,160,69,
138,27,90,81,187,77,138,87,90,81,110,116,96,52,
37,9,181,37,191,50,68,23,145,
73,102,2,190,
181,163,11,132,143,
118,169,6,13,155,177,28,1,18,187,66,109,82,172,171,45,78,134,150,42,33,12,163,164,145,81,111,130,174,
10,99,66,41,118,116,62,
51,110,80,175,92,122,179,29,138,137,171,81,109,59,
180,45,31,17,41,117,167,37,106,37,167,155,
43,75,37,113,63,
125,41,85,
79,63,52,183,121,
89,148,148,70,168,169,17,0,165,
81,168,46,189,150,144,
188,107,144,38,49,3,148,
142,2,73,147,129,128,167,168,123,177,80,82,111,
185,147,105,133,1,110,79,159,18,77,
168,81,101,159,116,46,154,52,136,
189,84,131,22,37,92,21,46,116,27,51,111,15,7,182,170,81,146,160,
63,24,133,102,79,173,136,121,35,9,
113,90,102,186,81,6,
105,190,185,95,180,129,144,16,71,15,185,84,136,185,137,99,47,186,87,40,74,
128,144,50,42,52,163,151,26,
14,38,4,53,182,
154,163,85,161,98,159,
178,85,145,64,58,105,129,142,
42,92,1,27,
183,64,46,163,41,43,
138,55,88,26,156,18,45,19,138,128,25,164,
131,10,25,35,68,136,145,86,31,83,121,100,12,86,190,137,116,
48,156,177,15,34,49,157,
139,72,182,94,
153,88,30,116,33,98,109,49,173,
144,137,148,2,85,136,9,183,189,188,7,167,
41,63,61,44,75,168,117,43,121,125,171,
109,83,34,159,
157,50,183,26,88,180,
108,72,46,92,69,190,24,98,
167,67,143,131,163,146,31,177,37,29,23,188,186,144,47,122,
20,141,89,123,134,83,16,33,169,92,108,131,172,70,10,
103,12,145,158,21,72,
37,44,136,97,167,44,88,
65,24,149,45,50,98,86,56,186,119,6,57,94,97,68,176,20,103,
98,102,1,62,53,28,44,
55,96,138,165,156,106,12,88,174,154,158,138,64,106,
24,63,91,118,160,
120,85,11,63,103,157,
107,99,159,147,
46,165,11,108,122,54,63,
12,148,77,11,178,
123,9,79,122,
2,96,12,42,75,
102,56,188,41,13,5,175,184,77,
129,137,59,116,15,17,120,73,1,118,
186,170,140,63,94,160,41,126,
113,148,90,20,43,157,31,86,
24,67,42,89,3,37,42,25,15,160,147,157,83,185,66,172,
110,51,50,120,
132,181,110,131,3,152,
62,164,4,182,159,
144,147,159,156,31,6,85,49,129,128,28,
41,32,31,16,18,10,150,130,191,127,145,106,91,90,158,45,160,71,145,48,125,
101,158,37,31,
82,142,106,
72,182,16,159,90,62,108,36,139,190,120,65,25,129,128,36,159,47,
109,182,153,32,44,173,
50,129,49,102,128,68,123,59,56,34,
175,100,161,154,
136,100,144,153,111,89,145,171,
38,171,110,174,82,29,188,
92,72,81,188,
17,80,129,
106,122,26,145,88,180,113,151,
65,31,128,110,137,52,59,112,
149,22,54,167,140,184,85,174,72,32,137,156,171,98,157,
34,48,100,55,188,14,31,165,10,55,
133,159,8,185,118,184,9,142,47,110,5,14,42,124,105,148,113,141,67,
117,21,163,41,83,57,158,
11,99,69,120,130,71,71,8,102,130,68,27,191,30,25,86,115,
148,47,133,158,34,49,
138,55,2,154,
73,123,40,90,13,69,64,175,24,152,
92,41,55,104,101,163,
85,145,13,154,181,144,165,171,
44,41,23,
161,118,129,43,38,54,29,95,
100,32,62,106,85,80,121,
70,174,
138,99,130,130,53,122,94,129,31,9,120,
180,93,57,154,188,169,129,189,184,133,80,
51,80,134,163,80,157,166,
55,34,34,7,92,47,31,
85,43,153,54,159,53,191,18,
175,128,130,118,8,43,177,167,102,24,173,6,160,18,108,100,44,91,
18,165,126,109,5,65,77,106,177,101,137,85,
25,167,24,137,68,147,113,177,185,165,73,154,48,45,72,138,10,
115,120,74,
179,26,41,
87,180,75,
172,106,129,94,24,63,19,55,
49,19,189,112,50,98,
49,86,119,74,32,173,26,182,
4,62,26,93,91,4,116,
167,149,87,159,106,97,122,180,83,147,
112,88,67,49,71,111,
140,27,181,60,
134,86,31,29,42,
133,156,40,23,57,86,147,119,85,158,11,156,57,117,56,76,114,166,
30,7,163,98,156,52,47,180,135,145,132,41,64,129,47,176,
1,129,42,
95,71,67,150,186,30,121,26,
2,40,30,122,138,
133,157,22,92,103,176,169,12,5,
157,128,80,85,102,191,84,35,177,159,112,107,
27,40,66,59,140,11,135,87,51,96,102,
75,82,47,143,56,137,7,171,100,20,26,94,117,191,82,33,148,16,170,185,102,19,149,86,177,43,8,137,
1,185,85,88,
152,182,120,45,
72,6,182,
159,85,52,152,
68,95,172,11,189,41,120,60,138,
9,26,144,42,10,116,104,101,123,37,
107,67,181,37,90,86,63,76,17,49,118,41,
12,143,121,122,31,42,77,22,4,24,117,26,148,174,0,77,2,127,
10,9,136,28,41,178,165,48,20,168,132,101,155,31,32,
54,47,82,178,90,92,107,85,133,161,
142,8,87,157,
112,148,27,4,34,77,35,126,29,128,111,40,159,
157,48,19,125,46,25,92,151,155,170,18,180,80,160,51,167,
11,8,145,0,28,190,184,63,6,88,133,26,57,187,100,144,105,122,181,50,59,12,12,
141,182,137,
131,94,12,9,
164,89,163,85,100,123,30,79,
26,9,81,153,27,92,189,165,138,146,11,78,82,
22,189,133,64,134,69,6,176,154,
156,133,107,85,107,59,20,44,83,17,43,163,149,30,138,32,
64,151,80,
118,49,163,159,34,169,
106,41,172,36,137,50,100,35,119,129,106,29,
150,37,55,186,13,89,87,81,40,86,129,154,42,147,7,171,102,157,46,
163,121,156,51,128,181,132,37,80,
19,157,160,191,17,132,119,80,121,3,63,138,75,128,67,140,
67,190,130,156,
65,17,18,
161,129,0,162,70,85,42,133,175,
186,95,9,103,134,155,57,67,159,105,108,134,54,9,
15,105,55,170,35,
56,160,160,130,180,
43,1,3,181,57,101,118,
88,7,135,73,161,117,148,138,153,26,96,178,89,
104,87,154,129,174,164,151,154,165,73,159,184,156,181,57,102,92,173,90,
176,133,80,137,148,66,87,14,105,91,30,63,69,129,
173,63,159,177,44,
40,115,81,79,
142,54,168,182,126,161,73,172,122,140,59,130,168,149,169,44,191,1,47,100,26,94,127,137,109,75,
32,41,158,48,32,143,55,
161,175,134,83,114,134,
100,136,174,59,56,34,106,154,131,51,66,175,70,71,
37,101,85,110,
176,52,56,
88,172,11,145,147,191,23,140,84,177,34,86,153,46,153,55,105,148,155,52,35,87,190,68,118,109,
53,138,47,98,47,71,101,88,16,81,
185,186,36,9,165,102,25,105,145,172,21,46,152,185,
102,75,163,78,113,98,135,
13,50,74,40,146,26,102,
80,51,124,131,55,146,50,123,190,163,136,48,143,39,28,24,97,2,75,
161,189,53,75,129,154,6,25,98,3,109,
23,191,46,7,98,114,
14,190,147,106,10,88,146,12,20,172,139,115,39,
187,138,110,174,56,128,164,177,
54,116,67,64,
124,99,26,
31,73,123,3,3,136,45,10,115,34,
82,75,54,184,92,13,
48,145,188,147,148,116,178,41,
81,26,51,162,120,2,182,141,170,92,123,
41,10,179,14,114,122,125,7,179,88,146,36,102,92,
8,11,11,82,73,142,
29,55,24,180,105,62,154,173,
57,50,27,120,39,119,36,79,78,169,190,61,96,
188,47,135,135,40,2,53,48,130,187,92,151,129,
126,86,149,18,136,119,67,6,6,186,84,131,
159,118,63,168,72,167,127,150,130,129,109,107,62,41,112,
15,48,85,
22,89,137,48,36,86,92,
148,89,71,112,46,46,144,179,11,184,104,178,39,
145,120,170,23,83,15,62,117,178,43,85,124,16,50,79,90,175,
73,86,39,114,94,55,
189,71,26,55,
79,61,6,139,123,185,
63,186,89,59,122,16,44,153,118,159,143,177,49,19,22,123,165,
111,16,189,112,131,103,156,164,
154,31,156,
191,88,50,37,41,23,89,88,80,65,108,23,28,166,106,46,
90,54,99,147,103,101,113,9,113,138,80,64,164,119,141,157,115,173,54,
165,83,147,185,168,
101,9,16,91,152,180,56,42,115,75,
82,116,60,8,48,121,3,167,169,39,128,164,174,
33,73,152,126,14,185,
62,67,72,67,
120,31,68,110,81,
128,157,65,101,35,80,26,90,2,61,82,78,53,142,84,27,73,180,9,119,7,
77,12,12,
46,135,183,
143,101,167,181,66,
68,164,17,114,72,
60,3,157,160,191,
110,16,37,112,187,9,86,75,108,154,132,
102,23,104,92,27,183,145,
96,181,12,166,167,167,106,170,
75,161,135,84,41,109,
52,116,83,107,132,
157,122,103,67,39,118,138,133,60,100,108,149,
44,38,63,37,181,96,88,55,31,18,
180,31,34,128,
167,53,30,115,163,25,37,71,65,8,143,
190,131,57,157,
167,142,96,9,137,
52,167,34,176,159,6,
23,134,114,37,125,91,4,103,164,128,
160,175,56,57,156,113,32,75,
30,92,95,53,153,156,31,126,
148,53,86,
165,149,71,84,108,47,33,2,69,88,156,
80,70,8,3,17,172,32,162,157,57,48,20,8,40,90,176,81,40,26,112,91,175,
182,120,109,167,170,
1,57,58,43,143,176,26,91,98,65,23,158,10,66,
177,138,148,61,142,31,177,179,105,
57,186,116,105,
71,23,17,83,3,
110,51,167,16,57,69,38,6,188,179,175,
71,112,105,105,163,120,28,53,
170,157,186,2,4,169,103,120,98,148,124,5,171,58,186,15,
24,103,29,118,108,24,9,144,54,
56,181,50,50,
113,103,160,31,148,158,18,65,
92,108,133,30,86,51,14,96,27,23,180,53,103,
121,6,131,81,
102,81,157,11,32,158,50,106,87,88,73,75,60,
56,188,85,67,187,141,75,84,64,107,119,18,130,54,177,172,
135,156,188,69,0,114,137,46,39,4,91,191,
188,63,34,167,37,67,69,
153,85,88,12,105,136,34,
146,23,26,14,42,153,
74,136,91,4,128,13,45,31,
36,107,72,33,115,
53,148,167,2,
45,65,41,190,186,
180,190,54,29,120,114,35,103,123,39,81,58,101,56,
3,31,41,11,
123,80,20,130,73,169,91,133,31,101,
27,57,26,32,38,138,135,148,
89,78,164,6,191,48,159,172,21,164,144,63,77,69,55,136,
172,127,129,142,15,
144,11,24,81,
139,14,181,23,171,
91,74,4,183,103,
165,25,10,9,114,186,101,
31,4,180,
190,105,14,
165,89,108,164,182,
111,182,136,142,118,
134,39,98,46,
28,63,10,65,89,144,104,143,17,54,
184,168,177,15,
16,172,17,
88,190,191,
134,22,63,152,
70,129,120,169,156,156,
190,88,167,148,73,67,43,31,12,
16,63,39,53,20,89,101,164,138,
23,103,27,168,
66,39,27,138,176,12,124,96,143,
158,50,88,148,32,187,103,100,28,85,96,185,31,189,74,75,109,73,
85,1,157,122,15,189,15,34,46,15,116,79,154,177,130,
37,37,113,163,180,148,166,107,
174,47,65,70,126,
156,154,136,128,
67,157,186,148,54,176,109,100,119,73,
127,71,159,31,125,
164,89,62,64,150,127,160,144,181,
88,44,172,99,47,112,
159,120,144,31,77,123,154,90,72,59,
20,17,14,
33,153,85,164,
130,191,78,13,188,77,64,67,189,44,166,
0,89,66,
14,59,33,
125,10,141,
52,177,174,
95,115,129,64,
157,33,113,181,
122,157,169,167,123,107,
80,180,188,
171,154,139,136,
92,43,20,5,
21,10,39,89,
31,113,190,55,
159,73,127,
98,17,23,
183,77,120,
11,182,102,2,
102,98,69,74,
41,173,99,
56,101,65,133,
45,31,25,82,159,
83,131,161,
91,176,84,175,
71,100,41,148,
152,185,73,159,
165,63,67,116,
85,4,70,86,
172,14,20,
130,85,147,
99,181,10,41,111,
67,188,105,
64,130,129,
37,27,175,79,
180,177,138,
102,101,177,129,
183,114,102,
42,67,120,
152,63,132,26,
2,53,128,
45,38,180,
157,142,190,
167,157,40,104,145,
154,22,144,40,
28,39,134,71,
183,91,
23,145,47,22,82,
74,49,157,102,
184,133,148,163,94,
143,32,63,
26,1,177,
128,187,82,138,
107,54,157,
59,51,65,
95,106,105,161,
175,59,65,26,
77,107,181,185,13,
164,165,33,55,
103,91,186,
101,175,173,13,
54,24,
130,170,118,
90,104,
169,118,105,
115,145,106,
155,179,10,
70,147,100,26,
75,80,102,
57,43,160,
164,111,75,
166,51,37,
96,27,88,
89,20,86,
125,127,41,41,
91,80,118,26,
43,145,183,
78,102,
130,69,138,
28,148,33,191,134,
118,98,6,111,
55,48,44,32,70,
147,160,167,
5,33,133,92,
15,37,130,
168,60,131,189,89,
165,56,46,
127,120,41,20,172,
123,159,50,71,
7,41,30,
104,148,
127,12,98,
145,11,103,
175,48,145,101,
120,85,129,62,33,
94,38,172,10,
163,92,43,
62,2,129,
131,111,107,126,
77,18,10,
0,77,182,
88,1,41,
66,100,
176,67,26,168,
186,60,136,190,45,
106,14,106,21,
65,174,175,
127,159,142,
85,37,9,
51,12,
38,119,45,
169,89,122,
33,36,48,120,
57,133,117,
85,179,97,161,
47,167,165,
173,174,109,
177,157,148,43,53,187,
164,187,103,31,3,178,
79,40,17,
178,170,43,
21,103,178,
182,62,
41,30,85,129,
40,67,105,122,
55,121,150,164,
138,157,68,
74,63,105,
157,90,186,
94,129,83,184,
161,23,107,
27,42,
64,55,129,30,
27,21,102,
158,113,102,
132,63,163,
3,164,137,
50,2,56,
16,145,38,
99,129,
133,180,161,56,
138,16,92,
9,37,24,
123,87,163,11,
56,100,98,
115,160,12,101,
105,176,11,153,178,29,
129,138,
153,88,112,
163,102,64,
72,25,159,113,
163,4,
90,145,134,
19,138,157,49,
72,34,68,103,
26,80,128,172,
15,96,184,
165,114,34,
6,42,182,
22,179,122,149,
109,182,161,88,
120,182,60,
128,23,156,
79,164,177,
2,61,15,
17,23,28,
95,63,68,
81,81,188,12,
91,24,101,
127,53,121,
97,97,
191,60,85,
93,148,4,
101,165,18,
99,124,50,
174,187,90,
102,27,41,
75,158,101,
132,106,168,
30,2,53,
105,84,122,
47,53,72,
44,175,120,
179,129,116,
158,123,133,117,
45,55,152,
143,28,167,
72,59,
172,56,39,
185,185,108,
42,2,71,
78,130,159,
29,134,165,
3,129,24,
11,46,81,3,
92,55,22,
147,107,66,
22,80,
123,81,164,
113,188,
190,108,121,
105,57,181,
185,26,33,
54,56,186,
176,43,163,
137,51,122,
129,7,66,
41,183,
89,71,22,
57,1,136,129,
40,112,
32,27,32,
116,57,129,
165,26,23,29,
27,37,92,
31,127,
180,157,92,
168,41,118,85,176,
151,188,134,
144,157,107,
146,55,31,
77,159,129,
19,172,135,
30,38,164,
173,29,90,
23,146,73,
102,103,
96,119,66,
149,63,94,
49,188,40,
86,92,65,
55,172,106,
106,95,23,
122,99,8,
35,63,15,
62,114,29,
47,164,55,
166,130,
105,53,15,
151,106,64,
180,157,87,
118,43,9,
171,149,85,
154,138,29,
29,174,38,
94,73,88,
88,165,53,
71,189,11,
84,23,182,
137,167,18,
158,55,101,
135,23,61,
125,157,3,
89,88,46,
27,23,48,
168,23,165,
107,37,13,
112,65,80,
69,22,188,
129,188,97,
73,158,156,
39,82,14,
46,134,2,
44,98,173,
14,141,92,
181,96,94,
178,88,12,
90,138,136,
21,69,81,
175,80,110,
8,6,116,
163,177,188,
14,17,176,92,
189,161,3,168,
101,53,43,
84,128,126,
113,106,32,
63,172,145,
66,1,181,
162,159,80,
165,99,40,
114,23,23,
34,31,153,
37,188,9,
0,92,
32,102,100,
191,134,148,
156,111,13,
14,34,
16,111,72,
145,136,102,
82,2,23,
9,186,63,
