111,20,48,
190,393,102,108,90,155,33,171,189,
363,862,799,
25,168,64,13,108,17,864,136,
850,162,173,159,145,170,168,118,74,84,89,
93,17,13,
631,124,7,69,26,708,
867,321,28,49,38,105,154,84,50,83,125,70,
189,719,10,154,8,24,178,75,10,38,7,61,188,124,54,165,152,
29,107,9,161,79,87,103,
113,29,61,178,85,79,16,98,134,167,156,16,
177,864,152,365,169,153,
185,8,32,57,134,179,1,
13,804,23,404,97,93,95,
37,130,683,116,
106,9,23,7,20,68,77,119,141,
144,0,165,
9,9,29,122,144,191,97,
89,20,119,31,37,65,157,
150,15,
4,172,109,129,
862,363,
145,25,47,145,52,124,88,147,149,21,148,68,
29,719,16,114,176,154,
130,37,183,4,40,52,156,90,134,187,
864,628,887,177,54,146,25,54,141,17,
164,8,910,
98,149,762,162,60,
41,93,557,71,159,191,0,26,101,
178,557,135,34,147,
28,867,47,44,102,101,176,51,
46,162,8,86,136,152,
104,42,133,
38,702,166,138,66,67,
719,737,293,140,189,118,119,165,29,86,60,182,105,31,78,86,174,
31,88,172,125,102,99,185,
427,404,764,71,
43,49,3,25,95,128,169,
16,65,29,139,95,
125,191,11,93,0,97,152,30,179,64,50,77,140,168,35,49,23,76,137,33,90,127,167,155,
780,693,129,125,187,23,16,116,127,54,100,
140,149,155,
693,780,164,184,23,176,34,143,162,72,187,57,
35,57,393,188,171,146,141,174,149,
77,125,17,
134,97,25,
149,90,115,140,3,98,175,32,
114,910,142,42,152,189,
16,150,8,181,71,115,780,136,28,87,113,
120,594,118,36,104,
124,167,631,135,156,166,189,115,
10,189,655,73,21,46,54,113,
18,799,107,105,
93,100,125,1,94,42,85,51,129,161,182,160,101,48,86,117,
135,955,178,95,27,182,
50,89,146,53,142,191,
175,186,95,188,29,
183,186,75,9,99,99,152,191,
18,62,303,655,
762,538,318,98,21,78,112,41,96,
184,693,924,95,35,5,101,76,146,166,77,107,
109,107,27,9,4,148,191,141,148,156,118,
809,62,80,32,180,
38,9,17,154,181,
910,680,164,114,93,16,148,30,43,171,167,181,64,
108,24,190,140,118,29,
123,167,133,
159,850,13,147,
162,850,137,25,55,46,114,42,162,
93,910,102,
188,143,32,
184,6,146,
118,0,146,138,144,151,120,77,924,2,109,
708,683,161,47,3,187,129,32,105,128,144,165,631,
170,49,3,119,145,
102,102,11,190,119,175,78,75,127,138,106,0,66,130,3,317,21,189,138,
30,910,107,148,54,89,161,167,
57,35,80,133,108,151,140,125,7,166,
61,260,113,56,62,153,913,
594,121,161,83,120,47,
78,102,719,147,185,68,96,185,176,186,
737,719,74,142,545,161,134,152,12,120,136,158,23,105,121,189,186,
17,77,93,186,
20,9,161,206,111,89,30,117,166,169,
102,102,28,
799,18,161,33,50,124,20,363,
804,13,10,35,555,72,169,
378,717,81,93,21,32,40,164,84,
3,67,49,
140,61,175,21,
15,913,95,69,150,169,
114,49,162,70,163,2,
133,57,56,177,154,123,63,31,
188,189,6,3,108,185,189,
404,427,744,13,83,50,
50,91,84,404,799,
186,183,2,98,175,103,111,149,15,43,86,141,61,
154,10,940,179,
171,389,393,124,106,71,97,98,190,
108,31,557,67,142,0,40,125,60,
940,393,121,154,27,41,160,172,
557,108,41,178,189,64,167,34,
62,18,809,55,72,180,13,179,
103,61,186,97,40,142,149,
702,83,110,38,157,144,175,52,101,136,
144,702,708,118,2,66,120,
166,88,38,100,96,
913,15,116,61,
924,57,159,184,172,9,47,71,133,28,90,118,166,97,125,157,63,183,
167,63,124,151,90,125,172,74,51,113,126,123,
74,9,121,154,118,115,55,63,119,159,191,
31,996,58,108,184,86,72,179,42,108,156,183,39,54,
175,102,131,140,191,125,
115,16,149,176,
125,167,15,7,31,175,
49,867,3,149,43,114,53,178,31,184,185,250,95,170,
206,20,25,154,65,27,
93,349,378,174,25,35,
955,135,83,136,38,63,140,82,157,147,
24,108,
906,43,148,49,18,130,185,
172,130,167,4,31,95,140,157,1,31,53,
151,57,167,68,
0,
318,762,301,655,
130,102,32,172,118,54,85,88,172,98,
85,130,93,
148,109,910,
154,189,867,135,74,136,44,95,73,157,10,113,98,
63,25,389,32,
152,67,6,156,184,177,34,81,103,181,156,156,189,20,115,
74,737,167,
91,50,175,181,68,157,
121,594,187,119,95,74,64,
61,393,145,103,165,108,25,140,154,38,161,123,127,117,136,186,83,
683,708,68,4,37,95,69,155,143,189,86,90,172,
175,89,91,83,35,171,191,57,
3,149,102,15,
131,90,175,90,168,
8,164,103,185,93,61,73,87,116,
393,171,38,86,74,35,18,61,190,5,118,44,73,88,109,37,166,83,940,
9,108,20,38,190,125,9,70,106,88,61,81,16,104,
110,702,89,165,
6,152,184,188,173,20,
95,121,
15,3,125,
538,762,
68,106,91,
88,130,111,
389,171,182,32,63,
156,31,110,
155,190,683,
161,93,594,
191,74,50,
171,175,84,
95,49,154,
75,102,189,
51,167,93,
156,152,130,
138,38,118,
129,780,60,728,
8,16,46,
27,940,109,
20,799,106,
172,940,
156,124,109,
148,109,30,
86,719,31,49,
0,144,102,
83,404,116,
146,118,130,150,
285,555,
154,107,38,
87,8,16,
10,
100,166,
140,172,
628,864,
88,7,166,
95,172,
61,8,189,
180,809,62,8,
53,49,50,
187,693,365,24,129,54,
83,702,172,177,97,
84,850,
555,285,760,804,
38,955,
21,145,762,
136,16,154,61,
145,37,170,
27,
35,93,125,
189,683,102,
37,71,78,83,145,
25,43,206,
17,38,
31,49,133,
147,78,178,
152,125,
108,9,31,
140,955,719,
90,130,149,
97,9,924,
138,102,
96,78,762,
0,108,
146,35,50,
33,190,7,
118,74,
87,
105,719,737,
182,93,135,
34,152,693,
133,104,
21,140,378,
95,135,43,
124,145,
154,29,
165,708,
23,780,67,
119,102,
135,124,
65,206,
98,186,
150,16,
81,9,
186,737,78,
185,31,188,
161,30,61,
80,809,
175,760,702,
160,940,
74,393,850,
189,190,737,
152,46,183,
101,93,28,
113,10,154,
157,89,
179,125,31,
90,131,683,
63,133,74,
141,106,109,
181,910,91,
167,910,
86,683,46,
83,37,
55,74,
119,106,74,
143,683,188,
191,41,9,30,
83,393,955,61,
47,28,924,
70,9,114,
97,134,
32,63,23,
116,780,
123,61,
162,365,167,42,
181,16,152,
99,183,
125,780,9,
172,83,89,25,78,
0,118,
141,186,
183,130,924,
90,131,190,
86,93,186,
179,154,62,
155,125,140,
120,141,144,
67,38,3,
115,152,124,
3,188,43,
64,910,121,
89,850,
32,149,378,
96,
28,924,42,
129,4,42,
3,708,170,
185,78,906,
70,867,
40,103,
10,154,154,
66,38,144,
73,8,154,
16,910,9,
95,13,
129,93,708,187,
181,38,
118,144,108,
146,184,184,
98,154,
153,177,61,
27,206,
154,349,206,
191,109,
57,693,
30,20,
157,924,91,
169,804,20,
0,125,41,
90,167,
95,175,16,
69,683,631,
104,120,9,
159,74,
54,864,187,
84,50,138,
191,175,
185,49,
5,184,393,
88,9,
31,719,89,
157,172,
142,50,
2,186,
164,13,
57,
4,130,
83,175,
41,762,
9,109,74,
84,378,171,
166,57,124,
165,719,655,
148,145,906,
77,106,118,
15,186,
157,955,154,
102,31,93,
172,924,
121,737,
104,130,20,
103,8,
40,108,
187,130,
186,111,17,
61,23,
107,18,12,157,165,85,154,
89,172,
29,113,175,108,
75,183,
172,130,
40,378,
52,702,145,
68,683,151,
158,737,
119,719,121,
165,61,110,
19,67,
48,111,93,
20,6,
117,61,93,
162,693,162,
159,
128,43,
178,113,
130,906,
175,
134,130,
60,98,
176,78,693,
25,134,162,
42,104,162,
116,8,37,
73,10,
167,30,
189,114,188,
51,28,
101,41,
119,170,
26,41,
130,102,104,
71,41,
28,16,
191,183,
116,83,
110,156,23,
68,78,145,
106,102,
167,125,
176,115,28,
3,
143,693,
108,61,
136,46,702,
101,184,
102,130,
115,74,
50,125,
149,145,
125,924,867,
38,189,867,
76,125,
47,145,
43,906,910,
73,393,
174,93,35,
2,118,
170,850,
173,6,
159,924,
17,25,864,
50,867,
2,114,
54,30,
52,130,
111,169,928,
118,130,
103,23,29,
20,104,152,
1,172,185,
147,955,159,
23,125,
57,924,
140,57,108,
157,107,365,
86,26,
32,185,
156,152,113,
78,762,37,
105,867,
12,737,
152,114,
7,106,57,
165,189,
167,113,162,
57,175,
35,184,804,
25,61,
55,162,
143,6,
149,186,35,
79,113,
60,129,108,
169,
130,146,
56,95,61,
166,184,393,
47,594,
136,737,25,
66,102,
191,125,745,
182,719,
158,349,
97,125,171,83,
178,497,189,
83,594,
37,393,89,
90,924,
63,167,
26,86,
152,737,
54,10,
141,35,864,
183,31,
72,804,
7,33,88,631,99,125,
142,114,
146,
185,78,
168,131,
172,683,
59,172,
23,32,71,61,72,155,77,737,103,110,
178,49,
61,9,
8,189,
88,145,
83,867,
137,125,
928,111,
101,702,
105,18,708,
9,924,
166,20,924,
108,25,
11,125,102,
126,167,
125,57,
138,84,
154,61,
155,23,
172,59,
42,484,317,754,
317,42,102,
946,188,
161,25,737,
47,708,
71,171,23,924,
63,924,
39,31,
44,154,
53,172,
89,30,
108,188,
33,125,
34,557,
46,10,
21,10,
132,
99,183,
160,93,
43,186,
26,631,
82,955,
24,187,
114,29,
164,378,
98,130,
89,50,
60,
168,25,250,
107,30,
134,185,
25,93,
54,189,
56,133,
135,154,
54,130,
107,184,
79,29,
603,995,
350,930,
32,708,
127,61,
122,9,
41,940,
97,13,
175,149,
145,145,
149,103,
95,15,
54,31,
171,35,910,
165,107,
136,349,955,
54,780,
71,16,
95,391,
133,924,
127,102,
99,7,
74,
121,940,
145,497,850,
10,804,
13,62,
78,172,
30,125,
64,25,
58,31,
478,443,92,
356,958,284,562,
77,39,23,106,
133,49,95,683,
160,178,177,107,107,175,170,79,106,58,114,91,164,157,70,91,82,184,137,69,15,
127,16,87,29,
138,102,
148,144,139,175,104,154,81,69,131,61,52,50,152,12,39,120,132,191,10,106,69,181,94,189,7,174,26,14,118,393,
180,82,109,136,98,161,29,
189,108,22,86,123,135,86,168,102,119,89,
179,138,62,14,12,107,
67,84,74,175,62,183,67,
120,136,98,110,118,89,175,
184,152,49,
94,187,45,142,8,64,4,168,189,24,68,8,31,172,
30,191,
48,178,99,31,
85,166,50,20,130,35,18,68,29,8,82,41,47,91,76,43,1,18,122,
70,109,45,15,41,151,119,41,129,151,64,93,69,147,145,
172,53,88,80,44,393,
102,153,62,144,89,28,9,188,122,562,356,
131,59,
49,155,59,42,
45,169,8,81,61,16,113,
2,79,19,36,114,39,143,30,183,21,102,
13,171,145,1,11,6,61,50,74,127,125,
22,165,47,100,60,92,132,133,13,175,74,47,142,36,599,238,
113,104,34,45,167,121,190,4,128,12,35,66,55,5,69,0,62,163,114,
123,56,168,3,83,27,93,126,128,708,
71,143,12,161,799,708,
117,111,186,
71,37,
71,165,65,89,
151,67,133,15,42,33,15,113,167,139,
57,189,