1,57,141,58,103,143,176,26,91,3,65,23,158,10,66,142,54,34,74,75,60,172,70,158,80,
103,177,33,164,54,169,143,55,88,160,138,156,112,187,17,102,115,73,29,39,109,5,149,169,22,23,
90,141,147,32,49,127,41,43,27,19,
17,101,1,98,138,90,34,99,
84,181,94,55,35,17,189,8,
155,16,175,40,
21,106,27,26,177,11,15,126,183,145,14,186,47,89,
22,17,3,69,36,131,106,17,48,86,91,178,38,120,171,
112,154,60,181,131,
1,37,85,164,137,134,50,109,
170,72,81,116,49,106,141,126,36,5,9,89,
50,1,186,29,36,108,
133,157,18,139,139,176,169,98,5,1,91,138,68,
189,43,44,91,156,
73,124,103,93,82,156,128,140,103,63,23,87,93,10,105,168,138,40,142,
39,157,7,107,9,81,11,49,
30,70,169,
31,153,67,82,32,23,30,
184,133,117,68,101,138,144,61,131,
172,24,88,166,147,
42,138,101,134,105,159,177,162,
134,111,47,80,180,
5,33,133,92,16,67,154,57,45,
77,94,10,6,57,43,
75,25,101,162,187,66,95,126,141,16,170,69,94,
49,3,174,20,158,184,
73,178,95,77,178,
114,116,51,110,140,88,30,38,125,185,164,114,
80,180,2,47,61,82,131,67,85,90,135,134,98,26,
72,171,16,159,90,62,36,60,190,120,54,65,25,9,128,36,38,141,69,32,46,106,143,166,
188,47,135,135,40,2,53,43,187,151,47,105,
67,157,92,148,142,176,109,100,99,73,77,80,50,150,12,
154,55,87,54,30,103,2,
190,39,98,16,93,121,98,70,143,94,179,26,
156,82,120,156,95,
80,42,5,116,136,181,60,131,103,
92,107,17,69,180,164,70,
107,68,51,13,63,156,65,63,128,93,79,74,
24,23,16,126,165,10,134,151,108,13,
160,128,60,173,78,115,137,73,8,125,115,186,150,77,50,186,
29,150,91,105,22,154,173,148,
180,93,57,154,29,169,125,126,189,184,156,85,133,80,48,82,109,3,151,115,134,62,
30,2,149,73,28,68,
115,59,139,26,81,177,22,
10,98,167,108,
45,26,105,190,70,
27,17,29,160,18,130,
125,122,172,
127,154,171,58,151,55,173,104,
40,88,52,33,29,
41,70,87,22,130,176,145,3,39,59,134,62,166,65,113,112,
169,141,103,78,109,
60,3,157,160,191,174,186,147,34,84,84,148,83,21,
1,91,93,72,56,28,171,
147,67,43,49,126,94,112,165,172,130,129,116,178,142,108,
101,61,128,67,168,58,63,186,52,48,59,2,123,48,
13,27,151,127,
189,186,16,177,
95,75,40,10,55,
10,111,33,63,167,185,190,
134,1,109,24,128,
7,138,162,55,128,129,39,110,150,120,105,36,152,105,10,
25,144,17,
142,90,110,55,147,56,115,179,138,
35,29,94,84,15,77,155,150,
127,12,181,67,4,60,30,164,78,103,116,
44,15,127,116,3,60,77,96,50,
33,10,148,53,158,89,70,144,
123,105,159,95,10,74,
170,109,157,88,10,25,92,114,162,82,103,139,
80,164,133,11,181,6,31,23,91,
123,9,28,122,115,72,88,127,79,178,110,101,
8,47,15,85,
6,78,49,141,119,24,5,82,145,54,126,175,47,143,155,
138,161,174,42,17,179,157,154,115,139,34,99,
148,102,113,116,33,67,4,
73,36,2,186,141,99,16,40,52,149,
135,16,23,120,160,48,98,78,70,173,
185,132,116,18,3,19,26,
133,159,164,8,153,118,184,9,142,47,110,5,14,42,124,105,148,113,143,141,67,169,58,117,8,55,172,16,32,
100,32,62,79,85,80,121,31,127,142,96,119,183,
80,105,124,131,55,146,50,57,123,190,163,136,48,143,131,28,24,97,2,75,182,162,19,92,36,27,103,19,94,96,178,
148,85,133,100,34,22,64,0,124,191,115,85,70,181,
3,44,185,88,38,
1,165,186,36,29,41,126,
84,15,91,116,133,191,
127,100,58,38,
181,127,148,143,
38,191,177,51,189,127,18,47,
158,86,172,91,130,
100,63,44,115,22,1,
41,136,
12,143,121,122,31,42,30,22,4,24,117,26,148,174,0,77,2,127,135,2,168,99,172,98,140,156,88,66,
68,122,27,156,
95,136,4,35,23,26,135,
174,148,12,75,174,133,50,82,52,132,84,97,181,
73,10,43,45,190,103,
100,138,75,151,
164,92,161,54,103,181,25,114,162,
4,129,186,105,138,
110,24,24,
64,151,129,74,85,22,52,99,111,1,139,186,191,
102,75,163,26,66,110,135,137,29,144,139,182,77,171,
59,188,181,72,171,
183,177,64,105,107,16,47,119,169,124,168,100,
39,50,21,169,138,
49,6,136,
60,154,111,
12,143,26,
32,57,100,47,55,83,40,163,125,
39,26,98,82,134,145,
48,108,186,178,
120,66,31,137,137,186,17,188,126,161,25,
24,41,122,103,
163,139,172,127,159,29,96,22,
75,139,1,5,19,37,125,40,
63,106,105,107,
91,115,172,131,
12,108,174,2,79,58,
170,157,186,2,4,169,103,120,98,148,124,5,171,58,186,134,9,
10,40,95,3,170,68,
99,12,16,73,91,122,
39,63,190,25,40,11,
187,186,63,42,107,186,89,103,
135,188,181,114,60,39,4,91,191,121,130,106,
157,122,103,67,39,138,133,60,100,108,107,6,116,188,174,85,
62,2,96,
141,70,86,95,99,54,99,172,
99,67,126,82,67,115,44,138,176,
157,135,15,78,
180,120,161,179,92,169,24,76,
175,70,155,23,57,177,18,184,171,
3,31,17,46,65,52,152,47,174,56,
31,30,179,
169,75,190,183,111,143,
186,77,187,73,160,59,13,35,147,66,
182,10,173,181,50,128,17,
51,50,53,45,160,110,93,39,177,1,160,38,
148,60,89,41,
70,92,95,1,
92,34,27,103,149,60,
126,41,120,180,102,191,
84,87,14,163,41,143,84,
177,189,42,159,
78,10,10,160,74,120,183,
15,44,85,72,142,107,157,47,158,140,86,8,
60,103,6,86,77,52,43,89,119,186,88,74,30,60,104,120,124,108,120,173,7,62,135,63,142,
13,172,50,85,148,18,95,58,168,74,7,50,139,
18,89,69,64,164,
187,66,76,
55,154,142,7,42,47,95,138,145,84,35,21,148,9,51,150,
127,103,123,20,93,121,
37,71,43,181,91,
138,74,103,185,94,101,121,100,103,52,66,
34,1,91,47,43,67,
176,67,89,168,102,113,125,53,34,
34,17,95,67,91,178,17,169,26,65,
177,174,115,186,158,15,85,
21,55,39,7,57,
107,27,17,31,25,175,131,191,39,122,68,95,38,184,58,22,17,100,157,
179,96,191,143,151,82,
10,21,103,54,67,44,76,190,191,68,88,
36,150,72,111,115,105,80,133,187,41,53,64,
151,84,9,115,87,125,165,
141,81,164,26,86,127,150,47,74,8,
141,170,1,115,23,66,164,169,104,
22,41,148,29,38,134,107,140,47,187,143,163,
138,99,26,29,63,191,
25,50,91,144,179,43,120,143,141,178,121,139,
2,12,42,80,107,23,163,2,116,134,
57,44,136,
47,44,7,93,26,109,69,142,93,42,15,131,145,163,
133,81,174,37,
166,101,136,85,139,15,133,162,152,69,
104,7,82,
71,143,
75,34,40,149,
136,190,56,151,38,96,49,57,135,179,166,
109,186,8,62,134,122,48,17,86,126,29,
130,85,89,147,41,106,180,44,178,73,139,108,
166,81,135,177,
55,80,94,165,106,156,139,12,190,174,154,158,75,64,106,94,70,167,159,16,132,
110,51,50,120,149,154,87,98,142,32,123,32,11,7,73,
103,153,102,80,154,111,96,
17,15,177,127,161,61,27,
163,119,177,84,33,38,141,9,123,
17,19,95,111,128,20,145,98,35,107,134,142,
79,15,130,107,188,190,
86,171,75,172,75,133,5,
68,88,140,132,176,145,39,24,54,
114,114,103,
66,115,179,145,161,29,186,
76,16,91,50,187,180,
97,26,
31,138,120,50,89,133,146,23,48,2,166,
133,36,86,
15,166,49,17,21,84,175,
10,179,69,73,118,158,67,62,73,98,156,157,39,114,80,6,
51,92,
75,55,80,20,3,5,177,117,21,
156,131,
96,44,116,166,86,167,69,184,170,179,23,86,
150,64,40,
24,162,68,83,
175,26,171,15,
145,55,87,68,170,56,
131,111,107,126,91,13,166,33,58,53,42,20,156,160,113,30,120,129,
179,96,25,80,66,118,158,9,77,31,65,184,
127,20,163,120,17,13,81,
19,142,80,160,191,17,132,119,121,3,138,75,15,73,128,67,140,150,
32,2,91,14,176,
86,60,158,109,96,21,14,134,149,139,170,127,59,177,123,157,130,168,
47,3,64,2,37,64,
144,147,6,41,31,160,149,85,49,75,10,28,181,53,191,162,
44,60,82,170,30,44,
78,9,42,168,171,89,48,189,64,37,147,150,91,45,155,190,120,145,135,130,167,103,24,112,113,171,83,162,162,80,3,18,
59,133,116,86,14,
165,179,186,16,186,55,
124,63,
139,86,31,110,13,159,112,187,187,
91,15,84,157,191,22,98,
9,99,157,
89,130,33,24,18,67,70,
47,59,55,32,40,30,164,134,149,138,
35,18,17,60,105,119,95,32,
129,149,176,40,49,84,156,48,95,112,183,23,
156,10,18,87,189,
149,73,115,75,6,92,118,70,191,
178,43,165,136,27,62,72,42,123,2,22,
30,50,31,127,154,103,108,79,110,31,50,126,123,
149,37,73,144,87,31,122,
10,178,182,170,103,73,17,78,77,144,7,
148,58,28,3,3,99,65,100,22,139,134,151,
8,16,109,3,
64,122,85,55,44,3,150,60,18,
98,17,153,52,181,135,174,115,68,112,43,80,41,
30,115,83,3,156,31,126,82,178,39,54,154,106,131,
129,8,124,4,
136,98,41,181,17,173,92,166,36,53,88,75,16,91,168,171,
17,157,19,11,55,66,107,22,90,74,129,151,
60,60,127,66,48,52,
95,17,105,163,70,75,42,23,184,
88,134,49,138,131,60,171,17,
39,4,30,21,123,
67,10,148,186,34,32,89,102,
162,2,149,132,24,
82,75,162,99,92,13,1,168,24,21,189,
89,170,176,109,43,148,32,
60,35,42,159,52,95,68,147,
36,73,1,50,165,139,
186,9,103,134,155,40,67,159,26,108,134,54,48,187,156,114,46,176,45,26,154,
88,67,68,40,28,72,47,
65,148,3,183,107,158,40,95,87,134,0,
190,20,10,110,
126,87,149,18,32,119,65,6,126,186,84,131,164,182,
121,2,5,109,171,152,181,
86,16,128,22,44,141,7,62,
96,117,174,31,100,179,94,69,190,19,133,
161,26,6,43,38,130,95,180,120,103,140,20,138,40,124,
85,1,91,122,15,189,15,34,46,15,116,79,160,154,148,130,
85,55,80,3,2,108,8,
181,152,144,144,0,112,111,128,180,172,
123,87,125,68,10,124,54,184,
144,42,178,181,64,9,
108,85,34,102,
151,32,77,105,14,26,
75,82,47,143,66,7,171,100,20,26,94,117,191,82,33,27,98,16,170,185,102,19,149,86,182,43,8,137,174,118,
17,22,25,103,84,23,38,34,
31,120,62,67,167,30,
32,91,31,84,58,95,
131,154,158,47,88,10,116,171,40,
174,3,98,96,5,41,16,
11,80,52,110,39,
118,88,43,90,
6,159,24,60,
183,111,108,44,46,
125,183,180,123,167,75,19,49,75,32,
162,80,68,166,144,72,10,180,
82,30,80,111,135,17,24,
160,136,132,123,169,80,11,161,142,185,159,103,119,169,24,73,0,30,149,139,47,77,167,166,73,51,188,176,47,119,144,64,70,24,81,77,37,73,152,26,27,176,169,172,45,154,166,86,40,97,135,156,52,156,51,164,140,8,144,27,178,
54,157,10,164,154,103,141,
7,105,87,60,154,78,119,111,80,
85,180,0,148,4,20,169,87,168,149,
145,174,17,50,66,18,141,
133,166,132,72,93,133,
75,172,112,84,41,109,21,188,169,67,87,53,
139,98,166,47,163,133,75,57,38,112,151,159,56,
9,164,151,170,42,116,104,101,55,123,37,134,84,168,14,2,
169,138,178,18,34,10,84,30,83,
105,176,157,105,178,29,7,112,155,9,151,41,45,172,4,36,103,
85,64,71,141,
94,147,157,48,99,3,105,86,140,84,5,58,183,107,121,
30,44,31,
40,128,122,178,150,119,162,80,
131,47,
115,106,31,160,100,35,99,111,151,29,91,154,26,148,94,
84,131,60,95,84,
172,154,163,121,125,41,
151,100,24,148,40,179,
18,165,126,109,5,65,187,106,132,101,137,
42,92,112,110,49,68,32,178,85,144,88,139,
16,189,179,176,108,135,5,24,89,101,164,4,155,172,84,63,76,106,174,
116,2,105,
81,107,106,162,120,2,109,141,170,120,123,122,42,119,
172,3,86,56,126,79,
120,31,8,110,81,36,154,91,108,140,122,10,156,
40,32,75,
3,41,181,91,49,10,72,134,134,
135,82,95,3,65,166,11,8,
20,49,161,103,
55,69,85,32,133,118,54,
178,48,21,105,123,10,40,159,106,
17,152,39,68,89,107,14,158,159,65,135,120,89,145,55,109,34,116,109,82,88,182,
20,127,85,127,134,190,0,
186,11,67,39,1,101,160,128,165,
174,174,138,128,58,189,153,49,177,168,12,111,
190,174,124,186,133,147,172,136,45,27,147,182,
28,10,65,89,144,104,75,95,54,50,87,116,
177,40,107,51,43,40,53,122,50,138,168,
171,105,121,175,134,175,
190,88,10,55,
67,111,33,168,69,47,161,
154,77,85,109,14,98,30,115,155,174,178,132,117,141,119,
38,53,72,136,48,66,172,55,
0,181,148,96,
17,3,43,136,130,92,159,118,
48,109,22,139,95,101,123,
68,44,30,102,133,167,82,
122,157,24,123,107,111,78,49,154,160,104,26,47,81,
179,111,10,
154,29,15,112,128,127,145,32,135,60,107,
44,14,16,184,189,100,104,
29,138,66,
70,55,30,175,2,89,141,41,
171,103,43,135,168,22,133,16,114,
147,37,58,54,84,
4,95,174,189,91,46,116,173,83,58,113,87,
138,99,130,8,169,80,94,68,31,9,182,120,83,102,188,
105,94,80,47,38,107,122,162,94,183,
153,98,43,38,178,103,134,31,
59,41,171,101,
159,102,168,6,152,154,118,139,178,60,5,80,
159,40,65,60,0,12,178,40,42,77,187,126,55,14,36,17,123,14,93,124,68,
3,30,75,108,168,
16,71,44,86,8,119,102,99,101,143,181,
154,5,131,159,112,109,109,172,140,5,178,184,186,
165,147,155,61,90,178,164,91,148,
65,17,18,50,135,125,89,20,94,180,185,68,
82,24,104,156,181,156,
88,17,164,151,136,108,123,124,163,3,53,172,189,190,118,90,
8,75,11,129,102,94,73,117,20,
42,43,93,170,144,60,134,18,68,35,177,95,15,134,81,
111,2,134,160,55,14,103,176,181,179,48,
107,92,18,27,57,177,84,
2,40,30,122,28,25,187,47,98,106,111,118,159,32,74,121,182,186,
23,175,2,17,95,70,
32,26,35,170,76,151,171,
67,186,186,148,78,121,113,
117,133,87,154,75,20,87,
161,3,164,23,
50,149,5,55,145,158,19,51,76,60,68,42,87,110,175,119,25,177,168,26,44,168,155,105,189,
26,161,95,186,
40,122,128,47,2,142,188,59,131,95,159,99,26,9,30,173,31,161,
151,87,64,92,136,110,59,2,141,1,13,
29,154,27,163,36,35,
91,51,4,103,20,31,34,85,58,
13,131,95,31,24,
120,7,81,180,183,174,38,184,
177,41,75,143,155,131,
105,73,28,158,123,116,170,83,168,50,149,111,150,
44,164,86,50,146,
7,8,88,23,47,65,94,52,184,130,26,
50,13,31,186,
176,133,0,148,87,14,105,63,129,18,16,186,140,58,
154,138,29,17,172,55,115,122,
120,91,127,170,111,21,161,78,
36,136,106,39,
87,151,65,
43,75,37,73,90,96,29,171,89,155,111,119,17,
47,8,135,34,98,139,2,
157,33,6,105,73,41,167,155,
81,133,52,44,115,166,139,127,
50,2,67,30,28,88,164,132,145,39,68,142,176,134,120,160,13,48,49,58,99,
94,96,119,190,7,178,55,
52,64,128,22,132,60,6,40,150,138,
43,18,25,118,182,
77,185,186,136,179,26,
179,16,115,77,156,165,180,142,56,172,
112,105,103,116,105,48,94,106,166,191,98,
10,78,33,
79,172,157,12,
91,135,32,29,1,32,112,71,127,120,185,41,3,79,76,57,133,115,37,147,
135,157,171,80,75,16,17,91,47,110,52,76,19,
74,129,136,30,60,81,157,123,48,172,
18,169,43,107,101,10,27,17,134,144,133,
105,5,121,42,188,116,171,95,7,
72,3,128,133,150,77,186,
150,67,111,55,136,36,105,19,
31,40,91,96,153,181,
133,180,161,102,99,43,43,80,24,80,73,18,14,64,115,96,
155,50,157,43,154,67,
130,69,138,79,17,
26,1,32,52,92,122,165,32,91,31,48,48,190,117,
158,131,103,33,89,151,1,
149,30,47,129,
78,8,114,27,186,53,101,135,172,82,168,23,154,
164,141,9,8,100,
3,64,145,172,65,
106,178,131,21,63,170,70,
24,34,89,48,6,110,77,
33,69,40,166,5,157,109,91,
23,135,7,121,
116,169,44,106,48,62,28,81,152,158,4,59,168,175,188,183,97,29,
168,85,
77,160,179,148,73,151,178,
108,88,31,147,16,3,94,30,
171,86,108,53,138,41,3,83,162,127,71,59,17,130,40,176,30,17,168,117,88,9,
29,101,1,70,
2,64,9,
181,182,164,136,84,3,124,91,69,32,59,131,31,180,16,191,
92,16,102,26,18,31,14,51,66,43,187,136,
134,41,50,3,55,93,
28,148,99,33,191,122,134,58,183,109,122,
22,32,168,92,115,115,100,115,
99,104,9,141,
102,69,133,139,
102,170,55,92,126,101,103,140,1,92,108,
145,171,56,85,15,62,117,160,85,124,16,50,79,132,78,3,41,66,
131,80,22,84,112,153,
185,43,10,
6,161,144,28,56,176,149,96,
161,129,27,0,162,70,6,42,120,133,175,110,103,165,80,17,42,67,98,
188,173,124,160,59,44,
85,145,13,154,80,118,163,165,171,16,166,108,91,175,9,
185,124,77,35,114,
31,23,73,30,149,3,136,139,115,108,84,26,13,141,
4,85,142,90,104,72,
167,41,15,
98,17,75,164,
124,190,148,14,39,141,181,146,
21,103,178,68,10,82,31,86,39,138,62,
69,92,33,84,6,67,130,17,144,129,72,147,60,55,96,56,75,18,102,
63,68,16,60,67,145,
95,115,129,72,95,94,138,181,34,13,73,161,
176,50,99,68,160,61,32,
58,176,133,107,148,127,160,52,50,
41,63,30,74,75,168,121,24,171,167,144,126,145,94,91,157,17,36,34,
10,125,29,28,125,97,41,113,45,18,115,120,131,
110,190,135,148,
188,120,84,44,64,96,106,
38,105,121,30,103,130,138,29,74,87,106,55,
42,187,124,103,135,55,
157,50,183,47,26,88,16,117,68,141,135,9,54,79,
70,111,164,148,
27,68,89,21,43,92,
18,35,178,42,156,171,37,1,
43,105,98,178,165,121,15,42,189,8,153,92,133,110,74,103,17,
3,72,8,85,
186,187,2,146,67,79,70,18,158,
141,90,151,140,142,25,54,
24,82,110,172,
8,164,141,78,116,
186,170,140,115,189,94,160,84,41,4,126,84,189,187,110,186,119,
54,141,72,38,103,
168,9,101,22,116,46,159,52,166,16,35,128,67,13,134,50,143,6,108,78,
56,6,142,139,159,
107,17,4,187,37,155,51,
14,46,44,83,10,66,112,
34,111,24,138,87,180,108,188,
64,55,2,139,183,188,5,183,36,
191,60,68,148,179,
186,60,50,190,35,112,182,109,64,100,181,50,67,187,54,
98,190,154,49,22,39,10,139,47,10,72,43,58,5,71,179,101,110,
87,117,123,54,149,84,145,165,141,154,34,
119,29,81,150,94,67,165,52,35,32,122,19,50,44,160,163,59,23,99,102,107,173,93,
57,148,21,135,
128,186,17,22,77,52,79,
26,77,71,45,138,97,81,34,32,40,175,81,150,151,
134,9,86,60,88,42,173,88,176,94,17,50,42,95,
52,26,3,108,11,7,123,153,
128,181,131,101,35,134,163,90,2,61,78,53,116,84,27,73,107,158,86,119,7,83,122,72,134,106,
63,10,138,
178,30,73,144,18,50,167,70,169,34,15,154,169,153,
84,16,107,31,107,129,77,9,
109,121,154,46,45,
132,64,185,65,52,133,27,154,187,114,33,88,185,55,
67,75,101,31,96,99,126,5,88,
152,159,116,148,121,
2,53,128,121,11,176,150,162,32,123,2,134,62,31,23,97,136,85,101,106,
181,37,95,98,5,11,50,
59,111,47,154,186,
117,112,157,165,96,75,30,11,161,141,118,16,26,
110,111,7,151,92,51,
115,138,66,173,95,191,131,74,154,149,21,98,179,142,119,91,74,
66,14,120,187,5,75,56,29,142,
174,60,145,157,4,120,19,129,44,135,109,191,
32,26,68,131,6,36,110,162,16,
182,43,102,
53,27,115,2,51,38,180,144,154,177,
42,2,96,131,63,65,47,44,6,163,114,
68,164,123,17,114,72,130,159,162,166,21,89,65,151,
165,43,2,3,
111,16,183,131,103,10,110,9,122,66,150,119,12,91,189,114,
75,103,28,8,41,125,
181,80,82,31,47,
76,135,103,
63,132,103,187,56,136,129,124,39,100,110,119,
103,10,127,21,72,43,111,131,105,
2,43,188,151,72,42,151,186,62,165,73,50,109,82,160,12,175,
59,5,119,48,49,108,96,
126,1,24,164,179,
166,33,68,131,109,
139,55,148,81,102,
168,50,86,132,171,
72,68,103,123,1,88,106,2,155,3,
71,16,8,13,26,85,158,20,
103,161,10,11,54,114,158,
111,152,82,59,90,36,70,34,157,9,98,34,60,27,89,103,
108,85,157,52,12,186,185,116,48,24,90,159,138,
94,138,41,129,112,80,43,
95,161,65,123,28,134,
116,148,73,187,151,101,165,85,27,17,63,143,160,2,106,138,128,96,165,64,172,165,84,86,
5,105,94,75,
27,161,13,78,175,90,44,10,111,107,84,181,
43,26,101,99,18,39,168,127,57,177,16,153,185,89,50,88,77,
124,181,123,
66,60,75,
103,91,186,60,34,166,171,127,142,175,63,73,76,49,76,20,30,161,
68,32,107,107,
122,2,22,40,94,134,28,125,188,
44,27,81,130,57,188,182,
60,64,80,92,
3,76,107,155,113,50,63,65,60,32,148,125,64,119,148,180,161,97,165,
101,9,16,66,152,48,29,42,115,75,166,143,18,
62,2,21,114,31,178,163,155,
143,177,12,116,25,71,
119,16,35,186,176,89,63,119,143,
134,122,22,3,2,20,87,18,52,
166,123,147,103,136,172,93,
149,103,85,
162,40,164,170,
135,136,42,57,
172,147,179,38,91,
99,17,141,50,138,
40,73,26,
90,4,108,142,101,
108,59,168,
172,181,133,141,
143,190,101,179,22,
169,
184,7,123,
116,185,170,8,
56,3,66,
10,169,28,162,
75,78,189,136,117,69,125,
96,0,59,
40,10,155,
55,134,127,38,
88,42,
144,184,48,25,39,
134,17,153,65,
60,134,1,
68,111,63,10,47,
130,7,86,
51,91,114,
38,22,17,54,
184,154,179,
48,60,50,26,101,
5,154,86,103,
52,60,98,
74,38,138,
95,48,60,
73,157,
175,2,116,
167,178,55,10,
19,174,80,75,135,
91,158,25,
103,92,75,
3,148,135,
159,163,108,
0,65,85,
187,92,103,131,
138,108,142,47,
87,117,134,4,
77,73,102,
106,2,128,
131,177,103,
73,110,149,
111,43,68,
94,35,115,75,
167,122,50,
163,42,32,128,47,
122,28,68,
119,115,40,43,
47,181,38,
39,10,17,
138,21,55,4,
95,84,141,
110,63,
96,188,136,163,103,80,
33,132,10,
144,18,10,101,
14,151,59,
72,162,60,59,
84,32,9,
73,99,133,
113,148,41,
47,68,21,
151,139,180,
119,119,63,154,
155,62,72,
7,21,86,
83,60,32,
73,103,130,
16,136,117,75,
164,18,126,
183,28,78,
8,63,135,84,
135,174,
190,79,169,98,
178,80,
39,68,124,
112,14,139,
109,17,33,74,
183,125,120,
191,112,64,126,
183,64,129,
190,73,96,
173,188,127,
143,84,16,
39,36,
80,159,1,
53,36,136,
32,133,67,
188,79,34,
134,171,39,
150,52,26,
171,18,59,
91,99,189,165,
50,174,181,177,
179,98,190,126,
130,158,38,
171,145,136,1,131,
42,161,80,
141,75,117,
10,24,123,123,
122,40,99,
28,30,105,
88,10,132,
151,115,127,
191,174,181,
169,178,103,180,
84,151,169,
23,129,31,
72,170,88,
154,59,78,
25,164,39,
50,30,167,
94,122,134,
186,21,165,
40,177,159,165,
148,29,110,165,
143,181,6,119,
189,88,84,
80,138,7,40,
26,47,185,
108,130,120,10,
155,6,35,
106,30,36,
23,96,24,161,
66,111,138,
121,138,2,
177,38,21,17,
138,7,116,
82,39,78,148,
139,48,102,
138,177,88,
141,124,145,72,
177,175,53,
132,162,
130,27,
1,151,100,
44,44,
159,56,177,
191,38,84,149,
51,107,55,110,
101,98,
158,116,17,186,
16,73,157,32,
17,43,41,
28,123,88,
55,111,165,38,
29,109,40,
83,169,24,
181,174,27,
49,103,122,
119,100,7,
21,120,75,
164,114,98,
34,17,75,
136,80,150,
7,110,104,
133,84,91,171,
41,98,172,
57,91,77,
90,111,165,
52,101,58,
68,191,60,
14,124,133,
185,138,65,
6,77,10,
96,62,62,
53,88,33,
36,32,29,
113,131,176,
35,186,186,
18,101,38,
161,66,17,95,
115,22,141,
120,131,22,
45,73,109,
142,17,66,9,
187,139,22,
116,84,
11,186,117,135,
156,156,68,
114,170,132,
109,174,103,169,
56,136,179,
181,80,186,
79,30,
160,85,188,51,
70,149,106,
49,42,15,
87,38,156,
85,177,157,
124,161,
93,134,119,
114,164,111,
0,20,159,
64,133,47,
142,60,73,
56,69,1,
133,59,133,
91,34,80,
136,95,
146,44,124,
118,117,17,
157,91,170,
34,176,92,
115,22,133,
186,154,119,
147,91,172,
98,136,161,
138,184,39,
90,88,118,
24,180,82,
54,186,55,
15,178,177,
23,80,103,
152,166,181,
19,90,96,
103,73,187,
141,85,154,
96,42,44,
111,120,105,
106,38,16,
108,183,50,
62,180,86,
112,139,41,
27,132,53,
41,148,177,
145,63,39,
84,27,188,
113,4,67,
72,4,178,
52,134,81,
126,109,99,
94,105,77,
9,84,39,
102,176,148,
40,75,151,
60,112,72,
82,68,179,
89,21,27,
58,12,174,
171,102,72,
104,127,44,
67,147,34,
116,80,127,
37,47,107,
129,94,131,
32,126,22,
95,32,156,
26,80,7,
47,188,88,
184,175,120,
74,115,107,
101,184,90,
181,121,
186,72,177,
9,111,85,
172,12,16,
20,117,8,
66,12,102,
58,147,4,
101,43,16,
168,183,3,
