98,31,180,20,108,185,186,
161,160,70,97,66,157,17,177,129,170,186,4,162,145,188,
160,135,161,173,173,181,
35,61,129,80,26,143,144,106,31,
77,24,150,37,186,147,129,9,145,85,104,77,125,14,
174,104,12,174,114,71,
66,136,177,105,66,124,190,160,53,14,142,4,35,7,161,104,57,38,141,2,155,95,161,
134,164,7,7,25,114,188,173,
133,156,40,23,86,147,119,85,156,156,117,56,34,
29,168,25,92,50,173,
133,159,97,8,118,9,142,47,110,5,14,111,124,105,113,141,
148,115,26,149,151,27,102,144,22,71,25,
105,68,186,9,140,5,67,
3,156,145,127,41,
135,156,188,69,126,0,138,137,46,
149,45,41,118,17,62,20,40,190,
144,183,7,159,156,31,165,35,85,
137,164,176,114,
19,175,147,27,
3,43,155,46,
122,170,103,178,77,51,76,181,120,13,148,34,
43,3,
65,102,161,32,43,25,98,
78,9,42,168,48,39,64,37,147,150,91,45,155,190,137,
36,22,27,57,149,185,106,127,57,155,182,
101,23,70,
116,55,33,125,119,170,172,159,
63,186,89,59,132,16,44,153,118,12,159,102,177,49,19,173,
23,133,43,24,85,
131,10,88,35,68,136,145,165,
144,85,24,6,82,176,68,145,103,161,0,
177,136,129,132,66,4,147,155,54,163,5,14,93,94,126,68,50,19,95,19,
88,117,17,172,99,47,112,
163,117,175,86,111,140,146,144,
50,29,157,111,144,21,12,148,
97,162,133,189,160,85,147,90,45,13,
175,3,65,88,135,24,19,50,6,74,
8,11,73,82,181,59,73,158,
108,156,103,111,
191,62,188,160,23,
180,152,84,31,17,41,
63,61,88,164,162,60,182,106,54,110,27,85,
137,103,43,102,166,11,
24,104,60,14,43,75,122,114,177,
157,128,80,85,102,191,170,
130,106,61,161,28,87,143,
47,88,79,155,94,
81,86,80,4,73,161,
168,81,98,159,116,46,
138,51,3,19,177,
66,39,
129,62,12,109,8,70,86,16,18,59,80,80,144,138,113,161,125,161,83,68,108,183,
61,52,14,144,177,156,130,83,41,
141,50,69,7,79,84,145,161,88,135,170,
152,120,141,65,97,64,60,10,120,11,
138,129,80,187,186,97,87,90,
175,102,150,10,80,
115,148,138,68,46,148,
173,2,158,63,
31,52,185,100,
152,167,39,75,180,
42,24,39,66,54,110,135,166,145,12,50,40,79,20,
56,39,135,139,153,52,4,51,166,99,78,
175,81,163,8,43,177,167,102,24,173,6,160,
31,131,34,10,35,58,69,
57,155,185,117,133,30,46,167,4,
30,128,23,68,122,137,61,85,146,152,
170,86,98,157,47,161,12,
54,86,106,75,137,159,138,30,
135,189,24,26,166,147,118,12,14,127,
103,120,85,12,190,15,55,
156,133,107,3,85,107,150,59,20,44,83,17,43,120,149,55,30,
12,135,108,135,
180,173,34,128,
180,4,7,1,120,34,35,103,186,39,
55,181,157,27,3,150,154,55,
150,50,166,186,178,65,68,175,179,44,
43,63,30,137,
96,38,100,120,55,141,180,
20,141,186,123,134,83,16,33,183,51,98,177,131,
81,26,51,24,2,
137,189,167,188,19,159,189,162,27,190,154,
102,84,181,137,131,68,162,144,
14,147,161,17,88,
34,133,27,128,0,133,
135,11,39,50,25,163,23,17,4,3,63,
167,149,82,159,106,
116,142,85,190,
27,36,185,80,93,27,184,
105,190,75,189,180,129,144,16,71,62,185,84,
110,51,61,16,57,69,6,97,
147,153,40,138,124,131,70,117,191,97,71,158,98,
158,49,63,114,55,6,109,147,104,173,97,5,180,
136,126,128,10,7,74,0,
153,179,150,135,181,
122,24,159,30,126,
18,64,126,109,
95,61,67,150,186,30,26,78,
140,13,25,43,156,39,83,49,137,
26,53,39,9,81,188,27,92,24,138,146,
119,68,65,28,49,106,146,74,
108,191,187,143,12,73,1,14,182,96,
153,24,172,24,106,83,83,72,173,139,131,67,117,102,150,7,
187,63,67,179,10,
40,150,41,60,149,183,147,154,
167,30,115,137,163,25,37,71,
42,61,191,61,166,122,185,
43,23,99,39,106,127,57,
137,43,186,78,30,
62,191,97,72,
112,148,10,34,77,35,126,
4,177,61,26,150,51,
83,145,188,42,26,184,
64,12,18,46,88,37,140,
14,61,177,38,70,77,19,191,40,77,
51,149,146,67,161,
39,50,2,159,8,40,180,68,24,26,106,80,8,117,67,140,
64,145,23,93,
20,132,163,79,42,20,55,
129,72,96,82,69,63,21,102,52,166,104,10,161,64,52,44,149,189,161,139,177,
73,123,40,18,85,13,69,155,175,
82,105,144,42,75,9,120,90,145,84,148,156,100,167,
186,166,138,
131,73,11,128,102,160,
98,170,118,168,126,136,79,65,48,
57,8,186,15,58,161,27,50,128,191,128,39,144,151,79,120,176,141,127,153,
95,66,136,85,90,172,
156,1,75,6,120,84,84,90,84,75,132,150,90,90,
183,167,40,122,189,
69,84,181,
186,180,147,186,52,191,116,
48,176,186,158,163,65,149,56,38,25,120,98,43,
106,121,33,10,90,99,155,31,63,
15,129,103,
160,25,6,182,9,22,
23,105,64,101,
63,24,133,102,79,68,136,161,
61,10,155,91,95,179,11,30,35,185,86,90,
191,47,181,35,39,175,136,19,25,50,86,177,89,59,29,106,9,
55,186,18,166,79,141,17,
79,20,57,47,
10,40,15,28,51,88,88,117,163,158,31,50,172,9,112,9,33,
113,136,14,19,84,
78,156,95,38,160,
187,138,110,128,56,57,
79,186,172,191,141,40,181,
14,55,73,113,1,37,
6,78,188,11,119,80,5,
106,41,140,36,137,100,35,119,
15,12,
129,56,23,168,186,15,104,42,142,53,183,
11,25,6,60,161,28,
46,115,3,133,
177,172,85,149,20,68,
73,126,
153,181,88,12,
159,159,24,134,8,64,24,40,24,58,
145,42,30,36,
112,9,165,88,68,
131,186,153,10,
156,104,48,82,144,47,69,135,76,116,107,
120,16,185,96,
106,89,157,72,169,
150,180,156,28,153,4,28,140,84,181,141,181,153,
18,32,104,49,55,
88,172,11,147,191,23,140,84,177,34,86,153,153,
83,97,24,
41,163,127,31,170,109,130,88,142,84,99,95,187,111,148,143,24,145,
118,169,6,13,155,177,28,1,18,187,66,109,149,82,172,171,45,78,134,150,
137,75,5,31,135,142,63,106,109,
49,128,143,190,59,57,158,34,87,85,100,108,
186,95,116,134,126,48,
110,164,69,25,126,
62,95,36,158,189,67,148,20,94,37,149,60,82,190,10,55,123,105,149,40,36,
186,189,85,118,94,2,150,101,80,37,66,46,55,185,65,57,70,110,190,70,182,1,67,
85,50,49,157,122,15,144,15,97,34,46,183,77,116,79,103,92,75,139,
83,56,129,140,175,65,95,6,61,169,181,139,
33,89,143,33,
164,89,97,110,
30,43,61,156,52,47,180,135,145,57,54,
100,26,128,106,111,
25,134,40,139,30,24,107,
71,147,50,
80,86,39,6,27,
2,40,36,5,
157,84,24,50,121,130,81,25,32,60,
137,140,101,0,
2,66,116,116,119,
135,153,31,75,
68,25,129,50,82,72,
3,90,26,175,128,114,62,166,88,97,138,
130,191,86,128,13,188,167,64,133,
180,93,57,154,188,169,98,128,189,184,50,158,
86,110,105,
122,183,106,
133,157,22,92,155,
88,141,128,131,175,63,92,12,115,
80,138,118,154,129,190,187,
157,50,183,161,88,106,
147,186,50,186,75,
73,190,171,183,105,35,12,8,20,80,108,68,
17,11,161,145,83,158,79,91,89,149,14,
10,37,4,94,1,163,135,174,57,8,57,127,103,113,62,44,108,110,72,119,16,9,135,61,170,172,176,91,2,167,81,40,86,109,175,88,40,
0,25,136,59,146,19,64,79,153,
110,135,43,84,13,45,52,97,8,162,
26,89,80,148,118,
47,142,149,186,86,54,63,182,177,
77,105,62,99,
22,189,133,155,64,
149,149,
190,103,75,116,
191,14,186,
72,182,159,90,62,108,36,1,190,120,62,65,25,129,
57,75,47,185,66,135,34,10,188,71,187,172,141,114,
102,19,75,188,41,65,5,175,126,179,
10,84,181,131,
7,119,24,34,180,66,16,29,
173,160,69,67,175,56,47,180,
81,185,24,
181,191,60,186,42,153,83,183,
1,1,173,86,100,176,31,72,166,46,62,180,162,121,156,121,162,
26,179,143,
68,150,112,119,69,132,85,177,142,78,138,
62,120,162,72,
3,102,135,
103,24,122,55,101,170,143,70,55,88,160,
170,157,186,2,4,169,103,120,98,148,143,171,116,
85,52,73,12,72,146,108,
145,84,66,159,
107,156,188,
186,179,129,47,170,181,92,122,154,20,27,96,
135,11,17,56,160,134,141,
56,48,50,106,111,187,93,146,
75,10,67,190,85,173,
2,85,188,173,144,42,143,182,11,43,165,
115,125,108,59,139,121,88,
145,120,161,3,83,15,62,178,64,85,124,120,50,
1,59,165,156,143,176,91,143,65,23,
85,149,158,2,97,134,120,178,
188,47,135,135,40,2,53,130,
11,99,69,120,130,71,93,8,102,32,66,27,191,
168,29,51,137,42,190,76,
153,56,157,121,81,183,
85,116,164,186,156,170,23,165,68,177,
185,183,57,27,0,181,68,34,96,81,50,
46,148,108,59,
144,137,146,163,2,183,136,9,183,
80,175,90,128,91,12,19,191,
162,50,186,147,29,161,102,189,
18,52,64,95,
153,88,30,116,
162,82,118,
34,7,180,122,
11,135,152,50,28,190,184,63,6,88,57,187,100,
188,104,4,8,28,135,180,191,111,159,163,102,176,93,9,182,
189,112,97,156,99,140,2,154,178,117,56,95,186,118,
181,13,121,149,77,85,170,8,170,180,
123,183,161,24,107,0,136,68,
24,172,42,89,37,42,25,15,160,157,83,
159,118,63,168,40,142,167,116,
186,77,129,169,105,7,138,143,20,98,
82,88,118,96,14,
110,16,37,112,187,9,86,75,
10,9,136,32,
36,88,165,56,176,32,2,
9,105,25,160,48,191,
9,26,106,144,42,10,11,104,
149,86,149,41,188,188,129,15,181,92,50,152,101,
90,95,99,61,103,87,113,156,
142,154,73,147,129,128,142,168,
59,1,67,102,0,74,
166,143,55,42,45,121,19,46,163,137,186,
64,18,41,87,153,31,152,65,129,0,37,127,48,
104,154,129,174,151,77,165,73,159,156,158,181,57,
48,154,186,64,98,
84,156,82,182,121,36,157,37,102,109,125,46,142,
99,41,106,145,108,
185,186,36,9,31,102,120,25,105,42,
105,105,73,42,126,82,77,97,115,
88,22,39,14,82,183,36,25,
116,148,73,151,101,165,85,99,113,63,137,160,2,106,82,52,177,11,64,
141,92,66,150,26,57,57,140,36,187,137,
183,66,114,181,
114,137,114,
115,120,74,
84,165,146,14,115,97,69,124,67,31,10,85,156,91,
53,129,30,
86,38,167,100,94,163,
41,19,31,16,18,149,40,130,132,64,145,106,91,90,158,149,189,
156,61,133,0,188,1,78,
69,31,79,173,110,60,
73,131,24,150,
181,181,149,90,156,98,10,119,
127,167,8,165,188,104,186,62,4,13,66,41,103,10,190,154,143,123,144,97,3,36,73,
161,126,129,
69,135,89,11,8,47,149,32,44,22,191,31,
24,181,159,161,152,3,
154,13,185,54,95,139,14,91,142,8,48,128,
12,64,103,129,50,31,
30,92,95,53,153,
4,187,164,179,81,161,126,14,36,40,
149,85,186,48,179,34,100,50,54,180,
104,38,97,188,147,135,146,56,34,134,129,122,
101,35,103,149,
179,44,30,28,186,153,85,14,101,168,187,26,99,
32,136,48,13,154,37,181,130,18,49,40,
129,142,77,54,35,49,80,172,48,
154,31,11,80,137,
42,92,181,168,103,
29,16,138,191,40,92,140,55,75,147,
61,124,24,110,112,42,4,54,63,16,73,30,36,
149,32,36,47,69,6,45,66,62,68,14,20,53,83,24,71,183,176,150,43,190,
79,69,63,52,98,
176,126,36,120,57,168,
31,87,41,84,69,98,157,
183,20,51,88,41,183,144,149,115,27,46,170,131,1,129,66,
19,191,0,157,160,191,17,176,119,80,121,3,63,138,137,66,137,128,164,
188,6,83,137,68,56,93,93,
20,186,161,
175,51,
68,42,172,123,66,41,
99,10,116,90,63,142,178,179,
5,60,137,23,84,183,2,
148,89,150,112,46,46,111,179,41,50,
19,129,113,91,177,39,144,79,1,37,180,79,93,120,128,177,41,
170,143,161,
159,32,144,
186,170,140,63,149,94,160,162,41,154,
177,19,161,12,24,76,
154,25,40,43,93,
106,161,43,127,139,153,56,102,167,
19,143,92,166,177,153,126,
142,99,
107,67,181,37,90,
172,89,73,160,173,88,68,122,127,177,164,98,138,77,
31,41,64,154,31,158,135,180,106,12,
53,31,26,175,102,60,66,
135,175,23,52,118,94,140,
100,136,174,183,1,34,106,154,173,
22,88,36,148,
159,128,39,60,118,12,
162,1,137,45,62,
59,138,7,
164,4,100,40,134,180,137,63,37,58,162,
55,43,55,26,158,13,116,
55,55,4,2,120,51,123,156,55,
8,40,129,123,39,6,84,50,109,10,52,
50,158,191,55,145,158,19,93,57,60,68,42,
14,137,135,165,17,76,24,
60,157,166,24,5,38,48,165,27,
56,188,186,67,187,141,75,84,64,
167,97,131,163,31,37,183,23,86,
75,82,87,119,102,162,18,105,
16,63,39,29,120,20,120,150,
88,7,52,103,161,117,138,71,
17,14,4,7,120,88,135,
128,159,136,180,100,88,166,130,66,30,24,
67,72,159,107,139,59,112,95,75,36,56,114,126,78,187,
66,186,161,141,149,163,0,145,8,120,183,143,11,59,18,153,
165,169,51,118,1,50,45,36,127,73,144,171,
7,144,155,42,134,66,136,34,22,153,
118,165,189,182,82,126,159,
172,72,89,25,42,106,74,24,
13,130,85,148,
55,96,138,165,156,106,12,
42,15,76,135,161,7,18,121,48,26,147,68,170,136,164,
181,102,186,40,114,175,69,170,107,55,181,150,
120,156,145,115,122,180,9,57,142,122,145,
143,186,46,127,176,191,116,34,65,62,106,101,177,89,19,170,188,108,12,50,150,157,
116,51,186,183,2,101,134,119,146,109,185,
30,159,138,77,116,94,92,25,
138,99,59,180,
51,122,165,20,
177,116,175,48,47,
117,129,189,88,88,58,188,125,113,
179,102,60,24,150,82,102,149,
100,149,86,24,106,85,
149,62,87,173,177,
9,120,
111,70,56,84,88,41,
80,70,81,3,17,172,32,26,157,28,48,20,8,40,176,
173,67,62,118,1,108,180,189,166,75,87,172,129,63,146,90,149,
102,81,157,11,165,175,125,50,106,87,
48,42,156,177,15,34,49,157,9,
187,2,20,4,131,108,80,164,
148,89,75,30,175,113,
25,167,24,140,68,147,113,51,185,88,11,154,48,
186,77,145,55,3,131,62,149,137,130,90,
54,177,47,63,118,
168,8,88,176,175,112,9,43,
17,149,80,68,
66,68,19,173,
125,71,115,
6,175,126,89,31,144,149,90,83,160,63,183,
90,186,185,80,3,160,190,9,
43,175,126,137,48,
126,19,52,149,18,136,176,67,6,6,
179,55,149,4,76,163,
147,14,135,42,49,162,19,94,
7,180,165,25,69,186,
84,155,180,144,128,113,174,163,8,72,
51,116,110,175,92,122,179,138,168,171,81,
177,50,191,138,125,61,
70,97,129,120,55,156,101,156,79,
13,139,34,46,187,
89,10,172,148,70,106,17,33,165,
126,98,43,118,135,135,73,161,25,180,110,
50,85,191,23,135,56,166,165,42,140,150,143,15,71,82,90,12,11,
50,49,177,102,128,68,
146,104,136,164,73,85,51,173,56,144,
69,158,171,149,69,
191,88,50,183,143,23,89,42,80,65,108,108,28,
75,47,143,56,137,7,171,100,20,26,94,117,191,82,33,148,152,16,170,185,102,
107,156,171,8,139,25,
137,54,11,168,141,
32,142,69,7,168,159,
34,180,49,98,178,26,104,41,120,10,168,
138,150,157,30,115,29,18,188,125,63,142,
46,72,149,56,122,
123,4,80,20,130,73,169,55,91,133,8,
111,118,133,148,28,189,100,163,
89,78,164,6,191,191,172,150,164,144,63,69,55,
52,173,46,97,157,31,126,86,85,88,77,61,139,129,18,63,
56,129,63,46,150,
161,11,53,24,129,154,
106,122,130,0,145,
150,37,156,186,13,40,89,87,40,86,92,154,42,147,7,
12,143,121,122,42,22,97,24,117,26,148,174,77,
39,78,84,138,139,16,65,96,180,66,73,80,
108,72,129,92,98,36,
97,87,70,148,83,
11,10,59,93,54,135,66,154,137,
24,179,7,81,73,131,181,37,152,37,129,
52,110,79,56,
84,65,39,110,156,141,93,111,145,123,26,172,125,
89,113,148,26,165,32,154,180,
105,86,23,
57,161,50,27,120,39,119,36,
161,141,66,51,154,14,156,5,
82,128,155,151,50,70,162,129,174,74,9,44,108,150,
160,175,90,191,131,
150,89,148,126,16,138,75,
165,149,71,84,112,108,127,51,2,
132,118,156,136,63,159,0,177,40,60,41,101,
82,116,60,8,121,
93,19,140,160,
40,147,150,2,142,188,181,32,10,25,
189,62,131,22,135,37,92,21,46,116,51,117,15,137,182,170,81,146,162,
125,116,102,31,77,177,
85,30,81,148,113,140,138,52,100,142,98,24,123,17,59,8,106,35,126,175,188,183,94,63,
157,138,103,67,153,55,133,
4,46,150,189,123,135,33,17,161,180,
24,178,145,185,6,153,78,40,109,75,60,25,19,61,165,145,165,159,127,41,75,88,13,135,23,
97,164,12,102,84,63,138,23,62,175,113,58,
24,55,42,47,120,39,81,144,54,184,123,83,19,100,26,159,
70,82,56,147,34,111,14,10,89,188,103,
170,85,33,165,181,90,103,130,141,120,
78,37,128,68,85,67,56,79,68,15,
65,150,175,143,84,50,186,119,6,57,12,94,97,176,20,
171,69,53,138,41,73,3,83,162,71,17,130,40,30,17,165,107,
140,50,133,88,90,106,105,
141,152,66,25,56,127,77,
119,29,133,150,63,67,165,51,35,116,19,
183,163,49,72,144,59,148,73,100,59,105,82,123,191,80,191,124,129,180,
34,169,118,70,25,31,149,13,7,118,188,52,
11,37,9,109,
28,179,150,33,111,134,158,
102,3,7,63,4,51,
128,157,57,84,3,35,80,26,90,61,82,78,53,142,27,73,78,180,
139,162,13,25,
55,70,145,103,14,175,
186,20,79,110,90,165,56,122,48,190,181,57,36,55,85,186,189,32,
113,39,106,116,
80,124,131,35,50,123,190,163,136,143,39,28,24,73,59,
143,1,170,26,46,33,2,147,138,1,61,
188,26,34,120,156,
149,51,176,167,184,85,72,32,137,156,88,
142,54,182,126,161,73,41,122,140,59,130,168,169,44,191,1,47,100,26,94,32,137,109,
92,108,133,30,141,51,19,96,149,
19,102,67,
106,100,63,31,172,
149,183,186,148,92,46,162,70,
182,72,2,63,118,152,36,189,
23,50,129,5,191,30,4,103,164,
49,138,112,50,
60,6,86,40,52,43,119,179,82,152,
174,82,0,167,
161,129,42,0,162,70,81,144,20,130,175,
93,11,188,31,
144,19,20,26,61,128,82,132,127,
10,127,106,153,
7,17,88,134,102,59,135,
158,50,69,159,187,100,28,85,10,185,31,189,
92,150,85,186,168,143,149,88,
159,158,159,122,175,138,
172,79,116,15,58,62,163,57,
118,111,80,159,26,135,98,34,
176,149,19,119,154,
121,115,188,106,131,84,153,166,114,131,1,
21,50,129,
33,73,106,152,187,126,
190,105,186,
26,42,3,34,100,5,132,4,60,128,
140,88,22,88,25,1,119,66,53,93,146,70,163,
155,106,177,102,133,106,
49,119,32,
114,158,183,114,134,36,57,
138,49,147,114,86,180,49,187,
43,24,65,55,
86,54,80,130,48,81,122,168,170,69,
50,177,65,10,180,185,162,48,57,168,
37,32,39,170,5,164,
97,85,167,37,158,161,80,39,85,127,
12,80,73,129,15,143,63,110,122,65,170,23,
119,181,2,
10,8,120,156,187,146,89,17,131,
37,78,14,44,
38,74,60,14,14,61,
102,75,179,59,
63,97,119,173,99,191,56,
62,68,11,173,51,186,1,127,123,79,77,
67,157,186,148,187,139,67,
52,116,135,20,156,
66,10,53,180,
85,145,13,154,181,
18,40,104,181,116,149,31,109,72,40,15,52,114,87,88,129,162,141,22,118,108,138,55,71,114,39,73,138,27,39,
25,7,34,160,157,9,48,148,
51,55,119,58,
160,136,132,123,169,80,11,161,142,185,159,103,119,169,24,73,0,30,149,139,47,77,167,166,73,51,188,176,47,97,144,64,70,24,81,77,37,73,152,26,27,
83,149,17,
120,19,24,149,77,49,62,156,17,142,68,142,59,170,
73,124,14,172,33,128,81,165,63,
88,149,25,
157,48,19,
68,102,63,
0,66,156,
25,185,162,40,
163,20,166,144,164,179,
27,186,34,
87,31,90,
36,114,141,4,108,
172,95,129,
11,116,131,137,
181,150,186,153,
32,65,36,
44,38,63,37,
67,84,67,
120,156,16,145,
106,55,100,
55,20,
37,24,64,
191,183,69,
180,19,181,89,126,
34,48,100,
40,29,159,
60,181,
114,138,
130,157,
136,100,144,
168,50,92,
180,164,149,
32,157,
150,153,149,
74,136,172,
25,65,141,88,126,
12,177,42,170,50,
54,33,129,
41,61,
112,88,67,49,
11,17,102,61,2,
93,27,50,154,56,
94,147,135,
59,11,191,134,
1,186,14,
17,180,19,
142,129,120,66,138,
182,160,47,
142,58,116,142,79,
106,35,155,9,
128,57,19,
75,29,135,
58,51,164,31,97,
68,177,105,17,73,
180,173,183,
143,130,35,
183,183,185,
15,48,85,18,
161,65,129,170,
183,5,85,
103,88,108,
165,102,7,89,131,
187,33,13,
182,189,108,
153,64,10,
165,89,36,
59,66,80,
63,138,6,52,135,
175,83,55,
50,149,147,
129,70,12,136,105,
167,57,130,
154,161,85,161,
143,95,191,
71,125,105,57,163,120,
37,77,64,
25,0,110,
189,183,111,182,
120,103,176,188,
71,174,148,88,
137,116,19,
130,186,170,
69,86,7,
60,63,26,
155,166,7,47,
178,85,145,64,
176,149,
109,116,11,
127,135,141,57,
156,140,70,
142,84,159,
27,148,60,
113,97,89,
46,13,84,135,
88,168,
12,153,85,
181,79,32,
81,175,157,
137,144,14,
41,68,180,
128,144,50,
174,174,100,
24,63,128,
20,52,149,186,
74,175,
140,64,29,
139,107,129,83,
32,11,149,10,186,
108,99,85,
158,8,28,
176,48,80,
51,4,25,
169,186,165,
77,77,133,186,139,
14,108,
19,24,177,
54,149,
146,0,163,
97,105,110,
159,30,137,145,
94,177,65,
73,39,127,
189,4,105,
85,78,186,
27,57,26,27,
98,181,172,
187,11,41,
131,121,
138,55,88,26,
104,24,66,
68,144,120,
188,107,
124,145,183,61,
20,80,73,
141,20,
107,123,
24,25,7,
72,62,68,84,
76,168,177,122,
61,143,38,
99,138,77,56,
48,50,25,32,
94,86,47,
40,4,14,25,
181,85,160,
81,168,153,189,
88,103,112,
0,106,144,
74,119,59,
114,24,181,
110,63,133,
168,32,86,
155,73,22,36,
169,106,83,
15,78,
4,56,55,135,
23,135,12,
95,83,
72,106,46,
0,137,135,
52,186,34,
43,2,154,
18,66,
22,160,
55,103,29,
9,112,133,
175,148,
186,147,161,
164,89,187,163,
108,82,115,
139,85,67,
103,42,137,
126,122,102,186,
154,176,186,
121,181,153,
106,113,54,191,
114,3,174,
75,110,156,
28,80,119,
90,6,107,
49,48,
59,8,120,
160,19,93,
122,42,
46,52,166,
149,69,
162,149,75,
7,32,
150,55,4,56,
143,41,
73,8,
128,187,131,
142,120,68,
1,108,
138,172,159,
133,63,140,
84,5,
189,137,41,
24,103,175,
40,79,132,
172,84,57,
101,137,132,
67,105,173,
64,56,22,
185,98,
149,126,179,
109,18,
68,62,131,
38,44,78,
90,156,186,
188,134,161,
17,10,55,
160,103,78,
69,110,69,
113,148,90,
180,66,138,
157,143,28,
47,170,188,
86,60,47,
156,52,108,
129,117,24,
56,83,
173,66,100,
146,30,26,
59,63,46,
166,56,155,
190,137,149,
187,56,67,
1,143,183,
39,56,19,
152,182,30,
75,147,150,
85,144,95,
4,102,57,
10,99,66,
164,19,85,
27,55,137,
116,186,153,
115,105,167,
5,105,
121,157,82,
118,162,54,
168,179,142,
183,157,153,
51,102,56,
43,149,168,
79,70,19,
128,19,49,
133,46,130,
154,55,
143,92,49,
70,149,161,
155,3,
161,57,63,
41,3,186,
28,130,191,
190,168,149,
148,122,
132,68,20,
64,116,130,
144,148,102,
138,68,135,
14,38,4,
135,4,12,
120,85,11,
5,161,26,
91,
39,113,57,
47,173,69,
102,155,148,
57,50,172,
162,1,164,
92,30,26,
31,93,125,
173,134,29,
79,55,42,
140,135,141,
19,14,113,
93,64,188,
