182,122,156,147,
50,89,146,189,57,191,60,16,104,150,108,116,67,
780,693,47,125,187,53,116,127,54,100,81,121,153,24,11,105,61,
86,16,115,149,112,187,
2,3,188,126,91,
78,151,185,78,15,43,
97,109,156,146,14,91,68,112,
148,109,30,48,190,152,
129,160,159,40,155,32,
404,427,744,13,83,50,93,107,
3,67,160,13,177,45,37,76,48,167,117,140,186,
146,35,50,48,33,44,61,88,183,30,
133,151,75,129,39,144,67,
190,393,102,108,90,155,33,171,189,181,110,138,
0,163,178,140,100,189,186,
142,124,109,48,
804,13,10,135,555,
93,100,76,1,94,84,42,85,51,129,15,182,176,66,86,117,102,141,191,117,
115,138,103,186,
149,167,124,141,188,132,1,93,144,
99,378,77,82,65,26,187,
86,393,75,35,107,
75,102,189,95,180,54,133,17,74,32,71,69,6,108,
35,190,16,43,9,18,147,
12,146,35,
164,38,
31,38,17,153,
16,172,15,71,4,128,92,
13,804,23,404,97,93,150,
103,186,97,40,34,70,142,149,115,69,184,15,
186,100,78,66,
15,3,180,93,16,44,191,64,120,85,180,145,5,113,179,
177,143,164,
64,28,39,147,32,131,41,104,87,74,79,159,161,
71,75,84,12,
98,9,159,86,
115,152,124,78,1,132,60,43,15,65,161,122,
10,189,655,21,133,54,113,31,35,167,38,76,188,144,
20,106,125,156,
116,780,48,60,73,
90,130,77,7,122,136,0,81,89,80,67,186,16,123,
108,9,31,95,13,173,
118,74,83,22,90,59,
65,30,45,48,27,97,185,118,
17,116,112,77,31,93,37,12,141,108,54,159,85,140,
78,102,98,81,68,96,4,185,176,186,69,3,146,84,183,72,79,115,
143,9,113,76,54,177,188,40,
182,93,73,127,157,81,29,135,65,132,
393,171,38,86,175,35,18,190,24,86,118,44,73,88,109,144,39,940,23,850,185,
151,57,167,68,78,102,59,171,3,133,93,111,43,6,176,
163,108,191,86,160,
43,70,115,
121,187,119,74,70,106,103,181,109,
14,97,167,103,52,150,184,
95,172,116,154,171,144,146,95,1,116,68,141,106,15,38,159,
4,74,74,175,166,116,169,156,84,68,154,165,
154,161,38,125,48,160,102,159,185,189,
45,39,133,
83,144,
123,167,133,69,57,54,21,58,144,152,120,55,164,111,48,74,149,
180,186,164,
9,38,378,
91,180,85,43,4,118,177,
189,133,50,102,
131,90,116,8,168,74,166,116,10,93,
125,91,154,20,159,92,96,158,79,128,
913,15,116,
92,186,28,37,
38,9,74,154,123,56,51,177,93,34,53,108,138,31,165,15,160,104,180,156,
112,31,144,33,52,88,
74,4,167,146,7,117,22,67,135,30,76,90,54,130,
155,190,55,37,116,27,83,108,104,62,180,147,
50,54,91,84,123,404,74,177,136,9,107,56,109,146,159,167,
150,167,15,183,38,156,165,59,
175,760,181,46,161,10,35,146,61,7,116,113,2,
29,107,9,161,87,103,91,
184,693,189,95,23,101,76,146,77,107,0,183,11,107,
189,10,8,24,75,10,7,72,175,124,54,152,109,26,167,
33,940,59,157,
160,38,
34,
3,151,
9,108,109,38,190,132,125,9,12,106,88,104,81,21,104,123,5,186,98,43,178,113,
13,108,81,124,178,
144,708,83,2,66,10,84,121,34,122,112,114,95,16,
3,102,15,2,102,185,112,94,189,155,82,25,31,59,68,76,86,0,80,
51,167,93,72,141,46,180,126,151,122,107,
135,21,74,
181,190,103,179,186,
167,16,77,124,151,185,172,74,51,113,126,177,123,52,104,125,130,149,189,180,45,161,41,186,14,138,81,110,154,
84,26,71,2,
108,35,190,140,29,186,157,127,149,50,138,109,184,56,
184,378,167,
172,167,1,95,140,13,16,53,13,24,117,
113,29,93,40,85,79,98,134,167,156,136,143,69,168,147,55,
138,102,147,171,61,26,3,170,115,177,185,190,
84,378,171,864,108,0,42,188,
92,37,108,188,119,
74,186,121,118,184,39,124,191,4,27,133,60,
93,17,151,13,104,14,38,1,103,103,
186,28,2,98,103,149,147,77,86,86,73,162,180,92,56,177,179,10,93,
92,161,16,117,
23,170,114,7,48,76,
10,131,175,87,9,58,170,
116,762,17,131,17,81,159,
427,404,764,71,115,89,
172,160,57,24,
631,124,7,177,183,26,708,21,22,144,115,25,126,143,
103,191,93,3,76,92,
98,186,102,83,29,51,23,56,168,
140,172,5,25,111,129,124,
940,136,393,12,33,160,150,73,98,48,45,131,165,
4,124,171,91,71,188,88,
40,91,129,
132,115,
161,30,75,129,92,97,10,83,37,105,119,147,169,185,
162,96,46,173,138,79,
60,115,98,74,50,
41,762,167,16,
18,108,11,83,155,16,31,181,
102,11,190,97,126,78,75,708,138,126,61,130,3,317,21,189,138,
113,10,104,10,97,28,126,
28,116,44,92,132,51,64,167,
850,189,57,34,173,159,15,168,118,90,84,82,125,393,76,73,
35,57,393,188,161,76,146,141,37,149,142,105,26,185,12,
117,74,88,53,3,152,
51,88,91,
111,109,37,191,117,
50,135,141,191,15,60,84,153,
85,93,69,17,72,91,160,114,
15,913,95,69,150,169,378,71,
109,97,107,111,147,189,191,189,141,148,156,142,45,175,
130,37,183,40,144,104,161,90,134,93,91,41,167,151,46,133,103,147,
26,138,54,84,83,173,24,
152,67,156,184,35,81,103,181,57,156,189,20,115,73,21,10,13,153,
18,120,88,
122,115,100,182,105,119,66,72,25,
138,38,12,115,118,70,
138,108,162,135,
9,9,29,122,144,81,3,49,143,7,95,154,130,176,
133,57,56,62,189,177,154,45,123,68,31,
140,0,2,98,145,46,
91,50,160,40,162,39,96,51,125,38,
135,804,124,55,50,130,154,158,65,70,134,90,131,114,183,161,
183,106,150,127,8,78,44,
112,3,17,125,
37,130,99,116,92,111,12,5,185,135,107,
190,41,189,88,
146,20,130,150,167,28,60,102,
83,404,116,118,104,187,98,116,68,177,19,
160,940,172,129,77,6,80,9,187,
188,145,143,32,143,185,129,164,
116,136,83,33,80,2,38,151,
16,53,167,61,3,86,159,161,85,90,
693,780,164,184,23,176,141,143,162,72,121,57,71,26,159,7,162,
115,86,127,37,122,142,427,102,123,
0,108,11,55,18,184,
56,21,186,108,
146,74,78,49,182,12,12,
120,15,123,134,87,2,
85,15,104,
118,30,57,
59,95,151,150,37,157,126,
53,16,27,114,
108,31,5,18,67,142,0,40,163,125,60,176,143,103,115,21,148,
124,167,631,135,151,156,189,115,85,16,149,116,142,52,4,
378,717,81,32,15,102,164,99,84,114,93,184,120,51,9,140,
191,74,50,62,54,93,163,19,158,183,
84,850,61,73,25,35,54,77,36,78,190,176,167,
102,3,93,91,96,170,
809,62,80,32,38,
171,393,124,106,71,97,98,190,167,149,98,
30,65,148,161,72,118,47,
171,95,151,186,4,122,143,67,108,147,46,
130,146,40,
17,75,39,169,184,
57,693,42,
77,70,17,191,99,121,67,86,75,146,175,160,1,131,
31,22,42,133,92,78,26,167,163,
178,0,48,108,166,186,46,109,91,
79,113,20,42,
68,111,151,118,53,85,127,145,157,
21,123,7,56,166,95,151,42,135,177,127,
180,125,15,
96,78,762,75,71,39,92,
167,189,24,184,
170,3,119,93,23,93,8,102,25,143,104,87,17,56,
106,0,9,23,7,97,77,141,148,88,20,39,183,145,191,109,190,
81,9,183,177,
72,51,85,52,
762,116,131,153,56,102,69,112,41,96,96,113,46,68,147,2,168,
38,138,128,66,67,21,31,37,9,164,141,809,
191,109,103,81,15,110,111,45,41,50,127,
41,93,71,159,0,190,20,5,172,101,76,154,116,160,168,
159,850,13,147,66,21,117,158,98,186,90,132,26,154,191,
55,135,123,
100,122,186,136,62,
31,996,58,108,184,69,72,42,119,108,183,27,39,54,7,103,112,11,45,60,85,25,18,29,
57,35,80,133,108,151,140,7,32,94,123,110,163,
67,38,3,174,11,133,50,
156,124,109,52,55,182,163,96,150,4,107,
45,940,109,
180,51,167,
54,191,123,
36,189,118,13,
143,185,188,
68,78,95,
113,175,762,
183,89,135,81,
31,38,
86,186,20,
120,185,36,104,103,138,18,6,378,
93,170,131,
69,103,75,
103,108,93,
11,0,18,
62,809,55,72,13,179,20,
92,31,
61,175,780,
183,631,
12,37,88,
38,91,150,
175,4,145,
2,27,149,17,154,184,
37,38,
41,191,64,53,
62,191,133,
146,97,77,
28,186,146,
136,116,100,
131,64,
175,393,
114,378,164,
189,184,36,
122,144,51,
179,15,181,
157,108,68,
86,93,186,77,
106,95,
11,184,780,
119,31,122,
104,83,38,85,
11,31,
53,68,38,
46,162,
30,74,
8,170,
155,3,
109,121,
111,68,123,
88,111,12,51,141,67,4,18,
23,393,98,
163,31,156,
189,850,
149,123,86,
177,3,38,
155,18,
104,120,9,
15,103,93,
88,4,117,
154,4,167,
110,190,167,
144,123,
38,95,116,
147,762,130,
145,15,68,175,
17,116,
85,68,16,
67,89,74,171,
26,35,693,
54,26,84,
157,33,59,
32,64,
7,21,175,
73,850,84,
82,850,3,
100,0,
141,38,50,
65,115,135,
114,53,135,
25,170,122,
16,41,144,
2,116,84,
112,97,86,
35,86,108,
76,23,103,
160,154,3,
132,9,
141,51,149,95,
101,184,
0,3,84,
80,3,116,
56,50,38,
24,185,26,172,
27,65,31,
182,146,
76,74,
3,16,
15,78,115,
95,108,140,
6,171,120,
185,24,57,58,179,85,10,
1,172,93,3,
1,77,149,
96,125,
93,378,
159,125,129,
145,188,
7,9,74,
44,15,183,
132,182,149,
62,155,100,
79,125,
68,83,97,
117,111,92,
97,113,65,
55,113,0,
167,31,150,
104,9,64,
77,160,90,
177,81,91,
83,155,18,
43,9,78,
116,28,
177,21,138,
77,167,84,
46,175,
147,138,64,
151,130,124,116,
169,17,161,
151,21,116,
180,155,75,
131,77,940,
48,178,23,
152,117,123,
161,135,64,
37,161,92,
98,940,60,
69,123,31,129,
168,131,
101,41,
118,68,36,
160,77,
60,146,31,
45,65,31,
146,175,95,60,
147,182,113,155,
107,37,51,156,
168,41,762,
75,161,86,
7,31,90,
143,171,
25,3,631,
76,3,143,
68,3,4,
160,41,91,163,
159,693,
43,65,
71,4,96,
24,167,172,
158,191,159,
147,35,161,
188,92,84,
30,146,
144,149,631,
74,50,131,
52,14,72,
146,184,
147,186,109,
116,175,41,151,
121,693,
138,167,
156,97,
185,35,3,
161,175,35,167,
176,9,84,
88,190,112,
126,2,102,
170,138,10,
40,113,143,
48,940,65,
85,185,
55,156,
90,74,159,
3,138,117,1,
78,31,
126,113,631,
86,3,98,
65,99,182,
56,98,170,
185,78,120,
65,43,123,
109,106,108,
189,190,109,
54,143,74,
129,161,188,
21,108,38,
149,2,
1,115,
48,154,146,
114,85,23,
147,49,171,
83,161,26,
57,172,850,118,
2,120,175,
171,75,84,6,111,
22,74,118,
141,106,109,0,
121,144,77,
111,171,140,151,
180,15,91,
20,146,
13,152,3,
148,106,108,
152,148,
79,64,78,
17,2,170,
128,16,38,
70,77,2,
186,167,3,
134,130,120,
90,131,190,
163,0,57,101,
158,135,
186,90,178,171,
127,183,68,
90,135,118,
189,190,73,
121,
144,
151,51,
84,50,138,
91,2,178,
104,155,130,
92,16,103,
185,393,161,
15,50,95,
153,31,50,
39,64,17,
4,156,78,
150,13,14,
102,762,98,
94,3,57,
126,102,59,
165,150,940,
159,64,95,
78,78,183,
181,18,175,
135,37,138,
12,146,138,
184,108,14,
173,26,162,
81,9,78,
136,90,50,
56,762,
131,135,
171,138,
143,693,188,
118,89,
154,95,
150,156,940,
187,160,83,
144,133,393,
9,160,10,
143,170,631,
42,31,21,
20,79,41,
183,146,191,
167,10,50,
96,102,156,
46,140,171,
66,186,159,
130,9,74,
16,50,35,
108,75,155,
57,123,50,
103,14,31,181,
189,3,167,
88,106,
53,117,780,
60,116,
76,93,3,
103,120,130,
154,2,9,
190,106,148,
93,113,170,
3,708,170,
162,91,186,
42,57,
184,74,
80,809,
188,143,149,
184,17,103,
33,190,7,
45,3,
116,95,155,124,
84,78,
189,154,0,
186,0,181,115,
29,31,98,
27,2,53,
42,84,79,
32,129,75,
37,3,17,
129,93,708,
176,78,693,
134,135,
6,160,75,
59,3,
159,16,17,
13,172,36,
109,178,50,
11,67,
159,116,50,
124,13,140,
123,57,115,
102,189,151,
26,99,189,
109,9,189,
153,780,
108,178,92,
88,9,
80,160,90,
188,4,2,
87,10,120,
61,146,102,
5,37,15,
66,38,144,
156,152,113,
70,43,138,
176,93,151,
72,189,
142,115,
126,167,
68,762,
25,84,
15,850,38,
133,69,130,
105,122,
21,631,
10,113,152,
75,77,96,
104,89,50,
153,762,
92,125,
177,50,167,
136,113,
125,167,112,180,
52,112,124,
71,16,15,
58,10,
185,167,
48,3,
177,83,
166,131,21,
123,9,864,90,
71,41,
189,102,
66,122,
12,940,
118,91,65,
132,28,
74,64,123,
179,186,
89,90,427,
89,172,
29,113,108,
81,167,
158,125,
110,191,
45,167,
161,115,16,
7,185,
61,16,
87,170,
108,171,
76,41,10,
122,115,
127,182,115,
46,51,
185,188,
45,191,
186,108,
34,144,103,
69,762,
187,99,86,
105,780,161,
84,93,50,
167,84,146,
93,15,149,
175,109,189,
107,404,86,
156,4,20,
79,162,
164,180,114,19,
67,90,88,
173,108,
16,124,
116,83,50,
7,23,
43,91,151,
189,
49,146,147,
47,30,780,
143,6,
39,133,45,
146,50,
81,13,116,
185,138,
91,102,29,
85,31,
155,129,
35,84,
16,92,18,
178,13,
37,155,59,
59,33,
12,71,
150,50,
10,161,
26,159,
97,102,106,
58,123,
190,84,35,
140,17,3,
91,97,
102,146,115,
73,116,940,
145,140,
131,762,
4,88,16,
8,183,
64,15,
126,51,
185,37,65,
98,171,
75,171,
114,144,
90,850,
140,95,
84,144,
140,378,
99,37,
135,182,
101,
122,90,
117,93,172,
167,113,3,28,
116,37,
183,130,
119,170,
70,135,
104,93,
34,38,850,
61,138,
129,42,
81,182,
164,123,
70,103,
123,50,
77,106,
119,161,92,
127,108,
72,30,
72,122,
21,9,
164,177,188,
188,10,
184,0,2,
92,96,
138,38,
95,95,
113,15,
31,10,
98,140,
72,78,
28,113,
168,113,
133,74,
51,28,
25,134,
18,0,35,
27,74,
183,78,
156,38,
39,74,106,
48,123,142,
104,167,
40,103,
0,41,
125,780,9,
9,35,
191,106,159,
161,154,
115,138,
102,378,
144,130,10,
66,93,
52,167,156,
165,38,
5,9,140,
27,94,120,
93,130,191,
73,186,152,
78,84,
81,780,191,
19,67,
67,93,77,
108,25,17,
160,85,
61,
125,
33,112,
141,17,93,
168,98,
83,
58,185,
117,3,
25,31,
7,106,57,
95,21,
172,41,
76,850,
42,484,317,754,
164,13,
35,10,152,
46,762,
125,850,
180,38,
60,108,
74,93,38,
55,155,
69,85,
19,83,
32,57,
162,693,
51,378,98,
10,186,
101,163,
7,693,
190,
185,124,154,
54,17,50,
140,57,108,
158,349,
69,15,133,
177,186,
19,191,
118,138,
141,88,693,
73,182,
96,762,
115,108,
61,84,
186,9,159,
69,113,78,
106,555,
46,178,89,
0,106,141,
121,780,27,
117,159,
40,130,
53,41,
86,163,
3,103,
123,38,
32,
128,125,
122,171,
183,31,
110,57,
44,146,
41,130,
174,67,
2,140,
6,151,
36,84,
104,113,
165,4,
317,42,102,
29,182,
33,146,
26,31,
169,4,
60,
175,77,
77,186,
106,121,
93,186,
43,35,
130,135,
104,170,
191,745,
23,184,
35,175,
38,10,
156,150,
159,154,
154,159,41,
37,35,
74,75,
145,106,
157,182,
26,86,
0,184,
60,50,
143,108,
95,75,9,
