109,201,107,83,4,148,191,
75,67,99,144,154,163,59,85,162,36,
102,922,11,190,119,175,78,75,127,66,138,11,0,66,130,3,
142,7,120,184,25,
149,201,922,115,45,140,3,24,98,175,
29,119,107,9,161,
154,189,867,74,136,
171,23,145,72,96,152,
103,61,186,97,129,
708,683,161,47,187,129,32,
74,924,32,143,156,36,114,65,
276,23,50,172,16,121,23,189,12,105,130,150,175,186,
184,693,924,95,5,101,12,166,
9,9,29,122,
6,152,184,188,189,173,
182,61,940,44,106,185,21,
61,260,113,56,62,
49,867,3,29,43,114,119,124,53,178,31,184,185,250,
134,84,0,
933,46,155,13,17,17,37,98,54,57,32,
804,13,12,10,555,
119,29,37,
183,186,
130,37,239,87,4,40,52,103,156,
386,16,478,534,29,
107,57,149,133,
61,393,33,145,182,103,165,140,154,38,119,123,127,
133,906,
557,108,41,50,178,189,64,167,
393,171,38,86,35,18,61,190,5,118,184,13,73,88,109,37,166,
631,124,70,7,69,
175,127,102,131,140,191,
16,84,276,181,71,115,780,136,
178,557,135,
121,594,276,187,119,95,74,
378,717,81,93,
42,31,103,
175,922,4,91,83,35,171,128,191,
167,201,63,60,124,151,90,125,172,74,51,113,126,113,
125,191,11,93,180,183,97,152,30,179,40,77,140,168,35,49,73,
780,693,129,125,187,23,16,116,127,54,100,
76,683,201,156,54,86,187,125,171,80,
130,102,32,85,88,172,
35,57,393,188,171,43,146,129,
93,910,
67,152,158,189,75,57,136,19,23,
110,702,89,165,
70,170,631,43,27,99,38,
31,996,58,108,184,86,72,179,42,185,108,156,83,121,71,54,
162,850,137,92,55,46,114,
17,933,46,77,66,93,51,186,93,
9,108,20,38,190,125,9,106,
93,100,125,1,94,42,85,51,129,
18,799,107,
46,239,933,157,104,17,49,19,74,95,146,
20,9,161,206,111,89,172,117,166,
89,20,119,
118,0,239,109,144,151,120,924,
702,83,110,38,157,144,175,
50,0,91,84,11,799,107,
172,20,
8,164,922,185,61,
50,276,146,45,53,
189,67,610,84,0,54,6,100,922,
693,780,164,184,23,33,34,150,170,187,57,
239,46,81,84,111,7,118,130,154,178,93,24,
107,18,106,157,165,85,
133,57,177,154,
33,693,
145,25,47,145,
260,61,984,113,122,181,41,
186,183,2,98,175,103,111,149,
189,719,10,154,24,178,75,10,7,61,188,
864,628,887,177,54,25,
906,43,133,
74,18,121,154,118,145,
180,35,125,174,67,77,138,141,
106,0,9,23,
124,167,631,135,
487,25,4,57,30,88,
7,142,631,173,99,
171,389,393,124,106,71,97,98,
106,82,32,43,23,16,107,23,100,143,191,55,150,86,
850,162,99,173,159,145,170,168,118,
23,171,276,71,61,72,155,77,737,
25,487,786,168,64,13,108,17,864,
125,167,922,
940,121,154,182,41,160,
57,35,107,133,108,146,151,140,125,
33,61,53,72,61,108,
16,386,65,
93,349,378,
318,762,301,
43,49,70,87,
594,0,121,161,83,120,47,
114,910,142,144,
206,373,20,40,154,65,
867,321,28,49,109,105,178,154,84,50,
109,867,130,118,154,168,
83,702,172,177,97,
13,804,933,21,23,404,97,93,
113,61,17,85,79,16,13,98,
762,538,318,98,
683,708,76,186,68,4,37,12,69,
103,174,42,41,191,104,113,
108,31,7,557,67,142,125,60,73,
610,439,189,
799,18,161,33,50,124,
135,955,178,
910,680,164,114,93,94,51,148,30,43,171,174,
84,239,16,134,189,167,
955,135,136,38,63,93,
201,31,109,66,167,169,20,76,67,69,120,149,
190,393,102,108,
922,175,102,43,102,146,96,8,170,139,58,96,149,29,125,25,172,126,149,171,189,
41,93,557,71,120,159,
0,50,594,38,60,14,12,134,87,45,73,86,136,2,3,111,9,150,169,51,96,179,188,106,121,
172,130,167,4,31,95,141,
38,9,
152,67,6,156,184,177,34,81,181,156,
737,719,74,142,545,161,134,152,17,120,136,158,23,
177,864,152,365,65,169,
185,8,182,
183,719,125,686,
522,224,252,46,141,9,
439,610,
719,737,293,183,189,118,119,165,29,86,182,29,173,78,
809,62,80,32,180,
62,18,809,55,72,180,13,87,
15,913,95,
35,180,125,
57,67,933,174,
175,186,95,24,188,
924,74,159,184,172,9,71,133,28,90,118,166,
159,850,13,
91,50,175,
37,933,119,
120,594,118,
10,189,655,7,
404,427,744,13,83,
40,83,206,
152,
144,75,0,165,
144,702,
30,910,
86,719,31,49,
29,719,
108,33,190,
78,102,719,
154,75,940,
93,239,17,13,
58,922,
40,125,
38,702,166,
72,23,
131,175,
862,363,
18,62,303,
180,809,62,8,
85,130,93,
188,0,
389,171,182,32,63,
655,338,374,10,
184,6,
3,49,
146,922,
98,149,762,
63,25,389,
28,867,
111,20,
83,404,40,
13,113,393,
538,762,
427,404,764,
46,522,162,
129,780,60,
3,149,102,
162,365,75,42,
51,17,910,
115,16,149,
141,180,522,
130,276,
37,130,683,
100,189,780,
154,239,
156,74,31,99,
148,109,910,
156,152,130,
96,0,922,
913,15,116,
66,201,102,
146,57,
150,0,
164,8,910,
166,38,
139,922,
88,130,111,
17,113,737,
55,106,162,
32,106,933,
29,719,49,
700,165,
74,737,167,
151,57,167,
187,708,76,
104,46,
728,20,75,
174,103,180,
4,172,109,
79,113,
170,693,70,
188,189,6,
114,49,162,
165,700,
169,201,111,
555,285,760,804,
187,693,365,
31,201,172,
24,175,149,
120,142,41,
119,61,49,
141,172,
12,804,0,
181,16,152,
172,83,89,25,78,
51,167,93,
4,175,487,19,10,121,
116,780,
75,102,189,
172,276,924,
129,103,35,
80,809,
2,0,186,
140,61,175,
138,180,84,
171,76,922,
87,0,
363,862,
92,162,
23,780,67,
45,149,50,
84,50,138,
179,125,31,
108,9,31,
98,186,
101,184,
95,121,46,
185,31,
83,175,
61,8,189,
9,924,522,
23,106,106,
135,124,
167,84,557,
83,109,31,
0,144,102,
31,49,
125,780,9,
191,103,
175,760,702,
161,594,
142,114,
7,189,239,
779,786,95,
95,779,760,179,
285,555,
73,0,393,
123,61,
119,102,
191,125,745,
69,683,631,
93,955,17,
129,93,708,
126,167,922,
174,57,910,
75,728,
146,35,50,
36,74,
38,955,70,
95,15,
102,922,
77,125,17,
5,184,393,
186,111,17,
157,107,365,
53,49,50,
99,850,156,
154,349,206,
43,906,910,
95,172,
23,13,276,
19,67,46,
165,61,110,
158,327,67,
130,102,109,
125,57,76,
43,106,35,
50,557,
150,106,693,
11,50,
65,373,
786,779,25,
164,13,
65,74,177,
185,49,
52,130,
89,172,
57,487,
105,276,
171,175,
178,49,239,
28,924,
69,201,
63,167,
4,130,
66,102,17,
98,171,933,
128,175,
121,0,31,
111,169,928,239,
86,0,26,
189,276,25,
170,850,
327,158,153,
157,46,
18,74,
149,107,186,
175,276,149,
32,708,
191,109,
166,20,924,
65,206,
173,6,
25,922,
158,737,
57,693,
73,125,108,
136,16,154,
80,76,
88,
56,95,61,
71,41,
53,33,
17,25,933,
34,152,693,
140,149,
12,184,683,
113,167,103,
191,106,
155,23,933,
0,189,118,
103,130,
54,31,76,
102,130,
178,497,189,
94,910,
87,130,62,43,
119,719,121,
158,349,
373,65,206,
42,484,317,754,
138,102,
186,683,
160,940,
159,924,
152,125,
62,
172,59,
127,61,
60,129,108,
7,10,108,
41,940,
161,25,737,
146,184,
81,239,
111,186,
90,167,
16,106,113,
154,61,
166,184,393,
50,867,
149,922,
71,171,23,924,
928,111,
154,109,133,
191,175,
3,0,
97,125,171,83,
37,393,
90,924,
136,349,955,
29,922,
54,189,780,
178,867,
107,50,
116,913,
105,867,
173,7,719,
47,145,
106,684,
168,25,250,109,
188,74,
47,708,
628,864,
145,497,850,
143,106,
165,719,
11,125,102,
163,
136,737,
145,145,
95,175,
77,180,
43,922,
60,0,
71,31,
83,594,
11,102,
184,152,49,
61,23,
59,172,
131,996,275,
26,40,86,
71,16,
946,967,188,
11,
684,997,382,861,106,
967,946,
996,31,131,75,119,
127,102,
152,737,
60,167,
99,70,7,
184,393,
146,46,
21,13,
7,745,
121,940,
124,49,
42,162,
10,804,
100,93,110,
143,6,
599,238,
250,22,148,168,49,
603,995,
356,958,284,562,
562,356,
184,
114,74,
187,121,
145,74,
97,13,
38,61,
188,175,
118,74,
89,41,
93,41,
150,276,
169,177,
113,167,
122,9,
120,737,
134,
61,33,
144,114,
184,142,
82,106,
182,719,
47,594,
59,75,
127,175,
158,111,
119,89,
24,239,
62,61,
96,171,
156,76,
165,107,
25,142,
44,182,
100,106,
171,35,910,
42,93,
140,57,
133,924,
152,171,
67,180,201,
7,
94,93,
68,683,
104,103,
109,393,
118,393,
179,95,
179,0,
169,0,
74,46,
78,172,
96,922,
13,62,
108,25,
64,25,
58,31,
478,443,386,92,
930,350,
317,42,
958,356,
25,0,57,89,
81,116,131,15,109,110,100,
359,340,
177,133,
69,114,37,35,34,162,142,41,64,109,62,123,12,166,66,129,25,
107,50,75,46,156,178,1,50,34,
5,182,70,
87,52,169,35,131,165,40,130,
27,70,
98,113,
169,128,32,40,26,6,41,103,
161,29,
106,53,19,155,187,64,147,132,17,93,153,155,6,350,930,
189,67,2,75,128,12,64,59,171,143,121,142,108,
104,59,125,65,90,165,10,160,172,104,13,12,276,
50,163,109,63,44,127,101,8,129,123,78,104,123,28,91,97,54,161,36,15,173,179,15,81,
79,21,182,
100,148,250,32,
151,39,44,171,170,120,40,33,3,46,56,132,107,60,39,96,53,44,162,108,88,10,91,78,23,167,101,2,109,130,121,164,30,125,487,
30,9,11,30,42,160,82,157,179,103,6,104,180,43,63,80,27,172,760,922,
154,152,165,164,60,71,19,
16,88,57,133,36,6,44,126,135,21,58,46,182,128,112,69,55,142,179,10,72,97,34,21,72,152,22,144,106,76,81,160,28,139,148,27,29,106,104,74,70,177,100,77,4,189,82,138,58,138,190,117,184,103,143,52,92,146,153,118,850,
191,135,22,185,76,84,682,460,151,193,
181,20,90,131,14,103,141,
114,161,799,708,
170,183,95,391,
155,28,14,143,179,27,105,18,143,2,164,66,72,159,41,
83,4,139,96,22,111,40,26,
1,168,161,19,45,158,20,30,104,
62,19,89,149,39,170,94,168,132,139,153,132,