804,13,10,135,555,173,
143,9,113,152,
78,102,98,185,68,96,125,185,176,186,69,3,146,
0,178,140,100,
166,38,52,96,138,125,65,75,118,175,162,
393,171,38,86,35,18,61,190,24,86,118,44,73,88,109,166,83,940,118,
151,50,191,132,
138,102,65,171,61,26,
130,37,183,136,40,106,136,156,161,90,134,150,93,167,
89,119,31,65,55,183,157,67,118,
156,31,169,
106,0,9,23,7,20,97,77,119,141,85,10,157,183,
20,799,106,10,170,32,
74,4,167,146,7,40,117,22,67,121,
140,61,175,184,21,127,148,27,74,165,179,
121,81,187,119,95,74,70,64,103,181,109,
146,118,130,150,28,
184,693,95,101,76,146,166,77,107,0,
124,145,
160,940,129,
171,393,124,106,71,97,98,190,
156,152,130,35,186,
62,18,809,55,72,180,13,179,20,
89,850,2,85,
124,167,631,135,156,189,115,85,61,18,149,142,
83,37,101,
156,124,109,52,
37,130,683,116,92,111,12,
98,149,762,162,60,27,136,154,30,162,26,82,152,
427,404,764,71,105,115,7,
83,404,116,118,88,
780,693,47,125,187,23,171,116,127,54,100,81,121,24,40,
150,130,85,42,80,81,
111,180,73,
93,910,74,160,
131,90,175,116,8,168,55,116,
38,9,74,17,154,125,181,177,93,34,35,108,
172,130,167,1,95,140,13,1,53,117,
16,53,167,124,20,86,
9,108,38,190,125,9,70,106,88,61,81,149,104,123,5,37,186,98,
50,89,146,189,53,142,191,60,166,
910,680,164,93,148,30,43,171,132,167,181,64,96,
85,130,93,150,72,91,
64,28,49,29,
799,18,161,33,50,124,20,65,
40,15,74,
175,186,95,188,29,7,30,100,167,177,
104,913,133,
171,175,84,139,
913,15,116,131,61,104,
164,8,910,180,114,
21,123,
8,164,103,185,93,73,116,81,96,64,
150,52,168,15,183,
49,49,867,3,149,64,114,53,178,31,184,185,250,95,170,143,110,121,143,167,
867,321,28,49,38,105,72,99,84,111,83,125,70,14,154,168,23,
95,121,25,81,121,
130,102,32,172,118,54,85,88,172,98,117,
51,167,93,62,72,88,
15,913,95,69,150,169,164,
115,149,176,142,86,158,122,142,427,
2,114,
30,65,910,46,148,54,89,161,167,72,157,118,47,
155,190,683,72,116,
190,393,102,108,90,155,33,171,189,189,181,153,
13,804,23,404,97,93,95,173,178,
145,37,170,26,177,
93,17,13,96,145,14,38,1,
144,702,708,83,2,66,120,10,84,83,34,158,46,
17,116,112,77,31,93,186,12,141,108,
683,708,108,68,4,37,83,95,69,155,143,189,86,172,45,
28,867,13,44,92,101,176,51,64,
114,49,162,70,57,2,170,7,11,48,
178,0,702,
177,864,152,365,169,153,0,
18,799,107,105,
154,10,940,179,45,27,23,48,83,39,
31,996,58,108,184,72,179,42,108,156,183,74,39,54,7,103,55,
108,190,140,18,29,186,70,
118,0,146,138,144,151,120,77,2,109,121,3,393,
631,124,157,7,69,183,26,708,25,115,
93,349,378,174,25,35,147,187,179,
140,149,155,46,49,
378,717,81,93,21,32,40,102,164,99,84,114,163,184,9,
159,850,13,147,21,17,98,186,95,132,151,
148,109,910,160,140,109,139,167,178,64,106,
708,683,161,3,187,129,32,105,144,165,631,102,
170,49,3,119,145,23,62,114,
3,149,102,15,2,102,87,112,164,189,155,
10,189,655,21,54,113,35,40,81,
186,28,2,98,175,103,111,149,15,43,86,63,61,86,127,162,180,92,136,
9,9,29,122,144,153,97,49,143,7,95,
167,16,78,124,151,90,185,172,74,51,113,126,183,123,52,104,125,130,149,77,189,
125,191,11,93,0,97,30,179,64,183,77,140,168,171,35,49,99,79,114,137,5,33,90,127,167,155,
850,162,34,173,159,145,170,168,118,84,89,82,
109,97,107,111,9,15,148,191,141,148,156,118,169,142,
93,100,125,1,94,42,85,51,129,15,182,160,101,66,86,117,102,141,191,94,117,
133,57,56,189,177,154,45,123,63,31,
154,107,38,125,48,
151,57,167,68,78,59,110,171,3,35,133,
152,67,156,184,177,34,81,103,181,156,57,156,189,20,115,65,21,14,40,153,99,
21,145,762,160,
90,130,149,7,122,
108,31,18,67,142,0,40,125,60,176,143,
145,25,47,145,124,147,149,21,70,68,145,
61,393,145,103,108,25,140,81,38,161,123,127,117,50,136,186,83,5,3,172,124,79,159,
175,102,131,140,191,18,140,140,135,693,
113,29,61,178,85,79,98,134,167,156,143,69,
864,887,177,54,123,146,25,54,141,17,61,
65,152,138,
175,760,702,161,
940,393,121,154,33,41,160,172,25,
84,850,123,61,62,73,
95,172,116,154,171,
318,762,301,655,
178,63,34,
91,50,175,36,181,162,39,15,51,125,140,164,179,
17,38,
191,109,
133,104,109,90,
15,3,180,40,
127,140,186,103,
53,49,50,122,5,3,
189,10,17,8,24,178,75,10,38,7,188,124,54,152,13,167,
762,116,318,98,21,78,112,41,96,46,
95,162,13,
809,62,80,32,180,
188,189,185,189,19,126,180,183,184,
102,21,11,190,97,175,78,75,708,138,106,128,130,3,317,21,189,138,
175,89,128,91,83,35,171,85,57,53,118,45,47,
149,90,115,140,3,23,98,175,32,123,78,172,94,
77,125,17,171,99,17,
108,9,31,
3,67,49,118,177,45,
120,118,36,104,11,121,163,
38,702,166,138,66,67,31,9,
75,102,189,95,72,54,133,
404,427,744,13,83,50,
50,151,91,182,84,123,404,799,157,185,145,149,
148,109,30,48,
52,150,
185,8,32,57,134,179,1,131,44,10,
88,130,111,12,51,
693,780,164,184,23,176,34,143,162,72,175,57,37,26,159,
74,9,121,37,118,184,115,55,63,119,159,191,4,
115,152,124,20,1,37,132,149,60,
955,38,83,32,63,140,82,70,147,
41,93,11,71,159,114,0,190,5,101,170,
162,850,137,25,55,114,162,37,
103,61,186,97,40,142,149,182,17,78,9,15,
18,62,303,655,
57,35,80,133,108,151,140,125,7,9,
61,260,113,63,62,153,10,913,50,
35,57,393,188,161,171,76,146,141,174,149,142,105,26,
37,33,9,71,78,83,145,85,
191,74,50,151,54,93,114,
702,83,38,157,144,175,11,101,178,136,60,
123,167,133,118,54,77,21,58,144,21,
182,93,
55,74,123,22,
35,93,125,
29,107,9,161,87,103,
4,74,74,175,
99,378,77,
170,114,41,
136,130,98,76,
140,955,
29,16,2,46,114,176,154,92,122,7,62,63,
46,30,144,
171,95,151,
70,108,955,25,
161,30,61,
138,38,118,189,
185,78,906,
97,109,185,
27,98,154,
906,43,122,49,18,130,185,
65,30,166,96,
140,172,5,178,
63,133,74,137,
146,35,50,
125,91,154,
97,134,
158,115,144,
63,178,29,
188,145,72,143,32,
83,702,172,177,97,
122,53,115,
83,154,144,54,
68,683,151,
146,74,78,
140,91,175,
20,16,115,
23,780,67,
98,186,
26,98,138,
125,166,167,112,180,
81,121,61,
116,762,17,131,
78,151,149,
19,188,
181,38,
86,186,20,
118,74,83,
95,159,91,
120,141,144,
72,30,867,
84,378,171,14,
96,78,762,
23,867,170,
132,115,
0,108,
190,41,
2,3,29,
140,0,175,
78,167,103,
118,166,30,
33,37,940,
57,693,42,
135,804,124,
31,49,133,
67,38,3,
83,144,
114,41,170,
180,186,164,
83,393,955,61,
159,693,61,
175,4,
37,115,693,
167,189,148,49,
117,74,130,99,
133,151,75,
86,16,115,
185,50,
113,10,
101,93,28,
67,89,74,
25,940,95,
21,123,102,
31,38,17,
35,95,38,
163,378,120,
121,49,74,
2,89,
189,133,50,
33,190,7,
14,867,152,84,
18,108,175,
103,127,31,
186,78,
97,9,
34,152,693,
157,50,30,
70,145,
54,191,123,
189,190,73,
116,83,
154,29,120,
92,186,28,
100,175,0,
28,186,146,
9,38,378,
149,9,50,
134,97,25,
0,118,
185,49,
180,809,62,8,
96,8,93,
180,111,188,
182,103,50,
26,35,693,
109,133,121,
153,177,61,
95,49,35,59,
189,3,167,
172,940,
32,149,378,
149,167,124,
77,123,167,
183,106,150,
3,53,151,
162,166,95,
80,809,
86,683,
181,910,91,
50,61,61,
72,188,
123,149,9,864,
125,78,38,
154,95,
143,108,49,
118,89,175,
12,37,88,
5,53,61,
116,780,
81,9,
60,98,
177,3,38,
52,166,167,156,
61,864,
2,118,
142,50,115,
68,78,145,
9,109,74,
91,95,85,
53,16,
123,61,65,
66,38,144,
32,185,
92,37,29,
51,88,91,
123,55,84,
166,184,393,50,
189,683,102,
61,9,
97,102,106,
7,9,74,
0,125,41,
40,10,152,
5,9,125,140,
124,16,
159,74,
167,910,
141,106,109,0,
15,103,93,
60,115,702,
62,51,84,
186,108,156,
22,55,
73,111,84,
180,125,15,
136,130,186,
167,175,130,
90,133,
11,702,114,
142,124,109,
72,51,85,
45,175,133,
177,145,175,
48,154,114,
85,37,89,
82,850,98,
111,109,37,
171,125,138,
129,93,708,
103,8,
162,365,167,42,
15,109,91,
43,65,
47,30,780,
9,57,103,
1,172,93,
64,8,148,
129,160,
54,30,
155,125,140,
130,906,
185,188,97,
89,30,
172,83,89,25,78,
17,159,103,
23,154,149,
147,93,
58,123,
144,123,
98,9,159,
30,98,175,
3,708,170,
179,125,31,
96,910,
46,29,762,
86,393,
114,191,
15,186,
119,106,74,
69,683,631,
132,910,
118,123,
160,148,21,
81,8,780,
24,780,393,
132,151,159,
40,780,
164,91,15,
1,115,
32,20,955,
107,18,12,165,85,154,
84,50,138,
21,140,378,
59,95,151,
81,95,
184,188,378,
170,20,
110,151,
70,9,114,
88,9,
40,378,
186,111,17,
32,23,
62,170,29,
164,3,
11,120,41,
102,3,93,
181,190,
128,175,
183,188,89,
127,61,
43,186,
35,10,
42,150,57,
112,3,17,125,
184,140,74,
161,175,35,
154,98,
162,91,186,
90,167,
126,167,188,
149,145,
137,125,
99,125,867,
145,188,
0,106,177,141,
120,154,87,119,
29,113,175,108,
64,910,121,
134,130,
189,188,
116,95,155,
145,145,
102,378,
41,762,
25,
129,42,
176,115,28,
66,93,
48,154,148,
13,28,189,
3,61,
75,166,
172,149,61,
77,106,118,
18,108,
7,175,427,
38,189,867,
84,144,
183,125,167,
131,913,185,
101,184,
172,130,
130,146,
164,13,
179,154,62,
90,131,190,
86,93,186,
51,28,
116,8,37,
167,30,
79,113,
65,799,43,123,
83,175,
102,130,
34,144,
181,
178,140,13,
152,98,143,
35,156,151,
54,83,75,
185,167,
18,124,
121,95,118,
104,167,
111,867,
135,175,
39,154,
37,162,74,
117,93,172,
94,149,93,
179,91,93,
151,159,
88,51,83,
17,77,189,
101,83,
76,136,
7,31,90,
10,106,
167,125,
125,780,9,
170,850,7,
162,98,
169,109,156,
7,29,114,
22,74,
155,3,
114,378,164,
141,17,93,
149,115,
168,150,
72,75,155,
34,38,850,
106,148,
63,61,186,
143,693,
104,120,9,
145,50,93,
173,804,13,
139,148,171,
25,631,
87,3,
168,867,
89,172,
93,130,191,
49,49,9,
25,61,70,
47,145,
122,29,906,
121,780,27,
57,114,
85,175,124,
136,61,
25,134,162,
101,41,
162,693,162,
119,170,
176,78,693,
146,184,
95,175,16,
71,41,
191,125,745,
40,103,
81,150,
55,31,131,
156,152,113,
114,29,
186,9,159,
45,683,3,
60,50,
49,140,
79,125,61,
29,64,
36,91,
25,93,
7,106,57,
43,906,910,
115,631,
27,140,
69,113,78,
95,75,9,
80,
74,140,31,
57,175,
108,25,683,17,
189,190,138,
183,631,
60,108,
55,162,
74,93,38,
183,130,
117,61,93,
128,
178,113,
106,102,
183,31,
140,57,108,
97,125,171,83,
143,683,188,
115,74,
101,702,
174,93,35,
105,18,708,427,
143,6,
85,106,
153,190,
17,25,864,
106,555,
121,940,120,
158,349,
317,42,102,
160,93,
171,77,780,
178,497,189,
12,17,
138,166,
11,125,102,
105,867,
26,86,
118,130,
1,172,185,
20,152,86,
70,867,
141,35,864,
78,762,37,
185,78,
69,15,
136,702,
125,867,
42,484,317,754,
167,113,162,
149,186,35,
181,152,121,
111,186,
125,57,
155,23,
108,38,
106,130,
153,9,
47,175,
80,150,
61,84,
122,90,
98,78,
157,106,
128,102,
19,67,
96,65,
191,93,
0,184,
142,115,
179,140,
61,138,
10,61,
109,148,
154,867,
46,140,
123,50,
81,10,
178,49,
137,63,
26,145,
14,93,
103,121,
44,185,
145,497,850,
10,144,
83,683,
157,631,
45,154,
21,152,
119,120,
53,172,
103,23,29,
147,955,159,
160,93,
98,130,
108,61,
168,131,
73,8,
59,42,
172,683,
83,867,
134,185,
89,175,
105,35,79,
40,108,
8,189,
99,152,117,
56,133,
31,89,
350,930,
41,940,
122,9,
130,102,
171,35,910,
165,107,
154,349,
73,393,
78,172,
168,25,250,
356,958,284,562,
144,73,123,93,115,62,50,115,54,189,
159,155,132,103,106,42,148,185,172,176,174,158,89,189,39,91,187,110,112,128,183,46,99,30,168,38,150,119,24,8,82,41,120,59,64,20,17,136,13,172,
160,5,41,
14,64,25,
98,138,95,4,112,65,2,43,34,53,175,
95,161,130,
136,25,
155,123,42,148,187,69,105,164,127,161,799,708,
74,175,184,32,54,10,
184,159,156,108,99,36,74,152,99,98,105,121,174,95,15,
63,41,144,43,150,178,148,
173,117,145,154,84,93,74,130,82,163,130,147,135,133,146,49,77,190,100,89,100,184,58,102,184,31,119,170,79,82,955,
27,126,47,86,108,165,182,167,33,140,