10,189,655,46,21,133,54,57,31,35,71,24,38,76,188,144,104,
163,156,164,152,40,113,52,145,
130,38,113,179,
74,4,167,146,7,56,117,67,135,155,40,113,17,165,
166,48,4,55,
16,50,35,165,49,42,173,
1,84,135,14,188,
57,80,133,108,151,140,95,32,110,163,83,
36,170,135,95,143,57,
149,124,118,116,156,132,
188,3,140,131,
184,186,167,7,43,160,90,
56,171,74,913,163,
12,66,120,173,58,92,129,
185,24,57,58,179,12,10,83,146,113,151,80,87,
183,106,122,127,8,26,78,29,89,31,32,102,105,
41,8,27,167,16,69,70,188,171,79,
77,70,17,191,87,127,86,75,146,175,160,63,131,80,189,149,1,89,75,
8,55,
181,190,103,117,52,186,71,25,102,
13,2,190,118,178,
151,57,167,68,78,102,59,171,65,50,71,43,111,43,6,170,
101,41,
92,61,176,150,
15,913,95,69,169,61,71,86,
46,10,189,95,32,
79,64,78,
2,27,91,108,190,154,58,93,76,79,162,86,61,
16,172,15,17,71,4,128,2,
780,693,30,104,187,53,178,18,127,163,54,100,81,121,153,24,86,11,105,61,
156,97,162,
134,88,167,161,
68,4,27,168,181,
158,135,
37,161,85,
67,89,74,171,15,188,
118,164,103,151,27,126,52,86,
167,27,124,151,185,172,74,51,113,126,177,121,111,52,125,130,149,70,99,189,113,134,45,54,161,41,160,14,138,37,176,43,
170,30,181,89,23,93,74,102,25,63,87,56,36,
117,142,135,
180,155,75,172,86,
41,93,163,159,0,190,20,5,172,101,76,154,6,51,108,168,3,122,141,
32,172,2,
0,108,14,55,31,176,
2,33,70,32,91,43,13,19,83,163,
189,10,8,24,75,10,7,51,175,124,54,152,109,26,167,46,71,168,7,135,
83,116,118,104,187,19,116,153,147,19,132,
173,26,162,14,
9,9,142,122,144,3,49,143,7,115,154,82,146,
35,16,43,186,122,
65,135,85,110,152,122,58,
175,142,56,
140,172,2,5,25,111,129,124,121,152,156,91,149,80,139,
17,16,
166,104,64,
102,31,11,190,97,126,78,75,708,170,83,130,317,21,189,138,147,47,90,25,148,181,
143,171,66,81,
160,154,3,189,48,
76,23,0,18,130,93,
18,108,83,155,16,184,88,28,114,153,114,60,183,
108,9,96,95,181,42,173,179,131,119,135,
14,97,167,103,97,150,11,153,145,71,1,176,56,185,
21,191,62,153,56,133,43,151,42,135,177,127,88,102,145,
97,156,146,14,118,189,7,112,66,84,124,53,
25,631,147,130,23,
115,156,69,86,127,37,122,142,427,56,102,15,21,
122,127,115,182,84,65,66,111,25,103,
159,850,13,147,66,21,117,60,101,94,132,154,0,160,
30,145,140,148,104,158,161,176,72,88,50,93,54,
95,172,171,146,95,110,1,116,68,159,9,20,12,188,38,159,46,36,54,92,146,75,57,
184,62,132,
13,804,23,129,97,186,150,6,107,145,55,13,116,
171,95,151,4,122,143,67,171,147,46,56,114,84,24,31,145,8,29,
0,84,114,60,26,49,183,8,33,
67,3,11,185,70,50,45,114,83,142,62,118,156,160,
164,118,163,148,145,80,
104,83,166,72,145,3,126,157,
188,92,84,49,123,130,
809,62,80,32,
161,135,64,2,55,35,180,93,
59,95,151,145,157,126,23,38,118,162,128,19,2,26,
73,850,84,89,164,182,188,
176,92,93,23,88,
145,59,14,13,11,
117,74,88,53,3,121,163,80,136,164,
693,780,164,184,23,141,143,113,162,72,150,71,140,159,7,
913,15,116,114,56,90,4,
85,68,51,143,65,78,23,116,146,179,
162,96,46,173,138,79,29,106,
75,102,189,180,54,17,74,188,179,118,112,95,164,155,
20,106,125,156,107,181,152,161,
56,21,175,60,160,68,168,97,6,132,10,72,84,182,
190,393,102,40,104,90,155,13,171,189,13,181,133,
43,70,3,107,167,109,135,98,
25,170,122,158,184,
188,159,143,32,61,143,185,129,169,87,1,
156,124,52,67,189,182,163,167,115,184,52,107,
150,13,14,29,187,148,
131,64,60,126,
135,804,124,55,50,111,130,154,158,65,90,114,183,161,88,65,
167,189,82,184,75,97,176,33,186,78,31,95,
86,93,77,105,7,
132,61,184,82,157,83,34,51,51,
17,77,47,157,37,180,12,141,108,69,54,65,159,85,140,175,
147,184,64,
160,136,172,129,156,80,11,187,850,72,126,57,169,24,
78,151,185,78,43,96,115,113,86,
155,190,55,27,74,104,62,180,147,41,60,48,57,79,70,86,121,
163,108,86,32,111,109,
23,11,189,
190,41,2,173,189,88,47,34,52,123,64,74,89,
142,124,175,23,73,117,123,140,47,138,
4,124,171,91,71,88,35,166,127,91,7,35,186,178,
188,143,149,108,
804,13,10,135,555,149,144,76,
149,167,124,151,188,130,122,23,187,129,113,103,68,101,77,113,45,
146,97,77,142,75,176,187,162,
190,2,85,74,15,23,73,188,
101,184,
4,183,74,79,166,116,169,156,84,68,148,165,112,11,159,0,913,104,34,
23,170,65,7,76,111,133,96,
112,97,86,178,
112,125,40,33,52,88,20,167,96,
173,78,12,19,123,134,
23,38,68,176,
86,108,115,149,112,109,40,39,86,780,15,101,95,4,186,155,
125,91,154,20,44,36,96,128,
169,17,161,138,61,135,
147,182,155,135,67,151,89,
68,76,151,118,141,85,127,186,157,131,99,79,149,1,129,145,34,
90,130,71,7,122,136,0,81,89,80,167,43,168,67,128,123,165,38,166,135,
135,21,74,36,67,40,18,168,122,85,117,186,
7,4,26,
91,180,85,43,4,118,39,140,127,
850,152,34,173,159,15,168,118,90,84,160,82,108,393,76,73,43,
186,180,167,138,
68,78,95,56,149,36,7,23,167,
140,151,2,98,99,86,46,169,188,85,185,62,59,141,
147,49,171,25,
138,167,124,
84,850,73,25,35,54,36,144,167,110,139,163,121,5,45,105,
173,190,160,61,
114,913,135,65,27,119,124,177,132,191,170,
51,85,91,66,73,77,21,
66,124,55,148,
188,41,75,10,53,53,150,
38,91,20,48,2,98,160,
91,50,134,103,33,162,39,18,96,51,125,38,177,9,125,
46,162,137,10,129,71,
393,171,38,86,123,18,190,24,86,118,44,73,88,109,144,38,39,135,3,850,84,185,38,67,120,
153,50,
116,96,83,33,2,38,151,2,186,92,149,127,161,22,141,185,
159,693,157,122,95,178,
62,809,55,72,13,179,20,
84,161,171,864,108,0,34,42,188,1,121,44,163,
128,90,161,149,98,58,
15,103,93,75,132,
93,100,1,94,84,42,85,51,129,15,66,40,50,66,86,117,104,102,141,38,191,117,145,168,95,
184,693,132,149,95,23,101,76,185,77,107,0,183,11,107,189,33,2,167,49,
62,184,133,2,141,176,
38,95,116,23,43,
106,9,23,97,106,141,148,20,183,172,145,95,109,190,
33,115,31,56,157,72,
55,135,39,8,28,167,66,166,95,176,
102,93,91,170,158,
130,183,40,144,104,161,90,73,93,91,41,167,53,46,133,94,47,
172,160,24,25,2,106,158,50,103,
189,133,50,102,45,2,23,61,
59,118,161,
149,86,84,161,32,
160,7,77,173,40,85,36,99,170,15,186,
88,4,117,151,40,181,134,111,80,
92,161,16,117,146,70,59,97,91,10,139,161,29,
143,52,185,188,98,118,104,4,
3,67,160,13,177,149,9,37,76,69,188,140,99,104,
19,2,83,67,149,173,
146,50,19,33,44,88,183,85,30,90,78,90,164,
61,76,92,0,131,173,
36,59,118,13,64,149,125,191,
138,36,162,135,78,40,
124,167,631,135,66,116,156,149,189,138,85,149,142,79,52,4,37,25,
10,37,4,34,1,58,170,135,174,57,8,147,163,188,103,
157,147,68,117,167,143,149,144,57,11,97,
9,108,109,190,101,9,12,106,104,81,78,123,5,89,43,178,113,
11,184,780,23,176,
50,54,91,84,123,69,53,74,177,94,136,9,107,156,157,109,146,69,143,178,
15,180,16,38,115,64,165,99,180,180,5,113,67,17,44,152,48,98,189,190,
60,155,
57,157,155,103,147,
70,92,41,2,141,
118,14,59,189,59,84,139,
154,2,9,92,116,
177,21,8,56,105,5,37,
143,9,76,161,123,188,113,68,123,23,36,
75,161,86,
129,161,188,5,45,135,145,119,
130,76,
180,125,15,170,44,160,27,186,161,
631,124,7,177,183,26,708,21,22,115,25,126,101,40,
163,161,
99,68,140,59,
154,161,12,125,115,160,102,159,185,55,103,84,
64,39,147,131,166,104,87,79,159,161,168,109,11,22,81,39,
133,57,56,62,189,177,154,45,68,0,122,93,157,
17,75,39,169,184,18,74,4,40,
182,122,156,147,9,48,86,127,64,
50,18,135,57,172,137,7,84,153,24,
51,167,93,68,90,99,126,95,107,85,146,
129,160,33,33,158,149,39,80,97,100,167,
151,140,161,
171,393,124,106,171,71,97,98,190,167,149,41,98,
113,130,158,75,
151,21,116,88,427,4,67,4,105,118,88,
168,41,7,72,8,53,155,
45,39,133,51,183,56,161,142,
118,68,36,93,147,4,
183,631,171,24,116,44,
85,99,93,101,17,91,1,10,51,190,
54,26,84,86,184,25,95,189,
155,18,100,174,16,91,113,185,
86,393,75,35,107,152,116,149,54,182,83,2,
148,30,185,48,190,152,51,30,164,103,66,8,
161,30,75,129,92,97,109,10,16,128,83,37,105,119,65,169,185,3,132,151,98,30,59,116,30,
103,97,40,34,188,142,149,118,191,122,57,184,15,
78,102,98,68,134,185,69,3,183,79,9,173,
157,33,59,132,120,190,62,150,
17,4,43,
81,9,183,77,130,186,3,150,163,29,118,
116,86,104,44,133,182,
96,125,
24,185,26,172,
70,167,124,155,80,160,87,
172,167,129,100,95,140,13,132,16,53,13,117,32,40,108,160,
191,21,30,99,
108,41,5,18,67,142,58,0,40,163,125,60,176,143,115,129,21,148,115,11,
58,10,
186,116,81,13,
26,7,182,54,118,83,173,24,89,129,
153,21,14,27,173,170,191,
93,170,176,76,159,29,51,95,139,157,
50,89,146,189,76,60,16,152,116,56,67,151,104,
85,140,135,124,
38,59,90,
16,41,
105,151,177,
0,76,61,
52,118,
51,132,189,
62,155,5,38,109,160,186,
82,850,
187,150,146,
18,17,50,
101,149,86,
7,90,
18,76,135,
78,85,138,167,
135,129,147,
39,64,17,
68,51,56,
117,181,157,
134,78,91,173,
114,0,18,
189,190,73,160,
64,61,182,
126,118,83,
30,170,780,
107,13,43,
28,159,
9,95,182,164,
186,68,4,
126,102,59,
37,124,167,
49,16,184,
80,77,117,
95,51,86,
110,65,95,
185,78,
104,155,130,
173,16,
111,88,135,
25,181,102,54,
2,16,140,
187,160,83,149,
48,38,
177,118,114,
42,108,16,
118,75,26,
46,140,171,39,
109,50,64,
146,74,185,
67,393,151,
12,154,185,
137,50,
79,2,155,
35,161,4,
36,160,138,
149,68,3,128,
173,153,
184,17,103,
104,9,64,
2,116,
3,104,147,
67,15,135,
188,73,95,
80,185,70,
108,172,86,
103,122,149,
58,12,185,
23,85,143,
100,129,155,
163,117,780,
71,46,14,
79,162,
97,56,
180,15,91,
146,95,85,
133,190,116,
96,78,
40,93,135,
8,41,
183,4,
132,56,114,
83,185,67,
76,3,143,
118,83,149,90,59,179,177,185,
86,108,78,
172,180,
32,149,46,
131,61,188,
168,68,135,
43,184,21,
130,25,149,
78,78,183,
177,3,
61,64,
123,173,142,
138,186,142,
129,26,12,172,
69,50,41,
152,163,86,
141,68,62,
56,45,177,
1,14,77,
39,55,91,
127,182,122,116,
13,172,36,186,
184,156,18,
121,117,84,167,
127,91,4,
84,118,122,
135,43,169,
120,12,157,
56,14,33,
45,149,84,
189,118,15,
170,102,153,
160,70,180,
145,21,163,
124,114,
150,81,
186,135,62,
8,171,177,
72,160,168,
184,147,25,
48,182,15,
189,102,
104,116,10,
181,108,20,
40,86,631,
28,55,18,
66,122,97,
85,37,
5,177,84,
102,183,
161,92,
158,102,30,
74,170,190,
125,91,
185,155,118,
98,161,128,
91,2,4,
185,188,152,
84,93,50,149,
127,183,68,77,
123,393,188,
4,86,17,151,
188,67,
178,780,50,
185,184,140,
176,167,167,
113,149,74,
2,189,172,
88,190,112,
170,10,151,
83,161,26,
111,167,23,
126,104,131,
142,146,
89,26,
143,157,85,
162,146,156,
96,23,116,
7,68,160,
79,41,4,
2,59,62,
99,15,191,
4,151,118,
186,181,35,
155,168,75,
122,183,41,
80,140,88,
7,9,74,
152,148,
56,170,
170,180,160,114,
163,41,10,2,
125,112,
133,21,
22,116,
165,90,74,
43,17,38,
29,150,171,
43,9,78,
71,4,
34,190,132,4,
151,147,185,
132,15,172,149,
34,10,68,
52,112,124,163,
25,84,
113,143,167,
70,77,2,
53,168,188,
145,68,164,
57,10,36,
179,130,85,
84,50,138,
83,57,102,
52,181,143,
42,84,
123,143,190,
38,15,62,
21,108,
53,130,188,97,
59,99,140,
19,146,59,
8,148,0,
11,64,145,14,
51,85,
156,83,160,
47,102,
89,9,183,
69,3,17,
87,77,188,
160,38,172,184,
9,78,91,
113,163,185,
10,92,56,
182,73,26,
27,153,
49,188,0,
86,140,
40,138,88,
121,140,
159,17,
189,184,
186,184,86,
33,2,129,
164,73,117,
126,51,
103,91,148,
142,115,
90,102,146,184,
65,17,135,
190,106,148,
10,
57,160,50,
83,86,126,
82,
31,183,167,
8,10,168,
167,112,55,
7,50,86,
129,68,13,
14,173,1,
33,91,0,
136,90,50,
38,93,
29,93,
126,160,168,
88,18,21,
47,17,142,130,
3,393,43,
14,0,118,
97,129,157,
189,97,
148,106,108,
112,4,
2,190,116,
61,188,132,
118,89,13,97,
40,74,190,
172,50,106,
74,190,
91,2,
159,64,95,
40,112,
86,180,118,
116,13,85,
185,116,
150,188,92,
13,13,
75,167,77,
141,41,140,
124,97,
23,190,
163,84,56,
182,56,116,
183,0,18,
176,30,11,
88,176,151,
29,81,92,
158,113,25,
135,108,90,
120,393,
108,2,188,
84,56,97,
87,185,70,
60,131,
55,13,161,
75,146,113,95,
113,155,78,
117,92,
102,189,151,
144,393,157,
122,135,90,
104,93,190,
44,180,15,
80,809,
162,91,
142,45,67,
25,172,
76,68,61,
178,13,112,
112,75,
44,183,116,
99,3,
27,41,
59,
98,140,
113,15,149,
88,135,
161,163,45,
145,129,30,
167,129,68,
40,163,17,
33,184,129,
11,157,4,
191,114,
31,0,33,
62,140,
1,68,188,
176,55,
98,38,15,
156,140,
163,81,84,
7,184,23,163,
123,50,
185,393,161,110,
90,190,913,
176,62,14,
145,171,
160,62,167,
191,103,
27,167,152,68,
159,188,4,
83,130,156,74,
33,112,
91,155,92,
176,146,0,
72,56,33,
181,170,68,
73,130,190,
38,393,130,
78,146,
56,115,68,
118,138,
111,140,151,
123,9,864,90,
53,117,780,
118,143,67,
62,67,157,21,
162,59,
161,84,149,
141,116,70,
96,112,
101,85,9,
157,104,133,
65,23,161,
38,393,
130,81,83,
109,9,189,
153,780,
189,167,54,
69,115,
189,156,77,
66,93,51,
67,147,19,
165,16,
102,21,
157,17,159,
95,93,55,
156,4,20,149,
117,93,172,
165,15,
61,2,
174,155,
31,102,171,
157,93,50,
89,77,190,
24,171,183,
139,84,93,
99,167,85,
39,45,46,
95,108,
143,693,188,
86,86,152,
25,124,
50,171,
43,850,151,
44,125,84,
79,68,
149,157,19,
152,67,156,184,35,81,103,181,57,27,189,20,133,42,21,10,13,53,153,89,15,50,185,65,20,86,
51,41,45,
35,4,
30,161,
114,18,171,
51,148,93,
95,106,93,
180,17,15,
147,3,
55,154,
1,85,10,
93,2,30,
59,92,
16,
135,189,1,
26,0,
99,51,
109,161,
149,140,184,
139,92,
107,51,156,
145,93,104,
103,154,
138,118,70,
97,102,106,
163,57,101,7,
2,38,
13,152,3,
71,189,90,
40,103,
58,2,65,128,
39,86,
135,10,
10,46,
183,78,
189,190,
54,167,30,
10,161,
89,152,90,427,
71,181,
179,118,108,
148,4,150,
53,50,
161,154,
87,170,
76,41,10,
27,2,118,
74,50,83,
7,185,
11,108,
178,159,4,
191,153,
137,46,
104,780,4,
119,108,129,
30,161,
188,1,190,
15,190,
147,57,
21,115,51,
139,140,118,
118,81,
26,59,
34,84,
89,170,73,
29,162,
97,92,
23,149,25,
57,10,
66,143,
81,143,
143,50,
115,108,33,
18,91,
105,84,
130,188,
61,169,189,
97,14,
107,20,
94,50,159,
126,631,
80,160,90,164,
141,106,
80,129,
104,50,30,
93,161,118,
77,51,81,
39,64,129,
133,23,
84,393,68,
140,693,
172,41,
90,135,118,
116,154,124,
123,143,
191,36,
45,129,
30,191,148,
174,10,9,
43,2,90,
45,167,
37,3,17,
63,170,
32,163,183,
147,10,157,
144,84,
78,9,
5,129,62,
135,138,
90,850,
127,115,
84,154,
40,172,160,
58,108,
43,91,151,
129,93,708,
109,43,163,
11,160,
68,143,
0,133,
27,180,114,
168,56,93,
140,17,3,
83,2,
109,86,
22,64,
98,171,43,
89,147,
48,166,160,
186,160,13,
103,172,10,
71,10,151,
124,85,
106,172,
85,51,
50,30,
177,91,
133,69,130,
162,2,
121,84,155,
23,142,59,
129,108,
126,167,
185,167,14,
105,86,183,
18,780,
101,159,631,
166,90,
108,850,
119,161,92,
25,134,
29,183,
131,68,108,
6,41,56,
42,21,
91,102,
124,140,70,
103,14,181,
92,12,154,
52,156,190,
8,183,
64,15,
56,54,50,
115,78,
159,93,
100,172,
89,172,
70,43,138,
88,30,
108,25,17,
147,102,
64,54,
82,167,9,
5,9,140,
20,41,
