189,10,8,24,75,10,7,188,124,54,152,109,66,167,
151,57,167,68,78,59,110,171,3,35,133,43,
130,37,183,40,144,103,156,161,90,134,93,167,151,46,
190,41,168,
146,118,130,150,28,60,
99,378,77,82,
18,62,303,655,185,
37,130,116,92,111,12,
85,130,93,69,72,91,160,114,121,189,
180,188,26,
91,180,85,43,
171,393,124,106,71,97,98,190,149,
36,95,130,189,
97,109,146,
867,321,28,49,105,72,99,84,111,83,125,70,14,154,23,19,73,129,3,
40,15,74,25,121,49,72,
146,74,78,49,182,12,
121,81,187,119,95,74,70,106,103,181,109,
35,93,125,16,43,
3,102,15,2,102,112,164,189,155,82,25,31,59,
940,136,393,121,33,160,25,
142,50,49,115,
134,25,
178,0,702,108,166,178,186,
83,50,34,101,31,144,
95,162,13,36,156,170,92,107,35,92,191,
18,799,120,88,
38,9,74,17,154,125,181,51,177,93,34,35,108,138,31,165,
117,74,130,99,3,
156,31,169,70,154,103,177,24,108,
20,16,115,90,55,132,
427,404,764,71,115,7,89,
133,57,56,62,189,177,154,45,123,68,31,0,
20,799,106,10,170,32,35,115,162,37,
125,91,154,20,159,92,
95,172,116,154,171,144,146,1,116,
116,762,17,131,
35,57,393,188,161,171,76,146,141,110,37,149,142,105,26,
182,93,73,127,157,81,
172,130,167,1,95,140,13,16,53,44,117,84,
186,28,2,98,103,111,149,147,77,86,83,61,86,73,162,180,92,56,177,10,93,
0,108,
30,65,84,46,148,161,72,157,118,47,
15,3,180,40,16,116,191,64,120,85,180,
170,49,3,119,93,23,93,8,154,44,104,
3,67,49,118,177,45,37,76,48,162,189,
23,867,170,114,7,
93,100,125,1,94,42,85,51,129,15,182,66,86,117,102,141,41,191,117,
116,780,
162,850,137,25,55,16,162,30,49,
2,89,
140,155,46,49,
96,78,762,
51,167,93,14,72,46,180,126,151,
167,16,77,124,151,90,185,172,74,51,113,126,177,123,52,104,125,130,149,77,189,175,180,45,153,161,169,
156,152,130,177,35,186,73,153,
154,29,164,183,
121,49,74,88,73,48,59,
191,74,50,62,54,93,163,19,66,
184,693,189,95,101,76,146,77,107,0,183,11,
191,109,103,15,110,95,45,41,
9,38,378,
109,133,121,
135,804,124,55,50,144,130,154,158,65,70,134,
77,123,167,
155,190,55,72,116,184,83,108,
162,95,
2,3,29,
140,172,5,178,25,111,129,
171,95,151,186,4,24,143,67,
140,0,
86,393,
103,61,186,97,40,34,70,142,149,115,17,69,9,184,15,
41,93,11,71,159,0,190,5,101,154,
18,108,83,155,
29,107,9,161,87,103,
91,50,175,36,168,162,39,15,96,51,125,38,164,179,128,
50,83,135,141,
138,38,118,189,115,118,
693,780,164,184,23,176,141,34,143,162,72,57,71,26,159,7,162,
393,171,38,86,175,35,18,61,190,24,86,118,44,73,88,109,39,940,118,
29,16,2,46,114,176,182,154,154,92,7,69,63,
90,130,77,7,122,0,81,89,95,170,67,186,
10,189,655,21,133,54,113,82,35,40,38,139,144,
70,108,25,88,91,133,167,
38,702,120,138,66,67,31,37,9,164,141,183,
75,102,189,95,72,54,133,17,74,106,69,6,108,
2,133,91,191,167,40,
113,29,93,178,85,79,98,134,167,156,136,143,69,168,
102,11,190,97,78,75,708,138,75,130,3,317,21,189,138,
140,61,184,21,12,27,165,7,17,153,39,85,
21,14,123,73,56,166,
809,62,80,32,180,130,
74,186,121,118,184,115,191,4,107,133,60,
0,163,178,140,100,
89,850,2,7,121,178,108,
120,141,144,151,141,19,70,
125,191,11,93,0,35,97,30,179,64,93,31,77,140,168,171,35,49,99,79,114,137,5,33,90,127,167,155,66,118,133,184,
108,9,31,95,13,173,
404,427,744,13,83,50,93,
64,28,49,147,32,131,41,104,179,87,
78,102,98,68,96,125,185,176,186,69,3,146,
171,175,84,139,6,111,
63,13,29,8,45,
143,9,113,76,176,177,
190,393,102,108,90,155,33,171,189,189,181,153,
81,121,61,17,51,176,
17,38,
74,4,167,146,7,40,117,22,67,121,30,76,90,
146,35,50,48,
50,54,91,84,123,404,799,157,177,
177,143,156,35,
780,693,47,125,187,23,116,127,54,100,81,121,153,24,40,11,15,61,
65,30,45,39,
61,393,145,91,103,34,108,25,140,81,38,161,123,127,117,19,136,186,48,5,3,172,124,79,159,110,138,177,180,
108,31,18,67,142,0,40,163,125,60,176,143,103,115,144,
122,115,100,182,
913,15,116,14,
131,90,116,8,168,166,116,10,93,
120,118,36,104,11,121,163,138,18,6,65,
57,35,80,133,108,151,140,125,7,32,9,163,141,
49,49,867,3,149,64,7,178,31,136,184,185,250,95,170,143,117,110,121,143,167,78,158,162,162,
183,184,133,
138,102,147,171,61,26,3,162,
804,13,10,135,555,
130,102,32,118,54,85,88,172,11,98,117,36,74,189,76,106,130,809,
28,867,44,92,176,51,64,167,19,
109,97,107,111,147,15,189,191,141,148,156,118,169,142,
46,30,144,86,78,159,78,
49,140,146,
124,167,631,135,151,156,189,115,85,61,16,149,116,142,4,123,
15,913,95,69,150,169,164,378,
84,850,61,73,54,77,
188,145,143,32,143,185,
175,760,702,46,161,10,35,146,61,
631,124,157,7,177,183,26,708,25,115,25,
188,189,53,189,19,126,180,183,184,161,60,139,
181,38,185,
83,404,116,118,65,98,116,177,19,100,
31,49,133,92,78,
115,152,124,20,1,132,149,60,43,15,65,161,
23,780,67,
31,996,58,108,184,69,72,179,42,108,156,183,39,54,7,103,112,11,45,60,
93,17,13,104,14,38,1,103,103,
150,168,15,183,38,156,
68,129,151,
123,167,133,69,57,54,77,21,58,144,30,120,55,142,164,
108,190,140,29,186,70,127,149,50,74,109,
77,125,17,123,99,121,67,86,146,175,
156,124,109,52,55,179,182,175,
84,378,171,14,864,
129,160,159,
799,18,161,33,50,124,20,65,708,
95,121,25,81,121,190,
17,116,112,77,31,93,37,186,12,141,108,54,129,159,
26,138,54,162,
160,940,172,129,77,6,
850,162,34,173,159,145,168,118,90,84,89,82,
16,53,167,61,20,86,159,161,
115,176,142,86,127,158,122,142,427,
50,89,146,189,57,142,191,60,39,16,104,150,108,116,
159,850,13,147,21,17,98,186,90,132,151,26,154,
86,16,115,
62,18,809,55,72,180,13,179,20,103,
92,161,
9,9,29,122,144,97,3,49,143,7,95,
152,67,156,184,106,34,81,103,181,156,57,156,189,20,115,73,21,14,40,153,99,
158,115,144,7,10,
762,116,184,153,78,112,41,96,96,75,46,
19,188,
13,804,23,404,97,93,95,178,
98,186,83,142,51,103,
93,349,378,76,25,35,147,187,179,
148,109,30,48,190,121,
9,108,109,38,190,125,9,12,106,88,104,81,104,123,5,103,186,98,162,178,
144,702,708,83,2,66,120,10,84,121,34,158,46,107,112,114,95,0,91,
161,30,61,92,97,171,10,188,
154,38,125,48,82,102,159,185,
133,175,109,90,43,183,
106,0,9,23,7,20,97,77,141,85,88,20,157,183,124,145,109,190,
118,0,146,138,144,151,120,77,2,109,121,3,393,48,157,191,37,60,77,
113,10,139,
4,74,74,175,166,116,
702,100,38,157,144,175,11,101,178,136,60,25,143,
378,717,81,93,21,32,15,102,164,99,84,114,163,184,51,9,
88,130,111,12,51,141,67,121,18,
175,89,128,91,35,171,85,57,53,118,45,23,
186,100,78,
183,106,150,
185,32,57,179,85,10,
0,144,133,
116,83,33,
118,74,83,
149,167,124,
180,51,167,
189,133,50,
33,940,
133,151,75,129,
78,151,90,15,
72,30,867,
81,9,
97,9,95,
172,160,
43,133,115,
125,78,38,
154,
5,61,
45,175,133,63,
120,15,123,
110,151,35,
34,61,83,
111,109,37,
4,124,171,
13,108,63,
60,
10,131,175,
35,95,38,
19,867,164,
88,106,70,
107,144,74,
11,31,130,
102,3,93,
183,188,89,149,
98,9,159,
180,125,15,
48,61,118,
8,170,63,
157,50,30,
130,146,
12,37,88,
75,762,102,
181,190,
191,2,118,133,
19,28,
20,106,125,
142,124,109,
60,115,702,74,
67,38,3,
79,113,
95,49,35,59,
41,762,
182,122,156,
55,135,123,
54,26,84,
100,122,186,
92,37,29,108,
86,186,20,
37,38,
103,191,93,
129,867,133,140,
16,172,15,
182,146,
185,49,
92,186,28,
3,151,
57,693,42,
131,125,64,
31,38,17,
92,95,31,
2,118,
17,75,140,
112,31,144,
164,3,
163,108,191,
164,38,
127,108,
28,186,146,
73,84,
40,780,
53,16,
62,191,133,
92,125,95,
138,38,61,
34,152,693,
184,188,378,167,
59,95,151,157,
159,693,61,
69,123,31,129,
189,184,130,36,
167,189,49,184,
56,21,186,
104,9,64,
83,144,
82,850,3,
183,631,
51,88,91,
170,20,
132,115,
141,120,57,
7,9,74,73,
144,123,
118,30,
123,61,65,
45,65,31,
85,15,
11,702,
180,186,164,
93,170,131,
76,3,143,
114,378,164,
143,108,49,
155,3,
78,31,46,
183,154,38,
65,115,135,
143,171,702,
162,138,26,
146,97,77,
35,95,
134,135,
153,156,762,
14,51,21,
14,867,152,84,913,
179,64,156,
155,125,140,
72,51,85,
48,154,146,
15,103,93,
78,46,49,
146,175,95,
15,78,115,
110,191,61,
33,190,7,
59,121,3,
24,171,156,
70,135,120,
129,68,17,
51,38,
11,184,780,
177,156,83,
77,167,84,
91,70,144,
61,175,780,
90,167,78,20,
27,94,120,162,
112,3,17,125,
54,191,123,
189,190,73,
22,
186,108,156,
151,51,120,
170,95,90,
76,74,93,
95,97,90,
80,809,
171,125,138,
15,109,91,
25,940,95,
67,89,74,171,
85,106,
26,35,693,
168,150,
163,378,120,
6,171,120,
30,74,162,
73,21,7,
38,91,150,
139,10,188,113,
177,3,38,
189,3,167,
147,93,
163,0,57,101,
114,144,
147,138,64,
151,130,124,
103,108,93,
164,123,154,
186,90,178,171,
109,106,108,
68,78,
125,167,112,180,
111,867,
100,0,
184,125,103,
91,2,
60,146,31,
31,38,83,
73,186,156,152,121,
66,189,
41,191,64,
103,130,156,62,
120,27,
178,178,89,
66,38,144,
32,185,
145,188,
154,95,
9,57,103,
115,138,103,
95,108,140,
118,138,125,
21,140,378,
90,131,190,
60,118,188,
44,172,170,
185,181,188,
16,50,35,
168,190,91,
83,155,18,
77,186,118,
25,3,631,
111,171,140,
12,146,140,
155,18,
123,124,77,
180,15,91,
3,138,117,
159,16,17,
90,74,159,
121,144,77,
177,50,167,
189,3,85,
100,83,702,
93,125,186,
57,123,50,
6,160,75,
104,89,50,
32,64,
153,140,780,
108,178,92,
84,50,138,
0,118,90,
0,125,41,
184,140,74,
161,175,35,167,
93,113,170,
167,2,70,
7,158,23,
175,393,133,
184,155,762,
158,135,49,
190,106,148,
159,125,129,
69,103,75,
10,158,186,
101,184,
156,152,113,
147,186,109,
156,150,95,
133,125,
144,83,
114,85,23,
43,65,
175,4,
116,95,155,124,
129,93,708,
143,185,188,
180,809,62,8,
55,156,
177,186,61,
88,9,
167,125,
3,708,170,
109,9,189,
162,20,9,
43,35,
103,9,98,
132,20,
179,125,31,
104,120,9,
185,167,
51,378,81,98,
130,130,135,
43,91,151,
57,
72,75,155,
118,89,175,
1,172,93,
81,95,
149,115,183,
77,160,90,
7,140,693,
150,50,
83,186,93,
26,159,180,
86,93,186,77,
101,41,
146,184,
176,78,693,
25,61,70,
17,159,103,
58,123,
97,102,106,
37,3,17,
45,167,
126,51,
161,115,16,
61,16,
157,118,182,
85,185,
65,799,43,123,
40,10,152,
143,693,188,
77,106,118,
141,106,109,0,
114,29,
126,167,188,
34,144,103,
121,95,118,
178,140,13,
35,156,151,177,
89,172,
46,175,
70,103,156,
134,130,
47,30,780,
169,109,156,167,
34,38,850,
29,113,108,
37,35,
10,161,
159,154,46,
106,152,75,
70,867,
3,867,
64,15,
93,130,191,
31,125,
133,2,74,
90,850,
189,102,
137,125,
123,9,864,
1,115,
117,93,172,
157,106,59,
90,133,
7,31,90,
167,113,28,
51,28,
186,111,17,
37,20,118,
133,70,191,
141,38,50,
108,75,155,
40,2,
55,155,20,
19,120,83,
69,29,85,
144,130,10,
136,113,49,
91,61,
61,138,
22,74,
102,378,
45,3,
176,115,28,
25,40,702,
165,38,
162,49,693,
107,95,
84,172,30,
65,120,83,
48,3,
154,29,135,
67,90,88,
74,108,
142,123,98,
166,131,21,
117,49,
116,83,50,
120,38,
103,31,
66,93,
128,175,
3,61,
52,167,156,
123,50,
162,3,27,
35,175,20,
128,91,
54,17,50,
30,123,
121,89,85,
162,91,186,
5,9,125,140,
46,29,762,
164,180,114,19,
7,185,
45,191,
99,125,867,
73,867,182,
168,113,
160,85,
46,51,
189,188,
183,130,
127,61,
102,130,
122,90,
101,83,
24,780,393,
164,91,15,
104,167,
179,91,93,
7,29,
141,17,93,
153,167,190,
108,25,156,17,
39,50,65,
31,3,
11,120,41,
173,108,
104,170,
72,40,
106,130,
16,124,
189,190,138,
42,57,
101,702,
105,867,
154,159,41,
185,124,154,
89,90,427,
84,144,
85,175,124,140,
125,780,9,
67,93,77,
144,135,108,
74,75,130,
39,140,393,
66,125,191,
116,37,
25,134,162,
119,170,
71,41,
191,125,745,
164,13,
115,108,20,
127,182,115,
175,167,156,
7,49,89,
82,10,154,
154,170,
129,42,
40,103,
151,159,
168,131,
121,940,120,148,
36,91,
186,9,159,
7,106,57,
125,131,867,
25,93,
30,
35,10,
136,61,
60,108,
55,162,
0,106,141,
74,93,38,
111,186,
143,6,
178,113,
81,182,
32,57,
140,57,108,
42,484,317,754,
186,74,
19,191,
115,74,
116,15,
141,88,693,
96,762,
19,67,61,
57,175,
142,115,
60,50,
79,125,61,
125,57,
139,171,
69,113,78,
106,555,
95,75,9,
115,631,
25,631,
46,140,89,
154,867,156,
158,349,
121,780,27,
11,125,102,
162,693,162,
117,61,93,
118,130,
141,35,864,
183,31,
20,152,86,
99,152,117,
317,42,102,
48,121,
169,
182,29,
175,77,
116,95,
104,93,
106,121,
46,130,
41,93,
176,81,
189,109,
12,9,
49,40,
108,89,
1,95,
15,780,
17,81,
68,133,
181,152,121,
17,25,864,
81,90,
23,175,
190,95,
149,108,
101,163,
38,10,
137,
166,178,
171,161,
145,106,
16,162,
35,125,
171,35,
124,106,
26,86,
76,130,
61,84,
32,20,
54,75,
191,93,
0,184,
27,140,
172,61,
178,49,
49,49,9,
14,93,
7,427,
145,497,850,
157,631,
10,144,
81,780,
12,17,
119,
21,152,
53,172,
78,762,
69,15,
8,189,
89,175,
140,95,
105,35,79,
122,9,
154,349,
73,393,
97,125,171,
350,930,
72,152,36,156,114,96,32,148,166,4,
120,46,84,75,163,125,79,63,58,127,132,159,
3,34,186,167,30,142,61,171,119,102,154,
2,150,22,122,157,87,176,143,
161,70,85,5,128,36,78,96,91,
9,1,97,84,19,118,126,52,