10,52,28,
18,12,72,
110,189,143,70,
167,144,144,
164,118,13,179,179,139,
120,132,59,3,99,189,49,31,13,163,94,3,13,72,133,190,1,10,
155,110,37,13,98,
178,143,152,32,
117,82,11,146,39,2,183,18,46,13,82,189,
49,65,25,72,
189,33,49,177,110,94,57,132,102,11,84,119,
67,71,22,49,174,
84,179,30,169,
97,174,38,9,17,149,19,143,64,160,0,
191,140,116,47,61,79,8,
129,156,104,3,3,116,
61,13,179,128,104,155,52,124,191,165,118,
189,156,44,145,127,141,1,136,106,119,4,109,47,160,141,95,
189,100,123,107,4,119,60,153,112,153,
166,52,189,141,146,55,169,175,
3,120,174,185,110,23,138,30,132,59,106,69,190,106,
168,75,156,
114,72,126,82,129,176,85,171,187,
189,49,11,149,27,138,185,108,75,148,166,35,7,48,120,114,6,11,
64,32,97,127,38,36,115,152,3,17,115,
27,120,86,20,122,
182,16,13,83,
52,143,10,146,175,79,144,12,29,58,147,86,14,6,
120,162,55,179,50,141,
12,10,92,64,10,176,61,98,30,136,90,99,
181,117,134,186,148,161,142,179,
139,50,150,68,164,121,
59,3,137,141,126,
103,0,70,5,174,8,98,
21,97,138,174,182,127,34,178,27,189,183,180,
61,12,92,126,132,72,63,99,
142,75,51,73,28,19,15,181,131,130,44,131,61,162,93,86,
20,169,103,164,24,95,148,
25,67,156,71,
4,189,121,115,183,3,173,157,111,16,
81,60,29,151,21,32,105,69,
43,183,88,6,128,33,88,105,168,98,191,80,
180,28,96,132,116,33,87,85,134,145,178,134,
151,163,138,127,159,6,180,171,65,71,127,75,43,6,40,81,78,71,102,
64,99,189,131,19,104,120,87,137,45,161,168,109,39,81,39,82,95,20,36,
68,62,139,96,189,23,78,99,143,17,96,125,19,60,105,61,18,154,57,6,99,90,93,
126,63,18,59,155,170,106,
176,51,85,
182,135,21,
84,0,36,61,184,12,36,
67,118,101,70,130,
45,50,16,168,10,163,
72,10,96,145,114,71,99,101,
186,77,3,58,117,62,185,5,167,138,117,133,
144,65,179,137,167,57,149,125,125,34,122,147,123,128,
128,123,12,178,170,74,49,103,130,127,162,
45,102,131,154,32,
44,83,129,
45,117,126,169,
149,11,30,68,3,30,168,144,
104,184,66,162,80,191,178,143,188,73,43,183,
155,154,180,
186,75,77,
57,179,61,14,
24,135,160,
51,16,142,74,180,76,
138,130,21,151,44,12,33,49,97,157,126,3,136,
3,47,64,129,106,
93,169,91,48,141,118,114,98,28,118,151,
173,164,68,142,104,
117,170,181,13,186,125,179,180,45,
36,6,57,84,110,33,160,63,168,172,147,145,174,162,181,174,
85,138,171,165,176,62,
161,181,123,125,92,
8,157,37,122,74,123,100,172,7,85,134,90,71,135,100,188,
150,111,66,139,145,166,50,
41,93,97,143,159,91,0,5,20,5,90,154,6,180,67,151,3,122,141,121,178,38,95,118,2,188,
59,10,112,120,180,74,110,120,168,28,
190,44,20,118,118,143,61,164,55,3,
61,184,116,
92,14,174,25,120,182,
6,43,130,49,156,131,55,116,25,5,
91,68,150,72,129,93,
153,125,99,160,87,177,
25,77,88,117,43,13,52,115,
17,126,178,179,57,132,91,
141,99,59,
58,3,65,30,56,50,28,140,
75,19,127,23,11,91,186,77,128,128,90,
16,31,49,182,50,29,130,
175,39,9,187,
68,66,7,69,21,1,
76,2,130,127,138,115,190,
60,162,31,73,138,75,24,83,75,106,44,89,120,
72,148,135,67,23,171,125,168,
185,186,43,189,145,59,66,
85,37,81,183,113,140,174,52,100,160,142,98,
174,164,70,186,103,
14,10,131,70,169,58,171,171,3,52,134,100,
162,54,60,51,120,96,
64,117,61,13,81,105,
179,130,32,61,184,47,144,146,4,183,141,175,64,166,189,6,182,30,
3,165,125,148,41,44,160,186,167,149,122,186,14,48,161,
143,29,34,68,157,66,110,115,178,40,34,48,127,
96,170,1,49,162,68,85,44,187,91,38,52,72,
47,179,61,98,191,189,1,45,47,133,
158,174,151,125,160,14,
12,66,43,138,185,185,92,18,75,139,80,31,128,83,172,
37,140,165,49,60,157,78,
63,41,67,71,126,113,144,132,183,126,82,146,
101,156,169,
142,88,181,173,30,
21,165,160,166,167,
84,164,147,131,136,
134,180,104,86,
183,83,67,4,154,59,104,148,73,35,67,
19,145,75,184,99,84,88,
175,179,67,166,82,100,127,
79,180,182,47,7,159,48,
88,172,142,137,8,191,33,140,84,14,
27,0,67,70,50,164,71,122,56,145,83,14,151,29,
41,61,49,125,47,
34,21,143,150,14,129,44,144,181,
49,73,138,120,78,139,59,158,34,87,
93,60,142,55,68,
138,25,72,65,86,88,67,151,
57,161,51,2,144,33,
24,161,66,81,71,16,
125,141,79,44,90,145,128,107,106,85,126,59,39,116,65,136,189,48,116,86,190,100,
83,81,60,54,
19,11,97,164,180,
118,93,67,8,165,72,99,146,164,90,92,55,49,113,
190,85,61,57,59,
49,51,128,15,147,50,31,41,
82,65,125,114,64,9,120,97,
90,27,85,8,
61,99,58,68,178,105,179,135,
100,125,189,81,
41,96,186,20,55,100,152,
187,7,37,21,126,139,120,
170,10,133,183,190,
147,102,34,82,66,31,84,103,167,162,115,131,93,19,86,56,
62,85,21,177,
101,41,13,94,102,72,2,
18,48,98,104,181,116,149,31,109,102,10,52,178,83,87,88,0,102,
21,116,153,133,62,164,136,
113,118,143,79,94,
66,35,150,40,123,130,58,134,173,62,188,147,125,16,131,67,65,131,88,70,104,32,80,51,141,
99,19,16,
162,89,75,50,62,180,161,
93,147,152,
13,61,25,129,58,22,
178,189,128,110,17,
90,68,75,3,38,77,
1,145,96,159,117,183,73,
41,101,32,127,49,13,
160,189,24,189,158,
74,88,59,110,124,54,
37,110,149,187,97,165,171,133,34,147,
138,13,189,163,
13,128,120,119,171,64,117,166,
10,37,4,94,1,163,135,174,57,8,127,103,8,86,44,108,110,72,119,25,9,135,170,172,176,
96,6,51,10,171,110,
171,32,83,14,129,127,159,36,76,
11,90,105,53,189,19,82,67,
161,112,64,2,172,93,162,24,58,88,10,97,72,142,148,72,14,172,57,190,25,154,
111,151,75,185,87,
90,149,11,96,184,18,122,155,
72,118,62,138,117,49,
71,151,43,184,86,177,
39,51,171,
18,91,118,189,68,77,0,126,146,128,55,90,93,75,
22,21,13,3,126,23,98,150,119,181,116,13,
77,160,80,31,74,20,1,130,104,25,162,181,186,84,149,116,51,8,63,90,
189,74,190,144,18,178,150,187,
67,130,11,185,70,164,45,114,175,64,62,102,160,134,146,14,25,168,111,117,165,66,138,
171,111,37,133,86,
145,73,132,1,158,
99,118,77,116,133,
148,161,96,95,95,135,183,51,152,113,105,4,142,62,133,88,
129,2,6,128,8,70,86,16,185,95,
4,32,151,107,
139,16,113,49,137,12,0,
110,135,43,37,155,45,
45,116,120,25,174,137,86,
106,138,148,62,177,27,126,
46,111,8,183,95,93,
74,61,138,
142,54,151,126,161,73,148,122,140,47,130,118,169,44,110,1,161,89,100,26,94,94,
190,120,189,
128,91,177,55,
170,107,7,
98,51,22,33,62,170,42,126,
126,178,138,37,17,84,152,63,153,114,45,
172,36,149,103,68,42,48,141,
102,151,171,181,35,41,101,
6,36,94,129,96,125,75,51,68,25,106,55,86,93,
91,163,121,164,65,7,29,161,
88,155,74,2,185,25,138,84,175,162,116,62,108,5,10,78,155,168,130,
13,128,105,44,120,101,117,182,138,138,164,6,138,96,155,56,
11,75,25,129,101,184,91,54,71,108,
120,169,153,86,71,78,
103,149,113,55,110,86,26,175,20,6,180,167,179,
37,10,165,30,159,8,146,155,
86,9,10,29,52,148,45,134,93,
146,118,25,129,146,
79,156,181,125,21,106,151,14,81,33,
127,167,8,188,104,186,75,4,153,66,41,
25,96,156,6,6,161,70,6,70,120,
138,106,126,152,132,148,88,178,
35,102,183,57,
179,61,22,107,120,164,178,
88,66,43,28,
78,98,163,29,141,125,134,107,83,106,24,69,179,54,67,
27,189,90,
151,169,31,158,427,4,170,123,142,0,145,111,26,
165,84,16,110,3,114,74,65,32,118,95,37,
165,110,30,37,103,177,7,61,21,8,189,138,163,
50,106,16,58,86,
99,32,191,0,61,141,113,179,55,68,36,135,129,89,
130,138,67,134,76,58,
61,85,113,22,116,54,119,99,190,24,71,171,85,24,37,8,57,84,60,72,
117,67,67,25,68,10,13,
66,136,91,24,105,66,174,68,160,53,2,56,
81,75,43,150,124,188,83,109,4,52,125,
61,140,191,107,
99,118,10,153,
109,29,81,89,20,120,130,
75,30,81,111,17,130,89,84,162,62,190,62,174,168,90,82,153,123,
130,77,40,126,
125,78,82,68,153,111,149,120,44,161,190,62,137,136,
146,63,174,166,146,93,86,
143,52,185,85,98,104,104,4,45,120,31,113,58,139,50,179,190,
149,111,29,172,37,89,117,175,89,150,144,
33,119,144,68,190,162,189,191,79,161,
151,127,61,138,
67,175,166,147,183,80,15,29,175,151,160,25,163,95,70,89,
8,10,32,181,70,88,67,16,27,66,56,30,107,117,
47,74,142,67,87,52,3,102,47,66,41,162,
147,171,42,
29,188,96,95,78,149,34,111,60,70,110,107,45,81,109,125,
129,33,96,118,11,63,183,102,98,178,104,178,163,35,13,44,
22,178,102,67,179,119,79,140,81,67,
51,100,39,153,17,187,180,
177,50,165,69,128,3,122,
1,160,33,86,
104,61,86,86,140,120,134,
138,3,11,72,60,13,64,96,
162,147,88,36,171,
125,66,6,104,76,158,83,160,55,99,93,185,
66,122,143,155,19,
149,189,77,90,8,36,9,100,160,38,61,7,35,
44,3,189,
29,42,67,108,40,160,168,136,14,86,9,95,124,165,
85,45,180,165,4,75,61,190,2,90,117,
2,89,129,50,19,158,24,27,104,88,30,58,114,48,163,45,114,178,
14,34,29,88,158,
170,141,117,183,117,96,10,71,70,124,170,78,180,98,49,77,184,141,
141,189,78,125,119,52,5,104,171,142,91,66,27,86,120,
178,22,153,132,150,166,185,40,61,138,103,141,92,
152,126,116,67,149,89,189,148,37,64,74,178,151,
179,78,31,84,151,82,111,
150,22,81,91,149,
110,142,59,95,178,92,164,58,42,
179,117,181,136,164,
83,183,75,168,181,68,44,171,105,18,180,62,46,76,
133,37,40,186,86,165,85,83,
171,72,35,96,41,73,85,162,113,14,114,
60,126,125,93,140,63,147,163,50,42,81,23,55,
71,9,170,77,67,145,63,128,187,
169,20,151,120,184,97,101,27,93,84,132,160,
184,179,178,11,84,170,63,125,0,
4,169,160,
134,35,160,0,135,181,39,28,66,174,63,48,48,
4,65,85,10,152,25,148,67,6,
94,33,142,124,101,92,6,7,149,180,
120,92,104,59,5,27,97,187,
33,106,36,86,129,160,74,5,3,187,
76,125,171,
137,10,77,186,
89,91,142,139,71,144,162,150,108,109,185,99,184,
30,75,58,119,179,22,167,142,50,9,
70,27,
103,122,94,178,72,110,87,181,28,
35,189,171,36,
72,91,120,159,18,160,21,36,
148,25,189,
127,0,151,90,95,161,104,151,115,40,143,
133,7,95,8,43,118,168,170,142,
38,183,46,12,9,190,94,
68,33,50,149,173,8,91,172,29,100,7,81,38,
144,167,63,149,
183,38,85,179,3,41,17,96,185,64,
99,120,72,129,11,
61,149,57,187,13,135,64,85,32,120,47,162,19,97,58,117,
25,49,144,92,113,146,148,45,129,
128,49,67,13,180,162,30,
10,170,135,59,158,138,14,164,72,12,18,187,137,189,28,4,45,170,160,161,125,8,80,104,119,96,88,99,17,67,120,
119,30,22,
141,93,111,91,81,139,168,43,123,
78,116,170,49,
155,80,111,121,19,32,153,
67,20,63,159,153,128,118,100,64,64,27,64,117,78,61,167,
178,99,189,186,17,184,2,184,10,168,154,
24,178,185,6,153,119,109,75,
180,124,35,116,179,162,141,6,65,137,128,151,
160,50,67,29,97,148,178,1,167,
75,0,47,60,137,7,
132,145,120,17,162,
103,128,165,178,39,
55,190,6,60,153,
175,189,154,33,67,
61,149,0,74,152,154,
106,138,0,123,
119,189,22,86,190,
144,116,33,125,153,
91,11,75,125,96,88,11,
168,133,176,59,106,
70,180,170,67,174,25,
180,51,94,51,48,34,82,21,
58,143,130,14,0,13,61,166,185,107,177,
163,129,152,80,151,91,41,73,5,
115,180,143,138,34,96,76,64,81,
97,37,161,169,173,17,37,65,40,
69,150,110,68,
143,189,46,8,115,176,124,128,
105,1,43,13,11,96,161,180,3,16,56,88,191,79,101,1,
52,96,166,
82,11,117,
164,152,104,29,121,101,186,140,110,28,190,173,95,
130,167,66,176,106,41,19,49,58,118,102,
106,130,160,165,30,9,75,50,33,176,138,143,3,
99,64,61,6,14,178,61,73,150,36,92,140,137,
191,99,43,183,103,
135,98,
32,171,81,155,
138,88,35,77,106,131,85,128,13,57,81,9,
34,144,147,148,
39,175,133,147,2,103,
50,2,139,68,105,72,78,82,177,121,17,190,160,45,49,36,
0,151,103,60,117,106,73,134,28,75,116,138,132,127,27,132,84,112,1,61,116,
131,64,164,144,14,15,189,57,66,21,66,190,168,106,56,136,51,87,57,65,167,84,
62,75,63,72,
154,45,86,54,95,14,
164,167,20,10,163,150,174,84,23,30,60,104,
86,44,54,158,187,27,104,83,154,
140,111,125,61,
0,99,97,161,58,184,66,145,18,83,
65,58,13,104,165,40,162,138,4,168,57,82,32,49,
116,61,180,45,2,125,152,100,88,180,144,183,21,36,
61,67,190,41,13,12,30,151,163,103,
139,30,43,43,
170,170,186,126,
55,99,118,120,11,118,12,
37,152,110,9,115,163,
183,63,129,72,185,191,116,
126,117,80,83,66,82,
186,164,133,141,103,41,85,122,145,9,178,184,
181,22,158,102,
160,134,85,51,111,168,97,175,21,102,144,125,187,169,
111,140,115,140,171,162,154,116,150,170,148,154,155,154,149,125,
135,32,134,123,24,61,61,72,16,81,21,184,
130,25,67,90,31,83,110,
156,189,119,10,6,25,42,45,132,81,168,71,
73,54,6,165,145,49,63,171,
33,157,149,174,102,189,81,185,55,179,1,158,88,175,151,55,22,43,28,
110,36,3,53,58,37,69,125,38,86,84,
125,6,140,74,78,177,117,
181,95,142,51,18,79,42,
169,184,4,98,123,
50,72,107,108,
154,183,161,155,175,68,173,119,151,
90,127,130,
184,104,169,61,41,129,71,
113,63,148,184,
174,92,33,134,146,21,4,7,112,101,158,60,39,122,66,17,85,
62,96,125,83,
96,41,171,25,90,62,7,102,
183,168,170,46,67,71,115,153,
77,137,71,99,11,90,
133,39,142,15,120,44,103,50,97,
180,170,70,128,181,
158,33,100,80,147,7,181,71,110,
80,104,158,126,101,16,
161,83,0,91,133,179,
98,10,129,129,135,155,190,93,
156,38,101,166,49,57,135,79,134,25,63,120,129,
51,148,160,57,78,113,188,162,106,189,176,100,
171,15,151,2,122,23,0,171,88,23,102,114,147,24,31,145,189,123,98,67,84,76,150,13,96,
189,9,171,10,175,160,7,109,100,143,127,
65,25,88,102,
51,32,66,147,32,49,98,183,
117,126,107,121,167,115,
107,189,29,86,170,50,61,72,
104,10,127,177,1,159,173,
148,181,72,50,68,134,86,160,177,
7,133,165,68,158,187,88,189,170,80,
113,85,51,
73,60,142,1,26,68,104,
180,41,72,116,164,79,4,85,177,122,115,180,149,
150,178,99,189,153,72,40,
145,186,150,
11,117,111,29,
25,174,138,116,16,42,65,11,185,118,17,16,105,128,128,74,44,
181,60,83,
100,189,149,65,74,
91,170,128,66,89,35,151,184,139,189,14,87,123,8,145,16,74,
32,64,41,100,51,23,173,80,146,
95,120,65,147,127,124,110,181,151,29,29,12,139,148,58,133,191,
23,164,171,72,82,185,79,
21,22,79,135,71,
166,58,21,13,
160,136,132,123,169,80,11,161,142,28,159,119,169,24,73,0,30,77,139,105,77,167,166,73,
16,25,51,92,24,
168,131,83,160,103,76,188,45,92,44,187,
37,85,168,126,99,8,64,106,161,102,142,148,118,90,176,
118,142,7,93,190,148,113,129,99,55,171,61,
43,36,185,81,35,78,139,133,91,71,12,67,26,
119,154,33,13,112,
108,29,
153,3,67,189,60,130,120,99,21,154,136,109,178,18,185,176,
178,21,160,129,104,179,70,
191,61,105,
187,96,51,184,114,
104,129,165,141,147,135,159,56,102,
19,2,66,
89,2,149,67,
42,24,29,181,135,
122,186,144,27,
67,11,4,
116,0,191,
160,118,3,
104,125,
28,142,10,
101,105,11,80,
48,134,18,
157,4,37,
98,169,47,157,15,18,36,158,43,
29,91,16,11,
151,93,79,179,
64,67,67,151,2,
88,105,91,138,19,
185,183,125,
110,103,165,151,96,
71,61,120,25,
153,175,127,
166,178,
26,73,151,43,
150,89,171,69,85,
159,1,104,79,
184,187,90,135,
161,105,33,91,
167,21,117,44,
16,30,99,
190,98,125,
103,147,133,67,
45,29,85,
116,6,111,
141,104,170,
54,73,
30,149,164,128,
115,64,183,55,
186,137,174,
187,189,71,168,
139,141,187,
157,138,143,
128,129,75,18,144,
77,75,170,
51,6,96,
189,51,
140,88,99,104,
100,158,116,179,
130,128,16,81,
157,33,8,
53,110,11,19,
173,154,
2,116,124,184,114,76,64,
102,33,45,108,186,160,
171,141,162,
186,170,
57,138,17,131,
24,60,61,
44,86,13,25,167,
135,110,
65,144,100,
171,61,
129,171,91,114,
67,171,37,152,10,103,
145,36,0,
126,98,61,
111,160,4,179,
107,58,179,
34,115,49,180,
175,103,
27,2,21,
37,165,97,183,
123,66,106,
35,134,180,149,129,26,
125,117,72,29,144,41,184,
32,178,8,66,
84,75,165,
128,151,75,180,
114,165,2,189,
95,20,165,129,
86,110,119,6,
32,135,165,
8,165,129,
189,179,125,33,117,
24,2,
179,180,9,
16,139,129,
85,80,150,
128,143,179,
26,103,91,
86,148,146,50,
122,177,174,27,
8,118,88,
92,168,176,61,125,
17,97,64,174,
11,189,91,77,29,
49,189,170,118,67,
154,153,
190,119,33,76,
87,111,153,
28,10,59,33,
31,179,147,
86,107,129,1,
80,127,10,155,167,7,
75,60,6,18,
103,172,191,
164,21,19,
20,109,41,27,
34,37,143,
152,41,4,93,
106,60,51,168,
189,131,178,
178,2,126,
101,67,
73,171,183,
0,139,18,
41,184,102,
149,61,
145,19,27,132,
25,45,10,38,
19,64,130,
147,49,104,
151,67,33,
55,41,166,128,
138,106,
97,120,160,82,
23,75,
176,143,114,
145,71,189,
16,165,66,91,
162,132,128,
153,24,51,55,
120,125,61,
38,64,97,
96,115,13,138,
44,142,133,
78,42,168,88,102,
19,147,155,
174,36,3,45,
177,148,189,146,62,
55,33,6,115,
105,50,25,160,
28,160,103,164,
158,49,145,
124,180,
163,37,45,
93,18,86,
122,90,66,
137,139,88,
147,95,37,
180,155,19,
177,104,71,153,
40,97,130,
11,189,99,
163,67,165,78,
7,94,189,178,
151,152,41,128,110,
122,103,
29,11,143,
180,83,59,
104,154,129,77,
132,180,156,189,145,
6,125,73,103,
7,68,174,
148,34,106,
177,58,125,
160,36,153,
76,83,49,
9,37,186,179,
44,190,168,
168,72,29,
112,161,189,
102,189,47,78,104,18,
103,186,
16,135,45,
185,183,178,119,12,
103,61,168,
110,74,164,
155,126,88,
181,180,103,
12,61,55,
30,106,165,
168,88,141,
80,66,168,85,
160,106,66,
43,98,104,141,
59,49,
90,75,118,
108,89,
102,96,18,130,
126,130,
140,22,164,58,
82,23,147,
36,50,99,
30,84,61,
1,73,
57,189,144,
95,164,
111,141,
17,97,178,
58,61,2,110,
116,99,129,78,
188,41,8,
121,91,139,
13,41,119,
133,161,99,
129,34,98,
127,21,14,151,
117,170,186,64,
167,160,
102,67,22,116,112,133,
147,51,29,39,
72,96,61,
100,8,68,14,
169,45,166,
176,37,168,
125,144,
190,161,131,
81,115,79,68,
74,152,25,
28,93,180,
56,13,66,
141,172,186,
6,189,4,
86,120,71,
78,51,151,
60,164,181,
191,88,95,
48,134,172,
155,66,90,
89,60,149,
136,84,21,
82,180,179,
50,120,150,
62,162,186,
179,161,103,
2,66,57,
70,103,178,
171,73,118,
44,60,34,
24,20,42,
153,155,183,
184,89,186,
151,154,27,
144,34,189,
67,22,183,
30,37,
160,150,10,33,149,175,
123,161,75,141,
7,8,149,
83,12,133,27,
130,153,
71,158,27,
115,127,117,4,
165,106,37,29,
119,156,24,10,
178,180,18,
175,153,160,
78,120,125,
74,51,125,
93,146,6,
176,130,153,
159,104,171,
178,138,186,
56,104,147,
2,85,101,
165,104,133,
185,87,33,111,
82,175,75,
146,37,32,177,
134,148,4,
113,171,
120,156,
191,33,
153,189,144,
129,184,25,
165,37,85,
128,71,13,
83,161,130,
86,138,147,171,
67,47,43,
10,37,
167,80,
38,96,149,90,
71,8,72,
63,61,62,
76,51,171,
9,38,138,
108,50,11,
185,129,23,
145,185,91,
140,111,
20,67,77,
148,118,111,
6,180,
81,138,64,
49,76,14,39,41,
83,86,182,
56,58,
4,179,189,134,
14,27,57,
79,113,
124,81,143,
183,1,21,37,
137,45,180,
27,106,141,
25,130,
70,25,110,
118,25,6,13,
128,43,
16,45,80,
148,183,138,
161,148,3,127,
79,191,
74,189,33,
163,61,
92,161,94,
124,74,29,
32,65,45,
140,191,
160,4,72,
64,183,82,
65,97,138,
178,129,
40,143,178,
149,97,152,
127,189,189,
135,99,
33,68,
185,3,88,
1,105,104,68,
54,74,162,83,
132,160,138,169,
125,81,110,
141,166,180,189,
57,68,61,
29,68,27,
71,89,183,21,
120,109,
16,25,4,
137,75,125,
134,14,180,
110,158,130,
5,186,6,
59,185,190,
187,160,33,
90,12,
42,110,172,
181,34,36,
72,61,50,
154,178,111,
112,174,119,
99,12,61,
29,147,164,
36,84,72,
33,180,57,
120,25,60,
123,169,128,
174,67,75,
41,183,63,
102,147,129,
83,125,0,
69,81,177,
138,74,165,
162,128,47,
71,24,11,
132,37,155,96,60,
147,60,144,
74,100,91,
39,174,49,
58,186,95,
46,83,38,
166,150,160,
86,104,141,
119,13,189,
63,60,73,
126,59,
8,143,191,
115,37,25,
100,41,175,
88,138,148,
21,68,72,
66,8,185,
127,175,171,
