84,239,834,16,102,134,
386,16,100,478,12,534,29,165,
239,46,81,84,111,115,118,130,154,
721,535,133,287,3,
910,680,853,114,93,
102,84,933,17,
134,804,671,176,9,111,
57,51,
121,594,276,
642,169,46,58,51,57,83,130,
845,59,95,60,115,773,28,146,88,109,178,
524,9,25,460,37,152,
41,144,175,50,126,98,175,
67,152,158,65,189,75,183,
31,996,12,58,108,184,83,
25,487,786,152,168,64,138,13,108,
780,693,129,
594,0,121,69,5,
25,524,7,17,20,
156,16,201,127,
922,175,102,102,146,
0,50,594,38,60,71,12,134,87,45,85,
245,209,956,93,152,100,146,
209,245,989,75,
868,16,144,15,70,127,189,
44,39,88,163,190,62,75,89,
949,37,145,162,49,75,96,170,895,65,148,
737,719,83,142,545,
867,158,321,28,49,32,109,138,178,
50,0,188,
276,23,50,16,121,107,191,
130,68,631,7,2,108,183,82,177,
175,41,922,4,67,85,168,
61,365,933,83,1,85,118,82,186,
162,850,137,
880,126,552,176,
16,868,386,65,156,164,
152,67,986,6,32,108,156,163,177,
106,473,778,43,112,2,51,107,144,188,
933,46,61,13,102,37,176,
23,171,276,183,
20,161,206,69,89,
125,855,11,93,180,183,152,30,
728,8,20,
50,778,276,18,
396,51,72,
171,389,393,124,106,
850,162,305,173,
51,57,396,122,
68,71,130,71,3,64,116,153,
127,913,201,6,129,46,108,179,
986,67,152,89,28,144,152,137,158,
834,84,7,24,93,107,139,
201,127,105,109,120,156,167,169,20,164,
719,737,293,183,136,189,
93,535,
172,32,83,89,126,25,
487,25,4,57,165,14,30,88,
693,780,164,184,
853,910,127,72,
46,239,933,
62,18,809,55,72,174,180,
16,840,257,13,89,
393,171,38,86,157,5,
809,62,80,32,180,
365,61,162,
631,130,70,
169,642,
260,102,177,61,984,113,122,181,
969,655,104,
102,260,59,81,109,
32,867,
88,168,44,38,85,
176,134,880,136,129,
144,986,106,
497,320,
601,513,
513,125,601,
144,41,
18,255,799,107,168,
130,642,239,
924,74,159,184,191,
994,
320,497,
535,93,721,
989,209,44,
120,307,974,
168,582,88,190,
176,933,
33,799,
804,134,13,12,
49,792,
708,683,161,
6,152,127,
144,868,
189,719,868,
72,32,905,96,
89,44,172,
102,922,11,
905,72,89,55,
892,367,
557,114,
349,93,710,158,
305,850,98,
702,83,110,
49,949,867,3,
95,845,104,
120,201,940,
347,391,
114,557,
190,44,168,
152,25,245,
75,67,209,
89,20,16,
32,770,172,156,183,181,
136,176,719,
157,393,113,
114,910,
778,50,106,
59,89,102,
71,0,68,
70,868,631,
83,702,172,177,
138,867,25,
69,594,20,
126,880,254,545,
855,125,
4,175,487,19,10,121,
93,125,
98,305,41,
191,276,924,
15,177,868,111,
7,35,25,
37,524,933,
118,61,239,
473,106,
84,795,
189,906,672,
16,84,276,
13,804,933,
65,67,
85,175,0,
127,156,868,
110,702,89,22,
177,260,902,15,
100,498,386,
167,201,
3,68,721,
165,487,386,
2,106,130,
906,189,
171,23,145,72,
683,708,
786,779,15,25,
307,120,170,
610,439,54,
948,304,
404,427,744,
795,84,259,
864,628,887,177,54,
327,158,153,
955,135,634,
498,20,100,56,
113,157,61,
162,365,949,18,116,
168,175,18,
177,130,
183,67,23,
996,31,131,75,119,174,
745,634,
704,88,694,
29,119,
329,5,443,
634,955,745,
582,168,159,
186,183,75,
913,15,127,
391,347,
57,487,642,
126,172,41,
177,864,152,
61,260,113,
89,905,59,74,
74,924,32,
37,949,32,109,
158,327,67,
9,134,524,
13,25,16,
184,693,924,
188,106,50,
72,853,396,
35,7,
710,349,81,
32,37,72,74,148,42,809,
135,955,
941,104,
189,67,
51,106,642,944,
87,0,
104,941,95,
50,41,
58,31,642,
134,84,0,
67,203,986,
107,834,276,
67,175,
145,22,
206,159,373,20,
940,120,
774,525,
75,44,186,
113,260,
112,106,
174,996,62,
93,910,834,
158,986,867,
80,809,
5,393,594,
109,845,102,
180,809,62,
129,176,780,
794,571,648,
862,363,
762,538,318,
95,779,760,
655,338,969,
427,404,764,
881,583,
738,852,
93,349,378,
152,986,125,
169,201,111,
146,845,245,
62,44,
54,610,11,
28,986,845,
129,489,127,
170,307,949,
81,102,
115,845,239,
20,728,498,110,
165,700,34,
71,68,426,
22,145,250,
90,597,
146,184,
188,330,212,74,
426,71,38,
5,725,329,261,
771,937,826,
666,195,
599,238,261,
700,165,
439,610,
902,177,
318,762,301,
522,224,252,
42,484,317,754,
389,171,182,
825,
11,125,102,
104,969,
152,524,
108,130,31,
105,201,91,
7,130,834,
59,172,845,
81,239,710,77,
597,977,502,90,
363,862,
255,18,
136,226,113,
18,62,303,
158,349,
779,786,95,
887,864,978,
760,294,95,
46,642,
106,171,
24,834,
46,127,
107,18,106,
163,44,152,
60,0,845,
109,37,201,
111,169,928,239,
799,18,161,33,
250,22,148,168,
826,771,
573,15,
813,625,
257,16,
164,13,
474,
330,188,
555,285,
364,612,
928,111,
946,967,188,
119,29,48,
178,845,867,
175,41,
44,989,
108,25,127,
181,32,260,
12,804,0,
153,68,327,
164,16,201,
83,31,737,
161,799,708,
64,25,68,
56,498,
116,68,162,
109,867,
183,719,125,686,
74,89,188,
32,152,
12,31,386,
180,125,
108,152,
8,728,
15,913,
28,867,
280,687,664,658,213,
88,704,390,
600,213,
401,475,
770,32,
15,786,573,
909,273,
378,717,81,93,
617,35,
356,958,284,562,
183,186,
350,930,
213,600,572,280,
154,239,
88,845,487,
82,130,61,
3,49,
20,25,201,
137,986,162,
111,134,15,
179,127,
30,125,487,
39,44,
83,642,
100,245,
22,110,
65,16,949,
85,88,61,
96,949,72,
172,59,
83,61,
93,245,
148,250,32,949,
131,996,275,
930,350,411,
538,762,
240,292,
552,880,
562,356,
261,317,5,599,
577,576,
628,864,
937,771,197,
664,154,280,
11,54,
113,136,173,
43,106,
183,130,32,
110,20,
156,32,152,
143,6,
168,25,250,
79,882,
967,946,
227,648,10,
434,202,
978,502,887,
317,42,261,
796,585,
840,16,
429,
671,134,
373,65,206,
682,460,151,193,
394,53,58,
77,890,81,
944,187,51,
648,227,321,794,
65,373,
784,
133,721,
465,374,
603,995,
362,559,
339,533,
38,426,88,
751,907,
576,577,624,
146,922,
142,737,
102,922,
45,0,
14,487,
159,924,
153,791,
106,684,
34,395,165,215,
644,798,824,
899,
58,394,188,
285,555,
282,66,
437,139,89,
904,755,
431,964,995,
995,431,603,
478,443,386,92,
3,
215,979,34,
159,206,483,684,
616,526,
410,546,
672,189,
632,303,
684,997,382,861,159,106,
609,650,755,
571,794,
188,678,58,946,
140,271,919,485,
203,67,
958,356,
891,167,723,110,
154,664,
572,319,213,
292,240,
92,139,834,
84,132,23,179,31,90,117,160,159,22,21,62,119,294,760,
88,18,162,50,
25,169,30,47,157,41,29,147,148,22,169,180,166,24,111,45,179,
17,102,
48,119,
63,155,141,70,156,190,238,599,
372,945,491,629,
166,57,41,17,25,
59,185,764,427,
125,71,100,103,71,550,491,274,462,64,
54,92,31,155,86,23,142,49,55,16,80,132,262,403,852,
97,122,76,133,19,115,30,172,82,128,1,72,171,62,
56,48,11,44,54,12,864,
189,71,174,167,12,173,170,64,126,851,
32,12,143,60,158,81,18,151,68,59,10,65,91,55,905,62,
94,55,608,47,456,246,990,
185,248,
0,457,8,124,748,
53,138,421,
33,163,19,123,149,149,190,143,158,73,44,121,181,52,136,808,291,507,
34,87,2,148,793,97,64,26,500,154,66,1,138,8,534,847,580,386,
359,340,
178,243,70,54,956,245,
99,290,134,885,
69,113,121,133,170,938,
42,145,49,173,661,113,850,
104,136,502,
17,42,964,431,612,
110,116,134,41,136,114,
92,174,1,61,
105,51,177,83,
118,4,24,114,10,108,66,282,
139,37,38,393,
974,120,
686,973,183,
157,96,128,184,150,31,73,173,150,52,76,95,151,175,713,441,384,
165,130,27,176,92,28,145,949,171,315,
43,145,917,384,
132,89,986,110,437,
144,167,38,90,14,119,7,68,51,23,197,960,444,937,
75,996,949,
186,172,488,444,529,
19,182,4,6,496,
90,119,970,
161,182,125,79,49,60,76,33,53,88,58,52,67,167,46,94,110,106,77,74,135,132,21,98,115,460,682,524,
443,961,478,329,
900,699,
968,226,
907,533,751,
64,757,
212,188,598,
791,153,
895,458,451,949,
585,796,
111,192,703,
45,490,592,
382,684,
453,998,
819,587,
462,99,71,
399,177,
226,136,551,968,214,
725,5,
436,461,615,
518,856,846,
451,646,895,
878,144,
623,541,749,629,
475,401,
411,930,
661,173,508,
927,306,137,332,
153,299,270,
934,366,
275,504,131,388,
196,614,306,
340,359,
629,623,372,673,
402,566,
321,648,867,
896,139,646,
754,42,
182,389,
114,136,
29,386,
86,393,
42,32,
124,171,
604,86,776,
749,623,802,
755,904,609,
701,998,
823,55,
10,166,4,
274,630,71,
653,678,
846,110,61,518,
898,660,256,
167,838,200,891,
214,554,226,
270,153,
267,
802,711,749,
507,586,808,
166,10,395,
96,112,
789,278,
12,707,663,54,
202,434,
144,878,295,
129,611,252,
962,418,
960,197,
984,665,260,
256,952,417,898,
847,534,
315,145,
502,978,597,136,
99,462,
126,
122,448,
38,0,
159,582,
121,4,
122,260,51,
25,172,
186,61,
726,228,
218,879,
484,42,
533,907,339,
532,527,
177,399,
161,20,
639,510,268,
395,131,166,34,
911,174,
303,632,18,82,
536,110,
744,404,
489,129,
