51,116,52,
118,24,38,46,141,176,81,136,158,
97,33,183,
69,8,70,11,27,48,
18,83,123,72,43,128,55,21,144,67,12,
24,11,161,191,60,104,45,110,47,44,107,100,67,50,110,17,103,
41,184,16,18,149,40,130,16,64,
179,130,32,47,179,146,50,141,90,64,166,189,6,182,30,9,
60,106,158,149,10,7,6,129,189,122,
126,25,59,155,170,106,25,126,132,80,98,173,182,42,22,102,34,
160,84,108,80,
189,179,97,33,117,140,2,154,178,117,56,
112,5,103,
124,59,48,96,98,162,
52,173,120,8,148,45,157,81,126,86,124,
74,189,143,128,
122,7,12,146,
52,57,111,155,
156,1,104,6,
52,181,51,128,173,
85,50,49,77,122,15,144,178,97,34,46,156,30,116,
86,10,93,50,128,0,10,11,19,38,4,186,113,175,158,149,
72,120,159,18,18,36,1,190,120,186,25,129,
21,97,138,54,182,34,11,168,189,65,156,
128,143,179,42,4,46,170,
186,189,85,51,94,142,85,150,101,35,66,70,46,179,
24,172,89,78,86,45,
20,67,4,80,36,
137,80,39,185,
152,190,8,89,189,148,30,23,178,155,
124,117,121,48,166,161,144,52,
77,78,172,133,186,
27,93,48,100,151,5,89,69,64,100,
108,70,34,130,111,
96,148,32,97,
185,59,58,98,
154,183,134,7,175,42,187,28,151,63,130,19,11,20,55,109,
66,186,161,
80,126,81,3,60,172,32,
152,4,93,149,
36,73,170,20,149,
132,143,45,77,63,159,132,
97,174,38,9,42,19,143,105,88,129,175,168,
182,126,183,70,129,
172,38,117,103,52,42,141,189,24,24,
156,133,91,190,45,107,150,59,21,44,
175,58,119,71,150,135,
12,61,122,125,186,42,27,124,97,24,67,26,
100,189,24,42,68,10,116,
185,54,164,191,
46,111,155,8,183,95,93,191,146,187,34,80,
80,104,158,131,101,16,35,123,190,163,136,93,
155,66,182,170,68,148,177,
63,25,66,86,128,141,177,84,138,11,143,
176,129,155,166,
17,100,161,145,24,158,
38,11,153,66,175,191,78,148,
187,183,163,131,
86,120,180,130,48,81,
34,138,143,96,110,55,
21,123,180,166,63,18,
55,96,34,
178,85,25,16,
136,115,74,64,101,3,11,114,42,118,
73,54,6,165,36,39,49,63,171,79,61,74,169,95,1,19,178,132,
86,103,113,
80,10,93,43,72,137,135,167,191,20,182,160,
133,59,74,132,143,130,
119,29,133,150,
164,179,
145,162,61,181,
102,191,155,
35,114,11,
88,98,178,129,16,74,183,
123,183,161,85,
63,121,21,
165,118,1,5,166,36,127,121,4,171,
188,3,
8,34,153,122,61,74,123,100,172,7,85,134,169,71,135,188,182,108,134,20,
130,141,40,133,154,63,89,42,54,
1,17,86,100,176,181,72,
66,136,109,77,105,66,124,4,160,53,14,98,4,35,63,161,38,57,65,141,146,
138,70,157,115,
19,191,0,
51,171,135,141,112,155,23,
186,20,79,90,165,134,122,48,
63,186,7,32,132,11,127,
105,189,75,
5,170,184,75,112,92,16,165,23,44,42,
25,46,10,38,20,148,92,84,179,43,62,93,189,
61,177,183,145,73,152,154,0,34,
13,162,
12,19,30,141,60,
75,41,47,140,137,7,115,100,20,26,94,117,191,
17,150,96,154,19,
92,110,128,102,86,149,178,154,
67,55,131,68,172,9,138,127,154,20,85,
79,116,180,
28,50,31,29,35,170,148,59,89,177,
133,156,40,186,191,86,147,119,85,156,128,30,35,117,56,
158,129,69,92,18,132,77,70,19,
139,4,
166,103,90,49,183,131,95,112,181,123,166,165,79,73,131,
152,41,66,120,141,
178,107,88,186,105,113,30,2,184,10,168,20,154,60,25,9,77,93,145,
186,72,12,
61,128,24,
101,21,136,10,141,101,67,
50,0,191,55,81,95,
141,24,150,84,
118,25,6,13,155,177,28,1,18,187,
141,85,11,61,
139,117,59,
117,59,189,88,128,14,64,
148,189,96,139,95,135,183,21,152,133,105,4,142,62,133,88,24,118,52,
8,129,39,64,50,10,
141,172,186,61,123,100,130,
116,88,73,163,151,101,113,85,
64,27,41,190,134,
48,108,18,99,59,142,42,
143,189,46,8,176,191,128,34,65,106,35,177,
155,101,39,121,19,32,136,11,62,17,30,106,181,69,191,
144,19,120,20,26,34,140,
123,130,129,156,166,143,3,132,
162,145,13,50,52,30,
45,50,16,120,160,163,137,170,132,7,84,103,18,156,46,
190,131,171,64,85,10,
35,153,149,129,26,80,148,186,79,188,143,133,
106,80,62,177,81,126,163,60,84,
143,167,34,176,54,108,66,110,115,126,178,40,34,48,60,132,
113,189,86,142,134,30,66,28,114,
107,164,47,21,122,171,188,
6,121,123,6,
7,8,74,180,156,
18,45,85,158,48,81,180,165,52,99,191,
116,79,79,135,
189,11,123,27,150,108,75,104,105,85,117,48,120,100,48,11,86,31,115,
85,150,75,114,121,157,18,
30,172,33,183,14,33,189,40,156,
73,106,178,
166,157,21,92,128,153,105,
170,170,186,126,80,169,5,103,120,98,148,143,128,81,
191,47,181,38,24,175,136,19,25,18,189,80,
174,82,
19,87,80,150,184,99,84,88,70,95,82,136,185,182,
128,8,166,64,70,
184,7,104,114,69,61,41,77,36,5,80,
66,35,150,40,58,173,62,188,166,16,2,65,131,70,104,189,155,50,
155,102,67,
25,174,92,116,16,42,186,185,118,17,16,105,128,104,128,171,29,44,1,83,2,
5,27,187,
38,191,
129,72,96,82,69,63,102,98,166,104,10,163,35,52,44,149,97,
191,103,77,38,89,155,
24,81,61,27,12,125,148,161,55,25,122,
38,79,42,38,84,17,31,96,157,24,153,
102,78,104,18,88,170,61,34,18,35,191,102,
8,38,52,152,52,128,129,17,66,69,49,39,6,
188,104,4,8,28,135,180,191,38,111,159,163,
191,88,50,183,102,23,89,
81,24,86,24,37,
96,38,34,189,55,188,28,
158,54,76,80,147,156,86,71,110,177,161,75,45,
170,79,150,11,39,96,142,38,
67,72,50,159,107,
98,126,141,
38,43,113,86,170,93,43,118,100,74,
84,96,63,23,121,3,
31,23,41,
85,4,81,148,113,140,138,52,100,109,142,98,24,123,17,59,94,106,35,
191,180,188,2,
84,160,179,14,115,97,169,124,128,
188,8,
191,120,33,8,113,102,126,141,57,56,82,109,
41,163,127,31,170,130,88,183,
11,11,38,
18,82,38,45,72,
117,45,82,64,146,39,2,183,136,18,46,13,55,189,10,20,171,
40,78,130,93,70,127,
179,42,121,65,34,164,120,95,153,85,61,
175,170,39,9,187,126,106,117,85,179,140,13,82,
6,121,60,
164,167,186,164,163,150,89,157,30,60,104,121,185,147,107,91,33,
0,93,
64,43,8,
104,184,66,162,43,80,191,188,26,6,43,183,187,68,
61,135,85,113,22,116,54,119,99,177,24,171,24,37,8,57,84,179,60,187,8,85,147,48,
183,77,49,10,154,59,104,148,73,100,97,59,54,82,123,191,
48,124,186,82,163,65,149,
150,37,178,186,44,40,89,
146,104,70,191,164,73,
128,6,117,26,29,65,
74,67,133,
59,137,163,
51,169,182,186,
67,13,66,163,74,57,168,173,52,12,75,
42,24,39,187,95,135,97,126,
179,44,30,28,186,
6,107,158,141,6,33,
12,60,61,190,138,16,
128,57,84,3,35,80,
186,170,63,149,170,160,12,95,
134,113,121,186,64,
77,61,178,57,191,11,183,128,50,52,132,95,66,86,190,88,102,178,
78,40,88,24,11,102,156,
183,166,41,81,37,178,30,155,173,
187,117,144,114,21,126,105,5,124,36,191,138,154,
170,141,117,183,117,77,164,86,177,70,124,170,24,186,20,112,141,17,120,13,36,159,95,39,
0,117,50,169,
62,56,156,36,158,189,67,
85,117,171,62,30,3,
82,150,18,100,69,81,0,
91,164,60,105,156,
39,179,43,171,178,66,137,89,
109,178,66,11,140,86,
171,85,182,53,96,41,73,161,70,162,24,71,178,113,79,40,122,30,17,165,
50,56,33,105,72,78,82,50,121,17,190,125,188,45,186,34,154,189,27,
113,171,177,53,30,12,
50,4,111,58,86,150,55,180,67,22,66,81,
132,154,126,63,178,10,
140,48,43,54,39,
4,85,50,61,
125,12,37,
39,61,171,138,177,32,
82,189,181,48,172,
150,50,66,143,145,166,11,82,170,163,186,178,65,17,85,68,189,171,2,
96,129,171,48,138,62,7,130,17,175,
106,57,73,
2,169,161,69,
93,169,48,153,80,114,98,50,165,27,46,0,113,15,80,
115,138,189,
129,144,8,168,186,
120,169,95,48,86,135,144,123,28,45,52,20,55,14,
67,141,79,55,
189,9,171,189,175,92,60,109,143,127,148,7,180,
138,130,21,39,44,12,33,49,97,4,126,3,136,0,47,108,5,
154,163,5,17,9,10,
155,110,37,158,176,98,9,69,128,
186,179,129,160,
104,103,11,104,
49,73,138,120,59,57,158,34,87,85,188,108,
90,186,179,185,80,3,181,
149,86,41,24,188,129,
156,27,10,161,32,42,45,81,147,71,99,53,102,84,129,
181,117,186,0,175,52,170,107,
1,183,28,165,156,143,176,180,73,143,
46,88,110,160,61,16,11,76,45,29,
175,189,154,30,38,98,167,103,24,190,
38,38,172,11,86,187,150,187,
16,25,92,29,5,104,92,31,88,103,113,46,
66,82,64,
170,175,45,102,33,126,
10,37,4,94,1,163,135,174,57,8,57,127,103,86,44,108,110,72,119,25,9,135,61,170,172,176,91,2,167,81,117,
81,60,22,21,134,32,105,69,131,3,21,24,114,52,85,183,77,45,
124,12,58,78,108,114,
60,126,125,23,140,63,147,163,50,42,81,23,77,144,92,2,97,80,
70,82,104,56,137,34,
16,132,129,98,
34,21,143,150,12,0,190,32,181,53,119,170,
114,184,187,8,35,161,
179,38,175,24,141,
167,69,80,109,163,
138,129,190,
0,186,61,34,98,19,41,28,79,
143,150,61,63,
103,169,86,175,112,21,
62,96,128,11,173,51,61,187,127,85,123,79,
191,133,102,146,80,12,137,
135,50,98,59,66,156,121,
137,75,95,191,64,59,
169,117,190,120,184,26,103,27,93,84,132,72,84,151,90,51,153,0,122,170,149,57,
110,135,43,84,11,155,45,83,97,8,46,162,
189,141,172,96,66,49,50,82,189,120,
32,96,81,155,46,125,70,187,58,105,
39,175,52,50,2,103,8,40,180,68,24,62,26,106,53,170,155,117,67,8,37,14,140,
102,140,116,112,133,5,191,126,72,154,
141,107,59,104,84,86,98,159,102,
65,150,175,143,73,85,84,166,50,
99,79,114,18,98,
10,52,15,28,51,88,105,88,117,163,180,
167,97,70,131,163,70,111,30,
23,5,100,84,53,
55,11,15,158,13,
0,181,86,82,14,102,104,144,80,61,183,105,
64,56,173,104,66,129,104,141,80,
30,61,152,19,
136,6,155,117,20,45,
161,149,33,106,130,98,53,176,101,2,19,63,175,
63,115,154,154,1,33,
61,113,25,42,29,187,13,75,64,85,108,32,120,47,162,19,39,97,58,117,141,
52,10,146,175,79,144,12,29,58,147,86,6,60,131,77,98,148,64,141,37,42,4,35,160,67,
30,20,175,162,153,85,124,12,128,10,
52,81,128,18,93,186,77,
97,86,133,189,7,160,
149,60,70,146,43,
64,117,61,95,81,105,137,84,64,117,
161,24,45,39,
130,138,185,49,120,134,108,58,123,
105,5,97,91,43,0,
110,182,47,24,123,92,169,127,31,43,68,
96,38,124,108,84,
183,168,170,46,67,71,182,86,1,187,125,
100,23,183,1,141,
70,170,69,186,163,93,167,131,146,48,
95,7,77,42,72,103,81,97,120,141,171,5,90,137,178,
41,107,22,49,31,152,142,19,
73,190,171,183,105,
128,62,133,
116,51,24,163,131,101,134,48,189,
182,135,21,101,182,153,32,33,171,104,155,126,184,11,170,
57,106,86,52,161,27,50,128,191,
68,171,58,102,
150,180,156,153,4,141,11,28,102,
121,6,145,164,46,124,80,134,
147,62,70,40,67,
33,73,106,152,170,
156,86,
181,69,166,88,90,1,106,158,
43,98,104,66,89,50,64,
152,160,142,65,84,20,89,186,11,40,
102,141,0,77,31,102,126,
83,110,131,50,53,139,60,86,
141,125,104,170,53,12,74,127,150,168,51,67,6,13,
75,82,32,119,102,44,105,
43,21,80,129,106,17,57,
50,179,179,33,
36,184,187,59,23,
11,154,4,35,12,54,135,
11,99,69,130,189,19,103,102,67,65,27,191,
141,191,20,1,109,
66,7,143,155,19,152,36,156,79,1,161,190,135,
114,40,79,81,168,99,136,137,122,
161,61,117,123,66,157,17,103,84,
158,58,70,163,21,100,
50,85,28,77,166,156,42,140,150,83,15,109,82,171,90,163,11,
127,167,8,188,104,186,62,4,67,66,41,103,190,
81,106,7,
129,43,88,16,178,
143,141,133,38,17,98,
69,155,82,
140,50,27,
107,24,41,139,6,
23,152,31,90,65,36,
70,69,158,27,149,64,127,
103,30,11,106,40,133,67,
171,61,53,7,30,39,103,151,50,102,61,130,155,143,
177,118,81,113,
140,158,75,
79,72,19,59,162,106,114,93,104,14,17,170,33,140,27,116,171,67,99,
98,63,73,88,47,157,15,18,36,158,43,99,12,48,148,114,161,69,66,70,89,99,122,
159,191,153,59,42,18,180,158,
190,120,189,175,75,156,77,147,
131,70,116,40,102,83,189,
24,55,42,47,120,39,81,144,
186,25,133,141,92,85,152,145,0,178,184,104,21,
101,7,68,78,22,88,
67,11,4,7,6,155,7,94,188,48,147,
140,88,22,25,1,119,66,
86,7,141,57,156,99,114,68,114,170,
8,114,152,
46,128,32,128,
173,67,62,126,144,180,189,166,52,
160,45,46,186,
77,85,184,102,151,47,61,35,
24,170,172,149,141,118,17,40,
47,179,61,98,10,45,1,45,133,99,21,139,110,45,97,45,53,172,52,107,
101,174,191,80,182,188,177,180,53,
153,24,172,35,10,182,72,173,139,131,
34,180,49,178,
18,48,98,104,181,116,149,31,109,72,40,52,114,87,88,102,162,161,118,159,138,
104,79,73,145,180,117,137,4,24,70,64,
104,97,188,141,147,135,146,56,102,177,179,34,134,182,
126,191,102,126,104,
79,77,66,38,126,184,
88,172,78,147,191,46,140,84,55,181,86,
179,31,84,188,82,111,25,17,50,54,104,104,82,161,142,
163,18,150,187,50,163,4,180,153,
102,60,75,
178,143,152,109,150,95,14,92,
11,170,155,104,137,109,21,60,67,
89,163,43,121,130,67,111,
104,121,154,129,25,64,141,0,165,159,
156,135,21,7,62,
27,189,128,140,12,71,
11,24,150,161,53,0,17,68,141,17,11,110,139,63,
183,61,98,0,149,69,78,39,
54,143,183,0,50,185,77,75,125,178,140,153,108,
60,164,46,12,40,52,43,132,
104,189,187,186,156,
128,21,183,86,6,18,61,163,177,95,
34,108,33,
11,77,136,128,
89,27,16,135,191,74,170,191,
170,169,28,155,34,
189,62,74,190,135,92,21,46,116,113,51,117,
81,68,64,21,44,177,
119,175,7,
38,65,97,188,162,179,30,143,18,35,
154,132,92,148,
103,149,113,55,110,86,51,61,4,6,180,60,167,110,
110,143,59,
120,132,104,3,135,99,189,49,31,163,94,114,173,72,189,190,1,105,145,191,179,92,
185,129,148,19,37,29,
8,143,102,93,90,66,
108,7,143,1,160,27,75,37,73,10,130,101,162,54,
103,172,77,24,111,191,
154,45,185,54,95,139,14,91,142,63,
123,4,80,20,86,113,
129,62,12,109,8,70,86,16,185,179,123,80,80,60,138,113,182,
61,184,10,155,91,102,23,179,103,141,30,46,143,185,
7,101,189,102,108,63,149,122,97,22,95,18,
180,26,79,125,158,159,119,146,191,
78,9,42,168,101,102,48,183,124,44,147,
98,161,52,173,113,0,113,14,82,120,
80,106,90,128,91,
74,18,7,158,88,111,
160,136,132,123,169,80,11,161,142,185,159,103,119,169,24,73,0,30,149,139,105,77,167,166,73,51,188,176,47,97,
135,142,89,163,
59,133,117,137,141,126,139,185,155,110,157,126,9,
93,38,79,52,48,174,56,
56,70,62,64,
121,6,188,63,106,131,84,
142,54,27,26,126,161,73,148,122,140,130,168,113,169,44,1,121,41,100,26,94,152,135,
106,114,33,171,171,
20,30,186,123,154,83,70,183,
4,104,150,103,123,20,33,17,
32,75,132,77,105,118,
128,74,30,180,11,46,88,
18,172,74,133,73,177,108,
133,97,8,95,118,142,47,148,5,14,111,124,78,179,146,113,
33,10,97,68,121,162,189,191,79,161,30,122,97,6,124,
6,73,103,121,128,
171,15,132,2,122,0,70,171,88,23,107,114,24,31,145,189,123,98,190,84,54,147,51,
190,98,113,34,138,86,31,117,103,41,110,169,
31,102,103,189,28,114,22,88,
105,82,178,
45,52,18,131,154,32,171,161,127,81,45,126,24,91,169,179,
70,154,108,19,158,122,138,147,12,131,49,167,76,182,171,98,
52,172,39,176,83,
88,181,85,171,19,122,116,76,95,44,105,
95,19,133,128,170,28,73,
61,0,99,12,161,157,62,73,12,171,171,188,180,4,
32,136,17,163,13,154,37,
17,1,30,37,123,
27,144,7,50,5,73,113,53,142,48,79,
82,105,66,42,75,9,120,90,4,148,
148,154,96,98,
132,16,31,120,144,32,60,123,
158,49,180,114,140,55,6,109,74,
79,186,172,191,64,84,
142,48,186,
121,135,179,89,6,
135,187,11,51,
180,7,96,83,116,33,87,85,145,94,134,26,93,145,48,73,55,2,75,
172,77,75,97,18,
100,48,38,17,27,
106,103,43,
16,89,45,80,15,178,41,71,171,
20,152,30,150,158,173,144,
86,9,10,24,52,148,97,133,63,77,81,165,
111,180,52,179,80,53,89,33,97,103,1,
24,178,145,185,6,153,40,109,75,60,25,19,61,165,145,165,159,
10,60,153,100,105,180,67,172,
187,62,42,135,
128,92,84,52,77,52,
163,129,152,80,16,47,41,73,5,154,150,13,30,121,165,21,155,111,65,162,128,126,130,
41,0,75,
109,85,50,167,
53,83,11,31,26,
86,189,141,179,98,148,
21,81,81,107,47,158,172,186,106,128,
12,18,113,191,
69,155,181,
38,188,8,
122,88,33,178,77,105,15,
163,89,67,116,155,
189,30,189,191,107,1,
135,189,120,26,37,
130,86,
58,3,175,30,56,50,28,140,153,32,68,158,141,133,79,185,181,124,117,100,
73,27,18,33,
142,154,147,
161,18,171,89,
11,135,24,50,28,190,184,
30,85,164,155,27,53,103,167,
17,11,143,4,7,
178,171,186,73,150,188,18,156,
42,48,100,76,135,
105,50,25,160,158,79,10,40,39,126,122,32,23,
103,166,190,39,190,87,31,104,191,161,
11,121,135,171,55,38,58,169,57,152,41,87,63,177,
117,170,181,161,159,85,139,27,180,84,186,47,124,172,175,
33,182,111,50,33,
30,58,115,179,22,167,20,50,9,165,145,177,49,170,
12,70,98,129,
33,28,30,34,
28,177,93,1,154,149,
123,141,6,
137,45,179,125,179,
163,27,45,32,59,135,106,
82,179,50,70,129,174,74,9,
10,101,80,172,177,
48,72,116,98,140,13,120,18,166,100,166,93,94,179,69,
3,90,26,175,128,125,85,
4,65,64,152,25,148,67,80,55,171,11,148,84,139,
166,65,124,92,62,
43,110,183,88,94,111,38,149,168,98,103,80,141,180,15,104,124,
85,58,73,45,88,123,141,67,85,
19,11,97,28,86,180,17,12,
158,159,105,118,
19,129,66,113,91,177,93,144,79,1,37,41,90,120,79,
55,154,67,88,50,90,
144,60,132,173,78,27,187,33,
74,131,136,73,88,
145,186,150,107,178,12,50,113,148,26,
188,50,49,
98,183,10,129,86,135,155,190,16,93,168,153,185,28,35,
88,74,128,122,
50,50,43,65,
120,19,24,
28,113,95,33,96,
17,24,38,171,
178,73,77,9,
90,19,55,
126,59,52,45,
159,141,134,8,64,24,
169,2,73,
40,150,41,60,
166,176,48,
84,65,117,110,
17,32,43,85,
172,79,47,
144,85,24,
179,93,131,169,86,85,129,137,
21,43,
102,150,7,117,8,31,
93,178,40,9,
86,109,
85,175,179,186,17,
7,81,119,17,
80,0,170,191,97,141,
182,182,110,
26,145,169,3,
30,133,17,
122,24,171,98,
74,38,89,
131,190,67,
178,129,132,
180,19,188,144,128,189,184,10,
44,150,81,78,
171,117,106,16,
55,50,180,
56,50,191,93,
111,133,108,
138,96,12,
37,125,108,
1,108,25,77,111,
84,38,155,
93,8,25,
188,101,38,
31,132,41,
153,98,166,30,
37,17,32,155,85,
23,61,105,
93,86,19,
113,178,191,38,123,
37,81,135,
146,66,122,
40,147,114,
118,165,32,
166,48,166,66,
92,189,158,120,
85,179,65,37,
156,30,133,
139,148,107,
180,189,86,
183,128,
156,50,85,78,
26,128,
183,20,88,
79,0,166,
70,128,20,
117,189,0,102,
105,10,120,32,
171,107,95,
97,96,12,80,84,
39,183,42,161,
78,144,133,77,
115,75,63,
144,124,27,20,129,
102,131,92,
156,178,66,
55,67,4,
44,5,
149,35,186,48,
158,155,60,
53,39,27,
163,116,158,
130,96,
44,75,88,
114,106,98,86,
25,63,178,
73,108,85,
34,144,179,
157,166,161,
77,54,81,
122,107,169,
53,
50,54,189,
110,24,
126,105,
144,18,180,
142,170,179,
62,147,166,
3,188,84,
10,8,30,47,
7,180,67,
180,163,101,61,
26,180,142,141,
90,166,23,
97,172,
13,55,163,32,
62,39,
60,83,91,
155,51,163,
28,179,150,
135,11,120,
13,175,67,141,
69,183,167,
31,102,
21,
64,79,117,64,
161,24,156,73,141,
27,163,108,
81,50,170,
9,59,154,
141,63,189,161,
123,161,120,
135,116,11,
188,107,96,
57,43,
124,66,33,
28,98,0,
67,173,101,
33,33,164,
6,8,104,156,
12,186,11,
148,82,28,
11,78,46,182,
73,65,104,155,161,
57,185,66,135,34,10,
172,10,10,82,
83,20,
60,103,11,
180,21,1,10,
84,25,45,152,144,128,
141,50,79,145,101,
10,183,33,132,86,
177,61,39,28,
157,138,85,
121,33,85,
46,25,
177,155,11,104,
181,88,145,
107,67,181,
34,61,126,70,
141,152,66,80,
143,1,170,171,
122,114,60,88,
15,55,122,
189,116,131,
149,183,
105,187,73,
141,26,58,95,
68,11,150,81,
49,70,166,
148,86,145,
78,38,
44,24,156,
121,165,104,142,
175,3,65,
113,116,61,
110,103,190,
16,12,163,
59,28,156,
65,66,11,
109,191,158,
149,45,169,
130,108,163,
187,38,32,118,
173,20,183,
181,191,82,
29,128,185,46,
81,86,80,118,
171,106,150,
141,179,118,
14,117,39,120,
146,149,133,
133,18,103,
150,38,19,
11,150,87,
82,179,191,
5,105,27,
42,154,159,
37,185,39,
18,7,163,
125,54,183,3,
179,133,186,
10,108,154,190,
106,121,21,
128,27,
50,145,24,
114,113,85,
81,52,18,127,
170,182,30,89,
45,136,158,85,
40,103,105,
85,186,85,
19,30,73,
88,31,
182,11,8,
177,170,10,
94,48,85,160,
4,128,66,
32,63,182,
85,189,
64,70,136,
21,101,
187,38,104,
30,113,113,
149,7,36,
157,38,164,
98,124,175,
123,21,62,
88,101,77,
95,186,50,
73,146,166,
48,124,96,
104,120,104,
178,77,109,
150,178,175,
84,161,79,
42,136,61,
117,39,133,
67,103,11,
101,108,116,
191,185,159,
111,167,74,
59,124,135,
20,120,141,
140,144,109,
4,82,165,
153,54,
108,124,18,
102,68,77,
169,110,8,
114,124,158,
40,24,152,
24,116,171,
7,27,60,
162,108,124,
60,12,102,
131,179,166,
26,12,135,
21,103,156,
86,123,83,
127,63,70,
129,96,176,
126,182,170,
68,155,100,
22,41,7,
14,98,0,
2,150,191,
71,27,16,
148,38,155,
57,77,169,
66,140,8,
17,155,
178,54,122,
46,60,118,
166,173,50,
161,179,114,
186,77,50,
97,85,167,
92,166,186,
164,164,146,
41,11,190,
89,28,39,
24,12,38,
105,166,88,
177,128,18,
53,23,161,
138,63,187,
87,103,11,
36,165,
164,170,
149,86,161,
184,182,11,
180,173,34,
101,116,
137,114,70,
26,53,39,
24,179,11,
59,49,36,
158,181,62,
132,171,73,132,
66,8,113,
11,86,182,20,62,
