167,189,24,184,155,97,176,33,186,78,
129,161,188,
16,172,15,17,71,4,128,92,108,2,
118,123,59,164,
11,184,780,23,
143,171,
45,39,133,51,183,
25,3,631,
135,804,124,55,50,130,154,158,65,90,131,114,183,161,88,65,
182,93,60,127,157,46,101,81,29,135,65,132,127,141,
693,780,164,184,23,176,141,143,162,72,150,71,140,159,7,
21,191,123,153,7,56,74,151,42,135,177,127,
0,3,84,
191,74,50,62,54,93,163,19,158,183,54,129,9,106,166,150,
71,75,186,12,30,114,160,71,102,
15,3,180,93,16,64,165,85,180,180,5,113,67,17,44,152,
130,183,40,144,104,161,90,93,91,41,167,151,46,133,23,
74,186,61,118,184,124,191,4,27,133,60,153,166,
155,18,186,174,
170,30,3,119,93,23,93,57,102,25,87,147,56,36,
181,190,103,117,186,52,186,71,25,
108,9,96,95,181,13,173,179,
172,160,155,108,57,24,100,2,106,
35,57,393,188,161,76,146,141,140,37,149,142,105,95,86,185,12,
57,35,80,133,108,151,140,32,110,163,83,
155,3,191,
13,804,23,404,97,150,6,107,145,
23,170,79,169,7,76,
41,0,64,53,152,146,65,0,61,91,95,
51,167,93,68,180,126,151,122,95,107,85,146,
93,100,76,1,94,84,42,85,51,129,15,182,40,50,66,86,117,104,102,141,38,191,117,145,168,
154,161,125,48,160,102,159,185,189,103,84,
74,4,167,7,56,117,22,67,135,113,130,17,
2,3,32,91,43,13,19,
113,29,93,40,149,85,79,101,98,134,167,170,141,143,69,168,147,55,
142,124,175,23,81,102,
762,116,131,153,69,112,41,96,113,46,21,2,168,60,
61,45,
149,123,86,
62,155,100,
102,3,93,91,39,170,
91,180,85,43,4,118,177,
138,162,135,78,40,
41,762,27,167,16,176,70,188,
8,55,
117,74,88,53,3,152,121,155,112,159,139,80,
190,393,102,104,90,155,13,171,189,83,181,138,
14,97,167,103,97,150,184,153,145,162,
81,9,183,177,130,186,3,150,163,
152,67,156,184,35,81,103,181,57,27,189,20,115,133,73,42,21,10,13,53,153,89,15,50,185,65,20,
115,156,69,86,127,37,122,142,427,56,102,165,
17,75,39,169,184,18,74,
3,102,15,2,102,185,112,189,155,82,25,31,59,68,76,86,0,80,19,51,61,125,
50,89,146,189,57,76,191,60,16,152,150,116,56,67,151,
68,78,95,56,149,36,115,83,
41,93,159,0,190,20,5,172,101,76,154,51,108,168,
113,130,762,
97,156,146,14,7,112,166,
112,3,17,125,117,3,142,
28,116,44,132,181,51,64,167,108,
140,172,2,5,25,111,129,124,121,152,156,
85,68,16,143,65,78,9,79,
24,185,26,172,
76,23,103,18,130,93,
3,67,160,13,177,149,9,37,76,48,69,167,188,117,140,99,104,
180,125,15,44,6,27,186,
186,28,2,103,149,147,21,86,73,162,180,56,179,10,93,
2,27,91,81,190,154,93,76,
146,35,50,48,33,44,61,88,183,85,30,90,148,78,90,164,
83,404,116,118,104,187,19,116,153,147,19,132,
38,95,116,
30,65,140,157,148,125,161,72,88,50,93,
54,191,123,167,35,56,
189,133,50,102,45,2,23,
65,30,45,48,27,97,11,118,123,64,147,165,
171,138,
159,850,13,147,66,21,117,158,60,94,132,26,154,0,160,
120,118,185,36,138,18,6,
171,393,124,106,71,97,98,190,167,149,98,
104,83,85,166,72,145,3,
9,108,109,190,132,125,9,12,106,30,104,81,123,5,89,43,178,113,97,
143,9,113,76,161,188,40,113,68,
113,10,104,10,97,28,126,
55,135,123,8,28,72,66,91,166,
15,913,95,69,169,61,71,86,
143,52,185,188,166,98,118,
160,68,77,173,40,70,
780,693,30,125,187,53,178,116,127,54,100,81,121,153,24,86,11,105,61,
38,91,20,43,
84,850,4,73,25,35,54,36,176,167,163,
85,15,50,104,66,89,136,156,
118,74,83,149,22,90,59,179,120,
183,631,171,176,
45,86,61,164,
182,147,
20,106,125,156,107,181,152,
162,96,46,173,138,79,29,9,
631,124,7,177,183,26,708,21,22,115,25,126,40,6,
122,165,51,
151,21,116,88,427,
91,50,43,134,162,39,154,96,51,125,38,177,
188,159,143,32,61,143,185,129,164,87,
59,95,151,145,37,157,126,23,38,118,162,
175,4,46,51,81,180,
171,95,151,4,122,143,67,131,147,46,56,114,84,
140,151,2,98,99,86,46,169,188,185,
56,21,186,175,60,160,68,168,97,
67,3,11,133,50,45,114,15,62,118,
130,146,40,88,35,94,
86,93,186,77,
10,37,4,125,1,58,170,174,139,
129,160,155,158,149,
111,68,123,97,
135,21,74,36,67,40,18,155,180,
172,167,1,100,95,140,13,23,16,53,13,24,117,32,40,
46,162,125,129,
175,393,80,118,53,
50,54,91,84,123,404,163,53,74,177,94,136,9,107,156,109,146,159,167,178,
88,4,117,151,
18,108,11,83,155,16,184,178,28,4,59,114,153,
116,780,53,98,48,60,73,148,64,188,
183,106,114,127,8,26,78,89,
188,3,140,
184,693,95,23,101,76,146,185,77,107,0,183,11,107,2,167,
17,116,112,77,19,37,180,12,141,108,69,54,65,159,85,140,
182,122,156,147,9,86,
180,186,164,
154,2,9,92,
161,135,64,2,176,
160,136,172,129,156,80,11,187,49,850,72,126,
147,35,161,
26,138,54,87,83,173,24,89,
73,850,84,
190,41,2,173,189,88,17,34,52,
116,86,104,
103,99,124,3,38,76,92,20,157,
161,30,75,129,92,97,10,16,128,83,37,105,119,147,169,185,3,132,151,98,30,
147,182,113,155,
35,16,43,147,17,
123,167,133,69,57,54,137,21,58,144,152,107,55,164,111,140,149,128,118,121,91,
78,151,185,78,15,43,96,115,
131,64,
157,68,117,167,143,
148,36,30,185,48,190,152,51,
184,167,7,
12,35,173,58,183,92,
850,57,34,173,159,15,168,118,90,84,160,82,125,393,76,73,
133,57,56,62,189,177,154,45,123,68,0,122,93,169,
122,115,100,182,105,119,65,66,72,25,
4,124,171,91,71,23,88,35,166,99,91,70,186,60,
67,89,74,171,15,188,
86,16,115,149,112,187,40,86,780,15,101,95,59,45,
146,20,130,150,167,28,60,102,109,
132,115,61,184,162,157,83,34,
913,15,116,114,56,
809,62,80,32,19,
393,171,38,86,175,35,18,190,24,86,118,44,73,88,109,144,39,135,23,850,84,185,
427,404,764,71,115,89,151,
100,122,84,65,62,
86,393,75,35,107,51,116,149,54,182,
43,70,115,107,167,109,35,
163,108,191,86,
156,124,52,189,182,163,167,115,184,52,107,
149,167,124,188,132,122,93,187,129,113,68,86,101,77,113,
62,809,55,72,13,179,20,
151,57,167,68,78,102,59,60,171,65,50,133,111,43,6,36,170,
189,10,8,24,158,75,10,7,175,124,54,152,109,26,167,46,71,168,7,178,
138,102,147,171,51,61,26,79,3,170,115,177,36,185,190,104,188,
133,151,75,129,39,144,67,177,
75,102,189,180,54,133,17,74,188,71,69,95,108,164,
103,186,97,40,34,188,142,149,118,191,122,69,184,15,
93,170,176,76,159,29,51,95,
185,24,57,58,179,85,10,
124,167,631,135,66,151,156,149,189,115,85,16,149,116,142,79,52,4,37,
85,93,69,17,91,1,10,190,
146,97,77,142,
95,172,116,171,146,95,110,1,116,68,9,12,15,38,159,46,117,
804,13,10,135,555,149,
90,130,71,7,122,136,0,81,89,80,167,43,168,67,16,123,141,38,126,86,
9,9,142,122,144,81,3,49,143,7,115,154,23,130,176,404,146,
404,427,744,13,83,50,93,107,9,48,
50,18,135,137,15,60,84,153,24,
116,5,83,33,80,2,38,151,2,186,36,149,
108,41,5,18,67,142,58,0,40,163,125,60,176,143,115,129,21,148,116,
92,161,16,117,146,70,59,97,
157,33,59,180,132,35,46,62,
84,161,171,864,108,0,42,188,1,121,
60,115,98,74,50,
69,103,75,91,94,110,191,6,
180,51,167,20,29,155,
16,168,167,61,3,86,159,85,90,86,133,
115,152,124,78,1,132,60,43,15,65,122,68,21,69,186,61,140,
62,191,133,181,176,
132,182,149,
68,111,151,118,85,127,186,157,99,149,
64,28,39,147,131,41,104,158,87,79,159,161,168,109,74,22,81,
155,190,55,37,116,27,108,104,62,180,147,41,60,48,
125,91,154,20,36,96,158,128,
102,11,190,97,126,78,75,708,138,83,61,130,3,317,21,189,138,147,47,90,25,
168,41,762,7,72,
112,125,40,33,52,88,20,183,5,
77,70,17,191,87,99,86,75,146,175,97,160,63,131,80,189,149,
28,186,146,
78,102,98,81,68,134,185,176,126,69,3,183,79,115,173,
0,108,11,55,
79,113,113,20,42,90,161,84,58,100,60,
106,9,23,97,77,106,141,148,88,20,183,145,95,109,190,
10,189,655,46,21,133,54,113,31,35,167,42,24,38,76,188,144,104,39,
65,115,135,85,110,41,152,122,
51,91,72,73,
116,762,17,29,17,81,159,182,98,150,
167,16,27,124,151,159,185,172,74,51,113,126,177,121,123,52,125,130,149,70,189,113,180,45,54,161,41,14,138,81,37,176,43,
4,74,74,175,166,116,169,156,84,68,148,165,112,159,
11,0,18,29,191,115,174,
86,3,
185,78,120,30,
114,913,135,65,27,
153,21,14,
145,59,14,13,
191,21,11,155,
60,146,
177,21,138,
128,123,161,149,
54,26,84,86,184,
101,184,
163,156,
15,50,95,180,67,78,
116,28,
15,103,93,75,
152,117,123,
180,155,75,
96,125,
33,157,
163,34,
15,78,115,150,
188,92,84,
36,59,118,13,64,57,149,125,
36,116,148,151,
16,50,35,49,
17,116,
144,123,
80,3,116,
82,850,3,
60,155,182,
119,122,
101,41,
3,16,
169,17,161,138,
160,154,3,189,
37,161,
93,15,149,189,
19,2,3,83,
66,124,55,85,125,
61,41,92,
80,77,117,
56,171,74,913,
1,84,
97,113,65,
131,135,171,
27,65,
130,76,
70,92,41,
159,693,
68,3,4,
184,14,
25,170,122,
159,167,117,
13,2,190,118,
188,143,149,
156,97,
173,26,162,
49,147,
112,97,86,
46,10,189,95,
75,161,86,
146,184,
1,172,3,
188,41,75,
34,163,
7,90,
187,160,83,149,
147,138,64,
36,170,135,
70,167,124,
138,167,
147,65,83,
20,180,103,
13,108,81,124,178,
132,9,
166,191,104,
167,10,50,54,
57,36,170,
37,124,167,
147,49,171,
118,68,36,
72,51,55,
181,108,20,
186,116,81,115,
177,81,91,
18,76,135,
175,142,56,
176,92,93,
108,75,155,
180,15,91,15,
186,68,4,
17,16,
151,140,161,
184,132,
46,140,171,
114,164,
22,74,117,118,70,
121,140,123,
180,135,157,175,
162,132,14,
121,117,84,167,
79,23,
173,78,12,
104,9,64,
32,172,2,
183,12,112,
78,85,138,167,
154,91,92,
157,103,30,
110,69,65,95,
190,2,85,
48,154,146,
153,50,
150,13,14,15,
98,60,
104,155,130,
30,161,71,
39,10,102,
91,41,55,123,
188,116,103,
84,393,79,
86,86,16,
92,61,176,
170,138,10,151,
39,133,45,
88,106,
173,190,160,
186,180,167,
86,149,90,
117,181,157,
101,149,86,
89,26,85,
156,85,140,
99,68,140,
40,86,631,
166,4,55,
86,140,35,
79,64,78,
65,182,
9,95,182,
84,50,138,
24,167,172,
39,64,17,
85,185,
158,135,
60,79,56,
130,113,
70,4,160,
118,164,103,
176,9,84,41,62,
151,51,
30,9,185,
149,124,118,116,
56,170,
76,93,3,
76,3,143,
149,68,3,128,
191,103,69,
125,3,112,
42,84,79,
92,16,103,176,
126,102,59,
21,108,
123,65,
96,78,
156,83,160,
144,133,393,
48,65,
124,13,140,70,
137,123,50,
185,184,140,
46,175,157,
9,162,85,
5,116,112,
17,190,35,
97,111,56,
58,79,108,
178,780,50,
29,93,180,
83,190,68,
71,71,181,
79,85,138,
155,117,180,
164,180,114,19,
112,4,
70,77,2,
148,106,108,
20,146,
100,79,172,
19,17,809,
69,115,115,
2,16,140,
67,15,135,
40,138,
143,157,85,
43,91,38,
189,190,73,160,
3,708,170,
116,95,155,124,108,
142,115,
16,41,
2,116,
127,183,68,
38,59,90,
186,155,181,185,
165,15,122,
48,3,404,
190,106,148,
109,50,64,
40,113,143,
88,190,112,
38,93,103,
68,51,56,
18,17,50,
45,65,
188,138,67,
102,142,71,
95,106,41,93,
104,138,3,
161,35,167,12,
159,16,17,
95,51,86,
114,67,71,
113,143,167,
61,188,132,
97,9,77,
63,
23,11,189,
149,36,113,804,
142,112,146,
4,84,18,
134,78,91,
42,10,
104,116,10,
74,21,64,
151,130,124,
52,181,143,
150,116,81,
91,2,4,
139,10,117,
98,116,161,
177,3,
7,9,74,
81,9,78,
122,115,149,
55,113,0,
136,90,50,
117,92,
12,71,
58,10,
183,146,191,
52,112,124,
1,115,
186,71,
2,189,172,
124,103,
140,693,123,
94,130,69,
118,138,
152,148,
118,89,13,
30,170,780,
54,167,191,
130,81,83,
98,116,
166,97,143,74,
7,184,23,163,
43,9,78,
158,191,159,
185,393,161,110,
78,78,183,
65,17,135,
103,154,
184,17,103,
7,21,
105,122,117,
162,91,186,
13,172,36,
155,129,167,
113,149,74,
104,93,190,
44,180,15,
87,26,
152,41,
185,188,152,
66,122,
143,693,188,
61,74,115,
23,4,130,
163,50,
35,43,157,
99,103,3,
114,18,171,
165,65,115,
89,9,183,
72,160,168,
176,161,183,
69,3,17,
118,143,67,
153,74,18,
65,100,114,
84,100,154,
0,159,41,
162,59,
53,50,116,
147,170,182,
34,190,132,
87,77,188,
28,55,18,
107,13,43,
90,146,79,
153,780,
93,113,170,
176,78,693,92,
90,190,
158,125,
3,112,104,
51,175,138,
29,11,162,
25,181,102,
152,140,
181,28,62,
21,115,762,
189,156,77,
81,175,2,
0,41,133,
79,162,
89,152,90,427,
83,161,26,
185,35,3,
174,11,155,
80,175,
83,57,102,
36,138,68,
96,108,
68,160,
102,189,151,
33,112,
61,16,
59,3,
80,809,
40,93,135,
47,102,
176,167,167,
99,4,77,
53,117,780,
126,113,631,
117,22,3,95,
61,146,102,
58,123,
127,182,115,
138,100,118,70,
148,116,146,
126,160,168,
161,84,
59,86,18,
179,118,108,
71,4,
189,190,
184,74,54,
159,64,95,
68,143,
184,156,18,
49,16,
163,81,84,
150,693,191,
60,4,151,
97,92,
27,180,114,
87,170,
123,9,864,90,
77,106,
95,108,
57,172,850,
185,138,186,
164,118,188,45,
159,116,50,
20,79,41,
107,51,156,
130,9,74,
160,71,159,
159,188,4,
94,50,159,
27,167,152,
3,138,117,1,
189,3,167,
133,16,74,152,
60,116,
131,762,
13,152,3,
113,15,149,
56,115,68,
185,148,
141,90,113,
106,191,172,
164,123,75,
10,186,
83,130,156,
90,135,118,
2,190,116,
158,189,64,
174,10,9,
43,2,90,
108,28,16,
164,118,
25,84,
91,2,
37,3,17,
189,93,102,
97,102,106,
109,43,146,
155,135,172,
178,13,
109,9,189,
69,123,129,
125,780,9,46,
40,112,
107,20,123,
61,3,
97,14,
23,172,9,
16,124,
58,12,185,
80,160,90,
179,186,
28,113,
78,15,146,
125,30,10,
71,189,90,
147,186,
10,161,
26,159,
70,43,138,22,
81,167,142,
61,138,15,
129,93,708,
51,28,
100,138,172,
147,102,
135,182,
189,154,
133,69,130,
129,42,
40,103,
69,762,
27,2,
84,93,50,
163,57,101,7,
90,850,
111,140,151,
140,30,115,
51,148,93,
40,172,160,
148,4,
92,12,154,
52,156,190,
50,93,85,
169,23,133,
62,67,157,
180,17,15,
117,93,172,105,
122,90,
43,91,151,
11,160,
115,78,
1,85,10,
93,2,30,
178,18,189,
59,92,
56,54,50,
136,160,85,
168,56,93,
35,130,54,
23,393,
108,172,
95,35,75,
22,64,
145,93,104,
90,102,146,
146,41,51,
123,50,
126,51,
7,185,
51,3,86,
85,51,
60,762,159,
177,91,
9,191,
161,154,
115,138,
76,41,10,
125,850,66,
141,106,
51,41,45,
88,135,
49,160,
129,191,108,
122,103,
161,79,
23,142,59,
177,50,167,
153,762,
69,85,
57,123,50,
92,154,108,188,119,
186,181,
74,50,
187,86,
35,86,
131,77,
81,182,
29,113,
143,6,
37,155,59,
16,92,18,
42,21,
81,13,116,
150,50,
103,14,181,
27,41,
7,189,168,
98,140,
8,183,
64,15,
45,167,
114,183,
24,10,50,
159,93,
27,74,
172,41,
126,78,90,
132,
29,116,
64,65,36,
3,161,81,
170,113,
6,180,631,
75,77,15,
185,167,
167,113,3,28,
132,161,
88,30,130,
104,
141,17,93,182,
53,152,
45,67,189,
35,4,
116,83,50,
173,108,
126,167,
117,159,
135,138,
156,4,20,
119,161,92,
3,103,
73,186,152,
5,9,140,
46,762,
146,50,
72,122,
140,17,3,
132,28,
89,172,
183,130,
119,170,
25,134,
183,78,
98,171,
0,41,
10,113,152,
108,25,17,
183,45,
33,167,
66,93,
52,167,156,
142,9,
81,64,
72,30,
35,10,152,
93,130,191,
125,167,112,180,
50,30,
60,108,
168,113,
167,84,146,
86,163,
105,780,161,
66,159,
26,189,
35,84,
91,102,
71,16,15,
4,16,
73,116,
