276,23,50,172,16,121,23,189,12,105,130,187,
183,209,
497,320,145,
70,631,43,27,99,
206,159,373,20,
46,239,933,104,17,49,19,74,95,146,
180,35,125,
9,108,20,38,190,125,
83,702,172,177,97,
127,913,201,6,8,46,108,83,10,188,65,124,175,140,
140,88,
167,201,60,
557,114,108,41,50,178,189,
144,165,32,91,105,156,34,107,
171,389,393,124,106,71,97,146,
940,120,121,152,154,182,151,160,
594,0,121,161,98,
35,57,393,
175,41,922,4,91,168,35,10,171,
125,855,11,93,180,183,97,152,30,179,10,40,61,77,140,168,35,49,
693,780,164,184,23,98,33,150,
809,62,80,32,180,
62,18,809,55,72,174,180,13,87,
57,35,107,133,108,
110,702,89,165,
114,910,142,
867,321,28,49,109,178,154,84,
67,152,158,189,75,57,136,164,19,
126,254,545,51,
84,239,834,16,134,146,189,
121,594,276,119,95,137,108,
50,0,188,44,91,174,48,60,11,56,799,
20,9,161,206,111,89,172,117,
655,338,969,10,
969,655,104,130,103,20,213,173,175,
29,119,107,
102,922,11,190,119,175,78,75,127,
114,557,
260,102,177,61,984,113,122,181,
31,996,12,58,108,184,86,72,179,42,185,108,137,156,
386,16,100,478,12,534,29,
473,106,
365,61,162,177,
105,201,91,
98,594,693,48,
184,693,924,95,
164,67,166,
127,70,
41,175,57,175,
120,201,940,69,
391,347,183,
106,473,32,43,112,23,107,144,188,143,87,191,55,150,
13,804,933,21,23,
88,38,23,72,140,910,
75,67,209,99,144,5,154,163,68,136,
804,13,12,10,
49,867,3,29,43,55,61,124,151,178,31,
634,955,745,74,
144,89,106,155,37,103,11,
93,125,1,
349,93,710,158,
910,680,182,114,93,88,
933,46,61,13,17,37,54,57,32,
487,25,4,57,14,30,88,
850,162,173,159,145,170,168,
855,125,121,
892,367,64,144,172,
23,171,276,71,13,72,182,
189,67,610,84,
631,70,7,
108,31,557,67,
152,25,189,
922,175,102,51,102,146,96,8,170,139,58,96,149,
182,0,910,
162,850,137,92,181,55,182,
906,133,
15,177,111,96,160,
737,719,55,142,545,161,152,
118,61,239,109,144,151,
103,144,969,42,132,191,
7,834,631,
152,67,6,69,108,156,163,177,
710,349,81,91,
16,84,276,
719,737,293,183,189,118,119,165,29,86,94,294,29,89,78,98,
522,224,252,
102,260,81,109,11,68,19,43,
924,74,159,184,172,164,183,71,
186,183,75,2,98,175,189,103,
113,157,61,85,89,
107,18,106,
61,393,33,145,182,103,165,
6,152,127,10,170,
347,391,
104,941,95,76,
16,386,65,59,
708,683,161,47,
683,708,76,186,
745,634,7,
610,439,54,189,
955,135,634,
49,792,51,158,142,
189,719,154,44,54,75,10,51,
61,365,933,83,1,11,118,96,82,186,62,185,
188,106,50,41,40,
75,104,186,125,108,
780,693,129,125,187,23,70,116,127,
157,393,113,72,88,
95,845,104,184,164,
74,924,32,39,634,156,
702,83,110,20,157,144,
845,59,95,60,773,28,146,88,109,178,94,159,104,
320,497,10,19,161,111,
393,171,38,86,157,146,35,18,61,190,151,118,184,
130,68,239,87,
50,276,82,
0,50,594,38,60,14,12,134,87,45,43,86,65,180,182,2,51,111,9,150,169,96,179,188,
439,610,
135,955,178,
171,23,145,72,
209,40,75,11,183,40,
17,933,46,77,176,
941,104,41,31,188,106,
119,29,
175,127,102,
834,84,7,93,139,40,
239,46,81,84,111,118,130,154,178,
133,57,
201,127,105,109,120,167,169,20,76,69,120,151,149,
799,18,161,33,50,
864,628,887,177,54,136,151,
177,864,152,365,
25,487,786,152,168,64,181,13,108,
57,67,933,
61,260,113,
18,799,107,168,
22,250,
130,969,102,32,
913,15,127,
8,
109,54,201,107,
41,188,557,
760,294,95,
111,15,
8,127,922,
120,307,974,
294,760,719,94,
93,910,834,
188,941,0,
41,941,
130,276,
33,693,
404,427,744,83,
93,349,378,
389,171,182,32,63,
81,102,
33,61,
104,969,
10,189,655,
162,365,184,42,
100,110,
76,683,201,
762,538,318,
134,84,0,
42,31,103,
180,809,62,8,
38,9,
107,57,
46,127,
149,201,922,
83,127,404,
307,120,
145,25,
190,393,102,
185,31,61,
150,0,
178,557,135,
175,186,969,
182,61,940,
10,804,127,
154,189,867,
89,20,
168,175,18,152,
177,260,15,
109,867,118,
18,62,303,
862,363,
144,118,892,
75,102,189,
172,20,
9,
86,719,31,49,
91,50,175,
119,102,
40,209,188,
156,74,31,
20,702,969,
427,404,764,
700,165,
43,0,
75,728,
89,719,113,
96,0,922,
172,276,892,924,
29,719,49,
10,6,175,
169,58,152,142,62,191,
318,762,301,
172,83,89,25,78,
43,49,70,
124,49,127,
151,393,201,
165,61,110,
103,61,186,
159,850,13,
32,106,933,
108,9,31,
137,121,31,
165,700,
100,386,
146,922,
154,239,
12,804,0,
178,49,239,
152,190,940,
48,98,50,
144,75,
2,0,186,
176,17,
61,49,125,
24,
40,125,
151,940,864,
58,922,169,
35,180,125,
144,702,
112,106,
97,125,171,83,
129,780,
109,845,102,
37,933,
169,201,111,
87,0,
146,845,
23,780,88,
181,162,25,
63,25,389,
23,13,276,
19,67,46,
182,162,23,
125,780,9,
51,189,
136,864,75,
164,95,924,
78,102,719,
179,125,31,
152,169,
82,50,
55,106,162,
189,186,152,
72,157,23,
54,189,109,
142,114,169,
80,809,
95,779,760,179,
666,195,
378,717,81,93,
183,186,
887,864,
114,
191,106,169,
70,127,780,
140,125,127,
105,276,144,
57,487,
89,172,
55,737,49,
4,175,487,19,10,121,
183,719,125,686,
11,209,
119,719,121,
108,121,75,
152,737,168,
142,49,
68,130,75,
139,922,
72,32,96,
56,50,
150,106,693,
111,20,
154,75,940,
98,186,
62,169,61,
728,20,75,
363,862,
164,13,
159,924,845,
161,25,737,
77,125,17,
174,996,62,
92,162,
158,49,
65,0,127,
59,172,845,
28,867,
189,276,25,
96,61,922,
60,167,
996,31,131,75,119,174,
555,285,
426,38,
786,779,15,25,
158,349,
3,49,
50,557,
64,892,
93,535,
95,121,46,
108,152,
172,59,
12,31,386,
10,125,320,
145,497,850,
188,330,74,
15,913,
51,49,
188,127,
738,852,
327,158,153,
330,188,
42,484,317,754,
65,373,
285,555,
106,941,
104,46,
184,393,
133,906,
98,719,
76,104,
187,276,
31,49,
160,940,15,
127,102,
186,683,
166,164,
25,
191,103,
54,610,11,
152,125,
146,46,
119,
11,144,50,
88,157,
104,845,75,
116,780,
60,0,845,
51,0,922,
39,74,
91,710,144,
40,209,834,
171,175,
19,320,102,
81,239,710,
146,184,
158,327,67,
174,50,
29,719,
69,201,
121,855,940,
71,171,23,924,
184,162,
11,61,102,
213,600,572,280,969,
946,967,188,
373,65,206,
779,786,95,
155,144,
14,
42,162,
25,
102,922,
65,
161,594,
151,118,
69,152,120,
179,0,
34,144,
170,6,
183,391,924,
111,169,928,239,
148,250,32,
111,0,320,
169,0,
37,144,
7,745,
151,49,
60,50,
573,15,
136,226,113,
603,995,
597,977,502,90,
796,585,
32,72,74,148,42,809,389,
813,625,
250,22,148,168,
150,
94,845,719,
161,320,
143,106,
165,719,
86,0,
146,171,84,393,
175,41,
11,125,102,
108,25,127,
83,61,
90,597,
350,930,
113,136,173,
628,864,
928,111,
356,958,284,562,
280,687,658,213,
684,997,382,861,159,106,
11,54,
562,356,
15,786,573,
5,75,
107,144,109,
173,969,
94,294,
84,867,
89,144,
165,144,
57,41,89,
180,0,
44,189,50,
87,130,62,
20,25,201,
178,845,867,
30,125,487,
161,799,708,
106,171,
143,6,
96,72,
131,996,275,
79,882,
538,762,
576,577,624,
995,431,603,
362,559,
339,533,
599,238,
317,42,
751,907,
967,946,
38,426,88,
964,431,612,
132,103,
13,
85,113,
179,95,
27,70,
117,
110,100,
170,850,
118,393,
99,70,
32,130,
13,23,
9,0,
21,13,
51,126,
168,125,
47,708,
59,16,
145,61,
74,46,
68,102,
102,130,
122,795,
13,62,
78,172,
82,61,
43,106,
153,327,
64,25,
106,684,
74,89,188,
168,25,250,
58,31,
163,152,
145,171,315,
600,213,
572,319,213,
930,350,
958,356,
465,374,
478,443,386,92,
431,964,995,
609,650,755,
159,206,483,684,
122,60,148,
80,92,38,27,191,9,89,132,73,63,173,4,20,36,167,185,56,52,188,162,48,41,165,55,15,100,47,30,80,81,94,53,6,122,102,139,834,
124,111,52,118,719,
50,175,160,62,156,14,487,
79,114,86,62,87,72,171,62,
80,14,68,127,88,845,487,
137,141,96,15,
44,63,47,52,99,75,
5,101,163,173,177,138,75,127,112,6,162,35,
82,5,67,126,162,181,135,104,63,135,141,16,175,4,63,26,101,174,42,173,661,113,850,
148,153,163,632,303,
71,153,83,
135,131,166,109,92,108,130,84,51,63,147,104,145,178,2,132,97,28,186,102,138,74,136,14,166,120,201,
46,79,26,187,143,157,141,19,185,44,53,111,100,31,99,156,152,
16,89,90,46,682,460,151,193,
38,119,970,
110,70,103,39,28,57,169,114,33,56,170,359,340,
129,25,
157,436,461,615,
172,89,72,88,
49,125,86,
132,128,123,25,122,19,88,
171,189,169,154,105,66,76,88,75,996,
47,100,35,577,576,
127,56,19,69,183,97,52,109,125,118,12,276,
184,106,
134,69,132,165,3,161,82,105,49,46,
128,163,188,61,87,106,
34,33,176,3,15,123,29,129,149,68,43,24,168,850,
131,65,16,
1,188,678,58,946,
54,616,526,
141,53,24,5,153,179,
109,62,134,45,121,1,61,
167,168,170,321,867,
90,101,70,
58,169,143,944,187,
67,59,77,45,59,110,172,31,941,
187,780,
15,133,34,177,124,145,180,166,106,10,35,175,
129,106,179,93,158,71,60,26,81,190,146,0,52,148,90,186,149,121,137,162,
155,154,139,