83,151,16,138,
13,84,64,13,138,126,
84,118,122,87,95,100,65,18,3,19,24,114,
30,145,140,19,158,161,176,72,45,50,93,54,24,5,58,11,121,186,
140,184,81,83,2,72,74,159,176,
32,101,128,100,
102,31,11,24,161,78,38,708,130,317,21,138,147,121,90,96,148,181,
185,107,16,113,44,85,
49,162,67,128,
11,64,145,14,
51,132,189,89,84,34,
71,4,53,147,123,147,
156,97,127,162,162,39,74,104,163,157,189,171,113,
170,10,151,118,60,61,
35,16,145,43,149,168,186,122,121,
83,140,116,170,104,116,153,147,19,132,170,15,95,119,17,
173,78,12,88,73,176,8,93,
77,160,118,80,31,84,103,1,105,154,
93,100,1,94,84,42,85,129,15,66,40,50,66,60,117,75,141,38,191,145,104,95,
190,41,174,30,11,189,88,47,173,52,123,64,74,89,101,170,
36,59,118,64,64,40,52,149,125,191,780,
85,95,93,101,17,91,1,10,28,83,121,39,
68,117,90,132,35,116,44,16,90,
90,71,136,0,81,75,80,167,43,168,67,128,123,165,38,166,68,135,53,68,
143,9,93,76,161,123,155,113,123,187,23,36,130,
134,146,166,159,71,
38,128,57,137,
68,59,97,160,61,181,43,80,190,
151,116,427,4,159,4,105,118,124,101,23,0,129,
158,135,167,20,78,111,14,68,9,51,
101,149,65,16,32,162,123,166,107,
43,17,
143,171,114,81,130,186,84,15,100,158,158,
95,172,114,88,171,122,131,146,95,54,1,116,3,68,159,20,12,43,159,110,36,73,92,146,75,40,108,91,50,
189,181,10,8,24,10,7,51,175,54,109,26,129,71,168,7,165,
176,62,14,
62,184,78,19,123,37,116,87,176,148,105,
67,114,62,98,107,
4,84,171,91,71,162,107,166,127,141,183,96,28,178,79,52,
39,162,156,156,42,189,
29,188,182,95,
56,20,60,160,68,97,6,51,10,84,182,101,148,
693,780,164,23,141,61,143,113,162,95,72,48,150,71,140,159,7,
59,95,151,145,110,42,38,118,162,128,19,105,26,146,
27,95,68,48,
112,125,21,98,22,88,20,61,167,
16,41,127,83,
9,142,122,144,141,3,49,143,7,115,82,146,154,70,
11,30,780,23,176,95,61,
43,70,3,107,109,182,186,3,
182,57,43,186,182,114,
107,81,4,
91,180,85,43,4,118,39,48,127,179,
169,72,161,138,47,23,55,17,170,139,
60,155,165,109,56,113,
188,73,143,32,61,143,185,129,169,121,87,1,141,124,157,11,
66,102,99,160,124,62,
130,70,143,66,
67,130,11,185,70,50,45,114,83,9,62,118,156,160,134,146,168,111,
52,181,143,65,146,18,144,
142,54,5,155,161,73,117,68,140,47,130,124,172,141,148,70,
125,154,20,44,36,145,128,107,106,166,
129,161,188,45,135,145,119,58,170,32,115,177,50,50,166,45,63,
131,61,15,50,72,170,169,
95,81,120,693,13,27,12,124,161,83,122,145,151,29,157,161,
8,171,70,
155,55,71,27,145,122,62,180,41,60,48,57,79,70,80,121,189,137,
154,161,12,125,115,160,102,128,159,185,174,55,30,34,138,117,157,182,152,
162,145,87,49,
155,38,4,14,53,168,168,
93,170,176,123,76,159,70,29,51,9,139,146,36,28,85,54,114,
117,142,135,172,68,3,158,40,126,10,7,87,
179,112,
80,109,117,53,111,146,
172,117,68,
114,913,135,65,27,119,114,68,0,38,191,170,67,
97,146,0,
54,0,155,43,137,
23,85,143,110,130,0,93,182,
184,62,132,140,175,145,
147,49,171,2,173,40,23,160,
74,114,173,
131,64,60,144,
155,160,142,147,
145,59,14,13,11,93,104,181,162,103,125,141,
111,81,
36,170,135,95,143,57,121,64,5,70,36,142,
86,112,17,98,141,
126,4,166,9,61,
114,95,124,114,74,86,5,18,
166,48,4,75,174,10,130,92,134,85,54,95,186,67,65,61,
39,130,91,77,122,145,
103,122,149,146,110,86,9,163,88,50,
172,180,92,60,
76,143,
160,70,130,155,35,
62,155,113,10,109,145,47,79,72,150,100,
108,85,85,85,
65,135,85,166,101,174,122,40,0,97,19,168,160,
127,91,4,75,188,156,162,38,4,
163,156,116,152,40,113,75,145,92,50,85,101,104,114,136,175,90,
149,172,151,130,122,185,23,11,103,68,101,136,113,45,
113,155,
97,56,158,87,
0,151,60,117,119,73,114,
17,3,76,47,37,12,141,108,69,54,65,85,140,175,72,
17,16,45,169,88,182,116,118,86,154,56,12,60,123,
160,136,172,80,11,119,169,24,0,30,77,
151,77,13,128,
180,155,172,33,141,14,123,172,10,154,
50,89,146,142,76,60,16,116,56,67,151,182,103,63,
8,41,111,
118,152,151,27,84,151,80,102,46,172,70,88,170,111,
19,62,65,
24,5,116,
95,166,84,5,187,45,60,
76,0,9,93,66,181,88,
84,164,166,25,35,93,36,144,167,110,139,137,121,5,45,105,4,
95,93,
118,68,36,93,147,4,102,186,170,159,10,30,56,188,40,
89,50,39,
122,122,84,0,65,164,66,111,25,103,89,173,103,
68,76,151,118,66,85,127,88,131,121,22,149,1,152,129,27,34,158,57,38,34,114,142,
15,32,93,190,75,89,132,159,178,157,
154,67,175,9,147,
16,172,149,17,71,4,128,177,161,2,0,155,3,103,18,176,
40,93,135,65,99,
111,181,135,140,24,176,162,77,147,
85,68,51,187,65,97,131,23,118,146,179,164,166,186,93,185,
151,109,68,83,59,171,65,50,71,75,56,43,6,40,170,44,
129,12,172,71,
126,188,56,120,56,182,
132,61,184,82,83,51,51,88,165,6,
5,7,84,94,95,101,173,145,24,149,
163,156,103,58,
18,112,84,
29,154,171,54,64,165,105,122,84,142,
28,4,142,
14,135,158,
146,50,19,33,44,88,183,85,30,90,78,90,164,124,135,174,11,
141,116,70,183,132,91,
123,101,143,
130,38,113,179,141,
161,135,64,2,48,93,101,58,
60,131,154,
97,156,146,14,65,61,7,112,66,84,124,53,49,16,38,155,99,71,116,184,170,180,
113,163,
92,161,55,16,117,16,146,70,59,97,91,10,139,125,111,142,
64,99,111,147,10,131,3,104,87,79,159,161,168,109,11,81,39,95,
179,130,85,61,176,60,51,
25,84,141,
64,61,36,85,87,171,161,29,174,
130,81,83,145,183,
87,165,112,120,84,162,182,99,103,
146,97,48,142,75,176,20,100,162,97,137,91,111,80,134,162,
160,154,189,48,150,113,65,156,
79,64,78,4,148,162,154,187,185,163,89,
70,142,124,155,80,160,99,3,130,8,33,187,118,55,6,
138,154,13,
152,163,98,90,150,0,154,145,
5,112,142,38,30,24,5,13,39,117,145,36,
186,181,35,107,141,
191,114,
41,93,159,91,0,190,20,5,154,152,154,6,180,67,152,3,122,141,68,143,178,
66,122,97,40,23,130,
38,114,5,127,
16,50,35,165,95,173,136,162,161,
122,155,129,92,0,143,180,121,
37,161,85,88,99,8,79,
112,97,22,18,49,56,87,142,5,179,86,94,45,
146,93,117,159,66,140,
146,95,85,35,142,50,68,59,13,
41,8,27,14,16,99,70,188,171,79,8,123,166,5,22,
34,10,68,19,186,
176,92,93,93,111,138,167,170,
188,41,10,53,150,165,
145,163,37,130,5,
40,
107,13,43,185,104,127,143,116,17,
147,184,64,32,56,83,135,0,76,55,84,87,
170,83,30,
67,156,135,153,16,154,49,166,95,
92,172,61,130,176,116,159,0,1,
85,135,124,110,155,90,108,179,102,187,
16,67,97,93,
61,188,132,179,
156,52,67,189,173,83,163,38,162,167,62,52,107,93,71,39,
32,172,186,81,178,55,10,
10,37,4,34,1,58,170,135,174,57,8,188,103,8,61,108,110,
57,10,36,38,99,102,39,180,
120,12,87,11,70,142,
181,36,103,117,56,52,186,71,102,133,28,94,122,45,141,
23,11,89,109,186,87,
65,17,135,16,
164,117,47,
68,62,56,90,189,23,78,79,17,
149,68,128,151,12,31,
188,92,49,123,130,37,12,24,29,68,118,126,43,160,
25,172,116,190,45,65,79,
0,76,61,176,97,136,171,8,114,41,188,55,78,125,
17,4,43,
80,44,70,84,
155,88,174,75,16,91,113,185,54,152,159,128,57,
56,171,913,36,6,159,126,170,124,
47,47,62,5,33,92,130,161,
135,14,60,111,130,154,158,65,90,114,183,161,88,65,
102,66,118,167,168,178,
143,52,185,188,98,118,104,4,45,120,31,178,
81,11,38,183,190,130,156,3,150,107,111,24,56,140,61,
184,147,25,141,
85,108,37,183,181,140,52,179,
172,129,100,95,13,132,16,53,112,121,44,32,40,18,160,
57,155,113,84,51,182,68,62,
68,78,95,32,3,149,36,167,19,24,91,
135,100,36,67,40,43,85,117,82,190,
117,181,136,181,180,32,5,166,178,
70,92,41,48,7,141,160,94,120,62,33,175,78,
780,693,104,187,166,18,127,54,100,81,121,70,24,175,11,105,61,111,36,
161,102,
88,190,112,
25,170,122,158,184,155,158,13,114,97,
161,30,129,92,97,109,10,16,128,83,37,105,119,65,169,185,3,132,30,116,127,30,62,126,132,1,50,64,147,
4,151,118,107,173,126,7,71,171,38,68,74,
12,66,120,173,58,92,104,129,50,1,134,5,128,170,
913,15,116,114,56,90,38,4,60,131,
166,101,85,126,84,125,161,62,
116,83,33,123,24,151,119,92,161,107,141,185,74,87,143,17,
142,112,118,187,78,28,15,101,54,176,50,131,158,
128,90,161,149,127,154,32,38,124,160,49,155,
70,118,113,
104,83,61,90,72,145,93,157,82,183,32,
15,913,95,69,169,61,71,83,10,
102,118,183,93,146,
38,59,90,67,176,9,32,77,9,45,157,
45,149,84,178,30,34,104,174,181,35,87,105,
123,116,41,93,33,
58,10,149,19,60,120,132,123,150,
170,181,89,93,74,101,25,63,87,36,150,
78,102,98,34,68,104,22,185,165,69,3,27,61,183,79,25,173,89,122,
20,11,125,156,107,42,83,161,165,31,39,51,
61,64,43,146,0,123,166,48,
2,16,129,50,137,158,5,104,147,
173,74,16,54,4,180,163,147,
177,
117,72,30,3,121,136,154,146,80,133,136,164,
101,151,161,
159,693,73,122,95,178,168,19,158,120,1,33,
14,97,103,11,145,0,176,185,157,155,72,185,
171,95,151,4,122,143,171,147,50,10,56,114,147,156,24,31,145,8,29,98,67,
61,76,92,0,131,116,54,119,
118,65,59,189,141,84,77,96,22,
83,113,147,50,31,149,160,
10,189,655,21,133,54,57,31,35,71,54,24,38,40,188,144,124,124,10,119,134,136,
58,12,150,163,
113,130,158,75,101,149,6,83,126,164,160,
135,129,75,132,166,163,0,93,
172,160,37,59,24,164,25,2,106,18,126,158,50,103,38,125,
96,4,118,42,124,179,
170,97,118,169,
35,146,68,45,160,
50,12,129,30,132,
5,5,12,
75,146,113,95,
113,57,70,43,
171,0,64,148,
187,79,85,95,
78,70,146,
176,146,43,0,0,179,
180,41,91,122,
165,29,188,87,
154,29,180,
53,3,188,97,
143,116,3,123,
50,2,146,
173,186,
13,95,5,189,
10,92,56,32,
189,156,39,130,
55,169,124,178,
104,145,156,
187,142,70,
62,156,161,
115,129,
8,10,41,
148,56,79,171,
0,14,
123,143,190,58,
132,15,172,68,
98,152,86,
45,17,30,
65,118,
68,146,41,172,
99,57,70,121,62,
118,142,85,
160,68,66,
24,68,188,
3,64,117,53,
168,155,65,
101,56,113,124,
45,21,183,72,38,
150,170,188,
143,693,188,155,
186,173,166,85,
135,147,
158,2,25,
81,95,32,56,
174,45,64,
121,36,188,99,
153,67,
118,17,70,
88,76,118,132,95,
157,14,156,107,38,
148,32,62,
92,122,166,
101,142,5,
30,161,122,23,60,
105,59,29,
14,41,180,160,
143,122,
94,181,112,
132,50,141,
94,70,5,
11,120,81,
114,163,
185,188,
130,138,149,158,67,
182,29,23,
185,116,149,
178,15,117,
27,41,
1,12,
7,4,5,
130,160,166,189,
23,149,30,151,66,
173,156,122,5,
10,166,171,
175,70,154,
90,104,163,
88,68,135,
127,128,161,
61,10,78,104,
16,68,65,
179,96,85,
91,141,68,
30,161,129,
122,39,95,30,
75,155,93,
48,27,91,70,
172,142,149,
85,166,108,
126,117,13,
77,38,
75,135,127,
126,113,
3,16,17,43,11,
123,17,61,180,
5,41,2,
158,113,25,130,
101,163,190,
150,62,58,
55,147,92,
80,118,
162,59,
156,81,160,
158,143,142,
78,0,158,130,
159,64,95,24,146,155,
112,184,172,
122,181,29,
162,146,101,
168,102,
117,92,
3,95,43,
182,17,
124,101,151,96,
19,68,34,
178,45,55,
17,83,107,68,
99,
78,142,62,
43,61,95,176,113,
181,111,189,145,
107,4,
144,52,
154,77,41,60,
142,29,
124,85,142,
44,185,80,
189,118,149,155,
38,155,4,
49,112,97,
59,172,68,
54,95,142,
145,5,35,
77,111,151,
105,77,
39,5,85,
71,4,
99,66,
141,4,188,86,
90,102,146,184,152,85,
6,113,
30,11,118,117,170,
98,67,112,
157,154,188,
44,151,
55,0,70,
62,66,67,166,
24,81,30,
133,117,
162,39,
93,145,102,16,
125,64,145,
0,92,61,
83,156,20,
3,70,143,
149,113,58,
166,117,129,
60,135,172,
176,142,140,
178,102,143,
54,173,166,
33,70,
56,81,151,
69,17,
84,56,97,
79,155,72,182,
111,158,64,
129,2,
72,45,140,
18,16,
136,117,
164,122,113,
178,32,41,
12,188,17,
159,151,
137,173,2,
104,163,12,
43,68,
140,111,
36,36,93,
95,85,64,
25,0,
88,37,
0,65,147,122,16,
136,16,117,
88,173,103,
121,122,35,
92,47,163,
147,154,71,
157,15,95,
111,8,
19,84,30,
89,78,79,
24,5,84,
33,180,47,
161,47,95,
87,45,62,
174,65,
67,171,37,
160,188,83,
5,114,47,
61,170,126,
107,20,101,157,
123,188,
124,66,10,
121,102,
10,180,64,
56,
100,84,146,
74,116,156,
124,114,37,56,
50,89,129,
66,68,146,
147,111,155,
141,186,145,
11,20,149,3,
162,146,156,
74,190,182,
107,156,
142,146,132,
182,74,182,
60,179,93,
155,16,143,
116,62,97,
18,172,
93,84,156,
73,95,
119,116,83,
135,146,
186,23,34,
183,4,141,
75,163,
84,77,147,
165,90,
83,161,
8,173,0,
103,16,145,
162,156,4,
32,184,148,64,145,
56,112,181,17,
170,131,
64,32,36,125,
124,128,188,
105,151,
145,129,30,95,
125,172,92,0,
141,25,181,
65,25,97,
113,156,60,
13,151,146,
68,188,4,
128,151,12,
18,114,52,
1,161,92,
31,83,149,
29,93,
72,169,14,38,
99,41,97,
88,155,17,
130,23,92,78,
55,32,
72,117,131,
177,
80,155,77,68,
62,68,57,99,
47,169,164,
93,23,135,
21,45,112,
107,186,67,
170,56,176,
151,149,118,
45,25,112,160,
136,90,162,
173,14,125,137,145,
124,10,146,
125,173,
163,135,173,
102,85,57,27,
87,117,64,
182,154,79,
48,146,693,
61,11,693,
181,117,85,
71,156,129,
56,81,60,
152,41,155,
86,114,103,
162,111,156,136,
145,155,
47,17,142,
50,161,131,83,95,
145,39,
56,118,126,
30,190,45,50,
180,97,173,
183,45,85,
90,68,
9,126,184,
158,143,68,
142,120,36,
42,96,20,
79,41,68,
83,67,
123,143,
137,146,
141,180,142,
110,141,95,
61,97,81,
138,176,31,
46,118,
110,85,23,
182,87,
175,184,163,
42,59,
146,103,61,
189,186,73,140,160,152,13,
70,9,36,
40,10,118,147,
156,171,67,
33,123,159,
14,173,
71,155,134,67,154,
54,142,10,
174,155,
145,93,104,152,184,
170,190,129,
122,121,122,
103,77,87,
33,70,
136,149,10,
118,138,
4,913,151,
1,68,188,
141,9,130,
110,59,103,
38,93,72,
9,93,76,
134,12,10,
60,58,30,
132,58,159,
167,102,
111,780,92,118,
62,70,
6,56,
160,147,128,45,14,
149,84,161,189,
108,10,95,
52,4,85,
51,158,179,
48,161,61,
28,93,
3,68,84,
50,171,163,
95,67,11,
45,95,129,
131,913,142,
34,68,51,
186,118,30,
84,13,29,
122,95,78,
60,95,170,
74,4,
4,127,155,
114,182,84,
9,38,67,
99,87,40,
130,39,47,
172,118,
97,25,85,
32,15,104,
136,163,
188,0,127,
10,118,
56,147,
186,182,43,
87,147,97,
159,140,56,
149,16,35,
137,155,84,
182,126,50,
38,102,156,
22,41,68,
65,84,52,
171,4,156,
114,93,25,
0,135,23,
9,154,103,
152,189,68,
8,37,
183,104,
161,16,142,
109,161,
165,16,
20,56,146,
60,913,17,
2,140,
24,102,111,
116,25,68,
166,780,
99,64,
89,122,23,
114,143,0,
174,190,146,
72,17,62,
164,84,172,
113,143,185,
22,112,
15,143,
44,172,68,
37,62,145,
119,61,160,
129,151,
148,142,
104,107,78,2,
162,79,16,127,
75,151,184,166,
159,15,134,
129,68,13,122,
19,58,146,59,
22,78,
138,130,83,
100,143,62,32,
187,143,85,
38,97,913,68,
73,173,188,
118,143,67,
179,85,91,
143,107,41,
84,51,80,
119,0,
27,102,114,
100,135,
55,
147,161,
45,143,
121,30,68,
147,171,71,
109,151,60,
45,181,
124,97,
122,41,
181,170,68,
184,9,75,7,160,90,32,97,112,
43,91,151,
91,155,92,
167,176,
24,172,159,
81,143,
71,189,90,
10,161,
71,181,
82,135,
32,147,68,
70,93,780,
150,152,
190,15,81,
36,181,56,
12,154,
165,20,
172,180,
32,38,
109,23,80,
58,129,
43,135,
84,118,
124,95,
71,97,
138,118,70,
7,117,
22,112,
76,147,
113,62,
12,95,
76,68,61,133,
53,90,80,
1,101,
84,143,
25,78,
38,81,33,172,
87,23,116,
161,166,149,95,
165,189,78,
32,129,117,
131,85,
102,
160,172,184,
40,163,
189,68,
146,67,
40,151,66,
67,38,71,
120,58,
84,93,149,
30,
31,102,171,138,
0,122,160,
125,112,
87,170,
51,20,56,
98,171,
111,80,146,
79,37,
167,112,
178,159,4,
119,129,
63,50,129,
137,38,54,
30,154,
79,25,
152,118,41,
149,5,83,
69,
180,57,117,
39,57,89,
170,12,
73,0,159,
43,188,54,
183,130,102,
105,45,62,
91,41,
62,67,
65,161,153,
140,146,85,
146,52,
1,77,159,
181,45,
160,70,
11,190,
15,142,131,
125,
190,25,68,
47,47,
9,38,
151,95,
54,93,29,
68,158,
93,173,116,
139,84,93,
177,129,16,
75,90,
11,30,
104,45,
175,780,
28,181,
40,95,36,117,
135,10,
113,149,
