-0.0281161851667758
-0.0121405561424794
0.0191255561751283
0.0380756187052519
0.0654001305603001
0.0900097092990922
0.105821520638294
0.114459922453608
0.124471572281121
0.130813232256
0.135770413054318
0.13800545661854
0.144247854905142
0.146985168555377
0.152009064775623
0.150469993120636
0.153126070551864
0.155710512252689
0.159446720888746
0.160704967394622
0.16347101377118
0.166523919155921
0.167846361514183
0.172673752426421
0.177005913024785
0.176103381965508
0.171138221363318
0.174752334627624
0.17560349132994
0.176739100751324
0.177306878905355
0.180274089530987
0.180944032432485
0.180986904128444
0.183164296286318
0.184688328874993
0.184000597191182
0.185711093179622
0.185112356128625
0.187286466310537
0.187269362722672
0.187250674636975
0.188356939716006
0.187921417835488
0.186055267125959
0.186508881815163
0.188117319426034
0.189405724764928
0.189781704594115
0.190699954581218
0.190621795575704
0.19105111049118
0.193051781398775
0.195042329796238
0.196981544173807
0.199793054372881
0.198430942678584
0.198447847862502
0.19682537571666
0.19811979648649
0.198965252756573
0.199945815271415
0.198540919655024
0.197753874964922
0.197006173402869
0.196481408698157
0.19848309844624
0.197212395099819
0.195940147733615
0.195201285893736
0.193656138029363
0.194761763590256
0.197391677784779
0.195810955059543
0.197194974848221
0.19709811651209
0.197609289096278
0.200970531122369
0.200993228393506
0.197990028412881
0.19756445026651
0.198006473206065
0.198322787830344
0.197232411222462
0.198157571026346
0.197886325132031
0.197454681566021
0.198554266489378
0.19915518157729
0.200389771557881
0.199411026381711
0.199919257916082
0.199973418865599
0.199489634055588
0.199433365447334
0.198102180465671
0.198643066016299
0.200617601631411
0.202194901905454
0.202846338854546
0.203271070931759
0.206651550894419
0.206704015000149
0.205074913030047
0.205978873818522
0.207675355823555
0.208873668486435
0.209097084373286
0.207605679932769
0.209412282661662
0.207911043848406
0.209045716544623
0.209770366930478
0.211537314180482
0.212400248206494
0.210776328307097
0.210650437055376
0.210161753352526
0.209304324273362
0.211085487446136
0.212814402475302
0.213515980250165
0.213549929050947
0.212186905940202
0.211363803600312
0.214469506435328
0.214321806669497
0.213427533485819
0.213389411222686
0.215880232963633
0.214749880671802
0.216246117787289
0.215472773309544
0.215441021861173
0.215958493096121
0.216843800340862
0.216307189417701
0.21486067925393
0.216801943901504
0.216299504434431
0.214291819911463
0.214022379647991
0.213491538487511
0.211949212190957
0.213533866614624
0.213459291923949
0.213696433870386
0.213605524419103
0.214731538810537
0.214361044498056
0.21484993481291
0.214708695571156
0.213797974913803
0.215245373741373
0.214728875810215
0.217006213257882
0.219127449450771
0.218226469086519
0.222760520332243
0.22098938161328
0.219480200439044
0.217646032631658
0.215999494605487
0.21701540503437
0.215677023710535
0.214582106755406
0.21211772786723
0.21317058956952
0.214727936466289
0.212303989551226
0.214128772541835
0.214940393576118
0.214522515314224
0.212220096598438
0.212018125975004
0.207877994304218
0.209896318694986
0.212132194218686
0.213163334811178
0.211222658497716
0.209795145125441
0.208055466917839
0.210867007416305
0.208986965905969
0.209348455651793
0.212521436409814
0.211799114360817
0.212086515781341
0.213361010808379
0.211579774404889
0.212447091967127
0.213444307000075
0.217290457765331
0.2172307370786
0.21698477632731
0.221138828040897
0.220579054766081
0.220912698946808
0.221414642454933
0.222750471416035
