0.297876587091361
0.292315912989359
0.302866696485312
0.317222309311116
0.327469960882096
0.336500981443009
0.346927325531078
0.34979287773301
0.34907735228775
0.355976887737775
0.356322884466677
0.358371903396974
0.360256642567816
0.36659860890913
0.365436063188892
0.365947901485633
0.372679183072269
0.37666494344156
0.38321299206947
0.385417849302112
0.390066621833219
0.395440267795178
0.40242301079056
0.404914094462694
0.410709180167799
0.414075144554905
0.417603725735993
0.420976371753472
0.425263956665243
0.424541925838517
0.423892545911518
0.425986228113796
0.428374660514587
0.430033063917972
0.432988826467486
0.435271065919091
0.439100838701609
0.439936726601695
0.441670035318851
0.443884621946049
0.444524282464978
0.445808903658544
0.447478600213291
0.447720376097108
0.451344583512467
0.453551756037445
0.455794428845214
0.459073893074947
0.458048009477297
0.460586522389522
0.460510380976602
0.462207293836762
0.463121843403209
0.465347923655696
0.467647171639635
0.471055884205415
0.472146795837596
0.472420830047004
0.472581707649456
0.473537806937679
0.475607021397748
0.477724578386839
0.479110554874603
0.480031257366622
0.479188689807048
0.480265603872469
0.482262646841937
0.482738712330992
0.48436521526215
0.484300308609007
0.483819445636886
0.48502515608546
0.485769179324309
0.485392264307052
0.485147840414713
0.486649368984905
0.486660188752681
0.487693269955305
0.487864190733054
0.487330568186549
0.487631064082901
0.488850992428546
0.489677102752877
0.489842594788308
0.490590362001542
0.490876969067071
0.490967218892063
0.489951991709035
0.490130780126952
0.48955625436505
0.489841932037988
0.490126957352627
0.490641975802908
0.490108250741764
0.490116976242704
0.490354959208636
0.489526728854435
0.490249872981358
0.489774832378696
0.490141809130833
0.490729851945409
0.491032642265517
0.490655653939772
0.491242761859245
0.492215356087599
0.49192725490749
0.492548583633588
0.49263427958395
0.493078748886624
0.493848907197821
0.494795180023691
0.495707927683698
0.49586705087187
0.496224233296275
0.496695261113635
0.497089582969649
0.495859737616387
0.496002107150776
0.49688245746423
0.497328170478354
0.497186607331673
0.49745783811501
0.497173153146082
0.497926938842098
0.498574529879391
0.499114271364514
0.498425198762171
0.499433716299166
0.499206863004451
0.49971996910271
0.499416112914296
0.4990556313502
0.498985782593195
0.499702660975813
0.499558904319799
0.499288728633569
0.49938811791708
0.499277427318811
0.499898192820147
0.500881885735128
0.500464202768735
0.500141815169725
0.501721596603958
0.502238600458451
0.501835344848238
0.5018965811138
0.501979414049284
0.502777406601927
0.502686175944798
0.50271737028499
0.502226235516465
0.501835131710783
0.501586982180286
0.501489906505906
0.502032711656842
0.502618393383692
0.501977350223037
0.502242742008748
0.501981286732069
0.502101210213387
0.503194588685725
0.503145721855147
0.503264853879029
0.503191544174869
0.503672364891674
0.50372063199824
0.503535556009383
0.502484716088248
0.502404225365405
0.502541933887818
0.502123743975497
0.502189347634989
0.502798888964665
0.50254585243483
0.502833489389567
0.50396430820857
0.503793080772632
0.503920833471375
0.503609941050863
0.503370217871822
0.502962062219551
0.503213297057125
0.503434062191215
0.50294795218527
0.503172727372646
0.503571017730387
0.502892216351874
0.502609830382516
0.5028954007419
0.50228755786456
0.501733008479804
0.502260938489453
0.501889601534824
0.501766339031612
0.501518005325099
0.502000411050545
0.50289888688671
0.503181950839861
0.503078182706087
0.502536137131711
