290
309
264
231
201
180
161
146
141
129
122
113
107
103
99
93
89
86
85
83
73
65
63
62
61
60
59
56
56
55
55
56
54
52
49
48
46
45
43
40
40
38
38
38
36
35
35
34
32
31
31
31
28
25
26
26
26
27
26
25
22
22
22
21
21
20
21
20
20
20
19
19
19
18
17
15
15
14
14
14
14
13
13
11
10
10
10
10
10
10
10
10
10
10
9
9
9
8
8
8
8
8
8
7
7
7
7
7
7
7
7
7
7
7
7
7
7
7
7
6
6
6
6
6
6
6
6
6
6
6
6
6
5
5
5
5
5
5
5
5
5
5
5
5
5
5
5
5
5
3
3
2
2
2
2
2
2
2
2
2
2
2
2
2
2
2
2
2
2
2
2
2
2
2
2
2
2
1
1
1
1
1
1
1
1
1
1
1
1
1
1
1
1
1
1
1
1
1
1
1
