1.22777777777778
1.60755555555556
3.13822222222222
3.62955555555556
3.914
4.08711111111111
4.11155555555556
4.13377777777778
4.08022222222222
4.04511111111111
4.01555555555556
3.98488888888889
3.95088888888889
3.90311111111111
3.84333333333333
3.82355555555556
3.80622222222222
3.74777777777778
3.74155555555556
3.72644444444444
3.71022222222222
3.69644444444444
3.66822222222222
3.65444444444444
3.64711111111111
3.64511111111111
3.64066666666667
3.62488888888889
3.64333333333333
3.64822222222222
3.672
3.64088888888889
3.64422222222222
3.67533333333333
3.68133333333333
3.67044444444444
3.64444444444444
3.628
3.61755555555556
3.604
3.60022222222222
3.62511111111111
3.60088888888889
3.614
3.58555555555556
3.57755555555556
3.576
3.56222222222222
3.55977777777778
3.52311111111111
3.51422222222222
3.47777777777778
3.47666666666667
3.45088888888889
3.42733333333333
3.41155555555556
3.37222222222222
3.34666666666667
3.32066666666667
3.314
3.30444444444444
3.28111111111111
3.22355555555556
3.16844444444444
3.10822222222222
3.05488888888889
2.96155555555556
2.86155555555556
2.76422222222222
2.65444444444444
2.52955555555556
2.40022222222222
2.28333333333333
2.19422222222222
2.12533333333333
2.04488888888889
1.97111111111111
1.88911111111111
1.81444444444444
1.74555555555556
1.68755555555556
1.63511111111111
1.59177777777778
1.54177777777778
1.50666666666667
1.45777777777778
1.42244444444444
1.38866666666667
1.35266666666667
1.31222222222222
1.28177777777778
1.26577777777778
1.23955555555556
1.21666666666667
1.18666666666667
1.16444444444444
1.15133333333333
1.13777777777778
1.12666666666667
1.11644444444444
