0.00666666666666667
1.512
2.46888888888889
2.87355555555556
3.23377777777778
3.522
3.74311111111111
4.03288888888889
4.34688888888889
4.64177777777778
4.88533333333333
5.20977777777778
5.42911111111111
5.642
5.79266666666667
6.11466666666667
6.25511111111111
6.274
6.37377777777778
6.54355555555556
6.65355555555556
6.728
6.81555555555556
6.96422222222222
7.06533333333333
7.20311111111111
7.25688888888889
7.356
7.57355555555556
7.70511111111111
7.89133333333333
7.86244444444444
7.94688888888889
8.19155555555556
8.25622222222222
8.308
8.28666666666667
8.33644444444444
8.27822222222222
8.27977777777778
8.37288888888889
8.61022222222222
8.53955555555556
8.63533333333333
8.52933333333333
8.54066666666667
8.60955555555556
8.64177777777778
8.72044444444444
8.67311111111111
8.68177777777778
8.59711111111111
8.58755555555556
8.61555555555556
8.57622222222222
8.74488888888889
8.74933333333333
8.83555555555555
8.86422222222222
9.02
9.10955555555556
9.24444444444444
9.18155555555555
9.16244444444444
9.198
9.32688888888889
9.29666666666667
9.21555555555556
9.34555555555556
9.45511111111111
9.54088888888889
9.59
9.64666666666667
9.68755555555556
9.91177777777778
9.976
10.0766666666667
10.084
10.0733333333333
10.0888888888889
10.0902222222222
10.1424444444444
10.2351111111111
10.2648888888889
10.4031111111111
10.3864444444444
10.4448888888889
10.4671111111111
10.5337777777778
10.5137777777778
10.3935555555556
10.5291111111111
10.4022222222222
10.4104444444444
10.282
10.3304444444444
10.4022222222222
10.4448888888889
10.4686666666667
10.5164444444444
