0.00510594842992086
0.690761976208338
0.571063115957224
0.570801269510021
0.568784886217261
0.581485392467441
0.603042998897464
0.619409836065574
0.636725195684366
0.645739720220432
0.652263983427049
0.660277755218062
0.669222840651412
0.677077709016904
0.677856707935864
0.679983874218907
0.679520732804449
0.685809285333114
0.682109076272892
0.690593261325165
0.69815489097083
0.696368157176049
0.694809882881438
0.698848117800736
0.701030104607522
0.69679060665362
0.693354367974758
0.695829094608342
0.698732917352525
0.703339423861914
0.700410076157001
0.701785853544412
0.702128484472531
0.706444368314872
0.699048706240487
0.706828855185157
0.705381992081847
0.707060806837339
0.70498778662044
0.708498626792798
0.709146851021804
0.705358133343194
0.709559107404834
0.706213642595131
0.715022263885634
0.7102552619794
0.712561026378534
0.70950339934969
0.711410642011065
0.715181644359465
0.715502619577098
0.71582423355473
0.714847145070476
0.71826671095855
0.719997016483926
0.722224259986062
0.724849558828959
0.729210931203751
0.733530062707488
0.734294503539528
0.735920684063099
0.739144760928462
0.745657794123002
0.753125693571059
0.759301608043849
0.765346749674244
0.772987780701438
0.779409105702817
0.787156357388316
0.798321159925869
0.809108491770974
0.814108640174991
0.82697737588906
0.832247615619939
0.84181524638495
0.853111014869352
0.857436897410898
0.864264543084669
0.869321063691037
0.873232286605265
0.876177991922341
0.879964850615114
0.882160042773124
0.88606786993369
0.887745656508117
0.890302456804402
0.893394257753472
0.894829380315045
0.896942522242621
0.896943877191747
0.900345746596557
0.899025655404458
0.899797246825312
0.900334448160535
0.902498129075942
0.904584577551379
0.904655075715087
0.904542881403906
0.905494272380144
0.904701172636128
