0.249801781085
0.313489011532223
0.298333424434445
0.257302784017778
0.233053144016667
0.212902799975
0.192960662658334
0.175042168802222
0.160019910511667
0.148417130511666
0.140492039146111
0.135371736651111
0.127546368654444
0.121501183058333
0.118384752722222
0.113714940485
0.110828319566111
0.108010414857222
0.105808342427222
0.103196806394444
0.103056744655
0.0996038471261109
0.0965358361949997
0.0932023023538886
0.0915887314505553
0.0914637290349997
0.0912492590805552
0.0881237492405554
0.086425103812222
0.0841334059855553
0.0836107673855555
0.0831350722838887
0.0823739351672222
0.080725842206111
0.0789299874411112
0.0779096041033334
0.0793401357233331
0.0806063970149998
0.0794341501866666
0.0788078860366667
0.0776420627549999
0.0756567797805553
0.0758186740061107
0.0747904168655555
0.0723143079238887
0.0718675661777776
0.0707802682461108
0.0701872638816663
0.0682036699488886
0.0674294341427776
0.0665720582288886
0.0650115366177774
0.0658143995238886
0.0650831425194445
0.0656541284116669
0.0653197958705556
0.0646079684183335
0.0642819075000001
0.0634765636766666
0.0623267218122221
0.0616941589583332
0.0621062718733332
0.0621809020183332
0.0620669065027776
0.0613275728261109
0.0612689249722221
0.0604602173055554
0.0602885253133334
0.061301508563889
0.0605486004327777
0.0598522780455554
0.0597113253666666
0.0594539481038888
0.0587944911894445
0.0594420060638888
0.0600589582533331
0.0588719956294444
0.0587099915327777
0.0582751869088889
0.0586220857794444
0.059054560126111
0.0587004333477778
0.0584334283916667
0.0580853342472221
0.0585763974505553
0.0592625044166666
0.0591486522033334
0.059652182815
0.0591588286566666
0.0591741859272221
0.0590674669761109
0.0588568661105555
0.058815092657222
0.0589898604855554
0.0593597650705555
0.0594693714427777
0.0589277913738887
0.0589419640949999
0.0591526771072221
0.0591170471138886
