NaN
0.21849919947919
0.318041276741395
0.357487004650246
0.374326474538974
0.385886571196614
0.392224447228609
0.400081901840289
0.413050453904733
0.428190566736224
0.444065127229446
0.459525879347057
0.469637899204293
0.476452393204818
0.4857035389381
0.491983104826248
0.49804618951645
0.502551829619746
0.504071207370032
0.502133163244625
0.50464500095216
0.506780971387621
0.509101529721829
0.514332051284273
0.521269194951988
0.524465347839135
0.52472786111419
0.521891040899757
0.526952030128209
0.533768970015116
0.538648588743509
0.54069999762085
0.540266880148936
0.543745199824085
0.545695084171296
0.543598397467113
0.53908641124065
0.538810710559811
0.535894595181718
0.5380370262725
0.539964053762885
0.546415268439212
0.549694012088341
0.547068292776972
0.544182227868858
0.548545776876658
0.552676023966328
0.555121310033442
0.559353089497765
0.560237103203064
0.561535055951867
0.564539127047556
0.558539403059812
0.561316537542224
0.564688834792898
0.57553849727662
0.584427409482943
0.590041280416047
0.596842616985649
0.596757397222177
0.607924458941432
0.61633496211847
0.625397101756858
0.633722888038789
0.644160992982498
0.65871810082198
0.675172853456331
0.686844665131641
0.701143911150082
0.718661615375037
0.738680747041109
0.755525920764465
0.776661246172452
0.793790492113767
0.80814774088001
0.811152877348282
0.82144416455383
0.825959430373188
0.832766035812764
0.834336598306211
0.840117740463713
0.847875209189679
0.851018663275221
0.847792123005679
0.846013950790555
0.85187107550709
0.855233024382344
0.852148399247956
0.857704640744865
0.861217490816407
0.85680220004107
0.855528029290257
0.854956538736419
0.8562964671559
0.853608914495752
0.857089714176159
0.859433463114148
0.862491083087659
0.864623271395337
0.863795998858409
