2668,6966,
7720,7031,
4505,8164,
5424,
1523,2412,
1675,109,
1482,7807,
3103,26,1130,
8343,8543,
3304,1933,
91,6131,4316,4155,3118,8468,5899,2295,7284,9467,9455,93,1038,1954,5561,2391,9980,3600,6908,6302,2745,1347,8820,8810,3604,9059,7739,7251,3622,8635,536,5674,8804,2330,1637,1819,2250,6729,9830,7541,5818,2243,2280,7494,4464,2181,1968,5664,3527,2556,3102,1991,3823,8976,7839,1582,6443,9981,3098,7579,8121,4783,5783,9062,9592,3732,5361,7886,1979,816,8463,9524,958,8351,5457,7010,9894,6881,7754,7232,489,2007,1454,7006,6878,981,4857,376,9412,6161,8414,7234,1369,6676,4017,1132,2485,3934,1720,3310,2743,6860,3544,8950,7194,1197,3303,3499,4822,4391,9699,3017,3474,4107,1051,4914,9219,1507,1863,3157,3276,998,4368,452,6705,6074,4852,982,5345,4682,2701,7254,822,4099,2646,7024,6740,3430,3566,961,1916,8223,3962,5030,8272,7566,162,6762,2188,2079,5256,9522,7808,772,4956,7876,4483,2884,554,6970,4365,2160,8539,2152,6035,468,7574,2341,6825,3686,2149,4011,8074,6636,2170,2835,5817,5778,3388,5228,8754,6285,4769,5512,5741,8516,1898,80,5115,5166,3386,8622,5553,7697,5456,6967,5530,4712,6294,4453,9459,5934,5286,7369,9138,2176,5658,4086,4384,1585,9605,5217,200,6665,4627,4189,3511,5360,7325,6175,6176,9843,312,7002,5410,381,6179,5878,3607,8208,6254,4979,1035,5865,3298,3899,2191,6442,4229,6387,4558,8533,6290,310,2935,5802,9043,6737,3401,9788,6592,4872,1027,1573,8892,7892,6882,5654,2203,6318,3066,7390,6818,6547,7594,1331,9805,7749,8557,8661,1106,8460,322,5603,2596,9656,5688,9723,6483,479,8611,4695,1611,8575,9773,619,5378,1552,7122,7032,3826,7696,1677,8270,3129,4261,9384,7817,9051,1932,213,5653,4728,6864,9087,1905,9460,1862,6143,9828,940,3759,9860,3655,1642,7046,4259,8844,2345,5037,3539,5958,6185,3463,1613,4444,4845,592,2286,3789,9747,6276,860,4524,6028,3059,4569,400,4570,4146,8819,7927,3592,9210,9185,9791,2285,1093,5935,7742,1624,7249,5243,9820,6850,7058,3404,6323,6891,5352,6231,2507,53,397,458,4023,9998,5170,4904,9971,8001,906,375,1345,7559,6812,610,7625,2264,6134,9969,8191,42,4609,4306,6944,
7193,1924,3324,8515,9539,7484,4865,9892,9662,7763,7865,1258,4366,6815,4995,4144,5149,1684,454,9617,111,8918,9351,9303,3201,9212,2196,2475,4606,6700,8423,5487,2514,1427,515,2429,9041,1878,6004,8801,5907,5472,8411,6657,251,4196,5342,1941,8246,3894,1059,1798,2773,9607,5725,5048,8210,2136,6201,4779,8091,7543,9478,77,7145,2210,5520,5168,3361,8326,482,1638,40,6585,2713,1065,4269,6801,5071,7765,3125,8550,7217,2162,9587,6001,7915,9956,2400,9902,789,4986,2850,8068,9738,1363,9421,2608,6361,6599,347,7593,2414,361,1748,4700,4692,3424,9443,3415,4034,9097,313,1591,2030,2889,7091,9786,6043,5449,1313,5268,209,7784,1343,7797,9329,6754,1203,9621,6044,9164,2837,5596,8193,441,6645,2232,8066,7198,3548,7715,2965,4701,2017,5325,9804,567,3978,7972,8897,7495,4118,3440,7072,1298,5595,6083,1987,5188,8284,1581,6508,5901,2538,5163,2648,2910,6213,9271,2569,1129,9128,5634,6787,5729,7073,5921,6724,7256,1413,3136,2737,9631,5823,8722,5039,1014,5111,3205,2220,9204,7404,7829,9810,5809,3299,2219,8613,199,6487,7891,6670,9016,5757,3060,4895,1817,8684,5486,3989,6784,8446,2583,443,8606,5129,5676,4426,6557,9576,1223,9037,9506,9091,1668,7717,4013,5509,9276,7600,5753,6616,198,9140,3666,7732,8183,3777,7842,6755,6390,2685,8573,5114,603,259,3658,4938,2343,2651,31,1558,
3056,908,5507,2308,6549,284,6354,2586,4848,2104,5199,3151,6273,5870,9473,8133,8665,365,7699,431,6118,3857,3585,5257,1236,4793,5092,5002,7837,5040,6140,686,241,8037,4908,7660,6942,4051,3016,6880,1278,5281,5142,9076,9253,8263,1938,6128,6106,7908,370,1787,8876,7560,6612,2482,5402,2576,658,2108,2991,6526,5867,8617,5649,8405,4,2224,3798,1015,9227,9677,2598,925,6412,315,5552,8080,2084,1159,3015,4572,3514,6147,2111,4549,7252,1864,7643,1939,5148,1629,6999,5483,196,5190,8890,7827,1052,9877,2027,5221,9354,8701,1446,4662,7689,7913,9125,5175,3967,6748,8969,5681,9133,3510,1710,6409,1701,9060,4683,5721,9917,2827,6207,6188,7787,4042,4966,235,4038,978,4026,302,5936,193,873,5316,8396,6374,2879,7168,6148,5349,7478,9111,7158,3829,5850,5800,5781,2132,9912,8234,7536,2275,6569,3273,8261,893,6723,8180,4484,6086,4047,2242,2738,6692,4116,7759,6781,3575,1269,5101,391,9020,9685,8781,9193,4506,1646,3492,6895,6567,5736,1526,9061,1324,520,6492,7700,7768,8298,2848,4842,8589,1339,3495,8029,8568,6806,6042,395,3790,3288,1471,8938,9083,9301,2891,8199,2677,5436,8397,7547,2002,3139,5803,9528,1086,3639,5791,5847,5494,8644,2329,9397,7885,6163,4788,7314,5939,618,5819,1126,3257,2860,3155,3873,9280,2671,724,4293,6069,7653,6130,128,7228,9331,8614,6721,634,8823,5671,8419,6733,1229,1769,3632,9526,3646,1289,5771,8668,6997,6357,5231,6268,3983,1777,3852,8603,5405,7327,74,721,9353,1725,927,56,6987,4565,5079,3034,2645,411,4243,9817,4190,7981,3714,8174,6579,1449,558,1717,7235,2399,9862,1635,2050,5160,5085,3334,2969,363,5312,6842,8759,3302,8220,8967,5012,7262,8960,2985,3843,528,8773,2674,484,8017,3841,7996,8959,2855,462,8117,6534,6688,25,6331,7833,7769,3796,8301,1505,6955,7266,2402,
9518,1248,9610,8956,7070,4862,1451,5593,8276,2748,9387,8498,2557,5031,7286,604,7412,947,8618,8163,8977,2987,8858,5672,1220,3648,5335,7426,4213,2845,6756,5154,43,1976,7144,6808,4811,485,497,939,3242,3436,3496,2376,141,701,480,46,2077,4901,2293,7938,4931,3061,6837,2423,587,1421,2865,2180,6501,7944,2744,2390,2122,8688,4372,4204,8319,4889,5632,1741,8716,147,1738,5624,8795,4452,2660,132,2684,6678,7115,5241,6735,8218,9262,7611,611,1962,3881,960,8365,8239,7385,3109,7456,4884,9960,8275,9558,2064,8162,1923,5665,5779,5751,1522,406,8648,9936,7757,4346,6750,7123,6122,7622,9520,6055,5844,2323,5475,1066,4445,2476,1353,8585,23,5904,1175,3859,7200,6846,1879,2669,7181,5742,3101,2382,4431,
4997,7848,6974,6431,5341,4290,2909,5851,1112,8188,401,7448,6799,2968,8410,7807,1482,
1595,4194,1215,6014,9310,6963,4797,7034,7701,474,4896,2976,3588,6611,4863,1776,307,8861,2078,109,1675,
6966,2668,
4431,2382,
7994,9973,
26,3103,
2120,
9973,7994,
1130,3103,
2402,7266,
1933,3304,
1558,31,
3943,
7031,7720,
8164,4505,
6944,4306,
8543,8343,
9799,
2412,1523,
9686,
8489,
7350,
7326,
6389,
4708,
9247,
7268,
3325,
5859,
4179,
8610,
4583,
101,
9487,
1309,
4207,
6497,
831,
1746,
5224,
8473,
4079,
5189,
636,
7626,
8231,
8443,
7323,
3613,
38,
6591,
2035,
1541,
5584,
6968,
6791,
2248,
2379,
6018,
7558,
8402,
1536,
9687,
6911,
2953,
3606,
8675,
6157,
5927,
3907,
9492,
516,
8020,
5780,
1849,
6150,
9615,
1757,
8391,
437,
6172,
3175,
1688,
5854,
6417,
4260,
7984,
5222,
7043,
493,
5808,
4674,
8912,
2073,
1096,
2641,
3799,
7802,
6020,
6712,
7737,
9910,
3260,
8437,
8062,
9614,
3642,
3952,
2876,
4192,
4876,
9814,
9525,
4097,
3564,
4582,
9072,
488,
6450,
6050,
9293,
2397,
7459,
72,
3914,
9490,
4201,
201,
2394,
6060,
5656,
5433,
5978,
2836,
5857,
1208,
3442,
8462,
1744,
3196,
9790,
8302,
2389,
9057,
6081,
622,
6786,
4032,
165,
2167,
2500,
3219,
5864,
5955,
4212,
7410,
804,
2082,
4071,
7189,
2656,
2567,
9740,
4021,
5888,
7580,
4767,
1266,
3003,
9697,
1970,
5258,
6600,
4843,
923,
3362,
1620,
8435,
7363,
4801,
8641,
5329,
9527,
2925,
6845,
7041,
6126,
4589,
1398,
1500,
5073,
4962,
4814,
7359,
9992,
9561,
2155,
5234,
1532,
5096,
889,
7924,
2817,
7933,
8921,
1237,
4428,
7025,
4133,
3534,
7639,
7441,
7097,
4031,
5479,
2353,
6274,
9126,
187,
2137,
890,
2419,
4157,
7995,
9643,
8038,
7524,
5044,
4018,
9886,
2803,
6107,
2629,
7437,
5112,
3282,
6142,
6375,
2304,
3918,
5063,
9386,
3065,
7012,
8002,
7104,
7336,
9380,
1378,
7962,
7047,
501,
5427,
4113,
4455,
818,
3547,
1192,
5845,
9578,
7485,
7044,
569,
4137,
2092,
9756,
5706,
523,
8173,
9319,
5350,
8409,
2678,
470,
1562,
1032,
7400,
9809,
6656,
6708,
5701,
137,
4850,
6659,
4495,
6224,
3681,
2825,
589,
5587,
7406,
9590,
5908,
8381,
3032,
8799,
7731,
3858,
2075,
5617,
9136,
7468,
8147,
7407,
9550,
2356,
8215,
4768,
6127,
1712,
1703,
8165,
8677,
9347,
5922,
3167,
8632,
900,
1054,
7477,
6220,
8013,
9672,
6256,
5951,
4593,
2977,
8444,
7395,
3165,
7743,
6072,
551,
9394,
3684,
5358,
5538,
9267,
8961,
8944,
4375,
2498,
5743,
9483,
4373,
2288,
1392,
3662,
8669,
6832,
1815,
5969,
9774,
175,
8030,
7203,
915,
887,
7074,
7613,
3768,
8406,
9866,
4256,
399,
5526,
9784,
7529,
1663,
8368,
3148,
2378,
1880,
5504,
4828,
913,
5629,
8317,
9661,
116,
5469,
9795,
8948,
9294,
6575,
4010,
7081,
5121,
9458,
7155,
7532,
5420,
1280,
838,
7366,
7670,
1273,
7741,
4108,
2395,
6751,
3521,
6100,
8428,
9954,
6877,
5455,
7413,
4248,
8519,
6215,
8380,
8484,
3638,
7505,
5657,
8142,
9549,
4329,
5104,
5964,
9211,
763,
1865,
169,
8358,
9816,
6828,
5887,
8532,
3912,
3503,
4588,
6821,
2169,
2065,
6576,
7360,
3801,
2168,
3593,
4469,
2072,
2811,
2090,
5985,
1127,
9868,
901,
573,
6813,
2912,
552,
2005,
3409,
2690,
1123,
6408,
628,
418,
1137,
3236,
6633,
9400,
4775,
1816,
8132,
1274,
5637,
2863,
9438,
6180,
8671,
6419,
8832,
4878,
172,
8780,
4481,
5931,
388,
8597,
3959,
3330,
6482,
7587,
372,
5432,
7322,
3191,
6279,
9734,
5574,
5813,
9349,
6496,
9322,
2970,
345,
3540,
7087,
3675,
3252,
3586,
8797,
3929,
5756,
5735,
2847,
380,
7473,
5008,
562,
323,
6485,
2158,
3530,
2491,
2621,
2166,
1297,
9025,
2759,
167,
1612,
3096,
8907,
1472,
1444,
3831,
6745,
2450,
5983,
4302,
9741,
2134,
8023,
1285,
2018,
6637,
5950,
8564,
1742,
3083,
7438,
4279,
5698,
3160,
7590,
5462,
4777,
9355,
7018,
2542,
5693,
1670,
7503,
8243,
5237,
1903,
827,
2100,
311,
1148,
6907,
7926,
6769,
8901,
8394,
6381,
3713,
8109,
7570,
1927,
1950,
1655,
4789,
5690,
2076,
4067,
2177,
7800,
7644,
3817,
5763,
8465,
1912,
6826,
3774,
8085,
3683,
7100,
5054,
9553,
3172,
1437,
1073,
4646,
4705,
3313,
5522,
3243,
6643,
7069,
8660,
3645,
1487,
7883,
7126,
9802,
2541,
3816,
4685,
7648,
243,
1069,
8424,
1335,
3070,
5176,
8554,
7469,
279,
5697,
9758,
7065,
9929,
1190,
2028,
317,
1531,
8525,
5993,
2102,
6217,
4751,
6484,
4989,
47,
8116,
8862,
7242,
2464,
2927,
7975,
1308,
2148,
6741,
5013,
4744,
3915,
9246,
2862,
9203,
4816,
1382,
6445,
7954,
7285,
7916,
1424,
1056,
3180,
5712,
1588,
1610,
7707,
3427,
6110,
4289,
5182,
3437,
7847,
8399,
9888,
1693,
5773,
9170,
1785,
3679,
7730,
2495,
9887,
1122,
4420,
9453,
5638,
2284,
6502,
1402,
9162,
600,
6605,
6686,
7277,
9650,
8374,
4539,
2885,
2637,
935,
1261,
7442,
4851,
7315,
6954,
3672,
7152,
7045,
705,
2105,
4272,
59,
3315,
6541,
5932,
9508,
7668,
4858,
2278,
914,
2792,
81,
7182,
8536,
5842,
9372,
6295,
8741,
4298,
9878,
9952,
4331,
7190,
5447,
5026,
9994,
1417,
6289,
2209,
1869,
672,
3726,
5300,
3051,
4577,
3359,
2433,
7659,
1830,
8389,
8821,
2609,
1921,
5025,
3351,
9254,
2554,
2829,
8046,
5392,
6349,
5566,
7319,
9283,
6675,
123,
2642,
2749,
1156,
8919,
9752,
508,
9066,
4308,
9628,
8007,
6916,
2692,
5314,
673,
8970,
4497,
1702,
119,
3947,
4860,
9602,
5749,
2055,
3306,
4168,
1384,
4015,
5072,
2581,
6420,
2494,
7340,
3266,
7135,
3576,
3433,
9024,
3078,
5575,
2359,
1559,
8354,
8739,
1551,
612,
698,
5259,
5152,
9849,
5177,
8434,
2161,
6851,
3971,
2492,
3331,
2649,
2126,
2372,
6371,
6203,
9010,
7651,
5926,
5095,
2317,
5443,
9134,
9532,
76,
1448,
1772,
266,
9708,
4449,
6624,
6820,
3445,
6438,
60,
8905,
2570,
1528,
5018,
2190,
5874,
8805,
8131,
2519,
4159,
6906,
4066,
1771,
670,
2872,
5445,
8321,
3997,
7085,
5339,
3995,
2387,
6603,
3458,
1426,
9050,
9891,
1332,
5100,
6379,
9314,
9095,
8102,
6840,
3099,
4143,
9166,
9447,
696,
1920,
6697,
4808,
3128,
9343,
9593,
5836,
8100,
1960,
9818,
5714,
9196,
6990,
9451,
8154,
3368,
1436,
5318,
9496,
1320,
4352,
1786,
7226,
1128,
197,
8650,
3413,
203,
3802,
2808,
1070,
1802,
9908,
1649,
4668,
5109,
787,
2704,
9571,
7243,
1103,
6298,
9163,
7049,
507,
6519,
4330,
3011,
2130,
5089,
4069,
3624,
6582,
6465,
7859,
9717,
4623,
6518,
806,
1514,
7061,
5493,
6451,
3704,
4564,
7747,
4271,
7397,
5438,
8107,
7434,
8229,
5038,
786,
5135,
4154,
1722,
9498,
9899,
7059,
8242,
3633,
6262,
2555,
4680,
2584,
8088,
7557,
9287,
1408,
9856,
1969,
5652,
779,
6102,
3876,
1681,
4991,
1259,
1882,
230,
446,
4351,
1850,
8841,
9130,
1797,
5911,
6757,
5893,
8386,
9411,
5425,
3867,
8252,
9089,
9640,
6551,
9986,
7678,
943,
5501,
5144,
2157,
7026,
3063,
2726,
5453,
6661,
2998,
6584,
3055,
1657,
6455,
2989,
1679,
4856,
4562,
7510,
2459,
95,
6747,
4943,
3693,
6834,
6546,
1733,
4102,
8453,
3238,
4226,
6783,
7338,
8920,
6671,
4183,
6026,
2523,
1994,
9119,
812,
4749,
6063,
1342,
761,
8431,
1044,
5113,
2214,
2527,
1141,
3706,
6454,
7387,
6870,
1498,
225,
3808,
9117,
4917,
756,
7103,
7655,
7605,
6211,
5334,
6046,
3394,
5261,
9054,
7414,
5212,
6397,
152,
4251,
3486,
8417,
7952,
7453,
4906,
5097,
6555,
2986,
8728,
2786,
7507,
1349,
2590,
8375,
7616,
8346,
9275,
4467,
3197,
8647,
6002,
9183,
96,
6251,
7542,
6680,
5205,
4482,
2767,
2834,
2226,
3337,
9944,
2204,
6015,
9391,
3968,
2607,
5418,
5119,
2886,
3084,
5362,
4411,
7970,
1246,
4639,
188,
4304,
1627,
4847,
6199,
1205,
8752,
2325,
2775,
4741,
171,
6610,
7705,
3533,
617,
1453,
4535,
6259,
5662,
8863,
415,
2404,
8748,
6437,
9029,
4891,
4678,
9375,
642,
5769,
7309,
4673,
1747,
2268,
7780,
7222,
2422,
3281,
408,
7531,
3898,
9290,
2080,
3262,
9436,
2755,
5265,
5929,
1743,
6248,
9423,
7836,
3373,
6594,
9570,
5582,
7146,
3494,
5464,
7383,
9847,
3431,
7792,
8940,
8987,
6197,
3186,
4785,
2091,
6923,
340,
3086,
3504,
8169,
6384,
3199,
7133,
8123,
2410,
677,
1292,
4007,
4407,
232,
4718,
7884,
6053,
656,
6716,
1625,
968,
1397,
9143,
8868,
4340,
1842,
8467,
4548,
683,
9985,
3255,
1714,
1783,
3367,
3484,
4531,
511,
9871,
3068,
4408,
3939,
1003,
1414,
6198,
8811,
6715,
3657,
8493,
6701,
3724,
1929,
9444,
9341,
6948,
1162,
1154,
7022,
4819,
1713,
5383,
1665,
1041,
6713,
5981,
9152,
3456,
5294,
2830,
4869,
811,
8141,
6533,
8760,
9603,
5679,
7583,
4795,
4826,
6982,
5302,
2746,
134,
6280,
8119,
3206,
8048,
2714,
7934,
5218,
9793,
9110,
7867,
4921,
8393,
2484,
1450,
1706,
870,
7154,
844,
9569,
3004,
7396,
5395,
5041,
6797,
3703,
4990,
110,
1494,
4427,
9499,
5917,
5138,
7321,
2578,
5069,
6080,
24,
5752,
371,
5643,
1981,
3830,
6453,
9439,
2765,
4929,
1606,
8596,
5308,
1630,
3204,
1900,
2735,
3701,
5525,
4717,
9880,
8824,
4849,
4072,
8355,
7874,
2314,
2061,
9434,
4838,
4474,
3024,
1211,
8241,
8680,
6411,
8746,
5650,
9983,
9238,
9379,
4757,
7056,
1570,
1029,
3080,
8384,
2074,
3300,
8594,
3110,
2142,
5143,
5828,
1584,
695,
6253,
803,
4139,
5382,
6917,
6613,
6212,
296,
4693,
8894,
798,
1873,
3349,
3001,
1064,
87,
7584,
9028,
4181,
3074,
6149,
2853,
282,
3171,
9982,
4458,
9013,
1201,
7545,
6373,
1861,
2604,
2316,
5709,
129,
4766,
6983,
9959,
7166,
1527,
8203,
7928,
6430,
8540,
970,
6566,
4158,
6901,
9141,
8069,
3295,
6456,
9135,
3438,
4025,
6573,
3449,
1759,
2983,
6796,
6173,
8288,
1964,
3820,
7476,
4247,
4637,
6012,
2318,
2740,
1984,
5795,
6560,
3998,
4389,
7903,
783,
4035,
4488,
2634,
103,
6113,
3344,
4370,
1820,
9530,
7646,
974,
9937,
1370,
3100,
2639,
4533,
4833,
1119,
3668,
9582,
8167,
7661,
2698,
2503,
9958,
2979,
5782,
2657,
3069,
9470,
3780,
6714,
1465,
4461,
9144,
8367,
5623,
595,
5274,
5718,
9546,
9824,
6930,
1078,
164,
7778,
1431,
36,
9002,
5275,
5495,
3555,
5106,
148,
1698,
62,
1893,
6116,
4315,
6924,
2670,
2406,
2348,
5534,
5022,
8864,
4932,
9702,
6681,
7861,
7918,
3502,
8015,
5925,
4187,
3106,
1433,
9988,
1232,
4437,
3980,
6790,
1566,
7630,
4188,
4501,
3389,
962,
3228,
2418,
9265,
7500,
5740,
1321,
4043,
1605,
7738,
2497,
4459,
5454,
5827,
3250,
7650,
9718,
3552,
6753,
275,
2788,
9403,
6658,
6219,
224,
8120,
3535,
9618,
6506,
6646,
7375,
4112,
5120,
2711,
1304,
1375,
7656,
9531,
1161,
3355,
4049,
9390,
7767,
820,
5009,
4935,
7279,
847,
1385,
959,
9393,
5354,
7794,
3594,
583,
5266,
2327,
5521,
7101,
384,
5220,
9700,
1031,
1803,
663,
8487,
1076,
4378,
5633,
7173,
385,
6693,
5588,
3460,
5794,
6926,
2145,
3941,
7667,
9396,
4820,
3562,
6399,
1851,
8747,
3958,
7210,
9034,
6571,
8144,
7420,
9885,
8464,
941,
4374,
2959,
5208,
8630,
8731,
253,
4314,
4164,
9284,
9601,
6415,
5816,
3878,
8501,
2859,
9564,
9480,
2699,
4972,
1546,
3131,
4946,
3346,
1692,
5715,
7033,
9835,
2804,
5441,
3505,
7899,
7677,
6296,
2189,
4401,
3088,
9073,
6725,
1383,
4959,
6933,
2340,
4913,
3984,
4632,
9688,
1359,
7782,
979,
3089,
4661,
98,
3405,
2271,
1700,
9174,
6242,
1949,
1492,
9474,
2146,
2579,
7358,
9260,
802,
8936,
2947,
2368,
9279,
8044,
684,
3414,
4937,
7904,
8727,
9022,
9045,
7264,
4844,
7352,
9922,
8888,
9626,
3667,
3725,
7925,
9704,
3616,
4242,
5105,
8170,
5550,
6951,
2013,
3418,
8643,
283,
3641,
2840,
8294,
3021,
630,
8342,
3855,
1475,
1982,
5206,
3422,
1534,
106,
6902,
6449,
5328,
957,
7811,
1079,
2650,
5626,
712,
2046,
9004,
7184,
6335,
9927,
3974,
2438,
514,
7368,
1901,
3917,
5233,
3365,
532,
1641,
4697,
625,
5315,
7040,
4667,
4492,
4266,
9625,
1914,
7287,
1144,
810,
1177,
2252,
8145,
7142,
1133,
9923,
8548,
1972,
7195,
9504,
9864,
4770,
1616,
846,
4920,
8185,
8974,
1775,
3669,
455,
9261,
7417,
8902,
8291,
7120,
3483,
2255,
2305,
3392,
4651,
270,
9701,
8700,
565,
6422,
4209,
5600,
7054,
6325,
2257,
3434,
142,
7870,
9093,
932,
3326,
9770,
7935,
6854,
8433,
6861,
471,
5006,
6129,
3007,
6572,
6988,
4907,
2999,
5406,
9102,
2272,
6998,
8269,
9832,
6137,
7221,
9346,
994,
4457,
144,
100,
8913,
3961,
9382,
8341,
5602,
3232,
5078,
7722,
2823,
1396,
3955,
2597,
9556,
2815,
1135,
2483,
9263,
1043,
3687,
2806,
2635,
1721,
2095,
7457,
3203,
3570,
2375,
7374,
2043,
5313,
4620,
55,
4392,
5141,
9833,
4614,
2403,
584,
8176,
4827,
2516,
3905,
2012,
6956,
3670,
1510,
5882,
5982,
7488,
8475,
7088,
3185,
1195,
9364,
6192,
836,
4381,
5174,
4893,
4364,
6233,
4598,
3423,
5090,
2434,
168,
170,
1885,
5390,
398,
6111,
8559,
5450,
2975,
8531,
8195,
2982,
6866,
9751,
1018,
4641,
7753,
382,
6981,
2626,
794,
86,
2875,
70,
615,
2565,
6538,
9823,
9674,
6887,
8999,
4509,
8226,
773,
2585,
4980,
3479,
9635,
5606,
1922,
6857,
907,
4675,
7980,
4949,
4875,
8784,
1325,
3241,
4753,
1439,
4709,
8412,
7905,
5346,
8175,
1199,
4762,
5448,
9079,
1047,
2000,
4636,
9748,
5876,
1149,
5076,
4150,
8395,
7224,
9172,
2683,
8254,
8204,
8768,
3653,
1477,
5253,
8711,
2772,
9957,
2997,
8459,
6099,
3766,
4081,
9232,
6054,
3455,
3072,
6247,
3700,
2515,
2733,
8488,
3525,
8360,
1400,
1364,
1461,
3042,
6433,
8255,
2052,
5181,
3981,
1659,
2582,
8745,
7172,
6615,
8383,
2201,
9637,
8642,
2591,
8566,
5567,
4727,
9785,
7940,
862,
8914,
6822,
1336,
3239,
1429,
2666,
5699,
7225,
6282,
7714,
6593,
9081,
6009,
2766,
4489,
1440,
8051,
5388,
4756,
9867,
4480,
2793,
5568,
3568,
7220,
5545,
8324,
9092,
1855,
8235,
6500,
3340,
9430,
2992,
3546,
6632,
4983,
3450,
2453,
3314,
1317,
8335,
6996,
3554,
9132,
7950,
7134,
5086,
2930,
7979,
579,
2697,
6141,
3764,
877,
834,
8676,
2165,
991,
9948,
308,
6077,
3133,
6244,
3614,
5240,
606,
7561,
7053,
6945,
1835,
7293,
8050,
6297,
6994,
1303,
2754,
8161,
2728,
6407,
5641,
6529,
2972,
2019,
5542,
1180,
278,
7231,
297,
3033,
5088,
9907,
6133,
9200,
9900,
3317,
747,
8274,
922,
5710,
6313,
9014,
1170,
220,
3283,
8222,
8521,
5131,
3814,
2448,
8507,
5913,
5401,
7799,
3146,
4403,
8178,
5988,
713,
8378,
5116,
4447,
4628,
1884,
6355,
1533,
7060,
9416,
3501,
8790,
3286,
5592,
8129,
3819,
8803,
9562,
8094,
2237,
1756,
9909,
5093,
117,
7148,
601,
2955,
5705,
5331,
7733,
2771,
6674,
8348,
687,
7710,
2049,
8369,
5514,
3636,
7435,
5524,
1463,
5972,
155,
3788,
3364,
578,
6694,
2311,
5049,
2467,
6062,
8357,
9861,
5941,
4886,
5754,
2518,
845,
1249,
3221,
5195,
4799,
9737,
1708,
3226,
4177,
8400,
2200,
179,
3957,
5555,
414,
8879,
740,
1217,
234,
7850,
2366,
5426,
7391,
5849,
7968,
1654,
3075,
3946,
3818,
1560,
1806,
702,
1795,
904,
4658,
4020,
6743,
8366,
8259,
4557,
9893,
2020,
6322,
1493,
9027,
8883,
255,
6255,
2962,
6899,
597,
82,
34,
2631,
6639,
6684,
792,
3804,
8190,
1999,
1823,
7852,
9568,
1469,
6489,
5685,
5324,
9330,
5108,
7956,
2240,
8049,
1662,
5563,
752,
1299,
5285,
9974,
2654,
3512,
2813,
413,
668,
2613,
9201,
3599,
3828,
5630,
7825,
4167,
4410,
9581,
1550,
942,
7474,
2921,
6392,
564,
2528,
963,
2441,
744,
2632,
1805,
699,
6333,
1753,
2424,
6352,
4748,
2532,
9107,
2887,
7332,
3305,
3615,
1827,
9819,
7552,
8898,
8710,
7290,
1108,
1892,
1042,
6957,
2383,
9036,
8305,
5232,
9501,
8988,
5834,
2892,
5399,
3620,
3329,
6691,
8830,
3192,
7102,
2024,
664,
3339,
1872,
4566,
5198,
7711,
425,
1458,
8673,
8439,
4595,
5723,
4294,
9778,
8458,
1329,
9641,
2026,
4471,
9749,
6182,
9307,
8941,
7196,
8599,
5416,
9313,
5962,
7382,
2731,
2067,
6761,
6162,
796,
5515,
8624,
396,
9834,
5173,
7236,
3810,
1853,
2762,
2335,
8788,
5997,
4824,
715,
9905,
4004,
7373,
9598,
2627,
180,
8896,
4087,
7512,
9606,
6539,
5977,
2374,
6428,
8508,
6586,
8524,
4532,
6090,
288,
1944,
8545,
7090,
5758,
1896,
8151,
7785,
1479,
7766,
3081,
8880,
2676,
3462,
5003,
8492,
5357,
2888,
9302,
124,
8943,
8379,
6329,
9191,
2042,
9669,
4111,
125,
1886,
4880,
7432,
4122,
4877,
2616,
2871,
2474,
1894,
364,
8638,
3077,
1513,
5902,
7549,
5183,
4343,
6076,
2720,
6709,
457,
9540,
3598,
4402,
6759,
1207,
28,
8248,
3673,
8451,
6436,
4438,
9282,
9067,
4780,
260,
8693,
9429,
4613,
8073,
9670,
9715,
9668,
3395,
3356,
9115,
9566,
6353,
9305,
2950,
529,
6096,
8612,
9425,
985,
9794,
2904,
4327,
7157,
973,
2106,
9970,
2089,
6406,
602,
5511,
2371,
6849,
4809,
2279,
1381,
6136,
1403,
9326,
1481,
1255,
8370,
987,
377,
8432,
8538,
972,
4547,
7121,
7098,
6798,
4231,
9392,
5787,
1077,
8952,
4782,
735,
285,
7887,
7244,
9630,
8227,
8945,
4644,
9557,
9222,
5497,
6909,
4883,
9761,
8590,
4105,
264,
7922,
2612,
8916,
6856,
894,
9680,
6479,
3720,
868,
6788,
6330,
7004,
9787,
1239,
8267,
7860,
7272,
5440,
8021,
679,
8018,
6795,
3625,
3217,
8034,
3800,
159,
1238,
7855,
5140,
1222,
7687,
8470,
7849,
6048,
6239,
102,
7461,
9827,
3500,
3731,
8587,
2957,
6574,
7937,
9105,
439,
8078,
4790,
916,
3742,
8155,
4342,
2401,
7011,
8356,
369,
19,
6358,
429,
1643,
7275,
8277,
1422,
3477,
2842,
1535,
1811,
4918,
5559,
8027,
8476,
6344,
8200,
5153,
6103,
7652,
6400,
814,
84,
5123,
4303,
7556,
3577,
5277,
8721,
6552,
8474,
4599,
8791,
8928,
5431,
8558,
9240,
4151,
2508,
7229,
4541,
8233,
9505,
6652,
665,
8651,
6458,
5608,
8736,
1553,
8456,
1007,
9214,
543,
2770,
5305,
8743,
6343,
3178,
7431,
5604,
7131,
2838,
3748,
3900,
7577,
7333,
620,
7896,
1155,
1271,
5635,
1645,
1889,
4030,
769,
192,
252,
6084,
8253,
2362,
3120,
1765,
8581,
4493,
8763,
7324,
7789,
5744,
1859,
6486,
652,
5551,
9189,
1204,
9476,
6556,
1002,
9180,
3649,
9409,
3874,
3357,
853,
4791,
1390,
1478,
9334,
1025,
4507,
3158,
5298,
9428,
7116,
8842,
272,
1847,
626,
3378,
2436,
3769,
8859,
781,
1577,
3542,
7466,
3336,
7609,
3846,
3142,
3864,
5914,
6191,
8092,
7539,
2446,
3765,
4417,
4387,
9921,
2751,
3046,
4059,
8477,
2510,
1337,
4264,
6468,
4711,
1023,
8114,
8929,
5732,
5238,
9199,
661,
8955,
7498,
5209,
1276,
2420,
7298,
2795,
3134,
4840,
7255,
9870,
7129,
1676,
9838,
8826,
505,
9335,
2781,
6698,
3935,
6553,
2439,
9109,
6307,
7117,
3481,
848,
734,
7274,
1109,
9765,
6766,
6091,
4195,
8733,
3195,
2322,
5194,
6444,
7875,
6683,
6847,
867,
1046,
4954,
4463,
8910,
9634,
3067,
6332,
8930,
7381,
1751,
3923,
4409,
4706,
8061,
2525,
9220,
1021,
1579,
4117,
731,
8186,
6607,
4297,
7686,
75,
2342,
9080,
5616,
1387,
1589,
3058,
8767,
1033,
5986,
21,
8850,
5187,
4900,
2724,
8483,
6434,
3244,
4600,
5877,
833,
7772,
9440,
866,
9874,
2003,
472,
1295,
1857,
1530,
9361,
2338,
7672,
189,
379,
7640,
3882,
3297,
6960,
409,
2377,
3960,
269,
135,
6728,
4710,
6577,
1350,
4152,
596,
4890,
3628,
9268,
4349,
3352,
6418,
305,
9085,
6964,
2036,
1225,
9194,
704,
5064,
9448,
3041,
4536,
8806,
6435,
5713,
1460,
8655,
5162,
3223,
5990,
2313,
9745,
5875,
3311,
3076,
690,
12,
7379,
7068,
3387,
3348,
8138,
342,
9053,
8427,
9064,
7522,
7186,
6284,
2461,
5930,
4413,
7208,
1244,
4898,
1087,
6346,
7750,
8623,
9413,
8338,
5387,
1101,
8765,
6393,
6935,
7496,
5348,
7619,
9218,
6025,
7637,
693,
4967,
2960,
9925,
4596,
732,
8586,
8026,
1275,
4388,
1807,
7030,
6953,
4902,
2456,
1063,
8851,
4100,
7992,
9703,
936,
4002,
7106,
899,
3161,
4485,
3676,
9055,
8283,
8817,
5546,
15,
2502,
7342,
8000,
6304,
5084,
9257,
3465,
7840,
703,
9859,
51,
9202,
8245,
5014,
2573,
8513,
3718,
1727,
4603,
3214,
5933,
5975,
7501,
9485,
1058,
553,
4759,
5610,
2298,
1100,
8047,
9619,
9148,
3822,
2251,
9418,
7779,
2199,
2606,
5499,
6386,
450,
1256,
8485,
57,
8789,
1614,
1071,
9879,
3526,
9633,
1628,
1216,
181,
5670,
2857,
1443,
6095,
3291,
7036,
8454,
434,
6669,
5083,
4631,
9230,
89,
4786,
1601,
9044,
4224,
4800,
7110,
6196,
3200,
2306,
2469,
6578,
8104,
2643,
2534,
9529,
8447,
6292,
8505,
1455,
9503,
2571,
3760,
1604,
9733,
1182,
7526,
4530,
4422,
797,
2517,
4688,
4239,
3563,
9402,
5879,
5839,
9705,
1648,
5137,
5415,
5213,
7657,
3009,
7818,
2984,
4823,
7423,
7599,
9984,
4333,
8430,
996,
997,
88,
671,
6800,
7832,
8382,
7713,
7690,
4252,
850,
360,
2473,
3245,
3664,
8478,
5340,
3767,
989,
4738,
2551,
9807,
1801,
4355,
2347,
8482,
186,
3902,
1824,
5202,
9594,
7634,
7001,
8995,
6388,
9977,
182,
2784,
9,
5296,
7617,
5910,
7834,
9596,
9663,
9422,
2326,
2799,
9678,
8330,
4936,
7305,
4064,
7663,
4448,
3785,
858,
2489,
7791,
896,
9629,
9639,
4963,
3194,
3269,
8751,
9368,
66,
2531,
7897,
4019,
9589,
5918,
6429,
9632,
6109,
9206,
7253,
6228,
1965,
2141,
9658,
7511,
8978,
79,
1474,
2444,
7695,
8466,
5673,
3572,
9231,
5295,
8756,
2405,
2269,
8860,
1164,
6772,
9477,
3671,
6056,
945,
3933,
173,
8563,
8101,
5283,
1631,
4176,
8497,
1989,
9940,
1000,
5583,
3880,
9544,
6261,
3049,
7418,
5578,
6844,
357,
9822,
4617,
7223,
2509,
7857,
6181,
635,
7451,
9904,
481,
5660,
1902,
6363,
7199,
4665,
8720,
1011,
4758,
2096,
9103,
2195,
6892,
6049,
8076,
9019,
2916,
5337,
2602,
3267,
6498,
5886,
6544,
5728,
3949,
2618,
8971,
609,
2131,
7882,
3567,
9461,
9580,
1565,
5631,
691,
2044,
3369,
6235,
6365,
337,
9896,
6476,
426,
1183,
2687,
9604,
4733,
9292,
1355,
6720,
6249,
4309,
1660,
6803,
5518,
5269,
5924,
4477,
9419,
8006,
1235,
8052,
1028,
1210,
5846,
7218,
9665,
2431,
8947,
8306,
4286,
5734,
6104,
6342,
682,
5050,
130,
8118,
8831,
4760,
791,
7821,
1671,
3246,
9250,
3374,
2764,
8829,
4723,
4698,
800,
7263,
9040,
194,
2774,
4871,
7307,
104,
7483,
5774,
2070,
3327,
50,
4713,
