3230,4914,4347,343,1889,2516,3021,3118,3154,1942,5026,5415,1957,3170,4890,5047,
797,92,8960,4615,453,1774,
3432,5593,
6970,4530,4936,
4962,6825,6207,665,2252,2471,74,797,2587,3450,4687,5293,2153,
1916,726,494,3298,3507,4606,3524,4091,4264,2363,2131,694,3841,4062,4186,4318,4938,
1159,628,942,1006,1770,2407,280,705,1489,1039,2111,842,2513,3192,78,5288,5431,1070,2411,2506,2723,2857,3600,4705,4882,2143,2465,2943,3155,3916,5223,
2972,3060,8068,
9185,929,1757,2209,4099,5380,154,235,386,1025,1036,1092,2202,2494,2573,4761,4838,5352,
4931,301,904,945,1170,2292,4168,4288,1253,1891,3571,3807,4244,
5253,9455,589,
3424,149,1908,4798,5337,815,2672,3061,3854,4467,
3843,1094,2913,3459,801,4793,5231,1222,1971,2100,2676,4351,5,5185,947,550,3299,4948,4221,
2876,7232,6963,3888,
2455,7625,1523,1355,2537,4404,1093,2812,5194,
1223,840,1945,2741,684,4293,541,3408,3896,5330,5475,5478,408,4005,5348,
201,2583,2668,4939,
7091,547,2033,2953,3170,405,1801,1713,2808,3639,4181,4940,3418,
9902,297,34,2582,199,4468,859,2194,3757,1766,2249,3106,3155,4049,5017,
8239,648,2623,3690,3624,4264,1504,1620,2483,3366,3437,43,56,1225,1395,1934,3661,3971,5463,
3164,5092,9164,
4382,819,7256,1706,2832,
4782,1915,177,621,878,2666,3180,3188,4591,5300,5356,3305,
5274,6042,2181,650,340,3341,3561,5378,
2855,262,822,2121,4473,
5175,6055,7547,4642,686,2900,4677,
1792,3873,2734,3777,1771,1792,2282,2311,2391,5420,
3622,3143,1204,4164,2881,
1269,1619,3734,4300,4663,546,1586,1775,2961,3194,3326,3417,4498,4750,
9478,4541,972,502,5341,83,5436,671,2673,3406,3511,3820,2320,3327,4418,4617,
1075,5190,1197,2039,2671,2812,3901,4665,
307,1812,2827,386,1067,1652,1816,1507,1288,3813,422,3511,3640,3843,4075,4469,140,408,1516,4831,5206,
1677,4848,2837,
1661,3592,9076,1043,1817,1852,2073,1034,1352,3684,4972,
1651,4259,8463,3137,
1411,1031,2295,3704,
8326,2964,1617,758,4822,
3143,268,3622,2587,2657,3881,4673,
4723,4911,5142,4389,
4805,7611,3273,332,1315,1022,2284,2727,2840,3146,4389,5283,5494,605,783,1617,2740,
1446,149,548,2518,3923,342,768,4100,4472,4703,1565,1257,1648,1734,2492,4040,654,806,808,1889,2311,2578,3562,4505,4628,5248,
3592,9685,1278,2727,4058,4867,5340,5360,4462,
3408,1345,5402,248,783,1168,1402,1779,5194,1146,5296,2475,
2111,405,1199,3757,4688,139,1081,2836,2880,3126,3762,4157,1049,4351,4686,552,4805,
3016,6147,1787,5050,0,1653,1856,3122,3648,1915,2293,2488,2723,4784,4951,
1106,4848,2827,104,1644,1784,2248,2633,4412,
1199,2111,6612,3584,2987,3426,3580,4208,264,1528,5305,
4047,2345,1668,2940,
2363,3056,3101,
5135,554,8617,5243,
1517,8343,1552,3946,
9810,1149,4144,4931,1662,1670,1937,2204,2471,4323,4996,3231,71,2764,1825,3138,3531,
1490,8950,
5654,2784,3487,4164,3069,4790,963,3241,3291,4849,5081,5468,249,4387,4551,
53,7622,6004,2474,3012,2778,710,1063,2903,3139,
2451,3133,
4945,6188,3592,
4196,78,985,1815,4154,3690,2943,3069,3113,4203,5214,4206,5011,
2231,8858,4901,
2543,4391,1947,
2136,1266,550,3407,4383,
9140,4911,1119,2144,353,1407,3377,4352,4904,
1720,1693,2769,3728,546,492,2043,2256,3345,4478,4752,5253,5316,1020,1739,3430,4485,4898,5004,5161,891,4840,
7927,539,904,1135,2255,2830,311,431,1212,1749,2898,2946,3654,3790,1527,4771,5154,366,2810,4295,4526,4923,5458,973,3627,
7228,2319,423,3241,3818,1563,472,1074,
3361,
6740,122,1085,3227,4523,149,2112,2361,279,4165,144,3945,4226,4311,4931,5062,1755,2597,3163,4525,4877,
749,1862,7200,368,
872,9387,1449,2043,2760,4164,5186,5310,630,4105,
619,3165,1610,
2472,5085,1145,1797,1969,4284,4860,
4868,7837,873,3183,366,100,1733,1861,1881,
3854,4572,1858,
5175,2077,2726,5109,511,2499,521,15,2241,2295,2536,3277,3780,
7032,1385,3161,4198,307,2520,3749,2155,1704,
235,253,428,1764,2323,4359,1226,1948,2108,2280,3319,4872,923,
7759,3720,5265,5486,1100,1334,2688,2819,4846,
509,1347,9051,
1582,2723,2845,1320,2390,2711,3251,432,818,1543,2039,3545,3665,4424,
9280,2404,1038,1726,1886,1128,906,917,1343,1444,1857,616,3591,2396,4324,4423,4440,4769,5019,3783,
1864,8343,238,1858,1032,1082,1487,1939,2768,3940,4248,4311,
1305,3248,7908,304,3335,3793,4287,3437,3573,3633,4890,5094,1613,3998,
3625,7266,5164,
4911,9140,1737,3646,3913,4534,4723,832,3196,466,4502,4867,
7256,1536,323,4382,45,4774,16,450,2092,3028,4264,4292,4344,4669,5065,5101,188,3353,3386,3593,4175,4447,1475,2426,2971,3007,3085,
462,1323,2518,3890,1111,1837,3073,3319,3387,146,4248,1718,3971,5323,5481,2072,2145,4890,
4606,1916,4038,910,480,886,861,711,1899,2729,3189,4731,
5013,6781,
7232,927,2876,4626,4626,2631,2696,4708,5237,1250,2066,3921,
2333,2047,895,920,1648,1661,3742,4018,4122,4950,4981,5135,5485,2791,3844,
5369,1677,2343,2439,432,2811,2912,4363,4424,5393,5395,
300,9164,9301,3043,275,446,767,1079,156,2548,2675,4691,224,637,842,2462,2804,4271,4316,
1197,2571,3176,3550,2372,4479,2966,1412,1424,3973,
683,5268,4733,360,4729,3361,4090,4107,5414,
152,9016,
9817,1835,2511,1516,3744,4285,687,4131,449,3082,4405,2546,3779,5230,
1120,6895,126,1013,1192,1731,2225,3367,4385,4443,5013,5280,441,1039,3049,3586,4148,4281,4636,4754,
9960,5464,
3967,5904,3102,
8261,2673,1034,2999,129,154,17,103,935,2257,3190,4755,5000,1166,1792,4501,
3,8644,8617,
4372,960,2670,15,3629,4753,1739,5204,5445,80,95,572,1832,1851,5043,1530,2726,4984,
5140,7266,1795,
2030,5071,753,
2723,677,1582,1195,1938,2351,4599,
3130,1939,9436,596,1622,1776,2006,3479,4678,5106,201,1170,1251,3376,3804,4722,5109,
5472,1933,4412,5276,205,3987,5185,1058,1911,2085,3082,3580,4209,4544,4684,4714,5405,390,3217,3780,4374,5359,
554,2383,4881,920,1581,4034,5135,2547,2210,5461,
5349,4848,9353,3513,
8668,1273,1108,1170,2192,269,2960,3709,4105,4246,4453,4509,5323,1251,1606,2216,3857,4614,4962,2926,3603,4325,4741,4894,
3635,8950,368,1880,2697,4807,
4107,195,3333,96,5141,931,1283,1425,319,2329,2438,2965,3554,3725,4433,5087,302,5016,5147,3362,3503,4111,4147,4600,4709,
4000,4038,282,363,1419,448,2792,4908,5446,1061,2210,2561,2939,4031,4535,5283,
6431,161,1423,2175,3274,3983,171,307,411,698,1607,1637,3628,4111,4195,5036,56,2084,2309,3502,
5085,998,2472,1230,79,3701,1471,1538,1614,3185,3880,4562,5058,
5013,1120,5315,
558,178,422,2695,1490,1568,1701,2707,4050,4091,5164,1359,2681,755,2948,
4314,1093,5664,651,5383,1521,4304,4922,
2411,3059,6724,
575,721,5483,3876,
1454,2007,2726,781,140,1045,3402,3727,5218,
1668,920,1169,2299,4047,1050,2135,2302,3095,3311,4513,4711,5044,809,1324,4539,
5418,2152,4997,4074,4983,1363,2422,4904,4950,
6028,1567,3217,3555,66,223,345,2673,1967,2028,3781,162,2354,4827,5082,
2191,773,1255,1481,272,685,3293,3445,553,1805,3756,3775,5475,967,2172,2826,4415,
1865,789,196,636,2378,4253,4970,693,851,2665,3008,3179,
4931,9810,4585,3497,4050,4665,
2264,255,1447,1824,4032,236,4456,34,906,1453,2043,3939,4233,4691,783,894,909,1009,1021,2434,
2207,6908,
34,5568,
2614,4506,6001,1051,2568,3037,3073,
1476,5741,6201,2417,3133,5078,
4871,4505,2848,2037,2508,4706,5235,998,1735,1751,1891,2269,3232,3546,3739,498,591,1581,1956,1966,3011,3723,4555,
5286,1142,2166,2650,1519,4290,1031,876,4968,2669,4373,480,
9436,3130,1485,1762,3350,3871,5012,
4979,675,3058,4259,1935,3217,2131,3573,5038,254,2617,
2010,7217,8819,557,995,1199,4268,4874,1521,3789,4577,4720,4973,
966,2973,6285,210,446,2271,362,2692,3303,3325,4993,4027,4775,5101,5247,
3387,2176,8515,2271,5347,2749,4156,4459,5328,4116,
3822,8066,925,810,1251,1543,2105,2496,2892,3148,4822,
8319,322,2449,82,374,5269,
9685,3592,1222,5032,5408,843,28,967,2762,3072,3244,4143,2231,2815,4344,5278,51,
4373,6870,5032,374,1566,3445,3809,4193,4716,
8589,930,3165,1759,3625,1887,4058,5269,1051,
942,1159,1552,1781,8,771,1322,2193,2054,2205,2874,4193,4918,
8773,1197,4475,207,5346,20,1177,1811,2128,3536,3643,3933,4102,2081,3020,3539,5095,2975,
972,7611,9478,1029,3677,4455,309,927,947,2606,3446,4011,
3264,5188,2985,4996,769,4557,897,5144,4803,2116,5446,2283,
8890,822,4428,511,2072,4234,
1815,4196,2078,1970,
3550,1458,1197,1603,2185,156,4708,5213,1261,1684,1983,2281,2842,3519,3852,4442,4559,4670,5150,5281,
3442,5148,2608,1558,1614,5230,911,1780,540,3098,5239,982,1932,2478,2779,3588,3862,4868,
6748,2106,4709,5346,414,464,576,1819,2087,3192,3928,4134,4100,3490,5164,
4752,634,5199,4344,921,2254,3467,4553,4748,5107,
5190,3540,3844,4282,5448,80,3373,841,1075,1414,3812,3963,5186,5364,3570,4694,2967,3784,5110,
1693,8074,1720,2361,2478,4477,
6750,1115,1894,2608,1300,2200,2513,4000,4517,4687,4705,4780,1559,3130,
1973,8665,2522,
3114,4146,
2016,8405,4444,746,1487,5119,
1412,8210,3873,1844,4378,4654,5210,459,3018,879,1381,3034,3608,4655,
6118,1324,76,524,1224,
4415,6443,310,
6612,19,1199,735,1771,1827,4134,114,1177,
5268,683,2981,2382,143,1779,2087,3750,1402,1774,
2738,2746,935,2418,1251,3833,3939,5106,4762,
7200,1818,2527,2789,2914,3594,5415,749,1288,1665,2760,2871,610,3351,3457,3831,4073,4354,1840,4097,1195,5192,
1507,95,4060,219,1498,3008,3992,4686,1222,1620,5418,
3424,1215,7787,916,1686,5221,
5008,4857,2848,2341,4613,
1347,509,2359,4547,881,1023,1942,4059,4645,
1932,3099,3702,529,2616,1592,2417,3760,2162,3320,3392,4246,4270,5017,
8343,8543,2052,1517,1864,492,2725,4263,4556,898,5123,4015,4084,525,4381,1608,1695,2463,4898,
2188,1185,3050,4093,4685,568,2766,2257,3696,3789,
4054,3829,8272,1717,2623,926,1582,1802,1837,1927,4389,5323,31,926,2028,2329,2485,2693,3491,3683,5094,5424,
6585,3578,3767,3947,660,2768,3435,4139,4875,274,
3366,8239,5231,185,2699,4106,4647,4684,5247,
2763,7574,5339,3362,5003,1014,1030,2646,2706,3124,3305,4224,
2166,4346,5286,
2830,7927,8276,
4555,7559,6700,4183,1793,1698,3976,4535,5025,
626,1146,1987,1018,
2463,5901,4011,2004,
5004,5901,8163,193,289,707,1001,1129,2154,2735,859,2966,3259,5011,5451,1279,1939,2476,4102,4433,
873,143,3324,4803,4868,4950,1309,1178,4420,1596,1815,3956,1964,1144,2733,3193,3435,3477,4051,4458,5319,5440,1439,3362,3509,3605,4084,4187,
8568,2651,2292,3549,1207,1259,1367,1823,4143,2111,1925,4692,2700,3942,
3374,7720,5552,1684,
3102,461,785,2111,3685,3967,1992,2662,2941,5114,3502,3952,
8613,2914,3634,4369,565,1570,1965,2980,3966,5214,5475,1261,2396,3887,1128,
1462,1059,276,339,935,1137,1480,2910,4175,354,1188,1442,5168,5300,
275,4863,264,
2407,1159,2400,2097,3580,
8133,1454,802,2276,4806,1105,5427,2067,3073,3118,3721,4476,4557,562,5002,62,493,995,1158,4132,4438,4741,4043,4673,
5408,7073,9685,206,1766,2367,3536,1687,830,261,2472,2828,3806,4081,4128,2178,4431,5185,
926,816,7765,430,1423,1674,5181,
1197,9998,8773,1695,3677,476,4053,498,1634,1703,1784,
753,6442,8163,1204,
507,9520,7699,
648,8239,1737,3142,5214,5395,
3705,6254,2538,1324,
1423,4011,6431,
2312,9520,9133,
998,5378,5085,5364,
4681,
1824,2264,6787,
6781,2957,5013,1561,2861,4222,4407,4821,
3274,6042,6431,
8397,2209,2230,99,286,605,1386,4100,1436,2546,4687,5169,2565,
9164,300,637,3164,3202,3228,3261,4406,4596,4751,5070,5139,2605,
1594,654,1454,5479,3701,4519,806,2063,
8068,2972,3587,4882,4469,1941,2832,678,2661,4500,5432,
1533,8861,724,1225,4484,
4245,5316,2668,1939,4631,1011,3482,4934,5064,5106,
2501,8585,7249,146,3614,1018,1716,3529,3679,4317,5358,
9969,504,2947,4216,
5199,1779,3090,3974,4752,171,601,736,380,1295,1611,2595,2662,3941,3942,2329,3101,3492,2017,2937,3193,4325,
3817,6055,6508,3942,750,
7574,83,289,619,679,2763,97,483,1088,1608,2526,2943,124,4638,4876,3958,4790,5185,1570,2242,2677,3585,4721,
1552,942,1517,180,4396,4785,1277,1371,1761,1887,3989,4266,5093,725,2305,4006,
5464,6185,9960,5211,1705,2265,5012,
9459,3201,2387,5159,4533,5104,4814,
2250,6074,2152,372,1444,3523,3650,323,579,2801,3413,4166,2032,2094,
3511,1797,528,1058,11,4834,4685,4724,4904,4699,2060,
3607,2645,4392,5159,1540,1873,1970,2589,44,5179,2920,3958,
4838,592,5231,390,762,1556,2107,246,2905,3262,4393,1094,3317,5200,
2248,1615,7194,4166,3807,4054,5367,5445,
5445,741,4372,4104,465,3878,3887,4561,4917,5055,2647,3586,4027,4149,4691,
693,5658,2286,3179,3749,3767,4764,5204,5259,
7787,3424,4405,1095,1532,3078,3654,3793,4654,1842,1896,3155,3229,
5936,1503,147,611,1224,3628,4801,680,2117,2326,3747,4207,4858,1467,2876,5176,
4837,2343,5228,641,2359,3398,3908,1081,2375,4034,4197,
2588,8611,8163,1427,
1890,3511,1220,2756,
8074,837,1693,1221,130,548,618,1191,1419,1746,2446,4344,4559,1228,1896,2107,2349,2697,4989,951,4902,5450,
8967,574,2971,2996,5273,5376,1097,1576,1506,
4530,6970,6670,579,3857,4554,
915,1642,3061,3605,
5672,1794,1971,5251,5110,528,2871,1940,3013,
4658,1274,1164,1427,2417,3392,
4,3030,17,3507,4933,600,1381,1954,1956,2524,2973,3782,4070,5021,1947,4984,9518,
5934,1456,1328,2305,1074,4873,169,587,603,846,969,1608,1620,1825,2139,125,3783,4130,4524,5058,2075,2711,62,3095,5,1916,3345,4664,4670,
4835,1976,9076,1418,1551,1955,3217,307,4115,5115,5136,533,1289,2547,3069,4052,
2834,701,76,1348,1902,71,4268,5125,5373,252,4012,5340,
2449,8319,5624,1013,804,2514,4880,1880,3491,4147,4858,
8276,262,664,1328,1498,2830,3224,4470,632,629,2020,2837,3739,4535,893,1356,1676,2708,3454,3489,3520,4942,5223,
6665,3045,467,928,3970,957,2384,2387,2878,3779,4249,5311,82,
7547,745,950,763,4178,5175,1615,1770,2204,2715,73,581,1074,1236,1390,281,5034,2838,4246,
5018,8411,3170,5222,
3793,1305,7787,1470,1604,1706,1862,3402,4869,5312,
7034,1340,2608,1670,4739,1858,2375,
2726,5175,1454,3030,4320,4915,
9412,4115,5389,5397,1797,2742,4695,28,2138,3188,5420,1723,2256,3701,
3460,907,2400,1414,2756,2973,4914,
4573,4013,
3794,1862,7234,
4017,187,3343,4740,480,591,2315,2556,3548,1402,3037,2163,3485,3749,4883,5375,4360,4446,
1447,5671,2264,688,2147,2740,3956,4052,4375,5262,
6721,2106,4456,2,1299,216,1381,1399,2013,2157,661,2699,2739,3374,3910,4954,5000,5449,1938,4167,5287,
602,2309,5335,2089,2467,3127,4351,4421,4988,
2645,3607,
1333,1505,322,
1295,5199,8272,4616,
5688,519,411,2733,52,4777,1097,3528,2303,2486,2218,4076,4414,4890,16,4047,4394,4731,
395,360,4688,2424,241,659,1662,2840,3266,3335,5047,488,1816,3153,3408,3505,3844,4270,
5231,363,520,208,182,4838,568,642,2765,2890,3366,3818,1949,1783,954,2410,2818,3449,
1220,689,3349,625,206,391,1890,4131,4190,4821,5096,38,521,591,2111,2983,5170,5243,
12,1990,3056,173,2390,1136,1239,1722,3440,4815,2429,4740,5217,4964,
816,365,1059,667,1165,1451,2008,3458,4123,2793,
963,3841,6213,1385,5152,5319,2693,4094,4111,4337,5221,
2929,2376,6276,5293,2536,4484,
3201,3007,324,3269,5433,41,147,239,493,823,923,1799,2939,4389,675,4785,5364,5431,744,2380,3325,3454,3903,4871,457,3808,4948,5191,5202,
3749,7032,1059,1489,2657,2977,3886,5018,1137,
6201,502,764,1476,1559,3086,291,4534,1837,2249,3035,4111,4708,
2971,8967,6592,159,285,672,853,1277,1397,1793,
2181,705,3431,5274,1060,1756,1854,1971,2004,3975,5335,2876,3455,3599,5059,836,2591,5124,
5624,3445,2449,168,3428,2592,2667,3697,5488,
802,6880,8133,
2538,2604,3705,3293,2385,84,5176,5244,971,2977,3148,4718,5018,
6733,2319,2175,2378,2903,3636,4731,174,480,506,595,1889,1984,2234,2485,2949,3232,3623,5413,
848,8301,
3349,1220,
3238,9062,4038,777,2093,5316,
1185,9528,2188,
9662,1262,
3361,3438,
2668,6966,16,201,227,1213,311,1846,2138,2813,3989,3754,4245,4520,4550,4662,5023,5446,2052,2671,3488,2196,
6442,753,2748,3393,4338,3678,3777,3875,4865,5425,
6268,1282,1147,807,3994,899,5108,217,745,1067,3371,4032,3266,5028,5466,
3492,522,591,2379,2782,3078,1518,1590,2245,2634,4076,4355,4541,5231,5358,5401,
5231,2865,3843,761,230,2558,5075,911,1154,160,2868,3289,4028,643,1733,
4165,2962,6740,
958,3030,8614,4229,4357,4475,
5509,420,5027,
1520,6878,9631,388,539,769,1838,4251,4498,4725,5450,
3983,141,6431,682,2174,2209,2242,4949,2895,2232,4641,5079,
1858,828,960,1349,944,1016,2559,3375,3854,4021,4168,4263,378,4262,
1278,4486,1186,5030,
1987,626,4447,4627,1024,1451,1669,2064,2079,2811,
831,9387,3151,900,2107,
5456,619,2991,3061,4914,5167,
4290,3829,4627,1270,
8644,488,4582,2583,4843,3,79,2580,2793,2817,557,4208,3173,5485,1433,5491,
4966,6974,
251,1825,1902,319,2501,2037,2429,3289,3495,3735,5182,1149,2529,2356,3718,4680,2831,4271,
1787,1935,3211,31,4747,1067,2687,3317,
4144,4062,4881,4987,1399,2446,5064,
199,2245,2421,3446,1325,2240,3070,3844,4711,1512,
6878,203,4010,932,1175,1427,1495,1520,1873,3760,3821,3919,4212,5215,296,1229,2074,2567,4418,
7566,1978,2704,2995,1844,5,650,
2305,6850,5934,5142,
2882,7720,4475,4323,289,2037,2593,2912,3201,3290,3957,4585,5271,2148,1740,5001,
109,7058,8688,1207,1707,2233,2547,2776,2833,
4558,83,982,4287,2478,1643,1851,4197,5036,540,5343,
4857,833,2397,4192,5008,4186,4929,359,
2660,8210,7249,3101,2208,333,463,2050,2337,4704,5002,
360,395,3873,2669,569,1539,2084,2996,3646,4103,4816,
4464,411,2429,4865,859,1319,1532,3167,3380,1668,
9271,1922,3514,5411,761,1687,2147,1753,2184,2246,3008,3148,3391,3790,3920,4858,4392,4499,4299,
2331,407,6670,593,2323,3529,3966,1017,1395,4598,5207,1313,4740,5085,5332,1540,
23,2175,4149,5121,1170,1781,4082,4454,4589,1169,1753,1856,2930,5283,
9998,1197,76,4267,5194,4784,920,1820,2298,3479,3955,1456,
3798,2817,3922,496,1524,2060,2129,2971,3423,639,3562,4596,
8684,3297,3614,3660,222,685,974,3848,4294,
3463,502,1381,1551,2604,745,1695,2953,4767,3648,2335,5368,5375,
2408,8017,1514,3133,2153,168,2467,2613,2724,1393,4156,4205,5255,2433,2761,2795,
1692,6501,1781,2303,4662,1936,2254,2256,3004,3414,4187,4501,5273,5343,5436,1262,1791,1997,2157,3282,3673,4530,4671,
5186,5190,1672,
8180,2299,4866,
1819,4487,4670,694,1552,2895,4513,
406,1330,3346,3500,3520,4709,5089,202,543,580,2421,1453,2797,4178,4991,5444,2124,1261,3124,3212,3558,3945,872,1001,1182,2013,2629,2658,2874,3895,
3847,6808,1369,
3151,1234,3128,3744,4010,1248,1908,2214,3963,4664,4976,5320,3037,5375,851,3841,
4010,3151,6878,1375,1413,2845,4085,4715,889,1905,4757,
2948,5002,4229,
1343,2258,3422,
1315,3273,4805,1059,4396,310,903,1313,4209,4297,4346,
893,1652,1660,2233,3062,3757,4359,134,582,2229,2735,4553,5488,
1085,6645,6740,826,5023,2297,3205,
9518,2433,4196,4636,4,
9384,2564,3294,1320,2638,2458,3525,4003,5247,1373,4989,5097,
8801,2584,4443,5182,1710,2687,2696,3464,2922,5115,164,
4346,264,2166,35,4656,3760,1149,1610,916,1212,3725,3837,3857,270,4747,5091,1698,3290,3291,3607,
2965,4107,7266,
4188,7625,6688,466,1888,4488,4695,
8550,3842,1310,2966,5320,174,756,2321,29,2570,2708,3646,4573,556,2761,4572,
3133,5101,8301,
5742,4322,4843,321,
5360,1029,4826,2349,2410,1274,2978,3089,4246,5386,4171,
4973,6131,95,2068,1369,2149,3456,261,5416,3122,4035,5167,2439,
2608,3442,3729,422,2206,2218,2594,2613,2875,4962,3793,4406,
6756,3961,3248,4232,3374,4911,2355,3408,3921,4234,
310,2352,4415,6571,
2343,324,3043,2765,4837,5369,441,2063,2981,4113,4036,5440,1472,1916,5160,
1170,8668,4931,4468,
9062,227,4983,130,3238,1810,769,3571,5418,2076,1337,2746,
982,5457,4558,4966,1023,1676,1720,1746,3568,4248,5258,5352,160,778,3194,3262,5003,
3749,391,947,2496,
5071,2030,4365,
2776,3312,8301,1031,3620,5202,
292,1523,1979,
2985,1829,3264,4397,3448,4687,2313,928,3538,5394,
2272,1862,8622,2319,
3487,93,5654,3427,4872,2428,3519,3698,3778,3860,454,4018,4349,482,1554,3342,4260,5422,
5027,5509,3989,1136,133,5016,5097,5415,964,2119,3302,4528,4700,
2007,1084,3456,576,1687,3903,4476,
4806,8133,2264,3326,3693,4420,
8272,3792,4054,858,1295,2387,2128,3078,3373,3760,3996,4240,5181,798,124,4107,5408,4175,4419,4421,
5111,302,464,1303,1971,2888,5020,22,1342,1350,2751,3465,4692,
3459,320,3843,46,917,1451,1789,2222,2617,2845,3437,4776,5310,5437,57,589,1602,
1971,5111,5672,1333,971,2390,2887,5141,5276,1436,4647,
5039,3488,4355,2045,2928,3229,4346,
9397,2525,4444,1936,2203,207,2076,4289,
9313,8302,
6069,548,783,1511,3483,2343,2447,2422,1412,741,9,3117,3131,3543,3750,4411,4004,
2525,7865,9397,
3729,2608,482,566,1761,2605,3371,1675,2406,3942,4650,5173,
2707,7541,1625,4181,1082,5320,
196,1865,2307,3252,1536,3313,4440,5101,558,797,1802,2060,2681,
1141,3133,9522,52,2722,1814,2038,5355,353,1267,2847,2962,4954,3932,3975,4912,
9076,1661,1934,4835,1415,1625,1637,3036,3857,3940,4386,64,627,806,1124,2014,2650,3860,4351,5135,5432,643,933,2680,3277,3631,3863,3988,4747,
42,1019,2047,668,2296,
2400,710,2407,3460,1118,164,1279,1806,2055,2247,2252,4236,4883,1445,1688,2293,
2605,834,1862,4484,9164,126,4005,5208,1170,1704,5258,
4901,794,2231,1962,5190,1226,2285,719,2951,237,202,3406,5368,2688,2857,3020,4978,
1798,1506,1925,2173,1881,2389,2649,4283,2121,2367,2927,3499,5348,
4966,296,1617,964,401,2700,3813,4778,4977,
5378,24,998,1826,4390,5223,1045,932,
883,400,3859,1014,1488,2156,4148,
3241,7228,1505,2099,2232,3735,4021,4849,1093,3459,4183,
8191,2672,5462,3230,2230,3651,5408,
2383,1202,554,1218,1772,1902,4660,4892,
1345,3408,5214,1225,5002,2395,2594,3204,3799,1769,5096,
5160,4626,67,369,1011,5422,
3837,998,4346,
7622,53,894,1143,1194,3947,4769,5163,785,859,1373,1385,1604,1617,1924,2438,2801,4298,210,5394,990,1967,2833,
4724,2242,272,3447,5360,302,818,2046,4347,4826,
4848,971,1106,1677,5358,5388,714,445,2801,3074,4681,4908,5349,1072,1461,
19,6612,
3334,902,2433,4699,1526,1219,4689,2442,3112,928,53,4981,3442,
6815,61,2760,3742,3754,5191,1167,2108,3812,4335,4787,5391,
9528,1185,
9805,1556,3176,4761,4831,664,1312,1743,2617,3352,3933,4097,4865,5043,5357,1713,4979,5173,
2152,732,2250,5418,1512,1810,1999,2244,363,3278,3549,713,3704,3486,1046,4861,5087,5159,
7717,16,3193,4001,4878,4890,170,1302,3397,4631,4659,4971,4984,39,1520,2480,2946,4531,4846,773,3255,
1706,351,327,1940,2939,541,2706,4049,5022,213,834,1110,1646,2201,2858,2895,5109,
2243,38,3009,3495,565,1079,1507,1621,1834,2236,3924,4923,362,1781,
231,538,7891,2281,2852,2975,
9421,3897,4099,2656,178,695,1838,5341,
1677,659,1667,5369,1559,2040,3264,1407,4581,5241,133,3931,4248,4387,4982,5038,2495,4053,4559,5498,
1053,7559,833,1006,276,1814,3353,2819,3919,5293,
1564,4086,373,884,1652,2471,1028,1612,3706,4820,444,615,965,1262,1831,3946,4645,
2047,6387,42,3894,1835,2863,4049,5417,
1945,1223,6837,118,272,5216,5471,
1451,2116,4129,5444,359,1357,3729,2236,2464,2675,3704,5172,2403,2465,2507,4493,5305,
3223,1112,6254,
4347,3223,3591,4596,
6055,99,3817,5175,2875,867,3098,4320,274,4589,804,3303,3876,3899,5493,
6492,7,1072,4104,3622,4187,
2133,4986,
2889,1398,2789,4390,546,1454,1914,2620,1166,2442,2551,3645,3991,4469,3446,
1433,400,5844,4010,1710,
8665,76,833,1973,2627,763,2349,4171,2880,4617,4676,5354,9,4482,
8163,753,2284,2588,2989,1009,5004,1064,1937,2112,3273,2317,1896,5385,
3989,406,747,1973,4826,5027,2458,2540,3265,4093,1373,4643,4758,5241,3236,345,4934,1489,2981,3669,
1898,794,909,2409,3558,625,1588,2154,2230,3698,734,
5530,311,1323,1455,2611,2624,1732,1760,2776,3308,3395,4017,4032,5114,5498,3694,2494,
3986,8419,1313,178,
7217,2010,4648,5141,797,4325,4652,4882,
837,9520,8074,2152,
6390,1938,1780,2375,2699,3581,
701,72,2834,3858,5380,170,38,3171,4940,5460,
4572,830,1405,1431,1319,1651,2514,3797,4504,5281,240,2548,3321,3854,5456,4509,5482,
9111,2600,5411,144,1622,4500,1678,1800,2905,4044,4764,5215,
981,257,317,1563,
1262,8193,9662,
2947,9969,6705,
1767,80,4304,
2284,8163,7817,2126,758,1177,744,4994,
7284,2912,4101,1141,4780,96,2903,709,829,2421,1431,1068,841,951,2618,909,719,3924,407,3084,4222,3964,4821,
3771,7891,8234,1126,2685,3070,3689,5425,2949,3186,4149,4741,1982,2336,
1699,2068,
43,2011,2584,2955,716,5230,
3890,502,462,587,2647,2968,3987,4571,4728,4967,
2143,4728,1979,4669,913,1881,1982,3261,
580,2162,1591,1541,1813,2129,2802,3026,3082,3376,
3468,5818,8210,
484,642,3792,4392,2232,2361,4716,3910,5023,5200,
5002,488,2948,4924,617,552,4537,
4013,3275,4573,553,615,1454,1283,1875,2085,3107,3239,1090,4895,1961,2296,3356,3395,3864,
8688,109,1506,1570,2739,5129,975,1003,1162,2257,2808,4927,5104,4142,5067,5352,2838,2915,4957,
7536,3161,1458,2379,3630,4874,61,1520,4152,4590,
3059,2411,3653,
2078,640,754,1456,1815,2656,2741,2239,3460,5110,3151,5215,3267,4502,
4290,1231,2428,3354,738,4773,5286,620,1509,2279,2550,3876,5279,1675,
2122,899,1247,1267,1592,5272,
1523,2412,2169,292,1250,1929,2323,2455,3099,3520,4104,5310,2728,2879,3445,4437,197,
5142,839,1867,431,2043,1871,455,1614,2285,2286,3131,3620,3702,4240,4723,913,1166,1914,848,2203,3633,4125,
4670,9738,1819,2765,
3155,435,3736,4192,4821,661,2169,633,1434,2476,2480,2726,2803,1009,1260,1267,2565,3073,
93,2115,3487,4449,5286,2097,2214,2623,2914,4437,549,
3488,5907,5039,977,1966,2168,3421,4494,4514,5027,5215,
5070,1080,5345,842,1818,3161,1485,2490,3254,4402,
3775,2285,4411,
5353,4391,9587,2326,523,554,2537,5436,2665,2770,5191,
4865,4464,8423,3584,3577,
4412,5472,7369,775,3868,4335,4102,5107,
3629,4372,2285,3218,3469,3596,2107,4999,5175,5424,
8463,1332,1651,4096,5432,1123,
4843,8644,5742,1735,2244,1902,5377,1224,
4626,5160,7232,1725,2632,834,1964,3163,4031,4088,
2376,625,1209,1842,1843,2481,2929,3313,3961,1788,4827,
8446,33,3630,5310,1174,1799,2147,2827,3072,3410,4444,4946,5012,3893,4544,
4455,2646,3061,305,573,978,1153,2389,2658,2810,3402,3965,4936,1122,1433,5007,
6001,537,2614,4053,5444,2278,2825,3181,2333,3903,3978,4822,5413,2194,2742,4628,4726,
8938,130,3058,4198,12,1054,1499,1749,2329,2974,2989,3045,4759,1797,617,3074,4101,198,4485,4934,64,1280,2670,2847,3341,
520,2079,5231,5041,
3456,2007,363,2105,571,1480,765,1280,1773,3653,
9387,831,872,843,1849,2516,3450,4041,4691,4728,4991,
6188,1645,1911,1004,3990,4945,1827,1980,2573,3189,3643,1551,1725,3530,3752,489,3377,
3056,12,1099,919,450,660,1576,1941,2363,188,3228,1996,3151,3727,4907,4969,5258,
9607,102,130,2023,2462,2657,4759,62,2289,
200,1816,4255,4439,477,4567,3805,
1979,254,292,2342,2546,2690,2606,2143,2173,3221,339,3831,4078,4638,1534,1731,2155,9520,3311,3442,3879,4722,
7559,1053,2739,4555,5160,2974,1026,5281,1587,4746,
1405,5424,4572,450,914,2213,2329,4609,5257,
6870,4373,
1340,7034,2043,3439,3735,4192,2186,5316,5498,4036,4329,3444,
7833,2379,3145,5124,2915,512,2523,4881,4147,1240,4532,4695,632,
3567,5850,1862,3834,4905,3701,
6860,3169,3933,2086,4084,4551,
520,2413,3936,4156,1407,1282,2025,2649,2900,3585,
3996,4208,2648,109,4524,5293,1169,3591,4443,4450,4539,4646,78,2981,3130,4025,4614,4977,
2594,1345,2608,2128,
5457,851,982,1949,481,5421,132,917,1347,1577,442,2918,381,3886,4048,4071,4255,5120,5382,2395,5054,511,1906,2114,3029,4708,5287,
5489,998,128,2715,1190,1376,2801,3544,3862,4528,4577,
5148,3442,3519,3867,2571,4320,1066,1342,2018,2242,2815,3088,3584,489,5437,
2850,1006,1769,2767,3083,4588,1058,1760,2989,3535,3560,3879,4072,4811,82,1124,2476,125,926,1762,2076,2487,2777,
1770,1159,4520,
8405,1610,2016,
347,862,2441,2523,198,71,620,1236,1610,2037,3083,4528,3557,5142,
5664,2949,4314,813,1200,1534,74,5289,2259,2441,2550,3593,4554,992,2410,4100,4840,5066,
2308,3320,1733,1145,2144,185,3129,3558,274,1445,1797,1956,2232,2441,417,3919,4013,4292,4444,4958,5088,5324,1180,1377,2074,2788,2482,1674,5286,5449,
1807,634,5402,1050,3189,4881,4455,5144,153,2047,3357,3720,
927,2369,2613,519,429,553,1512,1625,3237,3997,1935,4976,1505,2397,4494,4873,3888,2248,
2176,3387,2018,246,1442,3411,
91,1829,2421,4369,5139,23,1180,651,3396,1457,1665,4699,5459,
1339,3041,106,3668,4730,969,1902,3639,3773,3913,4850,426,1971,2100,4212,4948,4972,
8614,958,1431,4181,2949,4922,
9522,1141,2255,3712,1003,2212,2421,2656,2896,4062,5039,253,793,876,1817,3661,
3083,6443,2850,188,320,1340,876,4780,883,2252,3139,4412,4462,4590,4613,5025,5420,
1701,2961,5385,184,1116,3749,4128,5226,3684,5054,5417,
5032,9685,
3375,791,7251,1460,1668,1799,2346,3293,3822,3958,4034,4329,5039,
1324,285,6118,253,1954,2865,3448,417,1594,2195,3486,3742,4727,1120,3423,3975,4574,5445,
3166,3277,4245,
5850,3567,4216,555,889,3248,3773,1356,1949,3979,
7058,109,591,1519,1165,4481,1090,2872,3858,4477,361,4679,4804,5295,711,4457,2721,5359,5367,
2879,564,2454,4262,2090,2737,2824,5062,423,1061,2389,2783,3704,4313,4846,
1369,414,1204,1756,701,152,2654,2533,435,1806,1831,1866,2375,3847,3976,4561,4573,5099,1852,2039,2258,2739,2755,2756,4606,4893,3807,3930,3994,
3289,8661,697,4083,3056,
4101,7284,5037,3411,208,478,3265,4352,4496,
4466,1236,2660,2688,720,3513,3870,4488,4560,4724,4871,
9467,739,1282,4646,1795,2829,1210,4522,
3090,5199,2475,1424,2247,2972,44,496,2927,3259,4243,4557,
4038,391,3238,4000,4606,8,1253,1354,1588,2397,4877,4935,476,1651,3340,3632,3700,5117,2662,3982,5288,
5037,1730,2989,3168,4101,5222,849,328,1287,2369,2981,4535,2510,3124,4842,1089,2147,3426,3841,
1259,9631,8568,656,1411,4940,5050,5475,
4769,2210,7622,
3702,1932,5142,2121,
9631,4259,5187,5422,3194,287,969,1259,1520,161,2092,3038,3525,5087,2852,2157,2765,513,3259,4715,3902,4029,4768,
8950,3345,3635,3970,2406,1567,3215,2680,1490,2229,2324,1133,2483,3661,3930,4257,750,
2151,5771,3464,1410,
3136,284,1196,1455,2208,3786,4487,1047,1084,253,2302,1020,3342,4192,4572,4705,1862,2156,2313,3646,
1300,8611,6750,1706,4309,
4780,7284,5817,1236,1863,1576,
1059,254,816,1462,1071,1827,3749,4293,4897,2193,2723,2766,3963,4258,4500,4916,
3252,196,
2623,1638,8239,679,390,915,1121,1681,1799,2320,2468,4407,4520,5188,5236,
5222,4505,5037,1545,1141,1192,2273,3170,3840,4037,4373,4525,4963,1759,2403,2747,4951,
5241,778,3514,4274,451,3969,833,1041,4728,5136,5364,1083,1308,3578,
2661,8068,
2180,296,3861,1059,2649,4614,2507,2831,3049,5027,
141,1899,3983,236,1707,2179,3768,5351,
2767,2850,7541,
5424,5121,1552,1191,1405,2071,4094,809,4775,2940,
2580,480,4777,1231,1595,2081,3530,4618,4994,
8611,528,2422,2588,4489,1300,1415,2100,2256,2511,3674,1155,560,1293,1814,2099,2328,2851,3278,4501,4566,4611,1352,2077,3365,3521,4798,
4426,1194,2835,3211,295,863,2999,3257,4525,3938,
9301,300,4335,2101,826,693,1597,1975,2031,3629,4806,1144,3400,1665,1026,3411,4116,
2730,1285,552,4097,1530,1621,2126,3299,3351,3980,1983,1994,2754,4830,5020,5248,5393,
637,9164,1815,
1642,915,4949,5225,691,2762,3960,552,5356,2853,5459,2475,
5568,34,
3275,4013,4599,
7891,231,120,3262,3771,4384,1354,351,770,1600,2368,3210,3597,4286,1288,4752,67,771,1732,3524,4043,4889,
4506,319,723,1757,2614,115,1027,2441,1130,4139,4291,4850,4920,2025,1797,2081,3561,4860,
4443,446,960,1742,2363,2796,4118,4500,
406,2737,3989,3213,4309,
2739,7559,8688,845,1657,2044,3418,3984,
4042,822,6729,1102,5362,193,346,686,1123,1190,2216,2666,1819,3089,3473,3824,4420,2840,3232,3864,
4783,1506,1903,2447,3342,3568,3807,1122,1603,2023,4358,1965,3120,
5751,962,1585,3086,894,2498,4790,
3507,4,1916,
5402,1807,3408,2784,2334,
5325,4445,5023,994,
317,6323,981,3214,3216,1755,
6735,10,2654,596,885,1948,2045,2134,2953,
5446,
3592,1661,4405,4945,497,1419,1559,1696,2108,2272,2412,3015,3324,3422,4674,5022,
7754,3540,4116,4208,1276,379,2038,2368,1322,2030,3600,4846,5414,
1794,5672,3770,
3257,2071,3085,4157,3858,5456,
6688,600,2121,4188,5273,599,20,529,4096,4157,1716,3838,5156,
391,1915,2772,3749,5089,
4099,9185,9421,1245,2114,1539,512,720,2130,3702,3911,5456,3033,3550,3669,4429,5110,
3959,3566,1063,1587,1849,4893,
4405,7787,3592,1883,2460,
5315,2079,2860,3273,343,814,431,1404,2254,2823,3238,3408,4816,5013,5020,1253,1451,2078,2361,4716,5295,
8411,596,2205,3435,2482,5018,1519,503,5280,5491,348,2023,2828,4970,
634,952,1807,4752,3969,2433,4433,5112,2397,3515,4222,5167,5489,
2319,7228,6733,2315,2845,1926,546,1048,1349,1489,1825,2316,3161,4449,4484,5396,
4338,6442,3624,1703,1828,3164,3984,4068,4491,
2108,483,2114,4190,1906,5392,272,4996,5126,
3061,915,2168,4455,1983,3701,707,1842,1594,3401,4714,5430,2504,4553,5293,
2454,2879,
4276,139,3273,2834,2064,2427,2722,3235,5124,5128,
6140,629,1910,1950,3194,5401,2724,1961,3090,5413,
7625,2672,2455,4188,746,5392,2072,2624,3676,3946,5339,4094,4252,
2999,940,8261,1451,800,1758,2298,173,971,1122,
4767,3463,1354,2965,1470,4260,4562,4961,
2423,315,1204,1753,388,570,800,1069,1877,3056,3265,3987,4193,4246,4370,4781,5177,5308,5356,1046,4985,
4259,4979,9631,466,686,2699,2819,3215,777,463,4473,5154,956,2062,2178,3886,
778,3288,5241,3663,1488,1502,1820,1878,2858,4618,4737,
264,4346,4863,1199,275,
3165,8589,619,3360,3551,4810,
2414,1193,2591,2031,2157,2466,2716,4419,4458,5204,
3934,648,667,3153,3604,4408,466,2306,2324,3678,4739,392,5247,839,1552,2250,3682,3356,3593,4006,4196,4235,
4355,71,5039,1052,4290,347,572,1167,1508,2015,2393,3598,3614,4154,652,1565,1852,3106,4308,4404,4450,
5048,814,1843,2226,5451,2664,3578,
3555,3235,6028,1121,5475,
1112,2996,3570,3677,2740,1380,818,1215,1928,2149,1765,3112,3682,4168,1677,4758,4903,3223,3864,4660,5429,3948,4251,4740,4756,
4505,8164,2184,2203,2961,3060,3343,4135,4871,5222,5402,1812,
4335,9301,2845,5354,471,566,783,1498,2602,2953,3119,4311,1110,5492,5236,
947,2375,3749,
7495,786,1401,2589,3734,17,233,1288,1577,1813,2259,2298,3523,3830,3976,4020,5308,5496,99,1686,
6276,545,2929,1087,719,3505,1175,1532,2677,3202,3680,3781,4117,4703,221,1212,2438,4017,4907,
5593,547,3432,4775,4450,523,1724,4141,4508,3142,
1313,486,1062,1938,3986,4642,739,1046,4212,1717,726,3365,4060,4692,1539,5381,5388,1244,1533,1684,3964,4487,
3101,405,945,2416,48,3446,1285,612,1165,841,1320,1815,2363,2329,3636,1644,5470,4959,5300,5329,2050,2410,2529,2937,4660,
337,3249,3444,
794,1898,4901,4759,
721,575,5351,1120,2086,3318,3357,
5427,8133,2162,3879,
1672,1219,7006,881,5186,3531,1247,3365,3452,
1816,8117,200,4745,652,1302,2458,4964,5149,
1544,8218,2503,3434,
2210,3510,3857,4769,295,428,1296,1559,1901,
7266,2402,1273,1031,1147,287,1910,3625,5259,4572,5140,5210,5376,321,1489,1719,1767,3210,2965,569,3036,4070,4149,4312,4519,5034,5260,2167,1969,2604,848,4644,4745,307,
4887,3118,2293,291,587,4188,5141,
5335,602,3087,3345,
844,8781,2645,2145,1190,18,1087,484,4097,4211,4564,4880,3229,
4144,9810,1261,1746,2994,3872,4835,5169,64,333,3475,4044,
3889,264,5336,2247,3678,
9587,1738,2429,5353,
8716,1896,2625,2980,775,809,829,1959,2075,3246,3614,4406,1723,104,
2865,5231,2043,1026,4685,4949,5039,
1964,873,4626,
1760,4721,
902,3334,4011,
2670,4372,332,3519,2333,373,902,2362,3743,5147,803,5407,4650,
2471,1564,9810,719,1669,
5444,6001,1451,1708,4835,2264,3435,3871,
1733,2308,6787,
3970,6665,8950,901,1520,4106,5396,
548,1446,6069,4053,1722,2395,3535,3593,3821,849,4560,4761,189,4618,1459,1994,2105,3192,3956,3994,5045,5190,
3438,4712,3361,38,322,194,1889,2648,3066,5129,1254,1504,4642,
5023,5325,2668,652,
5102,1449,6357,581,2603,3045,4551,401,1063,2341,2670,3137,3691,3769,4527,4741,
128,640,1730,2758,4956,5157,5489,441,511,2840,3732,4782,5075,1196,3044,4468,4624,3211,3993,
2957,7234,6781,755,2415,
8498,515,755,2144,812,4803,4878,207,4404,5324,640,5117,
6808,701,579,3813,3935,4201,2270,2883,3450,3847,4132,5293,1199,1238,
9520,507,837,2312,718,5382,67,1499,4090,5058,1979,
2748,6442,4325,2772,2913,3662,4169,4429,5489,
3423,4822,4011,
8876,4352,845,3284,4683,5335,152,2404,2593,2653,3091,3173,3843,4149,168,935,3734,
1011,3304,4366,
4120,9016,1485,1942,1805,2138,2912,3633,5223,1078,2287,2339,2424,2832,3026,3582,5022,5154,5476,
3324,1725,873,1523,
178,4935,558,5019,5465,919,991,2196,2920,5304,
960,486,1858,524,1065,4443,2328,3847,4291,4381,2642,792,2985,4383,4971,
591,3492,7058,1774,236,3963,219,4775,5324,
6254,360,3705,3580,806,932,2871,1564,2579,2033,3223,4473,1755,5286,4228,
9455,2258,3393,5113,5253,557,439,2636,3398,3798,940,2258,4747,3920,5164,
3061,5005,5456,4876,3930,
961,124,3823,4942,5139,235,1395,1037,2515,3196,3991,1996,2367,2695,3285,3723,5087,
4444,9397,9051,2190,237,2428,2893,2905,3232,3570,3828,5160,1051,3008,
3393,6442,9455,4208,208,2257,
1867,5142,488,2958,3006,1004,3475,3836,3959,4654,4795,1913,3790,3901,
4700,810,2331,1687,1703,2402,3863,3990,2179,208,2520,2951,3504,4517,4716,4771,4066,5027,
2299,8180,1668,
1453,630,7541,1072,1908,3813,2692,3798,4111,4740,1902,2646,3878,4243,5469,
2409,1898,5904,2949,662,1787,2599,3426,5190,285,1987,3284,3520,4200,
4703,6276,1446,2337,
187,4017,4786,3309,3436,4768,
4062,9522,4144,
8468,2546,2618,3224,
5228,2833,4837,802,519,891,5081,170,1236,1909,2826,
3803,8037,2912,1554,1278,1971,3485,4567,4696,5258,1625,2067,4526,
2571,1197,
2660,1311,1332,2625,4466,170,1649,1896,2966,3389,1118,
2285,639,3085,3629,3775,1820,1734,3028,1274,2494,2734,3148,185,3269,4360,
3792,484,8272,5086,
4428,2027,8890,
2989,8163,5037,5456,2464,1165,1202,
8302,9313,4437,
6645,1085,2119,3177,3388,891,2083,4966,5099,776,3510,4313,
547,7091,5593,2649,2212,3774,3790,4008,4180,
5402,4505,2667,4624,
7541,351,1111,1453,1718,1929,2203,2707,2767,1057,1186,3465,385,4200,5155,2763,1771,1881,3591,3750,4751,4931,4916,5007,
6837,2993,1945,4104,4170,383,5013,3244,4827,
5904,2409,3967,26,716,850,1965,
5490,940,2220,1590,1811,3952,4727,5182,
4728,3506,5012,5029,463,1999,2063,2143,3182,34,265,595,1687,1769,4649,5116,
1191,2598,5424,
5316,241,4245,
8210,1412,1559,2660,3277,3468,4366,130,173,640,2219,4073,
4520,1148,2668,3244,1832,1039,3998,
5101,2769,2976,3133,3297,3736,195,2776,2800,3184,3352,3011,
1756,508,1369,3223,5310,
1066,1279,453,350,1812,2664,2740,3800,2053,2659,4209,
3034,22,5159,45,464,3103,1078,
840,1223,6818,1514,5177,
5214,8613,4196,238,565,2203,2422,4180,4762,
4601,2467,7412,4174,1457,3859,107,2681,
3297,5101,8684,1481,5491,150,310,459,3312,1257,1489,1519,2108,2159,3455,1949,4832,3509,3947,4200,4387,4843,4932,
6670,2331,4530,1735,3721,4075,
322,234,1114,1333,4231,5237,5292,823,935,1143,1924,4154,4596,5015,5021,5138,
1018,11,2848,1284,201,2856,3430,3530,5125,3318,3913,4222,
8622,241,199,2272,4253,553,1166,1591,1168,1137,234,5475,2354,3855,4670,450,3282,
2817,8220,3798,1561,1959,3702,4005,4385,2089,2671,4156,
5397,1817,9412,1567,1661,3127,
2939,1706,3201,
6131,4973,1064,798,4050,4598,4802,509,2233,3184,
3873,360,1412,1792,618,834,1047,1788,1583,1917,1939,2640,2728,2866,810,3257,275,1999,2914,3469,3393,4744,
4155,693,3812,1232,3039,3051,
4365,461,3767,5071,20,262,551,1743,1901,2125,2618,2896,3721,4737,5405,3355,
8606,4116,
1503,5936,294,1424,3654,4097,4196,4950,
4997,1773,1780,1806,2445,2722,1289,4449,4458,861,1258,1607,3561,3680,3820,3935,4449,2044,3421,
2604,3463,2538,
2397,4857,2233,2439,3124,3774,4170,4742,
102,4494,9607,1109,1437,3828,4225,410,4591,
1862,2272,2605,3567,3575,2653,2249,139,749,1611,1633,2221,1487,3283,1279,4084,4903,3002,3373,3700,3794,92,2045,4322,4856,
3511,2162,1460,1890,2620,2871,3797,4677,855,1682,3415,5198,5276,2017,2302,2919,2922,3477,5499,
5817,4780,75,588,1213,2489,4747,3325,3893,5458,
8301,19,2776,3133,2642,2996,3484,1651,4468,77,848,1302,2179,2783,
1879,845,1985,2675,3381,2637,4129,4186,5040,2440,4785,5161,5465,3020,
3736,5101,3155,2809,704,
6147,3016,4470,4955,1811,4210,5482,
1730,128,5037,
3170,4683,7091,1089,
7249,2501,2660,4228,1464,1377,3956,4393,4405,4549,5329,4614,
296,4966,2180,2341,2494,5344,2597,2737,4562,3661,3920,
9043,757,4656,2544,4075,4156,4403,2935,4086,1532,3034,
4629,5483,
2725,8343,304,758,1870,3599,1021,2145,2413,2762,2968,3857,3887,4465,
3549,8568,2133,636,1475,1789,2014,2256,2972,3863,4820,2282,2747,
480,2580,5446,3340,4671,4684,
147,558,3777,2069,3895,3971,4505,5304,
6357,769,3935,5102,1482,1506,1975,3747,5339,
3744,3151,9817,151,290,1903,5069,
862,347,75,944,3739,1772,1819,2760,3037,3683,
6207,388,2630,4962,5,1973,3236,5059,5141,5399,
4306,2612,6944,3120,1095,3030,5256,28,1960,2270,2946,357,3891,5230,5321,2652,657,891,1100,2374,2490,2609,3837,4526,5085,3916,3940,4296,4490,
4253,8622,541,2395,2662,2796,3087,3477,4357,
1812,307,1780,3570,3608,4770,
8617,876,3,1754,2317,3888,5135,5295,886,3458,4212,4545,4560,
8819,2010,3947,990,4334,
998,72,726,5489,571,1752,2692,3837,4171,762,1266,2840,5430,1641,3822,
6692,237,1143,3037,2526,564,3823,4873,4206,4658,5011,
8892,3040,2567,2096,5489,1898,3982,
9981,522,1432,1494,3162,313,1539,1615,1902,1960,1806,4724,2116,2198,4398,4612,3837,4591,
4391,2543,1131,5353,455,1384,2465,3112,221,2191,2405,3579,4616,5463,3677,
4229,2948,3120,77,4354,671,5314,1099,2635,4311,
4198,8938,7032,2072,3460,3631,4297,
1662,9810,395,
6592,429,2056,2971,1787,2242,357,3365,4000,1826,5063,4318,
726,998,1916,2617,751,1437,1512,1842,1925,1970,2632,3126,4490,
2625,8716,2660,768,1116,2411,2639,2910,3015,5055,3167,3823,
4740,4017,1052,1434,3558,4004,5424,549,974,1172,1249,2635,2653,2763,3000,3013,3171,3350,3438,
8460,3556,3694,4556,1983,3683,1348,3588,3932,
1638,1398,2623,3676,4779,
80,1767,2879,3786,4489,720,2418,2729,2953,3484,3714,3959,4217,528,833,1903,3947,
2580,8644,2856,5001,2335,2857,3749,4601,4709,
3564,196,2162,2500,1441,5250,
2848,1018,1493,4871,5008,233,649,1414,491,103,3018,3412,4158,4295,4549,2351,2772,3486,
7765,926,3435,541,547,935,2372,2777,
9353,158,825,5349,77,3543,3783,465,3146,3957,4396,4527,1131,
6908,3389,4869,1908,2207,867,4007,710,4573,954,90,1389,4958,
7006,1334,1672,3070,5113,178,568,1539,1565,
400,883,1433,2931,209,1363,3331,4390,1001,1023,3010,3898,5419,2669,
4162,565,5093,662,1066,2421,4670,809,893,903,1179,2872,3914,4658,
2654,6735,1369,973,2495,4746,5120,
2433,9518,3334,422,347,1165,2755,4573,4644,4890,5197,1228,2729,2894,4308,
1978,7699,7566,
1236,2342,3415,4466,3709,125,2978,5431,3488,4022,4468,4562,5079,
3894,2120,210,569,191,1182,185,4001,4695,5086,435,792,856,663,879,1229,1943,3082,3290,3544,4851,5418,
2258,1343,9455,1190,2146,2212,2604,2918,4494,4988,
7981,618,2481,2611,3062,4662,600,1077,1791,2470,4232,
2860,1385,4790,1849,5315,860,1877,2476,2964,3624,4059,4249,4252,1653,5106,5134,5391,2267,2997,3534,3747,4985,5157,2255,2934,3214,3551,3665,
5224,4483,1231,2561,2836,4460,4548,5316,
1334,7006,3118,3401,3920,4371,4694,5197,270,825,2503,2894,3808,
3519,5148,3139,1381,2196,2335,3179,4103,1634,
7234,282,2957,2980,4685,12,95,4261,2542,2684,3794,4279,4654,1229,2744,5168,
3273,1563,2648,4276,4805,517,1315,16,4581,5217,5266,5382,524,1989,2301,2438,3840,4448,1490,3293,3752,3770,4912,
6787,255,1733,1824,15,3471,144,571,672,798,803,3107,4519,4537,4373,4752,
8117,372,2008,1816,4134,5324,3941,1914,1883,2016,3177,2956,3456,4454,5280,2903,2179,4541,5226,2044,5499,
3299,3060,4436,1646,2067,383,572,3392,3483,3927,3980,637,1423,4575,5284,
9133,420,1379,1787,2312,743,185,1527,1943,2624,2872,3423,3529,4061,4314,4427,5435,1837,2764,4969,
6729,1682,4042,3485,1311,1572,56,2113,2805,4059,
3624,312,8239,1112,
4470,8276,6147,305,1210,1232,3326,
960,5012,4372,431,454,2652,4415,5218,
3319,235,462,2926,
8121,667,4129,
4011,902,1423,2463,2713,3402,3423,770,830,275,3118,4050,2382,3636,5490,747,2254,2466,
3277,8210,132,1591,1762,508,3166,3732,3568,3781,874,1545,2523,2547,2776,4428,4544,4938,4961,
7369,762,2,4412,322,1791,596,2027,2362,2623,3760,850,1569,2620,2642,3548,3679,
3712,189,9522,2685,893,2987,3694,
2475,724,3090,2465,150,746,1913,3266,3852,4313,4363,4420,5131,1642,
1553,2987,772,629,1724,1943,2039,3376,3492,3538,2109,2372,
1637,9076,6431,
241,5316,8622,3696,
4143,8568,9685,449,1266,2219,3385,
2996,8967,59,2046,2249,3838,4837,
22,1744,616,2458,2952,3831,4250,5271,2959,4936,5073,5141,
5676,3681,3067,3658,1429,4764,5070,2339,4335,4830,
4524,1467,2446,3741,
9016,152,4120,4438,1311,4955,2252,38,381,2251,1659,3841,4477,5348,2697,
5385,1701,995,4290,196,1372,1464,139,2945,3200,3812,4123,5031,1644,2385,3192,4434,4523,
2198,1078,5426,85,1600,2664,5403,
1610,4346,619,
2827,1106,2123,555,2181,3068,3905,4494,4955,442,218,1504,1900,2587,
2980,8716,7234,4957,4810,4678,2214,2562,3250,
7908,1305,2112,2740,5158,374,1332,3632,4465,4660,725,5492,1611,3809,
5345,2113,5070,262,1688,2653,2819,3179,3287,3380,3511,3789,1109,1894,1911,2710,209,3212,3738,4266,
9592,3556,4245,
1766,5408,
284,38,415,1515,5460,422,4013,4044,358,1523,2945,3380,5247,2643,
1938,6390,1313,1006,1010,1492,
1505,1333,1224,5394,2226,3182,1435,3154,4037,5009,
5113,9455,7006,3688,2497,3056,4595,
4116,7754,8606,375,2201,901,1617,4499,5292,5469,
3773,5850,1339,4584,
1193,2414,1586,116,444,1613,2653,4329,4718,
2769,5101,1720,1072,1852,3209,5300,
2523,2987,347,
5201,1324,1436,1323,2608,3960,4560,116,1493,2058,5070,2529,3000,4889,5073,
724,1533,2991,565,1033,1719,2152,1423,2219,5364,3451,3969,4305,4337,4518,4659,5091,2326,3167,222,3752,4531,4764,
4255,200,219,695,1888,5403,
4468,8218,128,
629,5352,6140,331,1435,2359,2405,3186,4205,4537,486,2589,3209,5460,
1746,2646,2394,867,1866,290,2090,2233,4459,4794,4167,4990,
545,361,6276,451,2088,1898,2987,3914,4155,4902,
4147,7833,
6705,2947,
4826,5360,3989,
940,2999,5490,1696,2920,3759,5451,1872,1909,2391,3056,
3556,9592,8460,1058,3513,4794,5120,2919,
2789,2889,7200,872,1979,3661,4431,
2255,7927,9522,
3514,9271,5241,3159,1086,1228,2661,
262,2855,8276,294,3309,3793,4233,4730,5028,5128,
3304,1933,1011,1540,2011,2953,3294,4299,4793,5258,2105,1307,4168,
3947,6585,7622,611,29,46,1129,3913,3938,4296,4685,
8218,1354,1544,5015,3244,100,4162,4468,4569,5063,5129,1602,2421,2458,4171,4595,
2375,5553,947,
2162,580,1551,3511,3564,5427,1515,1302,2437,3139,3681,4118,37,464,537,1270,1429,1547,2500,3138,5407,5431,627,1791,2093,2251,2554,4527,5181,
9128,962,4949,3035,3548,3325,4628,4909,5253,5461,
1908,3424,6908,
772,662,1553,1143,236,1423,1852,3572,4288,447,5470,560,775,2274,5085,
1609,621,1165,2898,1826,2232,1651,4162,5348,5495,4829,5050,5307,
911,1635,7808,3001,3935,2368,4523,5458,
4896,237,3390,4774,697,1737,4161,2644,3056,4158,5092,3824,4509,5424,
5141,7217,4107,
2645,844,1811,
8858,757,1069,2231,2527,2647,1855,2500,2768,3924,4131,4324,2537,1429,
5771,3,588,2151,3331,210,463,3155,4821,493,3159,
6599,322,941,2673,
7720,7031,38,2618,2882,3201,3374,1802,4414,3992,
7412,987,3844,4266,4601,5012,1506,1651,2212,2597,
789,1865,3365,3730,
5818,3468,
4986,2133,2476,
5552,244,3374,3604,9413,4622,
6042,1191,3274,5274,1249,1188,1362,2809,5092,5054,
2803,7186,
4679,7700,7058,
1072,6492,1453,
1722,12,548,
4453,8668,1293,
4344,8074,7256,2368,
2825,6001,1811,
1415,9076,8611,
5036,6431,4558,2892,
4949,1642,482,3126,
4178,1250,7547,648,4538,1377,1392,2908,4868,5476,
4487,1819,3136,
2138,2668,
983,7123,3255,
3653,3059,
1143,7622,6692,4994,3076,
3211,4426,1787,
764,6201,
284,3136,2626,1036,
3085,3257,2285,
5411,9111,9271,1493,
237,6692,4896,
3,5771,3734,
962,9128,5751,
2547,554,109,1380,
1067,6268,1787,
6825,3707,3842,4962,5324,
4862,4299,4327,3244,5397,1234,4186,5075,
7944,739,1384,2992,5754,1775,2181,2429,2783,5120,
2220,3050,5490,3875,1683,
9912,4977,3781,4155,
1962,810,239,3709,975,2035,2511,3362,3854,4705,4801,3509,3607,
4453,1788,5153,
8419,1894,3986,5167,3031,4569,
2646,1480,1746,3685,4455,221,3826,3229,5156,
4712,2079,3438,2556,923,2715,1957,
6443,1495,2029,3083,3964,4415,483,541,693,2571,2843,2973,3739,4539,4871,
1182,3894,
4072,2850,
4161,4896,
450,3056,7256,1284,
4298,7622,
3809,
1288,7495,7200,
455,5142,4391,
2410,5360,3217,4798,
1489,7266,1159,
3572,256,772,410,
3760,6878,8272,
572,4372,1011,
2888,5111,1119,2801,5310,
2618,8468,7720,4154,2514,
255,6787,2264,
3842,8550,6825,
2307,275,196,
3668,1035,1339,
2968,5449,4561,
322,8319,6599,
254,1979,1059,
1619,3440,1269,5432,2446,
4489,80,8611,
2920,940,3607,
4459,1746,3387,
95,7234,1507,
4624,5402,128,
458,1004,4965,
2976,1062,3756,
4683,3170,
5443,4417,
8795,801,1585,4180,4481,4592,
4692,1033,2663,
4549,3160,
7325,1508,3709,
4086,652,1564,4189,4890,1657,3331,
9443,348,618,4602,3151,
6074,1718,2250,3994,860,884,955,2636,4754,2918,
3496,2007,3630,601,2608,191,652,1759,4993,1753,
6323,317,3381,
7186,2803,
5475,2681,2949,4617,282,1057,1190,1536,4396,2191,
3139,3519,
4146,3114,
4758,1112,3989,5418,
3857,9076,4346,
4747,1787,4346,
3661,8950,327,
99,8397,6055,
4386,9076,
5280,8411,8117,3509,1932,
4408,3934,
3604,3934,5552,
639,6083,2285,
1843,5048,2376,
83,4558,7574,
4164,5654,8976,
5129,8688,
502,3463,6201,
4115,9412,
341,
667,3934,8121,
4987,4144,
2203,4505,7541,
3961,2376,6756,
2583,8644,
10,6735,2684,
4688,2111,395,
4481,8795,7058,
739,7944,9467,
2548,300,4572,
2259,5664,
5296,3408,
1023,982,400,
1914,5142,8117,
4385,1120,2817,
4865,
8066,2405,3650,3822,1186,1212,3495,4228,4533,5418,3475,2608,3530,
5901,1633,2463,5004,
4914,3230,
3585,2032,1426,2818,2076,5179,1785,3044,3554,3964,
2987,1553,
8351,118,4033,4750,1736,
1591,580,
2969,691,1019,66,4059,
8820,5227,
3078,7787,8272,
1283,4107,
3095,2648,1668,
3293,2191,2538,
3192,6748,1159,
2458,9384,3989,
2715,5489,7547,
435,3155,1369,
503,3759,8411,
770,4011,7891,
1877,2423,2860,5332,
5002,8133,2264,
2031,9301,2414,
4480,
3628,5936,6431,
2173,4263,1798,
2120,3894,6799,3231,
4094,2280,5424,2839,
3757,893,2111,
1033,2737,4692,2967,
3169,6860,
4916,2991,3242,548,3965,
1194,7622,4426,
3365,4445,789,398,1825,
3224,8468,8276,5152,
5394,1505,1817,
1432,9981,
4685,2188,7234,
16,8603,2668,
1769,2850,
830,4572,
783,5561,6069,
945,3101,4931,
4369,91,8613,913,
5339,7625,2763,
2043,2264,872,
5067,8688,
5463,8239,4391,
5089,4493,5795,
2598,1191,
7808,911,5433,2397,
925,3822,
3205,1556,4432,
9219,
8423,4865,
2837,1677,
4627,3435,4290,4005,
1611,1400,3577,582,2955,
7837,1021,4868,1570,1701,2125,3012,3581,1741,1468,1389,1967,2410,3838,
9773,2068,1132,2782,1536,2605,5154,5364,4291,
6963,1458,2772,2876,1537,
2418,80,2738,4547,
3654,7927,7787,
3812,5190,6815,2279,
4494,2827,102,
553,927,8622,
809,8716,5424,3908,
4261,7234,4337,
4050,558,4011,
2617,9805,
4665,1075,4931,
3392,1932,4658,
1302,8301,1816,
5265,7759,7327,
1882,6784,
4663,1269,3226,
282,7234,5809,
754,2078,5123,
257,981,
5256,5721,4306,
415,284,1522,3557,4837,
72,701,998,2471,5272,
810,1962,4700,
4556,8460,8343,
372,8117,
5433,7808,3201,
4129,8121,1451,
5156,5671,1413,697,
1585,8795,5751,8642,
1788,4453,
528,6754,8611,
934,5312,3646,
3756,2976,
5139,2737,961,
3161,7032,7536,
2584,8801,43,
142,4995,2596,
2518,462,1446,
814,1254,5048,1630,
1556,9805,3205,3200,3289,4411,4616,1414,1566,3321,
5420,1954,2576,3496,4997,
2949,5475,5664,
3700,1862,4038,
4561,2968,5445,
735,6612,
557,2010,8644,
4157,2111,6688,
3702,2817,4099,
1653,2860,3016,732,
2242,4176,4724,
6724,2411,
7611,411,972,1511,3551,4805,4888,2009,2503,2999,3098,4024,4163,4532,3111,
3829,4054,4290,
1725,3324,4002,4263,
6818,840,
4845,1561,3013,
1498,9045,
1449,3922,5030,5102,5423,1445,2278,
4366,1011,3849,
4863,264,275,
6508,3817,
7387,4050,
6846,1886,2683,4171,4367,5225,5227,211,349,1400,4020,4378,
3066,2241,4059,3006,5336,
2375,2683,1369,
5391,6815,2860,
3739,6443,8276,
3287,5345,1984,
2256,1720,8611,
210,5771,3894,
4761,9185,548,
1717,4054,1313,
2285,4901,5142,3978,
515,309,1515,
2247,2576,3889,
4535,8276,5037,
1119,2888,9140,
3202,6276,9164,
3365,6592,1313,
659,1677,395,
5489,8892,
2964,2860,8326,
1806,1369,4997,
5241,1677,3989,
3183,4868,
4001,3894,
5355,1141,
2953,3463,80,
5212,
4785,3201,1552,
4699,3334,1215,
3551,8162,7611,
1481,2191,9860,
3634,8613,515,
1551,2162,3463,
3435,4627,7765,
4190,2108,4842,
420,9133,5509,
539,7927,990,3880,4566,
600,2027,6688,3518,
4059,4023,3066,
5169,7700,5681,
950,2395,7547,312,1453,1811,3857,
4392,3607,484,
4404,
1903,4783,
289,1817,7574,
801,8795,
1493,2848,
1400,1611,
3786,80,3136,
1498,1507,4335,
2329,5199,3101,
616,9280,22,
3402,4455,
3939,2738,2264,
4820,1564,3549,
2390,1582,1971,
4389,4054,4805,
4387,1677,
3742,1324,2333,
2765,2343,9631,
5092,3164,
1738,689,1822,554,797,
1938,5096,
3288,778,2574,3789,
2079,520,5315,
7123,67,983,
2684,10,1107,4288,1590,2283,
6185,4011,5464,
6014,245,5362,
5795,5089,
4097,733,
4417,5443,
2391,3710,
2623,93,4054,
1320,9384,3101,
1831,1369,
5088,2308,4262,
5385,
5104,9459,8688,
705,2181,1159,
2981,2343,
3131,6069,5142,
4456,6737,2264,
2043,1720,1340,
5335,2181,8876,
1165,1609,7058,
4440,196,9280,
4638,1979,7574,
5316,1720,1340,
4790,5654,5751,
543,406,
1563,7228,
1854,2181,
2232,2308,484,
1827,1059,6188,
388,2423,6207,
4264,7256,1916,
4450,5593,
5064,4245,4144,
1781,2243,
2949,6733,8614,
5418,3894,1507,
3325,5817,9128,
322,7369,3438,
4691,5445,9387,
2760,6815,5725,
822,8890,2855,
3990,4700,6188,2949,
149,1446,3424,
3710,2391,
1933,5472,1800,3010,5490,5280,
2192,8668,
2007,3496,1454,
193,
4996,6358,
4390,2889,5378,3037,
2393,1540,
2205,5216,8411,
5227,8820,6846,
4642,1313,
464,6762,5111,
4709,6748,406,
1559,6201,8210,
522,3492,9981,
4439,200,5483,
4236,
1508,7325,5939,
2428,198,4290,
2106,6748,6721,
3201,9459,7720,
4205,629,2408,
4053,548,1197,
2667,5402,5624,
564,6692,2879,
4420,873,4042,
5495,1609,
856,3894,
4670,8622,4162,
3743,2670,
3482,4245,
2914,3873,7733,
3600,7754,1159,
1354,7891,8218,
524,960,3273,
1141,7284,5222,
144,6740,9111,
4449,4997,2319,
2828,8411,5408,
3325,3882,7966,
6762,464,
312,2453,3624,
9977,2009,
3440,1619,3795,4002,
4822,3423,
8190,6943,
2482,1396,2897,3742,3960,2766,
9738,762,4670,5471,
8234,3771,
5352,629,745,2206,
2991,4916,4485,
6358,9375,4996,2453,
9045,1498,
7193,2952,3040,
7865,2525,
2399,
8138,3788,
1215,2038,3424,4699,4770,5065,
2890,5231,
2949,2409,
2135,1668,
3797,3511,4572,
2302,3136,1668,
4654,1412,7787,
3783,9353,5934,
2112,6740,8163,
1916,
1149,9810,4346,
3265,2423,3989,
3457,7200,
969,5934,1339,
431,5142,7927,
38,3438,2243,
1651,7412,4572,
1937,9810,8163,
3273,5315,8163,
149,6740,523,
5099,1369,6645,
2636,6074,9455,
4411,6069,
2729,80,
453,1066,797,
2796,4253,4443,
2658,406,
245,6014,5346,
2440,
2208,3136,
5338,6128,1033,
2416,6880,3101,
1822,1738,
757,9043,8858,493,
2863,5553,6456,
3120,4229,
2011,3304,43,
619,7574,5456,
2077,5175,
4924,5002,
4216,5850,9969,4351,
4384,7891,
2446,4524,6953,
1896,8716,
5448,5190,497,
486,960,
928,6665,2403,
4486,1278,8342,
5391,9610,3302,1017,
2746,497,7073,
2653,8876,1862,
3511,9478,307,
3677,972,1197,4389,
4107,683,8272,
2117,5936,
5451,940,5004,
3661,8239,9522,
4554,4530,5664,
5106,3130,2738,
671,9478,4229,
5436,1692,5353,
2090,2879,1746,
2222,3459,
4311,4335,6740,
3413,2250,
5323,4054,462,
5069,3744,
5062,6740,2879,
150,3297,2475,
3957,9353,2882,
2464,2989,1451,
3956,873,7249,
3484,8301,80,
4465,7908,
3989,2668,1552,
5129,3438,8218,
4164,872,3622,4737,
5671,1447,2930,4512,5156,2066,4267,2698,957,4681,
6128,1311,5338,
2648,3996,5217,3095,
1417,4796,
8959,4169,
6083,639,4423,4003,5217,5381,
7699,507,1978,5191,3211,285,4961,3069,
3859,883,2977,
3788,8138,
3882,3325,5133,
6784,1882,
7385,2627,2756,
5907,3488,
6043,3987,
5256,125,
5449,2968,
497,2746,3292,5448,1604,
1425,4107,4971,
829,7284,8716,
4248,6850,462,
2329,8938,4107,
3913,4911,1339,
2181,7944,2827,
642,5231,484,
4034,554,
199,8622,9902,
3858,3257,7058,
2483,8239,8950,
1701,7837,558,
3781,6276,6028,3101,
4228,8066,7249,
5181,8272,
3732,128,3277,
3465,5111,7541,
5091,724,4346,
3725,4346,4107,
3086,6201,
826,9301,1085,
2067,3299,8133,
3133,2408,2451,
391,1220,4038,
4174,4601,
4070,4,7266,
209,400,5729,
1003,9522,8688,
234,322,
3342,4783,3136,
2384,6665,
555,2827,
44,3607,3090,
5292,4821,4116,
3258,
5367,2248,7058,
2264,4806,5444,5002,
4616,1295,2070,
654,1594,1446,
4685,3947,2865,
3684,1701,1661,
4034,4837,3375,
833,1053,80,
3984,4338,2739,
4505,1446,147,
426,1339,
685,2191,8684,
4704,2660,
2490,4306,5070,
4500,4443,1059,
850,5904,7369,
3232,6733,4042,
2485,4054,6733,
3651,
783,4805,2264,
3864,4042,4013,
3942,3729,8568,
3921,7232,6756,
1081,4837,
5022,4120,3592,
1472,2343,
4763,1413,5729,
2112,474,7908,
4761,9805,4793,
2914,8613,7200,
3863,4700,1064,1813,4718,4755,
2991,724,5456,
3987,2576,6043,
1332,2660,8463,
1710,3658,2514,
4322,5742,
2292,8568,4931,
4775,5424,5593,
2827,307,6997,4577,
2961,4505,1701,
2866,370,
2683,6846,2375,1875,
3060,3299,4505,3698,
2512,3303,4863,2225,
1925,2576,1798,4024,
7,6492,9059,
2756,6850,7385,
2276,8133,3575,
4770,1215,40,
1738,9587,
1901,3857,1957,
3347,1294,1387,5194,
4423,6083,3648,
1567,6028,
4456,6721,
3818,7228,
5153,4453,8969,
5096,1938,
3707,6825,2941,
2071,5424,3257,
4737,4365,
2107,8074,4838,
3450,4962,9387,
5492,7908,4335,
1990,12,
1349,2319,
2604,7266,2258,
3146,9353,4805,
3201,2882,
4931,6740,7541,
3841,9016,1916,
5329,3101,7249,
4217,80,
442,5457,2827,
84,2538,
38,9016,1220,
4484,2319,
3412,2848,
4660,7908,1112,
3098,3442,
1834,2243,
4958,3943,6908,
3138,2162,9810,
1153,4455,
74,4962,5664,
4936,4455,
834,2605,4626,
1594,1324,3061,
4156,2408,
219,4255,1507,
2421,4162,406,
4162,8218,1609,
4122,2333,
3558,4740,406,
3185,5085,
2395,5457,1345,
3236,6207,3989,
1507,307,2243,
4377,
451,545,5241,
558,196,147,
1248,319,2567,2508,
8162,2795,3551,
3841,963,3784,2937,
7194,2248,
9051,509,4444,911,979,1234,1633,2172,3184,3274,3442,3834,4448,1468,
2390,414,1084,2813,
6880,301,802,1231,2416,736,3861,4113,4215,
6700,4555,2389,
7579,2613,5171,
3826,314,851,2437,2823,
1035,3668,
4760,377,
816,926,1350,2415,3023,
9499,9483,
370,2118,2866,
5681,5169,
4059,2969,2860,
672,875,6787,
2361,484,6740,
3942,5199,3817,
2438,7622,4107,
1495,6878,
307,7032,6431,
3248,5850,6756,
4862,
4091,1916,558,1037,
5323,8668,
3061,3424,1661,
351,7541,7891,
311,7927,2668,
5039,9522,
5101,7256,196,
2653,5345,
486,1313,1324,
4903,1112,1862,
859,7622,4464,
1414,2848,5190,2184,3448,
3101,2660,
1261,4144,
2669,360,
3216,
2092,9631,7256,
4352,8876,4068,
1512,927,2152,
3411,4101,3554,
2278,1449,6001,2345,
2817,8644,
3683,4054,862,
5190,548,
4964,1816,12,
5403,2198,4255,
4730,262,
755,558,2957,
3345,5934,5335,
2596,142,
913,2143,5142,
4650,2670,3729,
1250,7232,4178,
2421,7284,8218,
941,6599,
1107,2684,
5190,8396,4901,
4890,4086,7717,
4881,4144,554,
1498,7769,8276,
2798,2002,
488,8644,5002,
3168,5037,7829,3409,
691,2969,3658,
4888,7611,313,
504,9969,
1915,391,1051,
799,8489,77,
3030,4306,4,
314,3826,6501,4355,756,1541,
5124,7833,
3043,2343,
618,7981,9443,3760,
61,6815,
4662,2668,7981,771,
5109,5175,
4523,6740,
3784,3841,
1142,8557,5286,
1385,7032,2860,
3933,6860,
2114,1052,2108,3338,
4169,8959,
5217,9091,2648,
3766,6290,
5187,9631,
2603,5102,
4567,3803,200,
5147,4107,2670,
1419,4000,3592,
771,942,
1610,347,
521,1220,5175,
5125,2834,1018,
2230,8397,8191,
208,5231,
935,8261,1462,
8,942,4038,
4369,
4393,4838,7249,
3844,199,
1168,3408,8622,
4344,9685,4752,
1837,4054,6201,
1190,2258,4042,
1943,1553,9133,
2972,3090,3549,
3196,961,4911,
3398,4837,
529,6688,
5348,9016,1609,
3820,4997,9478,
2912,4120,7284,
4780,3083,
798,8272,6131,
350,1066,
2723,1159,1059,
2417,1932,
3251,1582,
5198,709,6196,
822,4042,2123,
6004,53,4946,
8781,844,
6285,966,
6015,7508,
6176,4244,4592,4963,5240,3830,
6501,314,1179,1692,2831,78,141,
1413,1008,4763,5156,
4051,1149,2327,1038,1102,2075,2735,2740,3043,3137,3591,3925,4053,28,5182,
2583,201,
673,7655,
1052,2114,3838,
6799,1331,2120,
6850,2305,2756,2182,4062,2065,1659,3798,4248,4827,185,3179,661,
2040,1677,2275,
2595,5199,
2096,8892,
2618,7284,4365,
5096,1220,
2441,4506,2308,
785,7622,
1506,7412,6357,
4288,772,4842,2677,
3203,
975,1962,8688,
5134,2860,
3435,873,6585,
2270,6808,4306,
4190,1220,
4149,7266,
1224,1505,5936,
2513,6750,1159,
917,9280,5457,3113,
262,4365,5345,
603,1976,5934,
15,4372,6787,
5158,7908,
4093,3989,
3818,5231,
3821,548,6878,
4752,1720,7891,
4240,5142,8272,
5058,5934,
1534,5664,
3709,8668,1236,
2981,5037,
1815,873,3101,
1532,6276,7787,
372,2250,
2281,3550,231,
3690,4196,8239,
3895,406,147,
2747,3549,5222,
3914,545,4162,
3042,
3013,5672,4740,
4670,3550,5934,
4938,3277,1916,
1554,3803,3487,
4363,5369,2475,
4660,2383,3101,
5002,2660,1345,
5413,6733,6140,
5218,960,1454,
5450,1520,8074,
4990,1746,
5221,963,3424,
4613,5008,3083,
2783,8301,2879,
2465,1159,1451,
100,8218,4868,
804,6055,2449,
4229,958,
1026,2865,9301,
309,515,972,
307,7266,4835,
2912,2882,5369,
1755,6740,6254,317,
4102,4412,5004,
2646,2763,1453,
3519,2670,3550,
2760,7200,862,
4728,3890,9387,
5041,520,
4375,1447,
556,8550,
246,2176,4838,
4821,7284,6781,
5304,178,147,
1881,4868,2143,
3179,693,1865,
3975,1141,1324,
5168,1462,7234,
4582,8644,
1120,721,1324,
2913,3843,2748,
5259,693,7266,
2302,3511,
78,3996,1159,
2410,5664,3101,
2761,8550,2408,
2121,3702,1798,
1837,9133,462,
4528,5027,5489,
2105,3822,548,
4572,7266,8550,
2917,
4383,960,2136,
5340,2834,
4961,4767,3277,
71,4355,2834,
991,178,
2427,4276,
1289,4997,4835,
4904,9140,5418,
4059,1347,6729,
4555,4871,
2722,4276,1141,
1487,1864,2016,
4793,
4684,480,3366,
4171,5360,8218,
4775,591,966,
1888,4255,4188,
3488,1236,2668,
2635,4740,4229,
3913,3947,1018,
1456,9998,5934,
3049,1120,2180,
2895,1706,1819,
818,1582,4724,
2361,5315,1693,
340,5274,
1681,2623,
2977,3749,2538,
909,7284,2264,
1384,1635,7944,
2952,7193,
1381,3463,3430,
4821,3155,2829,4546,5292,
5225,1642,6846,
3446,199,3101,
4656,4346,9043,5352,
4942,961,
5273,8967,6688,
3050,2188,2220,
4299,4862,3304,
664,8276,
2546,1979,8468,
3558,1898,2308,
124,961,
2343,6069,7763,
3176,9805,1197,
4282,565,5190,
1311,6128,2660,
5159,3607,9459,
3294,9384,3304,
4550,2596,2668,
5376,8967,7266,
3345,8950,
1231,4290,6880,
4359,235,893,2257,
833,4857,8665,
1303,5111,4995,
723,4506,567,
3343,4017,4505,
5089,391,406,
1797,3511,
1004,458,
2772,6963,391,
1929,1523,7541,
411,4464,7611,
82,2850,6665,
4923,7927,2243,
1896,8074,7787,
4566,8611,539,
2429,12,
3648,3016,3463,
3180,4782,
3843,307,8876,
4528,347,
1967,7837,7622,
2194,9902,6001,
5135,9076,2333,
620,347,4290,
3455,3297,2181,
5115,4835,8801,
1852,1369,1661,
3971,8239,462,
5194,3408,3347,
707,5004,3061,
5197,2433,1334,
4970,8411,1865,
3965,4455,4916,
4469,307,2889,
5223,4120,
3614,2501,4355,
3747,5936,2860,
3799,1345,
4473,4259,6254,
4981,3334,2333,
2216,4042,8668,
1774,797,591,
2258,9455,1369,
1451,3459,816,
3112,3334,
381,5457,9016,
5044,1668,
4263,1858,
5405,4365,5472,
5271,22,2882,
1698,4555,4346,
2389,4455,1798,6700,
2027,7369,600,
2684,7234,
4081,5408,
3591,3996,7541,
1506,8967,8688,
2857,4901,1159,
4405,7249,9817,
4226,6740,
3259,5004,9631,
2649,2180,1798,
2822,
4050,6131,
360,6254,683,
2209,3983,
3291,5654,4346,
1875,4013,2683,
3302,2441,5391,
4793,4761,
5809,282,5292,
9483,9499,
3017,2210,3333,
7251,133,3375,1424,2111,3940,5253,
377,4760,
3449,6388,
1324,5201,486,
1817,289,5394,5397,
5632,933,2206,2924,
1976,9,428,3769,4835,5057,603,625,4782,933,2060,3680,
7763,2343,5486,
8603,16,3178,
7700,1458,5169,1646,4679,4086,
2951,4700,4901,
5347,3387,
2808,8688,7091,
1825,3365,5934,
1652,1564,307,
803,6787,
2075,4051,8716,
858,5081,8272,
2206,2608,
4547,1347,
5388,1313,4848,
4002,3440,
1844,7566,1412,
2642,8301,
1746,8074,
5215,6878,2078,
1670,7034,9810,
1743,4365,9805,3946,
3969,724,5241,
1760,2850,5530,
4472,1446,
612,3101,
1646,3299,7700,
2315,2319,4017,
3278,2152,
3831,7200,1979,
1568,558,
4063,
1064,3863,8163,
959,
5106,2860,
4966,6645,982,
1939,3873,4245,
3335,1305,395,
1823,7073,8568,
4097,9805,2730,
3117,6069,
5413,8017,6001,
2212,7412,9522,
5155,7541,
2829,4821,9467,
4786,187,
3560,2850,
429,927,6592,
1687,2007,9271,
2149,1112,4973,3511,
4078,1979,
143,873,5268,
1797,9412,2308,
4325,7217,2748,
2178,4259,5408,
4044,4144,9111,
4209,1315,1066,
5393,5369,2730,
5281,3550,
1279,1066,5004,
4251,1112,1520,
4695,4188,7833,
2341,5008,5102,
1354,4767,
3964,7284,
160,982,5231,
2248,1106,927,
1949,3297,5231,
5488,893,5624,
3318,1018,721,
2922,3511,8801,
4412,1106,3083,
3503,4107,
4636,9518,1120,
2968,3890,2725,
1009,2264,3155,
2329,1405,4054,
5445,1324,2248,
482,3487,3729,
4407,2623,6781,
3998,4520,1305,
1266,2136,4143,
5316,3238,5224,
476,4038,1197,
1565,4355,7006,
3887,8613,2725,
3317,4838,
4106,3366,3970,
1592,2122,
56,6431,6729,
2819,1053,7759,
457,3201,
4311,1864,4229,
1716,2501,6688,
861,4997,4606,
2050,2660,3101,
4296,4306,3947,
3087,4253,5335,
1615,2248,
5489,2748,634,
1899,486,141,
3035,9128,
2158,5844,
1922,9271,
1842,2429,2376,
391,
1829,91,2985,2201,
2935,431,
1255,2476,2191,
5486,7763,7759,
3499,5012,
785,3102,5483,
2611,5530,7981,
1401,7448,7495,
1095,4306,
3570,1112,
461,4365,3102,
1617,8326,4966,
4646,2743,9467,
2342,1979,1236,379,
3728,1720,
4449,93,4483,
324,4572,2343,
904,4931,7927,
1502,3303,
5310,8446,1523,2446,
3500,406,
3284,8876,4154,
628,1159,1126,
1062,2976,1313,
1135,7927,7697,
4011,2884,6185,
1610,8405,
5092,6042,4896,
4711,1668,199,
347,2433,4355,
881,1672,1347,
5458,7927,
2905,4838,4444,
2321,8550,
5136,5241,4835,
1746,4144,982,
1458,3550,7536,
3107,4013,
4074,5418,
1739,4372,1720,
3510,2210,6645,
5418,4758,
3531,9810,1672,
546,1720,2319,
4962,2608,8668,
3122,3016,4973,
2422,6069,
2124,406,
1696,940,3592,
1887,8589,1552,
168,2408,5624,
2201,4116,
1881,7541,1798,303,
1694,
3380,284,4464,
3651,8191,
1759,8589,
3697,5624,
4040,4504,1446,
2236,1451,2243,
4731,6733,5688,
497,3592,
2489,5817,
2100,1339,
3118,1334,3230,
357,6592,4306,
3777,1792,147,
43,8239,
569,360,7266,
1279,1862,2400,
272,2191,2108,
4168,3304,1858,
1274,5360,2285,
3863,3549,
1949,5457,5850,
3483,6069,3299,
4175,1462,7256,
3599,2181,2725,
2439,5369,
1449,872,
2875,2608,6055,
5294,8957,
6586,5578,
234,
1982,7259,
2429,1842,
1939,786,3130,
7142,5706,
2002,2798,
5725,2760,
5729,2335,4372,4763,209,
867,1746,6055,
3345,1720,
4454,8117,23,
5138,322,
5425,6442,3771,
4030,
4832,
1239,2833,12,
3194,6140,1269,
3028,7256,2285,
207,8773,
3636,3101,
1719,7266,724,
3069,5654,4196,
4208,8644,3996,
2526,7574,
1581,554,
20,4365,8773,
3554,4107,
4458,4997,873,
4414,7720,5688,
3639,7091,1339,
80,4372,5190,
1971,3843,2181,
96,4107,7284,
1983,8460,3061,
5281,4572,7559,
3440,12,
4935,4038,178,
2797,406,
2898,7927,
4433,634,4107,
2413,520,
2324,8950,3934,
4130,5934,
1065,960,
4573,1369,6908,
3976,1369,7495,
3543,6069,9353,
1588,1898,4038,
2837,2576,8276,
2896,9522,4365,
4249,6665,2860,
4246,8668,2423,
1960,9981,4306,
67,7123,9520,
3996,8272,
3228,3056,9164,
1706,4382,
738,4290,
4983,
2976,5101,
2833,5228,1239,3629,
2429,9587,4464,
4432,3205,3098,
2395,7749,1386,2455,1870,3766,
5380,9185,701,
414,1369,2390,
3037,4483,6692,4390,
2481,2376,7981,
3145,7833,
5483,
5446,2668,480,
745,5352,7547,
4170,6837,
3123,3845,4570,
122,6740,
2582,9902,
4617,5475,365,1617,
679,7574,4420,2557,
1480,4779,2646,
4090,7158,
133,7251,6895,
851,5457,3826,
1019,42,2969,
4753,4372,
894,7622,5377,
4803,873,8498,
1718,6074,7541,
1506,1798,4783,
3685,3102,2646,
2209,9185,8397,
2210,3017,
3013,57,4845,
1742,4443,
4742,2397,
4053,6001,1677,
498,1197,4871,
2424,4120,395,
1439,873,
1543,3822,1582,
2017,5199,3511,
2060,3511,196,
5160,2343,
5417,2047,1701,
2776,3277,109,
3920,9455,296,
268,3143,
5364,998,724,
2547,4835,3277,
5011,6692,4196,
1925,8568,726,
4988,602,2258,
3277,9076,5175,
449,4143,9817,
5150,3550,
3477,4253,3511,
842,1159,300,
4641,3983,
5039,3375,2865,
353,1141,9140,
741,5445,6069,
345,3989,
2475,3408,
5194,2455,9998,
2647,5445,3890,
4246,1932,7547,
5007,7541,4455,
431,960,5315,
2145,2725,462,
5214,648,
4951,5222,3016,
1131,9353,4391,
174,6733,8550,
3305,4782,2763,
1994,2730,548,
4560,4466,8617,
3265,4101,
4814,9459,
208,4101,3393,
1457,4601,91,
4645,1564,1347,
4907,6276,3056,
1665,9301,91,
1862,3793,3136,
1412,6069,1197,
3194,9631,982,
2203,5142,5214,
967,9685,2191,
1889,1446,6733,
4429,2748,4099,
4916,7541,1059,
4843,3297,
4699,3511,91,
3654,1503,4208,
3800,
3408,6756,395,
4595,5113,8218,
4270,1932,395,
1519,8411,7058,
1849,2860,
3824,4896,
4977,3996,4966,
1188,1462,
2768,1864,
2156,883,3136,
4313,2879,2475,
1090,4013,7058,
951,8074,7284,
5028,262,6268,
1381,3519,1412,
4764,693,9111,
725,7908,1552,
3422,1343,3592,
2811,1987,5369,
777,4259,3238,
2390,12,
3254,5070,
5422,3487,5160,
3784,5190,
3774,2397,547,
2695,558,961,
1634,3519,1197,
1407,1677,9140,
1961,4013,6140,
4527,5102,2162,
3586,5445,1120,
333,4144,2660,
4084,873,6860,
4418,9478,6878,
641,4837,
2729,4606,2433,
390,5472,2623,
3362,4107,873,
221,6276,4391,
4840,5664,1720,
3940,4306,1864,
3677,1112,4391,
1229,3894,7234,
4716,5315,4373,
964,4966,5027,
2093,2162,3238,
4559,1677,3550,
2838,7547,8688,
2293,2400,3016,
919,3056,178,
4912,3273,1141,
1280,3456,8938,
185,3366,2285,
4557,3090,3264,
5094,5483,4054,
2094,2250,
4562,1236,4767,
2606,1979,972,
3235,3555,4276,5823,
1023,1347,
2561,5224,4000,
4535,4000,
3524,7891,1916,
2927,3090,1798,
261,4973,5408,
2295,5175,1411,
3808,1334,3201,
4936,6970,22,
3982,8892,4038,
1678,9111,
947,3843,972,
67,7891,5160,
3442,1979,3334,
3852,2475,3550,
3445,4373,5624,
2076,2850,9397,
4709,2580,4107,
4206,4196,6692,
4062,1916,
5378,5274,
1688,5345,2400,
1602,8218,3459,
1668,3375,4464,
3930,1369,3061,
2046,4724,2996,
3749,693,2580,
5227,
3838,2996,6688,
1545,5222,3277,
1842,726,3061,
4458,2414,
4948,3201,1339,
1061,4000,2879,
2389,2879,
3947,3297,80,
1909,940,5228,
565,4162,5214,
694,1916,1819,
2403,5222,1451,
4125,5142,
4975,
1831,1564,
4450,4355,
849,548,5037,
2406,8950,3729,
5844,1433,2158,
474,2112,2309,
3351,2470,601,
77,799,
8585,2501,4648,5204,2533,
8220,2817,
6624,2590,1771,
713,2534,
3759,1495,2784,503,5011,2856,
431,2935,
4444,2016,
5736,2704,5276,
2642,3554,
6213,963,
2323,4690,
2557,213,679,
9632,9737,6674,
4483,930,3037,4449,202,5224,
2534,713,
7655,673,
3554,2642,
682,7692,
6388,3449,
9674,5323,
8860,834,
7697,1135,
4842,4190,5160,4288,
5012,960,3499,
1228,8074,
1973,3989,6207,
1999,3873,
4457,7058,
3633,4120,1305,
3008,1507,9271,
4181,2707,8614,
3781,9912,3277,
1622,3130,9111,
1293,8611,4453,
4154,4355,3284,
4874,7536,2010,
5300,4782,3101,
2039,1553,1369,
2966,5004,1197,
2246,9271,
4912,
3083,347,2604,
5314,4229,
3401,3061,1334,
2587,4962,3143,
3035,6201,
2008,816,8117,
2108,3297,3592,
5408,8272,8191,
3001,911,
3084,7284,
2845,4010,3459,
5255,2408,
5279,4290,
566,3729,4335,
459,3297,1412,
4004,4740,6069,
2840,4805,998,
833,5241,
1814,1053,8611,
2976,
2740,1066,1112,
161,9631,6431,
4526,4306,7927,
4880,2449,844,
4018,3487,2333,
1471,5085,
4158,2848,4896,
4123,816,5385,
5399,5483,6207,
1900,2827,
5465,1879,178,
4134,6612,
122,
1817,9522,1661,
4591,4782,
5429,1112,
4222,634,7284,
2412,3592,
2404,9280,8876,
2810,7927,4455,
1144,873,9301,
2687,1787,8801,
5286,2308,6254,
1789,3459,3549,
2494,5530,2285,
4949,3983,9128,
3212,406,5345,
5141,1971,6207,
3154,3230,1505,
954,5231,6908,
5059,2181,6207,
5085,4306,
4816,5315,360,
4396,9353,1315,
2871,5672,
3607,1962,4346,
1620,5934,8239,
3237,927,
1043,1661,
4181,7091,
4976,927,3151,
3402,
1906,2108,
4692,5111,1313,
5364,3201,5190,
1105,8133,
4876,7574,3061,
4351,3843,4216,
5087,9631,4107,
4615,797,
1901,4365,2210,
4955,9016,2827,
1577,7495,5457,
28,9685,4306,
2558,5231,
5265,
3451,724,
4083,3289,
4739,7034,3934,
1762,3277,
4631,7717,4245,
1924,7622,322,
698,6431,
1047,3873,3136,
4517,4700,6750,
17,4,7495,
841,5190,3101,
2866,3873,
2871,7200,3511,
2306,3934,
3283,1862,
2465,2475,4391,
4782,1976,128,
3311,1668,
1175,6878,6276,
1780,6390,4997,
519,927,5688,
3525,9384,9631,
132,3277,5457,
3919,2308,6878,
4958,2308,
3511,5345,2149,
3456,8117,4973,
1956,4,2308,
3729,1451,
2514,4572,1185,
920,554,1668,
1400,6846,
2038,1141,7754,
2037,4871,251,
4560,5201,548,
4479,1197,
5491,8411,3297,
3826,2646,
206,5408,1220,
5185,3843,5472,
4203,4196,2020,
3193,873,
4581,3273,1677,
3830,6176,7495,
4804,7058,
5292,322,5809,
2995,7566,
3838,1052,
301,6880,4931,
4873,5934,
1563,981,3273,
5171,7579,
4264,8239,7817,
1645,6188,7829,
5191,7699,6815,
4793,3843,3304,
4210,2280,6331,
4438,9016,
1511,7611,6069,
2663,5312,4692,
5422,9631,
4288,4931,2684,
3078,3492,
1985,1879,
2782,9773,3492,
2650,5286,
1327,
1652,6567,893,
5337,3424,3324,
3540,7754,5190,
319,4506,1248,
5266,7073,
5163,7622,
4104,1523,6837,
987,7412,
2144,8498,2308,
5251,5672,4682,
3975,9331,7829,
3177,6645,1581,
537,939,6001,
2704,5736,7566,
2953,3304,7091,6735,
2733,5688,2674,
2359,1347,603,
2589,7495,
2627,8665,7385,
5459,1642,91,
275,2307,4011,
1880,3635,2449,
4357,958,4253,
2981,3996,3989,
5469,1453,4116,
1001,400,406,
5424,4054,4896,
2833,7622,109,
1916,5934,2343,
3562,1446,3798,
4180,5214,547,
4352,4101,9140,
1489,3749,3989,
4475,958,2882,
1539,4099,1313,
252,2834,
4733,683,
1682,3511,
3320,2308,1932,
3041,1339,2124,
4148,883,1120,
1903,80,3744,
3509,873,3297,
1898,545,8892,
3486,2848,
3312,3297,2776,
2919,3511,3556,
1197,1075,
4462,3592,3083,
5312,3793,
5250,3564,
4860,4506,2472,
4260,4767,3487,
1313,1315,2331,
2458,8218,1816,
4969,3056,9133,
4262,5088,1858,
3244,4520,
2642,960,7369,
2892,3822,5036,
4590,7536,3083,
2028,6028,4054,
5027,2180,3488,
1791,1692,2162,
4664,5934,
198,8938,347,
5247,3366,966,
3956,1447,548,
1146,3408,626,
4421,602,8272,
29,3947,8550,
3879,1979,5427,
444,1193,1564,
5087,961,2152,
3780,5175,5472,
4234,8890,6756,
549,93,4740,
1915,3016,4782,
1363,400,5418,
2697,9016,3635,
719,7284,4901,
1274,4658,
901,4116,3970,
4768,9631,187,
4490,4306,726,
441,2343,1120,
2632,726,4626,
528,5672,80,
2529,3101,5201,
4200,3297,2409,
2959,22,
3411,9301,2176,
3862,5489,3442,
4609,1405,
3790,547,1867,
591,4871,1220,
4584,3773,
2863,2047,
5471,1945,
3356,3934,4013,
4894,8668,
3085,7256,
4054,2248,
1260,3155,
5230,43,9817,
5085,2331,772,
4196,1503,3934,
679,2623,
2351,2848,2723,
3807,1369,2248,
1620,1507,
5420,1792,3083,
2113,5345,6729,
4116,9301,3387,
2836,2111,5224,
4922,8614,4314,
1521,2010,4314,
2805,6729,
1431,8614,4572,
3153,395,3934,
4484,2929,1533,
806,1594,1446,
5141,22,4887,
1433,4455,8644,
304,1305,2725,
3646,4911,3136,
432,5369,1582,
1704,2605,7032,
156,3550,300,
3544,5489,3894,
3007,7256,3201,
915,2623,
1630,814,
3578,5241,5048,6585,
4329,1193,3375,
508,3277,1756,
809,4162,1668,
1940,5672,
4628,1446,9128,
454,3487,960,
1490,558,3273,
3378,5312,
5215,3488,9111,
3205,1085,
2871,6254,
5200,484,4838,
2764,9133,9810,
5188,3264,2623,
2874,406,942,
2251,2162,9016,
3124,2397,2763,
5073,22,5201,
236,591,2264,
2749,7954,
6674,9632,
5741,1024,1476,2499,4642,5020,
2651,1114,775,3602,2400,
2743,3473,4646,1306,
365,816,4617,
2514,1710,2618,
5658,693,2415,3333,4473,
5129,3131,
8017,2053,2408,3309,4389,5413,
3614,2076,
7539,0,
2024,4720,
3118,4887,
5706,7142,
2596,4550,
7073,2746,4067,5266,5408,1823,5365,
3646,934,5057,
2891,620,2056,5121,
1771,7541,6612,
1827,6612,
1840,7200,
2242,5148,3983,
1229,6878,
1509,4290,
1236,347,7547,
4745,7266,1816,
2138,9412,4120,
4644,2433,7266,
4131,9817,
5058,5085,9520,
4705,1159,3136,
3373,1862,5190,
3091,8876,
971,1971,4848,
4989,9384,8074,
1676,8276,982,
2099,8611,3241,
4531,724,7717,
4549,2848,7249,
4149,8876,3771,
998,4871,
3161,2319,5070,
2755,2433,1369,
3570,5190,4444,
3375,1858,
744,2284,3201,
75,5817,862,
2088,545,
1109,5345,102,
1648,1446,2333,
813,5664,
3351,2730,
4097,7200,844,
319,4107,251,
4341,
541,1706,1223,
3991,2889,961,
3290,2882,4346,
5020,5315,7829,
621,4782,1609,
1020,1720,3136,
4654,1867,7234,
5097,9384,5027,
2316,2319,
1539,360,7006,
2993,6837,
1031,5286,
236,141,772,
3718,251,
3186,629,3771,
2126,2284,2730,
26,5904,
2617,3459,726,
5407,2670,2162,
682,3983,
5167,634,4973,
1820,9998,
2962,4165,1141,
1504,2827,
1621,2730,2243,
4187,1692,6492,
2696,8801,7232,
3857,950,8668,
4500,8068,9111,
4499,9271,
4714,3061,5472,
2441,5664,
2256,1692,3549,
383,3299,6837,
4890,1305,2433,
2792,4000,
4314,9133,
1761,3729,1552,
1651,4038,8301,
217,6268,
3880,539,5085,
2249,1862,6201,
1395,8239,2331,
2379,7536,
5368,3463,
3760,1932,7369,
2903,8117,6733,
1373,3989,9384,
3082,9817,5472,
1145,2308,
3945,406,6740,
358,284,
1251,2738,8668,
4455,1807,972,
5485,2333,8644,
2711,1582,5934,
289,2882,5004,
4883,2400,4017,
618,3873,8074,
1423,772,
935,2738,322,
2204,9810,7547,
2063,4728,2343,
52,1141,5688,
4104,6492,5445,
118,
4305,2576,724,
5382,3273,5457,
5357,9805,
5179,3585,3607,
4075,9043,6670,
4504,4572,4040,
66,6028,2969,
5401,6140,3492,
2446,8074,5310,1619,
4815,12,
3933,9805,8773,
2486,5688,
147,5936,3201,
2840,395,128,
3006,1867,3066,
1611,5199,1862,
2620,3511,2889,
2640,3873,
1570,8613,7837,
185,9133,2308,
2918,5457,
4519,7266,6787,
1276,7754,
3903,6001,2007,
4669,7256,
5498,5530,1340,
2128,8272,8773,
411,6431,5688,
2801,2888,7622,
5164,558,2677,
4381,960,8343,
2989,8938,2850,
629,8276,1553,
3113,4196,917,
4444,2308,8446,
2740,7908,4051,
1625,9076,927,
1060,2181,
2123,822,2827,
2656,9522,2078,
1799,8446,3201,
4292,7256,2308,
1770,7547,
3678,3934,6442,
697,4896,5156,
2671,2668,
3681,2162,5676,
1975,6357,9301,
1999,4728,2152,
2147,9271,8446,
1883,4405,8117,
565,724,8613,
5295,8617,7058,
3535,2850,548,
1526,3334,
169,5934,
5444,406,
4073,8210,7200,
1052,4740,4355,
3789,3288,5345,
2762,9685,1642,
4774,7256,4896,
5429,3430,5512,
2421,199,91,
1515,284,5487,4900,
2056,2891,6592,
4196,9518,
2245,199,
4002,1725,
4231,322,
3099,1523,1932,
1458,7700,6963,
3131,5129,
755,8498,
5324,6825,8117,
4790,2860,
909,1898,569,1596,
762,7369,9738,
3354,4290,
2528,1878,
2527,8858,7200,
1147,7266,
4798,3424,
2608,6678,6750,
3844,5190,7412,
213,2557,
4300,5154,1269,
4436,3299,1200,4394,
3936,520,
4096,8463,
2184,4505,4236,
4648,8585,7217,
3193,7717,
725,
4831,9805,4111,
689,1738,1220,
2079,4712,
4592,6176,8795,
125,5256,
4473,5658,2855,
227,2668,9062,
3665,2860,1582,
2661,3514,
1423,3299,926,3587,
3727,3056,1454,
2937,3101,5199,
1247,2122,1672,
1063,53,5102,
3435,8411,5444,
1377,4178,7249,
4494,3488,
5280,1933,
4601,2580,
4762,5214,2738,
4658,4162,6692,
1784,1106,1197,
57,3459,3013,
492,8343,1720,
1030,2763,
3008,1865,4444,
4243,3090,1453,
4677,5175,
2791,2333,
5142,347,2305,
1249,4740,6042,
4193,4373,942,
82,8319,5485,
720,4466,80,
3266,6268,2475,
3919,1053,
2417,4658,1476,
4902,545,8074,
808,1446,
1733,5231,4868,
5243,5135,1220,
4281,1120,
5020,2730,5741,
3627,7927,
5128,4276,262,
423,7228,2879,
4212,1313,1339,
4043,7891,8133,
2568,2614,
4547,2418,
238,1864,5214,
496,3090,
1262,1692,1564,
3365,1672,8611,
4918,942,7456,
3935,3971,
2075,
4023,4059,
779,4770,
9688,6901,
7327,5265,
2584,6655,2877,
6982,5550,
5578,6586,
7817,2284,4264,
8193,1262,
2677,643,5164,4274,4288,
7733,2914,
5166,3798,
198,2428,
8557,1142,
2626,284,
6997,2827,
4445,3365,
6844,9285,
2170,
3246,2561,
756,314,8550,
1257,3297,1446,
3464,8801,2151,3415,
1889,3230,3438,
11,1018,3511,
686,4259,4042,
944,1858,862,
3437,1305,3459,
5276,1971,3511,
2411,2625,1159,
407,7284,2331,
4908,4848,4000,
3188,4782,9412,
1947,4,2543,
5034,7547,
4010,1433,244,
1787,2409,9133,
2467,2408,
1541,314,
4266,5345,1552,
4982,1677,
4984,4372,4,
5386,5360,
3396,91,
3262,7891,4838,
3115,
16,3273,5688,
2818,3585,5231,
1212,4346,6276,
1802,4054,196,
275,300,3873,
5185,7574,
3020,8773,4901,
1800,1933,
553,2191,4013,
327,1706,3661,
1348,2834,8460,
3485,3803,4017,
5456,4572,4099,3257,
3935,4997,911,
4539,3996,
1592,1932,
2410,7837,5231,
2397,634,927,
1356,8276,5850,
3860,3487,9076,
1158,8133,
1856,23,3016,
3750,5268,7541,
572,4355,3299,
5449,2308,6721,
3959,1867,80,
1780,1812,3442,
792,3894,960,
1720,982,
4835,5444,4144,
3475,8066,1867,
3426,1199,2409,
1649,
5094,1305,
4606,1369,
3148,9271,2285,
4537,629,6787,
2872,7058,9133,
4871,3201,
4502,4911,2078,
1199,2010,6808,
4827,6028,6837,
2232,1609,3241,
5415,3230,5027,
3568,982,3277,
5446,3264,4000,
2724,6140,2408,
4963,5222,
1196,128,3136,
2326,5936,724,
3738,5345,
1818,7200,5070,
4128,5408,1701,
2378,6733,1865,
1936,1692,9397,
71,347,9810,
4272,
1614,5085,
2815,5148,9685,
2362,7369,2670,
1971,1339,3803,
274,6055,6585,
3887,5445,
806,9076,6254,
1177,2284,8773,
4096,6688,
2111,8568,1220,
5430,998,3061,
1805,4120,2191,
5161,1879,1720,
3415,5553,3511,3464,
3963,1059,591,
1213,5817,
5063,6592,8218,
4954,6721,1141,
4741,3771,8133,
116,1193,5201,
5093,1552,
1154,5231,
4564,844,
5,3843,6207,
940,9455,
1527,7927,9133,
4468,8301,9902,
241,395,
2245,3492,
551,4365,
4716,484,4700,
4048,302,5457,
4007,6908,
4449,4997,
3614,8716,8684,
4811,2850,
1559,2210,1677,
2742,1703,9412,
5013,6837,
5110,2078,5672,
2173,1979,
1941,8068,3056,
2219,5721,724,
3549,2152,
4881,1807,
5253,7251,1720,
2397,4038,
4286,7891,
2100,8611,3843,
5047,395,
4865,9805,6442,
4437,1523,93,
233,2848,7495,
557,9455,
1749,7927,8938,
4759,8938,9607,
4659,724,7717,
1385,963,7622,
891,6645,
4557,8133,
5182,4051,251,
321,7266,5742,
5260,7266,
4822,6001,
3389,2660,6908,
2556,4017,4712,
1873,6878,3607,
4290,4355,5385,
1600,7891,
3963,3151,5190,
1908,1453,3151,
4403,9043,
1970,3607,
2524,4,
4117,6276,
2257,8688,
3682,1112,
4940,7091,
1852,772,
5086,3894,3792,
5112,634,
2083,6645,
152,1369,
5043,4372,9805,
464,6748,
2520,7032,4700,
5356,1642,2423,
1333,1971,
5336,3066,3889,
2280,235,
2662,5199,3102,
1354,4038,
3629,9301,2576,
5210,1412,
3888,8617,
4771,4700,7927,
4929,4857,
1384,4391,
1166,8622,
4589,6055,23,
1033,5338,724,
1643,4558,
2973,6443,4,
4877,4038,
860,6074,2860,
1902,1339,9981,
5431,3201,1159,
3975,2181,
3040,7193,8892,
2124,3041,4973,
2023,9607,7120,
4878,7717,8498,
3754,6815,2668,
2175,6431,23,
933,5632,
3217,6028,2410,
930,4483,8589,
4933,4,
3415,1236,2275,
3964,6443,6579,
5389,5553,9412,
3431,2181,
3994,6074,6268,
3128,3151,
5362,6014,
3709,1962,7325,
4397,2985,
1328,8276,5934,
1396,2482,
2118,370,
2538,
3935,6357,6808,
449,2280,
5056,
4512,5671,
5012,4728,7412,
2630,6207,
2758,128,7996,
5167,9820,8419,
4602,9443,
3658,5676,
3298,1916,
625,2376,
2040,1311,
1561,4845,4192,
4366,1581,8210,
4157,3257,
2784,3759,5654,
5346,8773,6748,
4134,8117,2104,
4730,1339,8208,
5415,7200,
1330,406,
3943,4958,
2114,4099,5457,
1352,8611,1661,
5018,2538,3749,
502,3890,9478,
1983,2730,3550,
4360,4017,2285,
746,2016,2475,
2045,1862,5039,
422,284,2608,
46,3947,3459,
4673,3143,8133,
2086,721,6860,
1811,5490,6147,
2168,3061,3488,
234,8622,
104,1106,8716,
2072,462,4198,
933,1976,9076,
4996,2108,3264,
4914,5456,3460,
2363,4443,1916,
2047,1807,2333,
2693,963,4054,
1410,2151,
5019,
1576,4780,
4297,4198,1315,
1932,5280,3442,
5156,2646,6688,
3164,7829,4338,
4957,2980,8688,
4731,4606,
3789,2010,2188,
448,4000,
927,972,7232,
3139,53,3083,
732,1653,2152,
693,1865,4155,
4871,6443,4466,
4939,201,
1759,3496,5222,
1470,3793,4767,
2765,5231,4670,
4050,4931,
5176,5936,
3214,317,2860,
4798,8611,2410,
2265,5464,
3341,5274,8938,
1185,2514,
3809,4373,7908,
550,2136,3843,
1039,1120,4520,
3137,5102,1651,
124,7574,8272,
1706,3793,1300,
1566,1556,4373,
2495,1677,2654,
5110,4099,5190,
4419,8272,2414,
1080,5070,
3994,1369,548,
1984,3287,6733,
4509,4572,4896,
1852,4355,2769,
971,2999,2538,
1064,6131,
3011,5101,4871,
2746,9062,2738,
3669,3989,4099,
1099,3056,4229,
2665,1865,5353,
1414,3460,1556,
1762,2850,9436,
1014,883,2763,
3844,395,2333,
1799,3375,2623,
3491,4054,2449,
2763,4740,7541,
1224,6118,4843,
2671,2817,1075,
3229,844,5039,
2812,1075,2455,
650,7566,5274,
2653,4740,1193,
1965,4783,5904,
2254,4011,4752,
4468,1170,1236,
90,6908,
2179,8301,8117,
2507,1451,2180,
926,4054,2850,
1129,3947,5004,
4553,3061,4752,
589,5253,3459,
2699,3366,6390,
408,1223,307,
1966,3488,4871,
3133,1141,1476,
4614,3996,7249,
3170,3230,5018,
2536,2929,5175,
4810,3165,2980,
3870,4466,
3520,2409,8276,
5499,8117,3511,
3293,3375,3273,
3770,3273,1794,
85,2198,
1613,1193,1305,
2337,2660,4703,
4155,9912,545,
914,1405,
5359,7058,5472,
2336,3771,
3287,
2681,4601,196,
4890,3230,462,
4183,3241,4555,
1552,5424,1819,
3436,187,
189,3712,548,
1561,2817,6781,
347,
724,2475,
3231,2120,9810,
2355,6756,
3916,1159,4306,
1595,2580,
3608,1812,1412,
362,966,2243,
1769,1345,4728,
4721,7574,1760,
2172,9051,2191,
3056,940,5113,
1516,307,9817,
2928,5039,
2313,2985,3136,
4826,4724,
5236,4335,2623,
3723,4871,961,
5283,4000,23,
3311,1979,
4424,5369,1582,
4222,1018,6781,
2669,400,5286,
4942,8276,
4248,1864,
2089,602,2817,
4869,3793,6908,
2210,4000,554,
3823,6692,2625,
2257,4359,3393,
2793,8644,816,
4188,4887,
3350,4740,9436,
164,8801,2400,
5223,1159,8276,
2062,4259,
1424,1197,1503,
450,8622,1405,
2190,4444,
3163,6740,4626,
4591,9981,102,
5300,1462,2769,
3946,1517,1564,
2943,1159,4196,
1454,4013,8133,
3421,3488,4997,
1723,8716,9412,
2975,8773,231,
2219,8210,4143,
5101,966,
3593,3934,
3585,7574,520,
2232,3983,
1705,5464,
1515,515,2162,
1402,5268,
595,6733,4728,
4052,1447,4835,
3704,2879,1411,
3076,1143,
995,2010,5385,
2662,4253,4038,
2439,4973,2397,
1838,9421,1520,
5025,3083,4555,
2274,772,
1684,3550,3374,
1687,5408,4728,
5476,4178,4120,
1282,520,
2391,940,1792,
4599,2723,3275,
5287,6721,5457,
3034,9043,1412,
2700,4966,8568,
5482,6147,4572,
1110,4335,1706,
3605,873,915,
3871,5444,9436,
3171,4740,701,
1122,2999,4455,
1913,2475,1867,
2044,8117,4997,
5182,8801,5490,
2153,4962,2408,
480,6733,
194,3438,
4830,5676,2730,
2385,2538,5385,
4147,2449,4107,
1442,1462,2176,
2043,2865,5142,
4784,3016,9998,
776,6645,
207,8498,9397,
1222,3843,1507,
3148,2538,3822,
643,5231,9076,
3767,693,
4006,3934,1552,
1737,4896,648,
1942,3230,1347,
686,5175,
4373,5286,6787,
859,5004,9902,
3026,4120,580,
4715,
4049,2047,9902,
4551,6860,5654,
2147,1447,5037,
4167,6721,1746,
1150,
1520,7536,3970,
1969,7266,2472,
511,5457,5175,
4304,4314,1767,
2066,3965,7232,
4868,3442,4178,
4318,1916,6592,
4025,3996,
1240,7833,
323,2250,7256,
1937,
695,9421,4255,
2777,2850,7765,
1046,2152,
2754,2730,
541,4253,7765,
3460,2078,4198,
2894,1334,2433,
1037,4091,961,
1451,1987,5315,
4889,5201,7891,
2652,4306,960,
2233,2397,6131,
1021,2264,2725,
5054,1701,6042,
1380,2547,1112,
1170,2605,3130,
4406,2608,
4741,8668,5102,
4718,2538,1193,
3631,9076,4198,
4325,8668,5199,
3901,1867,1075,
3082,580,3894,
3932,1141,8460,
810,3822,3873,
4152,7536,
1034,8261,1661,
1082,1864,2707,
1031,1411,2776,
711,4606,7058,
4488,4466,4188,
77,8301,
750,8950,3817,
1703,4338,1197,
1635,1384,
3430,1381,5429,
6791,475,
1803,6420,
8443,112,
7952,2443,
9290,4607,
7749,2395,
4770,779,
8635,4294,
8037,3803,
5550,6982,
3317,8495,
2884,4011,
3303,1502,2512,
3720,
3604,3849,
40,4770,
6080,216,
3958,3607,7574,
2193,1059,942,
285,1324,
1475,3549,
678,8068,
4443,3996,1120,
5481,462,
1825,9810,2319,
3828,4444,102,
363,4000,2152,
1608,5934,8343,
4626,7232,
2175,6733,
2613,2408,2608,
797,4962,196,
4860,
4985,2860,2423,
4867,3592,4911,
3632,4038,7908,
3706,1564,
2131,4979,1916,
4983,9062,5418,
2233,1746,109,
691,1642,
581,5102,7547,
4934,3989,8938,
3119,4335,
5226,8117,1701,
719,2471,6276,
3790,9271,
3371,6268,3729,
1283,4013,
920,2333,9998,
1371,1552,5248,
4447,7256,1987,
2514,2449,
2734,2285,1792,
3855,8622,
5490,1933,4011,
417,1324,2308,
5437,3459,5148,
2708,8550,8276,
832,4911,
320,3459,3083,
2666,4782,4042,
1319,4464,4572,
3458,8617,816,
237,4444,4901,
1059,1315,2180,
2458,22,
5360,3592,4724,
3002,1862,
5217,12,
3561,4506,4997,
2847,1141,
5293,2929,4962,
2675,300,1451,
2978,1236,5360,
2146,2258,
4614,2180,8668,
1737,4911,
3244,8218,6837,
5352,8688,982,3864,
1718,462,
600,4,
5032,4373,
2442,3334,2889,
4448,9051,3273,
1559,6750,3592,
2550,4290,5664,
3056,3289,4896,
2014,3549,9076,
4751,7541,
210,966,7622,
3976,4555,
3949,
5016,5027,4107,
1538,5085,
1753,23,9271,
5440,2343,873,
339,1979,1462,
4545,8617,
1165,816,2433,
4279,7234,
3167,4464,724,
1540,2393,3607,
5208,2605,
4295,2848,7927,
2309,602,6431,
2405,629,4391,
366,4868,7927,
5377,894,4843,
2567,8892,6878,
3492,5199,1553,
3749,1701,4017,
185,3894,6850,
3798,1453,
4186,4862,
1288,7891,307,
1124,9076,2850,
4740,1453,12,
4236,2184,2400,
5031,5385,
3219,
1572,6729,
3766,2395,
1009,8163,
2319,2272,
2055,2400,
3469,3629,3873,
2623,7369,
3232,4871,4444,
5038,1677,4979,
4494,927,2258,
4351,9076,2111,
1849,9387,3959,
5373,2834,
3124,406,5037,
3353,7256,1053,
4401,2604,
5144,3264,1807,
5432,8068,9076,
4373,5222,
4715,4010,9631,
2823,3826,5315,
4893,1369,3959,
2500,2162,3564,
1088,7574,
5041,
3043,4051,300,
1781,23,942,
620,
4168,1112,
3182,4728,1505,
12,7234,8938,
3068,2827,
2429,7944,251,
2511,1962,8611,
2955,1611,43,
208,4700,
2719,
2317,8617,
2883,6808,
2722,4997,
3721,6670,8133,
5230,4306,3442,
668,42,
5154,7927,
1615,7547,9981,
1795,9467,5140,
2125,7837,4365,
1858,1864,
2845,1582,2319,
1851,4372,4558,
3139,2162,
3875,6442,2220,
511,8890,128,
1375,4010,
5075,5231,128,
3987,5472,2423,
3351,7200,
129,8261,
2946,4306,7927,
4773,4290,
763,8665,7547,
4312,7266,
4076,5688,3492,
1910,6140,
4677,3511,
5324,8498,2308,
4662,1692,
4477,7058,
202,406,4483,
3331,4086,400,
2286,5142,
1614,3442,5142,
2608,3496,5201,
3978,6001,2285,
3624,4338,2860,
3073,8133,462,
1245,4099,
4724,3511,9981,
3960,5201,1642,
4678,2980,
4013,2308,284,
4232,7981,6756,
4927,8688,6895,
3031,8419,
3036,9076,
2169,1523,3155,
3680,6276,
3246,8716,
2152,724,837,
3548,9128,4017,
4192,1340,3136,
2728,1523,3873,
4524,3996,5934,
1219,1672,
2349,8665,5360,
79,8644,
134,893,
3387,462,
798,6787,
4032,5530,2264,
2395,548,
1954,4,1324,
1058,3511,2850,
1499,8938,9520,
4977,9912,
3098,6055,7611,
195,4107,5101,
4293,1059,1223,
2226,1505,5048,
3998,
5301,
239,1962,3201,
4111,6431,4831,5202,
1386,8397,2395,
4255,5457,2576,
4483,
2206,5352,5632,
5276,5736,5472,
4445,5325,
2070,4616,997,
130,9607,8938,
3009,2243,
5204,4372,8585,
5214,1345,204,
2447,4783,6069,
3381,1879,6323,
3742,2482,6815,
1469,
2437,3826,361,
1108,8668,
786,7495,1939,
5157,128,
1757,4506,9185,
4882,8068,
2835,4426,7739,
3694,8460,
3630,3496,8446,
1886,9280,6846,
1467,4524,
3129,2308,
1902,251,
1398,2889,1638,
5414,6534,
2121,2855,6688,
2567,7829,1248,
929,9185,
3563,7594,6974,
5029,4728,
2813,2390,2668,
3346,406,
4060,1507,
3062,7981,893,
3923,1446,
2369,927,
4475,8773,
3333,3017,5658,
5258,3304,
3813,6808,664,5231,
3643,2910,
1114,322,2651,
33,8446,
2249,
244,5552,4010,
5421,5457,
9820,5167,
1244,4257,
6349,9489,
3648,4423,
9605,
9986,1098,
2835,2093,2412,
4481,6395,
7274,1273,
7984,9484,
4384,
1954,5420,
7829,1645,2567,3168,3975,761,2991,3095,5020,5387,3164,
8485,5218,
6387,2047,
1450,9942,
8799,842,
8731,9148,
4991,9387,
2973,966,3460,
1399,4144,
903,4162,1315,
1210,4470,9467,
3357,1807,721,
3580,2407,6254,
5167,5456,
1957,4712,3230,
716,43,5904,
2252,9016,3083,
2826,2191,5228,
5191,5353,3201,
2039,1582,1075,
4523,911,5385,
1008,
302,4107,4724,
4647,3366,1971,
4618,778,2580,
4720,2010,
1773,4997,3456,
3223,4347,1756,
5466,6268,
2476,5004,
5293,1053,3061,
3130,3996,6750,
5204,693,2414,
3908,809,
2920,178,
1753,3496,
2466,4011,2414,
3376,3130,580,
4442,3550,
1956,4871,
3155,9902,1159,
4169,5312,2748,
5248,2730,1446,
2967,1033,5190,
2487,2850,
2333,2670,6001,
5017,9902,1932,
5348,1223,1798,
1078,4120,3034,
2772,2848,2748,
2367,1798,961,
31,4054,
1045,5378,1454,
1872,940,
743,9133,
2482,8411,2308,
2740,4805,1447,
296,6878,
4271,300,251,
146,2501,462,
2205,942,
879,3894,1412,
1436,1971,5201,
3734,8876,3,
825,1334,9353,
490,
4347,4724,
4228,6254,
1835,9817,2047,
5269,8589,8319,
2368,4344,911,
3938,4426,3947,
3505,395,6276,
5258,3056,2605,
973,2654,7927,
985,4196,
4346,1315,5039,
3603,8668,
5462,5483,8191,
3209,629,2769,
2320,9478,2623,
1861,4868,
4100,6748,5664,
5475,3555,1259,
2078,5315,
3029,5457,
4111,4107,963,
1429,8858,5676,
2064,1987,4276,
1581,4871,
2478,1693,3442,
401,4966,5102,
3857,4530,2725,
2395,950,4253,
1744,
3000,5201,4740,
2420,
488,1867,395,
2503,1544,1334,
15,5175,
3285,961,
3261,2143,
4978,4901,
2852,231,9631,
5395,648,5369,
3662,2748,
893,4162,3712,
2122,
463,4259,2660,
4822,3822,8326,
2467,602,4601,
769,9062,1520,
3428,5624,
4387,5654,3297,
587,4887,3890,
4284,2472,
1051,2614,4444,8589,
3210,7266,
3679,7369,2501,
140,1454,307,
4539,6443,1668,
4995,142,
5173,3729,9805,
817,
3459,3241,
848,7266,5142,
773,7717,2191,
2282,1792,3549,
2375,6390,4837,
1736,8351,
4221,3843,
2311,1446,1792,
4031,4000,4626,
3551,3165,2860,
1032,1864,
2898,1609,
928,3334,2985,
758,3587,8326,
4011,972,
1202,2383,2989,
4309,406,1300,
4431,2789,5408,
2356,251,
209,5345,
1996,3056,961,
2163,4017,
2587,2827,
1393,2408,
2387,8272,
3841,5037,3151,
2915,8688,
2091,
466,4911,4188,
872,2789,406,
173,2999,
1164,4658,
1669,2471,1987,
540,3442,4558,
4308,2433,4355,
4834,3511,
4415,960,2191,
4727,5490,
2842,3550,
3886,4259,3749,
3015,3592,
2987,545,3712,
5107,4412,4752,
359,4857,1451,
3577,1611,4865,
1713,9805,7091,
2605,9773,3729,
3629,2833,
855,3511,
3388,6645,
1261,406,
758,2725,
5154,9773,4259,
4598,2331,6131,
3593,5664,7256,
596,8411,7369,
3735,3241,
2516,3230,9387,
839,5142,3934,
2997,2860,
4628,6001,
3920,9271,1334,
5431,2162,1236,
2157,6721,9631,
5258,3803,982,
1812,4505,1066,
4482,8665,
783,3408,4335,
5244,2538,
2015,4355,
465,5445,9353,
3696,241,2188,
2526,6692,
2940,4047,5424,
4814,
172,
657,4306,
2537,8858,5353,
4349,3487,
1505,927,3241,
3340,480,4038,
1307,3304,
1806,9981,2400,
2438,6276,3273,
2749,3387,
2824,2879,
466,3934,
4059,
2084,360,6431,
5424,4740,3629,
5328,3387,
191,3496,3894,
361,7058,545,
2910,2625,1462,
911,5231,3442,
5356,4782,
2037,347,2882,
3374,6721,6756,
1320,1582,
5426,2198,
2688,4466,4901,
3299,2730,3843,
480,4606,5286,
969,9631,
4846,7754,7717,
3876,6055,4290,
2074,6878,2308,
2658,4455,
3215,4259,8950,
1607,4997,
2023,4783,8411,
4979,9805,
665,
4686,2111,1507,
2257,2188,8261,
2058,5201,
2068,4973,
1192,1120,5222,
926,4054,
1273,8668,7266,
5070,5201,5676,
2440,1879,
4208,1199,3393,
3538,1553,2985,
2726,3155,4372,
636,3549,1865,
1244,1313,
4858,5936,
2710,5345,
2298,2999,9998,
343,5315,3230,
1779,3408,5199,
4166,2248,2250,
4250,22,
5310,3459,872,
5164,3625,6748,
3200,5385,
39,7717,
3704,1451,
4142,8688,
3045,5102,6665,
2218,2608,5688,
1816,395,
62,8133,
5026,3230,
4573,8550,2433,
1530,2730,4372,
9,8665,6069,
2902,
76,9998,6118,
2739,1369,6721,
2155,7032,1979,
990,8819,7622,
5169,4144,8397,
2930,5671,23,
2809,6042,3736,
4562,296,5085,
1001,5004,
4394,5688,4436,
3964,1313,3585,
2184,9271,1414,
2167,7266,
1826,6592,1609,
4764,5676,724,
5375,4017,3151,
2599,2409,
1133,8950,
2737,2879,296,
3840,3273,5222,
4061,9133,
2579,6254,
1389,7837,6908,
0,3016,
3992,7720,1507,
2250,3934,
2328,8611,
64,9076,
3408,1223,5315,
1891,4871,
1377,2308,
3486,1324,2152,
2428,3487,4444,
4115,4835,
4411,1556,3775,
2,6721,7369,
1079,300,2243,
5004,1720,
461,
761,9271,7829,
1095,7787,
4139,4506,6585,
4803,3264,
1591,3277,8622,
4105,8668,
1445,2308,1449,
4498,1269,
2508,1248,4871,
5293,6808,3996,
947,
4131,1220,8858,
5021,322,4,
2008,
3172,
1097,8967,5688,
3568,4783,
625,1898,1976,
1504,8239,
4320,6055,
5247,9384,3934,
596,3130,6735,
3813,1453,307,
4890,5688,
3118,8133,4011,
3495,8066,251,
1136,12,5027,
1957,1901,
555,5850,
1143,772,322,
1649,2660,
662,772,
3683,8460,
1299,6721,
4252,2860,
4652,7217,
1801,7091,
3107,6787,
923,3201,
1310,8550,
2403,928,
664,3813,9805,
4267,5671,9998,
1121,2280,
203,6878,
1816,307,
4406,9164,8716,
3571,4931,9062,
2865,1324,
5217,6083,3273,
95,4372,4973,
3445,2191,1523,
3861,6880,2180,
3189,6188,1807,
4003,9384,6083,
3790,7927,
483,6443,7574,
3735,1340,251,
31,1787,
932,6878,
1633,9051,1862,
2768,6585,8858,
957,162,6665,
5159,3034,
2672,7625,8191,
846,5934,
4291,4506,960,
5308,2423,7495,
660,6585,3056,
19,2737,8301,
4354,7200,4229,
815,3424,
2111,1159,7251,
2259,7495,
4020,6846,7495,
2303,1692,5688,
5065,7256,1215,
736,5199,6880,
2878,6665,
1788,2376,3873,
2476,2860,
1791,7981,7369,
3410,8446,
5381,6083,1313,
332,2670,
4051,873,
3940,9076,7251,
422,2433,
3689,3771,
2016,8117,
4389,3201,8017,
2252,4962,
5289,5664,
5226,
640,8210,9331,8498,
4821,5771,1220,
3313,196,
2441,347,3302,
4950,873,4259,
452,3032,3324,
3575,1862,
2402,4700,
2422,8611,
4750,8351,
4062,6850,3967,5084,
1894,6750,8419,
1038,9280,
2033,978,7091,
78,4196,
38,7720,284,
5240,6176,1584,
1542,5188,
3767,4365,6585,
197,1523,
1204,1369,2423,
3058,4979,8938,
4829,1905,
4192,3155,4857,
640,128,2078,620,
3520,406,1523,
1825,6295,251,
4274,5241,2677,
1846,2668,
2795,8162,
1084,2390,2007,
34,9902,
2673,6599,8261,
24,5378,
3849,4366,3604,
2741,1223,2078,
710,2400,
3720,7759,
2613,7579,927,
4001,7717,
4113,5917,
7264,222,
2576,146,1925,3987,5192,5420,2247,2837,3629,4255,4305,
8960,797,
5553,2375,2863,3094,5389,3415,
162,957,418,4367,
4019,4996,
6420,1803,
6428,5195,
5312,934,2663,3378,4169,
4929,5575,
5512,4866,5429,
2027,4428,
6895,133,1120,4927,
4682,5251,
5939,1508,
1182,7498,
4850,3545,
5445,6933,
6708,3446,
2554,8011,
1126,628,
1878,2528,
3575,2276,
313,4888,
6534,5414,
4520,2623,1770,
4154,322,4196,2618,
2496,3749,3822,
637,300,3299,
1659,9016,6850,
2497,5113,
2471,72,4962,
747,4011,
656,1259,
5079,3983,1236,
4950,1503,5418,
1011,572,5160,
5498,1677,
4972,1339,1661,
5461,9128,554,
3452,1672,
4037,
1177,6612,
3863,9076,
3958,3375,
114,6612,
5045,548,
3106,9902,4355,
4737,778,4164,
697,3289,
4008,547,
3987,3890,
4224,2763,
3392,3299,
1959,2817,8716,
3067,5676,
2186,
4728,5241,
3554,3585,3411,
56,8239,
2953,4335,
5190,2409,
3400,9301,
1489,2319,3297,
1565,1446,
917,3459,
253,9522,
4477,9016,
4501,1692,8611,
1402,4017,3408,
1894,5345,
1167,4355,
1710,8801,
2085,5472,4013,
3806,5408,
2570,8550,
1218,2383,
1464,5385,7249,
1547,2162,
3502,6431,3102,
4485,1720,8938,
1776,3130,
4438,8133,
4519,1594,
3101,3781,5199,
2349,8074,
5005,3061,
3230,8191,
2354,8622,6028,
537,2162,
5419,400,
1046,2423,
3325,966,3201,
1225,8239,1533,
5011,5004,
2446,4144,
5000,8261,6721,
4898,8343,1720,
4268,2010,2834,
891,4306,5228,
4696,3803,
3546,4871,
2680,8950,
5280,1120,
1111,462,7541,
2492,1446,
3010,1933,400,
177,4782,
3701,1594,
3095,7829,5934,
1130,4506,
761,5231,
1137,8622,1462,3749,
4467,3424,
106,1339,
1180,2308,91,
1751,4871,
1207,109,
1311,6729,
3018,1412,2848,
464,2162,
5117,4038,
2264,
525,8343,
4240,
379,7754,2342,
1087,844,6276,
1100,7759,4306,
2592,5624,
4036,1340,2343,
1357,1451,
4691,300,2264,
2887,1971,
1587,7559,3959,
37,2162,
2269,4871,
652,3496,4355,
1039,1159,
493,8133,5771,
1435,629,1505,
2271,966,3387,
3622,6492,
3528,5688,
2593,2882,8876,
3924,2243,
3229,2646,7787,
3646,360,8550,
4616,1556,4391,
2191,4391,
1842,7787,
906,2264,9280,
2374,4306,
662,2409,4162,
5319,873,963,
4585,4931,2882,
4111,1453,6201,
1169,3996,23,
1677,1112,
5176,2538,
3454,3201,8276,
1166,5142,2889,
2996,360,1112,
2692,998,
889,5850,
4347,3230,4275,
5470,3101,
3406,4901,
3112,1112,4391,
5354,8665,4335,
287,9631,7266,
4175,
2437,2162,
5177,2423,
5358,4848,3492,
16,7256,7717,
3798,9455,6850,
2052,8343,2668,
2369,5037,
2108,235,6815,
77,9353,4229,
3777,6442,
2914,93,
709,7284,
5392,2108,7625,
4541,9478,3492,
4850,1339,4506,
5108,6268,
4084,8343,1862,
3266,395,
3437,
601,3496,5199,
1948,6735,235,
3072,8446,9685,
3886,5457,
144,6787,
1518,3492,
2943,7574,
2387,6665,9459,
4642,5175,5741,
582,1611,893,
687,9817,
3879,2850,
1632,
1866,1369,1746,
1444,2250,9280,
2105,3456,3304,
599,6688,
4017,2737,5530,
3395,5530,
1311,2040,9016,2476,
1596,909,873,
1607,6431,
4171,8665,998,
59,9331,
2956,8117,
1036,9185,284,
863,4426,
4129,1879,
3711,
2540,3989,
4478,1720,
4509,8668,
1950,6140,
5266,3273,
2134,6735,
3242,
5034,7266,
1576,8967,3056,
2341,296,
899,6268,
4946,8446,
2230,1898,
4000,6592,6750,
2214,93,3151,
3442,9051,
1826,5378,7448,
5130,9971,
2879,80,
3594,2345,7200,
4965,458,
4180,8795,
2032,3585,515,
5341,9478,
4747,9617,
2981,5268,787,
2379,3492,7833,
2681,5475,
3402,4011,
3867,5148,
4263,1725,8343,
1764,235,5507,
315,2423,
5123,8343,
1911,6188,
1934,9076,
1250,1523,
4266,7412,
4690,2323,
363,5231,
1455,3136,5530,
5121,2891,23,
5160,7559,4842,
489,
8515,3387,
7456,4918,
6196,5198,705,
3653,986,
3658,691,1710,2815,2218,
1534,8999,
6754,528,
8435,7109,
1692,7621,
2280,449,4094,4210,4361,370,1121,1823,
7483,2619,
9860,1481,
8969,5153,
3200,9737,1556,
957,6257,
7780,8290,
2095,2469,
567,723,
6567,1652,
8091,1892,3091,
88,7134,
8661,3289,
7448,1401,1826,
3088,2952,2621,
8976,4164,
4513,1819,
867,6908,
62,9607,5934,
615,1564,
1162,8688,
1939,1864,5004,
1982,3771,2143,
374,8319,4373,
4858,2449,9271,
775,4412,772,
4351,602,
430,926,
2283,3264,2684,
