-0.0346418598614249
0.0422409874290377
0.0779785514525564
0.106951870761099
0.115497437466652
0.1250985527312
0.135422628524593
0.145316797582687
0.152479708448401
0.158736214993523
0.164125273956777
0.16714021626057
0.172052163630889
0.175953854821894
0.179935492735321
0.182296881237457
0.184119333784216
0.185975690045001
0.189011787835451
0.191458820139009
0.192631861868522
0.194591690119632
0.196524698390517
0.200289922902889
0.203839227739887
0.203450455914122
0.204564743924866
0.207978386551425
0.208644147231348
0.210604623963821
0.210502815796516
0.210895675805743
0.211540148567912
0.213162261329088
0.214863128339589
0.216617259634118
0.215144573699468
0.213744218406227
0.21603621058962
0.217325609834279
0.218740316610585
0.222124502224134
0.221108930647411
0.22250453418491
0.224492350475837
0.224652933497407
0.22513927563646
0.225349018426786
0.227489317015687
0.229354457027647
0.229654964770945
0.230937924091348
0.232076277168873
0.232336916416222
0.231642580443692
0.231976031945336
0.232666173211361
0.233256706112268
0.233994404644042
0.235329126036292
0.236802936536292
0.237353105866614
0.238105660984179
0.238879319110919
0.239447822826154
0.240425640525802
0.241168255426156
0.241723141751198
0.240849562131304
0.24108149143538
0.241899512066328
0.243694615972562
0.244107217175841
0.244593968025328
0.244134417226416
0.244563392225753
0.245782835921663
0.246207271208721
0.247160433004659
0.245934635025294
0.246155749627176
0.246178497300692
0.24584334678886
0.245604983663756
0.245807819154159
0.246014596514136
0.245944935901781
0.246115699466654
0.246452161955864
0.247012828589766
0.247712062755547
0.247979802202781
0.248169465976081
0.247991997655386
0.247894501740175
0.248321027512948
0.248717742376278
0.249415556615447
0.249559599822297
0.249381991556535
