0.0981545334363772
0.109567295929709
0.122499222062623
0.127662220434873
0.129053606595497
0.130591253672593
0.131554489204424
0.133117028716351
0.134894187760291
0.135781807188352
0.136756959773731
0.137881933230505
0.139585510540328
0.140190121567833
0.14076871958682
0.141805364716449
0.14258245293861
0.143478299504582
0.143956090134217
0.144493536380334
0.14493873900253
0.146227234006272
0.146252072566427
0.14704087147779
0.147495999806248
0.147402782661797
0.147949265908131
0.148394295651578
0.148734022242683
0.148862126698426
0.14950552703729
0.150122728880069
0.150639518976623
0.150717089645313
0.151005014208298
0.151466332439579
0.151474101027699
0.151825331439327
0.152332275757261
0.152634674081561
0.152939580904386
0.153441777995297
0.15376850288537
0.153761594351012
0.154011252106167
0.154386196187327
0.154820543306313
0.15527259322963
0.1551239345047
0.155138668423819
0.155467737105632
0.156083864631779
0.156377577476634
0.156407599530827
0.156651830859157
0.157086576260696
0.157224358957241
0.157503829435552
0.15801030557066
0.1581392208918
0.158343941557019
0.158752925227044
0.15859645953437
0.15875096905955
0.159559136001416
0.15973357580887
0.159610187350312
0.15989658380421
0.159659632831818
0.159824211495021
0.160077792957555
0.160347269129126
0.160403514460559
0.160535387305925
0.160700772318078
0.160874708348295
0.161022500463574
0.161154105120216
0.161537516218121
0.161468312573414
0.161461676496135
0.161914701433934
0.162175268438158
0.162578564751464
0.16261907089491
0.162835374135121
0.163009083933547
0.163035502918959
0.163197857964157
0.163296435526807
0.163415488521224
0.163682039864026
0.163939111143675
0.164123517099391
0.164091209011606
0.164167586104695
0.164409004014099
0.164662505621257
0.164941296834325
0.165166688129573
