1.41777777777778
1.81555555555556
1.64222222222222
1.52888888888889
2.10222222222222
2.6
2.92444444444444
3.41333333333333
4.01111111111111
4.79555555555556
5.26
5.81111111111111
6.00666666666667
6.02444444444444
6.15111111111111
5.96444444444444
5.91111111111111
6.05777777777778
6.11555555555556
6.10888888888889
6.03555555555556
6.06444444444444
6.04222222222222
5.92222222222222
5.87777777777778
5.86888888888889
5.72444444444444
5.79555555555556
5.80666666666667
5.79555555555556
5.81777777777778
5.91777777777778
5.86444444444444
5.85111111111111
5.79777777777778
5.75555555555556
5.70444444444444
5.77333333333333
5.88666666666667
5.76666666666667
5.81111111111111
5.86666666666667
5.93333333333333
5.88666666666667
5.86666666666667
5.83111111111111
5.68222222222222
5.68444444444444
5.56222222222222
5.67555555555556
5.78888888888889
5.79111111111111
5.82222222222222
5.73777777777778
5.65555555555556
5.74222222222222
5.75111111111111
5.79111111111111
5.84888888888889
5.90666666666667
5.85333333333333
5.84222222222222
5.81555555555556
5.85111111111111
5.84444444444444
5.74888888888889
5.70888888888889
5.62888888888889
5.64666666666667
5.67777777777778
5.64666666666667
5.79111111111111
5.74444444444444
5.67777777777778
5.59555555555556
5.60888888888889
5.58222222222222
5.52
5.69111111111111
5.78666666666667
5.82666666666667
5.84888888888889
5.88
5.86666666666667
5.80444444444444
5.75555555555556
5.79111111111111
5.82
5.90222222222222
5.82444444444444
5.67777777777778
5.64888888888889
5.71333333333333
5.63111111111111
5.72666666666667
5.74888888888889
5.73111111111111
5.72222222222222
5.72888888888889
5.66888888888889
