0.00444444444444444
0.52
0.428888888888889
0.522222222222222
0.846666666666667
1.03111111111111
1.18222222222222
1.38222222222222
1.58666666666667
2.06888888888889
2.20666666666667
2.58222222222222
2.66666666666667
2.63333333333333
2.91555555555556
2.83111111111111
2.98
3.23777777777778
3.07333333333333
3.14
3.49777777777778
3.74888888888889
3.74888888888889
3.86444444444444
4.13555555555556
4.13555555555556
3.97111111111111
4.21111111111111
4.41333333333333
4.74888888888889
5.10888888888889
5.28444444444444
5.20666666666667
5.34222222222222
5.05111111111111
5.30444444444444
5.18666666666667
5.29555555555556
4.77777777777778
5.01555555555556
5.08
5.32444444444444
5.58222222222222
5.83555555555556
5.62888888888889
5.82666666666667
5.50666666666667
5.77111111111111
5.47777777777778
5.83555555555556
6.14666666666667
6.47777777777778
6.69777777777778
6.46
6.34666666666667
6.30222222222222
6.33333333333333
6.02444444444444
6.39111111111111
6.56
6.7
6.49777777777778
6.60444444444444
6.44222222222222
6.49111111111111
6.58666666666667
6.66
6.36666666666667
6.18666666666667
6.56222222222222
7.01333333333333
6.86666666666667
6.69111111111111
5.97111111111111
6.01333333333333
6.26888888888889
6.50222222222222
6.32444444444444
6.6
6.68888888888889
6.38888888888889
6.9
6.74
6.84666666666667
7.19111111111111
7.05555555555556
6.33777777777778
6.65555555555556
6.91111111111111
6.88222222222222
6.42
6.44
6.43333333333333
6.59111111111111
6.81111111111111
6.36888888888889
6.60666666666667
6.47777777777778
6.53555555555556
6.27555555555556
