0.0025062656641604
0.436768149882904
0.423958333333333
0.403436426116839
0.409853249475891
0.408745247148289
0.403966597077244
0.401408450704225
0.405977011494253
0.415030211480363
0.415086206896552
0.417864077669903
0.400906468891636
0.40751944684529
0.412637990102779
0.414225941422594
0.431429762401
0.420531113753468
0.423505976095618
0.438927147517216
0.437695244706699
0.440962099125364
0.423753139576606
0.442715700141443
0.441297055534849
0.451741654571843
0.455402750491159
0.463511560693642
0.461395694135115
0.461005199306759
0.474868189806678
0.471146822498174
0.47643219724438
0.488180515759312
0.474901960784314
0.502083333333333
0.488691138301817
0.468271334792123
0.482565130260521
0.47864768683274
0.46944749359678
0.492074927953891
0.479901269393512
0.477576974564926
0.47872720772256
0.474702886247878
0.495670245930031
0.493223965763195
0.500389408099688
0.491932715413663
0.485564304461942
0.502691790040377
0.504611330698287
0.502980625931446
0.499828473413379
0.505890753302392
0.508078377449295
0.500547245530828
0.489576328177539
0.494466262049268
0.505878161738511
0.486793837123991
0.50152490681125
0.501839587932303
0.50844475721323
0.502380080556573
0.4983119513842
0.499268471104609
0.501097293343087
0.490447957839262
0.52191235059761
0.489415141729458
0.508986340762042
0.50126582278481
0.505947660586836
0.485104942450914
0.517411185367569
0.509635974304068
0.493086003372681
0.49531737773153
0.495042232831436
0.493918918918919
0.501605422761327
0.497991967871486
0.489500860585198
0.49673427294603
0.499281609195402
0.507708119218911
0.485468956406869
0.49704347826087
0.49495652173913
0.503690685413005
0.488090875778673
0.506907545164718
0.501554404145078
0.497331910352188
0.501203162598831
0.485663716814159
0.489193825042882
0.524716221164409
