0.245493575038889
0.312094070355556
0.286809976805555
0.214685640327778
0.174048775355556
0.136304193805555
0.104495836866666
0.0887352948555556
0.0787474701111111
0.0720087311166667
0.0679557627277778
0.0681657730944444
0.0619368799166667
0.0560816456777778
0.0569416880222223
0.0563601120222223
0.0507165452888889
0.0512205886333334
0.0492378837666667
0.0469316942
0.0441414924166667
0.0433768065833334
0.0406241886333333
0.0367638995611111
0.0376928587611111
0.0324761584
0.0320165765833333
0.0323892681888889
0.0304197929888889
0.0283921840944444
0.0264761086944444
0.0253346120833333
0.0251814944277778
0.0209232506277778
0.0204878574277778
0.01934098355
0.0190265987666666
0.0175586476222222
0.0181901925555555
0.0169991142388889
0.0161751381388889
0.0160882595166666
0.0159253398666666
0.0166485943388888
0.0168150963833333
0.0177982857277777
0.0171880759444444
0.0178881639666666
0.0179018977277777
0.0186549730166666
0.0178791983666666
0.0185181398944444
0.0191647566722222
0.0192399920833333
0.0188182301888889
0.0181096492944444
0.0192409489166667
0.0189159076388889
0.0184281178222222
0.0160599805166666
0.0167876923722222
0.0167915619944444
0.0168496422888888
0.01695955715
0.0165728040444444
0.0175774712333333
0.0174946468555555
0.01662503985
0.0176940769833333
0.0181963461222222
0.0167440710277778
0.0170643167722222
0.0195494335333333
0.0188979740888889
0.0202093801944444
0.0193890223833333
0.0189536648277778
0.0188088912888889
0.0194464415111111
0.0205203730166667
0.0196891645277778
0.0193403962722222
0.0200055765777778
0.0184571149888889
0.0187983617444444
0.0188608008722222
0.0186671805333333
0.0183206523833333
0.0187119542055555
0.0179846316777778
0.0187621227944444
0.0191118860388889
0.0175864093888889
0.0191437045388889
0.0187680865166666
0.0180069692111111
0.0187726406944444
0.0193605646055555
0.0194358638277778
0.0204417047722222
