NaN
0.0169013308069146
0.0328711604592935
0.0451102096549723
0.0627370661470219
0.0733837286499425
0.0755516941750582
0.0876898928576673
0.0978549640160328
0.12401434017712
0.135896917110702
0.152089897118556
0.159012150305847
0.159226358885057
0.172630280061958
0.180947336211752
0.183596543084861
0.18764783942746
0.1949097114227
0.215178901025155
0.224106564897227
0.239427104593719
0.241032526648094
0.263395192906002
0.26185718412837
0.269610078633866
0.269942801530496
0.280184128263732
0.287223574789028
0.295182384186982
0.306709975582139
0.317078460933573
0.321072657747408
0.333382325350476
0.329231648740527
0.324468002157195
0.321371444114544
0.326903733210368
0.315332203120192
0.322962963903906
0.322108286744655
0.33413916913003
0.344037802719304
0.350226219490834
0.349370333736099
0.356880961730463
0.350742791400721
0.339006189737173
0.341490599874731
0.349036178659206
0.364198100745213
0.38024331808106
0.397867574604573
0.397956041931044
0.380266981900806
0.38357122183213
0.388409373193248
0.381676929155989
0.381258845532685
0.388984068850391
0.392307473318539
0.383455814159479
0.384106984762446
0.384444140666129
0.384515929777495
0.364848173130163
0.365766896593046
0.357298567620884
0.354232776253989
0.358082710257439
0.388261191970957
0.393909587352071
0.395630090695312
0.370933446294573
0.344529808412382
0.340626774608136
0.35301235366776
0.355217443229901
0.351077382076902
0.364764710007682
0.348963727361069
0.355907587501251
0.375432325722274
0.379108744887566
0.371126429280606
0.381965540565733
0.375853800191076
0.374036318058563
0.381664171564459
0.388176580628616
0.380057518746311
0.366411266128464
0.358302874301234
0.359206399385065
0.372279074632882
0.376108823275142
0.368300442243435
0.362729372056672
0.362481987104744
0.369821157293175
