157,297,350,125,32,36,108,107,349,427,536,125,425,327,375,106,85,175,78,376,407,226,243,339,211,9,387,116,396,90,373,271,273,
272,464,317,42,276,27,212,303,314,369,66,58,87,439,
257,378,16,157,404,434,385,544,
219,463,205,73,181,255,368,379,95,303,452,137,132,146,260,364,71,478,
464,272,169,83,94,0,454,81,209,89,130,231,319,442,507,48,389,65,173,276,418,475,226,315,
194,122,112,299,464,14,278,220,66,322,521,2,394,198,208,255,450,242,356,51,478,484,507,28,145,291,369,353,381,505,
507,71,378,65,66,394,56,209,320,340,439,409,129,476,480,108,527,543,131,181,320,95,364,442,496,515,540,
217,463,88,148,520,59,104,539,85,
71,36,488,100,273,284,349,414,118,79,103,327,348,133,77,107,115,52,372,29,225,524,288,307,396,5,249,378,388,444,33,170,181,284,254,547,
536,445,174,155,21,501,514,5,126,98,242,542,307,328,117,542,56,78,99,449,46,313,95,193,224,331,245,374,379,455,333,365,
33,516,5,488,527,174,395,497,482,513,515,147,440,247,409,534,36,111,182,39,483,169,34,541,193,213,223,283,300,314,28,213,287,349,526,379,44,54,285,244,392,516,229,254,326,171,63,110,204,206,23,243,84,345,346,536,
401,13,234,402,422,439,526,102,203,236,260,501,140,501,542,29,49,70,323,405,175,409,252,290,302,321,450,105,190,342,
320,507,504,75,88,90,117,130,220,366,
237,247,21,30,179,34,196,202,312,254,257,337,391,400,
387,348,0,240,346,402,440,210,355,482,533,40,127,184,71,497,150,402,497,14,526,381,517,549,269,344,421,488,496,
378,228,280,50,235,383,239,393,440,257,65,197,151,244,507,23,250,275,290,342,439,219,126,114,388,480,337,358,223,258,523,277,171,85,246,53,302,485,125,163,431,55,530,101,270,309,366,407,288,429,493,148,344,409,432,363,364,403,337,331,330,252,15,455,521,179,320,258,260,409,516,528,
205,415,153,192,316,286,506,166,323,452,249,180,56,171,82,232,511,527,540,440,414,515,538,
281,452,140,325,294,304,373,123,125,170,181,354,384,438,486,5,208,129,278,353,365,450,535,69,327,
380,33,74,531,546,119,126,317,54,505,142,297,378,475,136,387,497,10,52,100,522,
324,11,299,527,305,317,358,534,365,413,451,
463,26,25,57,254,339,499,44,415,503,28,75,119,129,152,335,9,195,360,217,219,485,76,413,323,11,129,30,328,27,80,262,336,544,109,110,243,301,45,516,341,354,
307,53,411,351,50,107,47,201,416,208,211,439,536,292,403,518,176,161,161,284,347,358,501,384,64,113,283,75,354,515,487,
455,75,62,106,516,34,362,
439,101,401,14,483,271,384,393,70,285,10,374,272,436,453,86,407,449,129,438,472,90,128,200,226,
424,123,427,256,367,469,484,267,83,259,266,496,95,139,384,467,462,528,295,385,432,103,21,139,250,254,157,168,187,240,246,317,434,521,227,239,261,62,312,387,499,149,125,229,
342,89,67,480,43,57,145,399,410,401,
53,129,505,82,235,15,237,365,194,307,215,338,515,11,93,417,10,15,205,513,63,365,358,150,112,156,129,520,201,263,1,370,504,495,38,379,191,199,266,167,264,420,442,
507,275,464,231,273,299,206,334,452,510,
63,108,259,10,76,412,282,297,549,152,257,345,217,169,183,220,499,33,71,83,135,206,460,134,512,547,200,405,429,
180,223,536,393,219,105,389,540,193,503,72,549,381,505,91,146,152,466,140,144,75,416,35,2,377,405,295,306,462,193,479,407,501,358,500,224,246,323,483,175,519,179,197,490,
527,103,33,206,364,425,274,434,474,27,171,278,23,447,448,207,291,74,157,371,398,107,196,
304,75,98,73,25,285,376,436,43,191,358,143,27,505,478,513,38,213,226,282,372,398,5,169,216,335,371,482,497,74,85,393,448,348,441,234,400,418,545,8,270,469,250,24,186,286,435,
248,265,129,7,139,258,320,48,501,28,36,40,169,369,391,186,331,366,225,286,250,412,
205,53,67,67,191,258,109,327,332,463,108,219,415,474,412,15,222,521,207,292,445,544,90,130,268,469,55,103,265,467,369,476,
348,387,530,332,27,215,247,308,343,17,130,165,247,256,392,474,241,267,335,403,260,335,506,546,107,110,245,296,509,536,57,355,90,507,359,360,105,245,248,309,441,329,401,514,269,392,
202,237,57,462,
258,12,310,43,189,343,354,392,507,446,110,106,304,359,520,160,224,409,426,71,83,364,264,516,268,474,211,270,85,282,330,392,
242,536,281,334,198,326,483,385,436,
543,57,269,54,2,278,408,476,160,232,254,465,524,252,429,502,102,211,249,533,543,
40,248,387,454,
247,33,92,368,97,97,62,529,122,178,317,371,529,237,66,356,373,415,26,277,326,141,344,120,526,6,7,541,
263,390,93,397,372,523,224,387,428,414,547,14,96,128,331,366,452,
89,99,75,333,365,413,453,80,259,342,468,59,121,0,77,142,127,234,505,533,148,174,245,
219,180,58,112,75,174,392,410,488,
460,249,96,403,387,330,157,214,157,437,8,351,29,482,493,346,22,425,531,151,432,445,513,30,34,191,219,434,427,455,474,298,387,431,188,241,266,415,
476,351,95,391,282,155,329,306,62,449,527,121,179,213,280,304,209,225,533,331,524,532,181,284,38,166,189,257,445,70,114,127,403,450,475,520,135,325,510,
505,219,215,147,316,128,301,361,445,485,156,194,499,255,540,473,53,131,252,82,13,461,425,479,261,199,301,462,492,502,115,437,211,152,223,402,443,112,80,119,189,52,355,369,65,350,523,64,260,279,449,234,358,388,451,502,493,293,291,532,40,67,240,345,488,389,514,70,162,191,248,18,498,218,259,363,452,14,323,414,
85,164,281,349,215,388,449,23,25,123,350,352,367,313,200,32,346,389,221,315,
462,180,341,113,483,1,14,160,156,15,302,432,454,530,329,408,514,402,457,490,508,202,354,376,
128,95,19,14,19,111,219,234,306,478,493,179,223,
480,378,75,89,415,42,246,478,514,321,438,471,496,19,388,392,431,136,151,265,413,
425,157,527,52,420,34,468,541,49,112,
391,93,476,355,188,309,356,257,282,401,480,228,415,421,449,519,538,
57,108,463,183,315,506,287,271,482,543,35,112,440,67,496,529,469,263,352,164,186,202,366,223,
392,258,348,
5,119,33,168,202,433,133,28,84,161,314,382,22,236,171,372,143,502,101,395,502,354,467,175,210,382,494,88,35,530,136,191,378,395,484,485,496,544,
388,53,323,138,216,458,53,150,168,82,265,0,3,219,522,
275,378,129,522,108,270,280,95,314,80,449,507,1,153,401,418,491,365,177,303,480,100,2,228,375,11,126,213,400,
28,358,149,254,165,460,518,545,389,258,288,310,283,149,105,238,365,482,346,169,247,305,290,389,78,196,227,352,375,7,71,276,385,29,454,186,219,252,289,293,419,457,199,397,444,
67,205,342,133,211,427,80,271,505,527,149,329,345,508,237,438,
226,49,304,209,10,23,109,143,162,206,245,333,459,74,119,189,198,514,188,338,478,499,530,
211,100,151,349,258,336,153,171,209,283,383,442,452,65,83,91,514,156,200,499,244,270,355,473,363,372,395,485,506,394,529,503,37,49,262,361,362,363,546,328,404,48,291,372,208,548,162,272,337,344,402,497,
108,205,57,29,69,17,204,333,373,438,490,
504,237,203,189,118,231,246,264,343,320,371,137,153,278,30,481,503,158,406,446,484,122,490,193,276,106,264,384,389,269,449,253,282,333,377,382,439,
506,57,257,63,397,322,472,485,503,511,380,26,173,133,213,28,206,481,530,541,
358,378,28,313,392,14,68,174,402,498,188,293,300,306,498,531,
53,223,388,272,476,176,260,383,389,494,524,220,250,259,355,
542,536,401,102,
466,216,4,57,49,173,153,333,20,167,411,427,433,484,419,148,69,167,234,322,252,353,93,365,11,375,153,83,371,463,283,349,73,28,363,281,124,165,229,338,234,148,261,331,448,147,148,129,296,358,462,
129,82,421,10,96,204,373,105,22,144,102,357,86,372,393,532,178,113,487,162,203,248,274,366,83,254,53,431,354,482,247,188,275,294,484,545,174,332,86,378,402,176,398,486,192,225,362,490,13,449,242,437,290,19,66,142,424,402,29,435,481,503,384,403,548,
545,293,28,41,98,364,471,255,452,491,57,72,140,301,330,405,
288,71,504,147,74,420,44,170,253,267,152,267,327,
75,68,238,85,543,102,307,374,503,465,266,380,218,174,61,206,7,424,456,522,228,353,513,214,448,8,480,468,508,304,371,386,402,419,439,64,511,139,188,545,20,89,302,95,211,364,283,454,114,210,244,283,42,188,483,15,429,460,99,177,352,462,522,297,534,542,516,46,54,113,69,381,446,455,482,58,17,434,173,194,365,382,531,
349,85,33,496,235,268,
102,127,433,273,419,369,
258,378,
255,58,202,479,328,255,18,208,424,2,83,90,102,80,197,156,391,119,321,511,436,511,149,362,496,15,25,120,346,397,114,375,522,164,379,323,422,43,203,129,310,269,302,473,358,36,254,286,116,351,495,62,365,515,161,192,518,86,115,49,142,252,521,42,486,549,
153,466,87,229,53,120,362,533,177,397,400,465,322,150,233,282,314,534,337,403,422,166,311,372,378,517,120,155,457,519,
372,5,304,71,113,407,279,106,117,337,
366,378,69,328,337,447,484,
322,506,153,84,381,478,
54,75,543,380,66,120,258,406,435,483,224,351,412,96,
191,505,53,
287,33,57,
130,348,
328,536,
371,247,
446,75,504,
196,28,
65,507,310,104,
333,89,
142,255,129,
364,545,190,
129,53,72,
49,226,401,
190,97,313,58,171,314,364,
346,460,95,
271,439,157,
485,211,
76,63,
166,205,
314,153,190,
162,
341,462,
319,464,
401,348,391,
229,
520,476,217,
193,504,536,
520,53,77,
506,205,
85,378,
524,543,451,
365,28,53,
264,504,
165,93,
216,388,
517,153,387,
41,387,148,166,299,
344,211,247,
468,89,
382,5,
8,460,
313,85,
62,247,255,
270,275,
418,
300,33,90,
268,258,205,
148,466,217,
62,476,424,
527,67,205,
89,425,463,
253,288,
356,247,194,
449,536,439,
35,5,57,
127,387,
231,464,
385,257,242,
151,480,460,
136,480,5,
281,85,466,
544,463,205,
209,226,464,
543,75,
311,153,
440,387,
343,258,
225,71,476,211,
433,102,
260,
74,226,527,
400,275,237,
475,380,464,303,
413,89,463,
514,348,226,
306,128,358,
135,476,63,
198,226,242,
188,358,
252,401,28,
138,388,
1,462,53,
107,157,
97,247,
296,348,
69,281,366,
514,480,505,
474,460,
291,527,211,
173,506,464,
28,248,
254,424,33,
346,85,33,
103,205,
175,180,
345,505,
205,
415,205,
542,75,
95,536,219,346,
476,507,53,
186,57,248,
530,462,5,
174,536,
372,211,
81,464,
496,387,5,
199,505,28,
369,102,205,
253,504,
140,545,401,
299,324,41,
354,463,462,
421,391,387,
254,71,237,
487,307,
365,75,324,
244,75,
133,5,
484,194,
66,247,129,272,
533,476,387,
206,506,63,
160,462,258,
478,128,219,
263,
470,
255,
30,237,
403,153,476,
210,75,423,
497,387,
181,281,219,
147,466,288,
368,219,
323,401,
127,102,
544,257,5,
237,67,504,
255,194,
179,180,128,
432,
161,255,
59,89,
53,
402,462,
494,53,
149,67,424,
349,157,
370,53,
499,63,
539,
223,53,
485,378,
108,275,
505,67,89,
219,378,388,
270,
166,41,
538,391,205,
83,
312,424,
392,480,219,
290,401,
75,219,307,
299,194,507,
530,506,
363,211,505,
345,67,33,
414,263,
284,206,
304,476,
545,304,
97,190,
245,348,536,
129,507,281,
498,505,358,
387,380,263,
303,219,275,
224,258,180,
496,349,480,
321,480,
337,211,153,
483,54,180,
484,424,
119,
90,300,348,
142,89,380,
224,263,536,
419,466,75,
266,206,
171,527,
293,505,
410,342,219,
100,380,
58,272,219,
226,464,439,
405,63,545,
117,320,372,
315,464,85,
269,387,348,
378,5,
234,466,89,
415,391,460,
282,258,504,
107,527,348,
413,480,324,
547,71,
476,205,543,
397,28,506,
337,237,372,
462,466,
334,507,
306,476,
148,89,41,
327,281,288,
510,507,476,
250,53,248,
490,108,180,
0,388,
196,237,527,
210,5,
488,505,
261,424,466,
372,153,
28,506,
157,460,527,
142,
329,348,67,
218,505,
418,304,
536,348,
245,348,
373,
434,75,460,
19,128,
15,205,378,
42,480,
372,263,
533,153,
390,263,
51,194,
405,401,
276,272,504,
365,275,
534,153,
335,348,
112,57,53,
68,75,68,
507,194,348,
501,307,248,
21,237,
412,248,
439,504,272,
530,226,
52,71,380,
200,63,439,
102,542,
85,217,258,
90,320,439,
259,89,53,
278,543,
364,219,507,
491,545,
330,378,
186,28,304,
255,545,
170,288,71,
125,424,
293,28,358,
280,
442,53,507,
389,53,85,
387,460,41,
419,28,102,
515,507,307,
337,366,
503,211,504,
316,205,
120,54,
113,307,372,
309,391,348,
162,211,505,
527,507,324,
229,424,
82,
25,463,
506,348,
445,476,205,
1,275,
208,307,
402,387,129,
271,67,206,
5,304,
546,
469,57,304,
504,288,
188,460,226,
373,108,
240,387,
85,157,304,
378,153,
381,322,387,
516,463,455,
314,272,
454,40,
249,205,543,
326,242,
286,248,304,
420,53,
59,217,
189,226,
452,545,505,
250,424,
471,480,545,
246,180,
526,387,247,
188,391,
171,205,
179,378,237,
407,439,372,
53,388,
389,504,28,
432,378,424,
424,
458,388,
257,476,
254,543,
382,5,
23,226,33,
314,
466,
507,258,
198,194,
431,129,79,
222,205,
407,180,157,
53,
376,462,
7,247,
478,226,322,
543,543,
95,507,128,
173,75,
274,129,
130,320,
526,33,
515,205,
283,466,
126,275,
384,129,
96,54,263,
438,67,108,
522,388,380,
330,258,545,
24,304,
403,129,
211,225,67,
429,63,
72,129,545,
338,226,
516,378,
541,506,247,
358,466,
451,324,524,
17,108,75,
366,320,263,
194,75,
