200,333,178,126,74,114,212,237,397,472,383,96,535,539,210,113,274,101,432,493,536,263,408,541,
297,159,361,185,253,443,22,398,444,370,66,77,90,164,237,258,275,405,549,492,167,312,3,484,449,41,133,227,285,332,408,39,545,116,397,
469,213,337,12,335,371,47,145,219,489,531,
191,313,146,201,331,85,336,39,53,65,224,82,269,319,410,501,117,87,326,431,535,532,97,376,51,18,83,141,185,118,368,166,136,384,480,
57,50,245,72,76,98,194,273,179,440,487,38,287,194,386,163,263,311,29,404,72,281,398,19,285,488,40,101,156,262,523,390,407,371,128,144,374,431,452,474,176,25,448,126,435,452,496,504,117,201,372,202,207,233,321,367,325,524,20,342,96,147,306,
514,499,269,115,108,111,396,26,52,229,43,241,254,286,303,67,199,77,177,
368,367,451,88,220,485,506,526,139,25,154,426,88,160,206,461,78,155,208,
416,311,
13,547,92,68,144,97,161,213,108,505,53,522,151,206,232,104,180,368,88,406,
155,21,225,385,321,480,491,
439,35,48,102,118,383,422,50,353,507,397,364,27,36,537,65,64,120,484,347,464,282,
258,447,137,400,468,469,498,507,174,254,205,
48,230,439,177,67,97,115,116,159,116,358,419,8,430,297,317,
524,51,456,106,25,439,463,124,25,87,43,9,485,414,313,183,21,417,470,507,260,341,91,115,188,287,33,253,356,431,457,215,16,336,350,18,100,170,485,12,189,509,144,302,331,0,460,273,
364,538,439,205,149,19,440,26,31,100,105,367,524,544,
41,382,148,96,1,68,113,92,271,443,464,128,173,123,367,104,73,116,327,196,195,165,354,202,477,257,276,201,76,134,145,393,26,477,81,323,452,518,320,534,152,512,4,282,347,347,385,433,178,92,227,297,43,463,547,
427,13,102,55,358,312,247,315,457,308,403,23,28,247,270,295,329,474,486,249,
207,107,186,335,184,270,298,436,125,127,70,211,231,170,162,536,
421,337,23,547,
208,447,520,172,164,268,377,97,285,416,136,225,189,140,503,53,173,326,358,543,382,538,410,442,
89,425,463,70,192,437,123,253,458,122,128,176,241,507,209,323,268,69,402,310,138,222,262,470,102,210,91,192,544,240,334,354,543,460,32,257,268,328,359,144,498,368,228,256,28,293,433,507,142,41,491,10,389,405,204,233,385,481,351,211,222,467,
534,2,74,251,44,411,24,45,1,126,311,399,85,410,332,17,245,70,95,178,204,305,31,507,134,337,463,258,283,386,423,447,183,414,362,368,
397,12,62,384,503,62,323,379,420,519,
186,28,51,125,171,281,47,56,161,46,250,351,410,454,429,548,84,136,207,227,301,340,46,228,515,2,433,287,331,276,76,259,420,42,417,141,222,269,307,529,
268,89,208,534,113,151,179,244,309,314,379,548,219,225,
71,
401,23,358,74,228,320,356,34,58,150,132,413,167,219,7,41,313,367,31,474,499,479,283,410,434,260,109,203,329,380,414,180,190,320,102,38,23,524,532,71,39,138,271,278,73,316,335,115,144,153,252,162,451,251,280,287,515,540,153,455,510,118,292,319,331,367,423,376,477,510,521,369,415,
244,21,268,
518,9,337,294,137,314,316,400,457,
176,44,57,11,334,374,204,283,362,125,278,464,403,469,77,
67,158,33,449,198,187,498,174,257,398,452,482,487,539,
101,111,433,50,66,170,205,281,126,476,17,549,347,459,107,191,351,493,161,383,532,
448,14,2,167,225,311,12,435,435,39,44,387,51,68,25,385,22,124,162,349,387,501,492,135,48,155,433,484,118,124,301,505,541,257,407,183,200,123,358,399,
438,326,91,104,373,36,57,118,301,329,338,
29,33,42,188,360,3,95,164,62,192,199,11,537,274,313,549,277,475,
102,71,89,93,65,173,146,357,422,94,524,0,18,503,105,136,246,427,460,76,85,533,278,299,387,440,456,96,488,257,289,224,321,60,160,228,236,534,
258,448,70,379,460,
137,134,290,318,506,546,128,189,98,78,407,159,288,307,371,525,
55,71,288,65,351,468,
90,297,292,225,341,367,428,514,527,257,
547,52,205,33,46,172,148,417,182,4,13,73,26,538,158,246,340,32,166,203,448,108,121,161,215,307,8,2,381,547,253,311,322,375,401,185,208,285,458,75,348,265,324,459,532,88,314,199,195,233,462,533,311,57,47,196,233,324,
336,109,269,324,354,367,177,286,419,368,442,469,497,302,
502,28,23,232,285,437,448,23,278,182,516,281,293,459,25,66,136,282,337,370,377,432,474,203,
370,502,213,164,
158,67,12,117,112,120,356,12,1,0,142,316,343,331,340,342,119,268,440,
63,108,259,10,412,282,297,549,152,257,345,217,169,183,220,424,33,71,83,460,134,512,547,200,52,123,131,545,448,91,179,107,62,248,495,351,412,281,1,547,203,333,460,126,172,43,86,442,279,338,367,455,299,277,434,358,436,351,15,214,272,5,225,464,308,364,474,528,374,497,108,57,59,69,69,454,184,360,391,88,266,387,463,227,268,
71,36,488,100,273,284,7,349,73,414,118,79,103,327,348,133,77,107,115,63,138,29,37,117,524,307,396,5,249,378,388,444,33,181,284,28,547,413,69,358,502,223,181,435,536,96,186,342,317,513,181,357,32,57,55,317,476,351,397,401,416,467,76,509,102,471,245,436,24,515,78,128,184,211,253,254,107,468,201,55,200,425,372,496,544,481,464,34,544,5,10,412,512,439,280,91,431,5,385,149,137,53,437,165,401,
33,142,190,376,11,356,534,30,330,547,93,92,201,50,412,29,107,394,176,179,234,247,288,523,67,136,519,515,113,133,386,435,329,332,70,132,252,317,416,215,
187,474,200,100,
474,413,119,460,107,117,187,364,526,123,111,339,410,90,
533,447,269,459,
549,82,220,389,307,73,340,539,219,381,145,160,274,157,485,496,468,505,66,161,515,91,136,263,313,353,533,
190,313,58,171,372,284,83,105,118,353,354,549,17,465,543,549,98,423,472,311,214,254,263,354,411,206,359,468,479,166,411,322,522,198,442,250,128,167,318,376,411,116,89,156,381,35,42,100,256,384,187,286,356,420,165,213,279,296,453,50,118,135,373,62,282,477,497,96,112,298,67,205,442,231,354,68,394,426,
360,294,29,55,241,445,1,32,189,342,535,539,
311,326,448,33,85,129,158,220,43,118,63,167,416,420,223,164,172,355,382,321,526,325,384,400,462,
9,74,234,43,44,6,209,327,475,533,334,398,79,50,318,53,122,518,542,508,142,214,224,277,378,228,337,469,417,288,419,20,113,521,
230,91,190,74,462,535,33,499,254,370,48,56,290,402,476,95,182,294,129,82,235,374,526,346,424,325,286,487,191,249,8,287,353,406,
474,484,101,293,14,231,405,74,33,235,194,217,188,292,
96,190,200,71,
397,213,439,223,61,247,313,457,
432,18,260,339,126,323,345,111,127,179,351,7,315,387,106,218,285,304,34,379,
433,447,134,318,357,370,387,391,473,343,402,487,524,13,101,20,544,109,197,0,422,439,95,179,381,422,135,324,414,531,67,142,31,54,190,128,153,239,509,
358,401,485,
127,195,432,141,193,478,268,341,547,
182,376,486,353,140,547,129,232,328,382,460,151,282,309,164,178,221,14,387,297,95,120,200,225,287,308,419,492,244,47,57,152,281,328,115,384,36,123,160,235,222,404,498,407,468,297,498,522,
21,524,247,524,77,91,270,30,496,122,244,14,17,38,79,221,524,
23,266,502,299,454,
447,174,166,164,69,417,256,433,538,63,518,78,291,421,284,497,279,17,416,457,526,21,102,208,16,543,187,258,458,103,190,78,317,417,511,533,314,395,32,504,533,175,195,236,515,434,8,58,230,458,26,311,383,540,113,340,
195,41,176,502,282,409,209,506,127,331,438,48,311,84,330,543,415,544,263,
337,7,239,200,518,55,239,421,469,281,320,504,525,175,7,531,43,180,225,400,506,91,340,391,13,42,129,150,210,276,116,179,189,523,
101,55,373,19,118,209,250,305,382,462,498,14,432,506,531,
15,28,63,49,60,165,329,433,236,208,465,43,109,396,541,449,454,225,228,315,452,521,
91,230,141,368,126,548,120,265,217,317,357,520,49,507,116,198,281,418,272,438,472,506,315,521,181,359,182,50,456,486,265,401,22,58,172,72,280,367,429,506,
134,7,137,160,
294,102,33,120,134,286,360,121,155,207,213,245,403,441,322,500,57,233,318,418,
205,379,67,191,258,109,327,332,463,6,415,474,412,222,521,207,292,445,304,90,130,218,243,469,55,265,467,454,286,532,148,351,293,466,111,406,474,61,101,100,323,479,362,547,214,103,108,401,115,95,267,525,8,320,348,138,457,483,97,102,138,77,375,376,312,422,427,19,327,482,492,269,254,147,288,364,471,191,341,60,114,210,332,126,151,276,36,25,243,210,299,400,189,338,475,114,113,408,274,362,404,404,63,313,328,455,468,417,479,45,258,
213,164,301,498,54,397,324,464,44,177,268,265,336,476,216,265,34,174,319,365,469,442,468,286,103,234,278,19,88,329,370,406,452,197,313,350,513,50,145,212,367,484,214,258,266,304,334,277,507,515,
269,76,495,3,273,330,501,107,219,88,361,432,464,219,184,256,292,170,218,426,133,514,325,289,336,439,23,533,134,475,526,31,72,535,76,509,53,365,
15,111,51,226,469,482,62,87,199,11,535,
164,447,269,281,337,317,258,458,19,521,247,488,
28,165,149,254,165,460,518,225,258,288,310,283,149,105,238,482,170,346,169,247,305,290,389,78,265,227,352,375,7,71,276,385,29,454,186,219,537,289,5,457,26,444,30,213,145,193,414,521,532,372,271,514,293,170,240,539,144,469,533,89,107,169,266,333,371,221,303,470,83,548,468,276,299,27,166,6,460,296,323,502,148,18,280,377,528,487,276,310,133,508,349,404,225,310,450,15,140,104,546,184,230,31,120,347,372,372,11,478,445,451,489,183,464,498,
468,71,70,120,82,238,303,315,317,517,520,527,
485,549,368,190,119,124,437,481,205,545,412,138,172,
318,9,
111,112,49,253,373,29,114,230,239,325,15,477,507,35,83,101,107,325,77,208,165,114,331,417,292,322,42,40,97,185,534,
375,200,289,139,211,380,103,194,237,273,503,266,
65,191,439,
376,182,
237,60,409,204,236,259,50,342,348,410,51,
118,190,311,
331,111,186,197,121,
334,89,
347,101,41,
119,474,372,175,362,458,
182,230,91,
498,67,101,
22,297,
274,205,
539,200,
112,158,
44,176,
512,41,493,
28,
351,63,186,43,
34,213,
39,448,191,
172,
351,101,55,
18,432,28,
506,368,
433,15,448,
225,208,337,91,
211,89,207,
399,
134,269,294,
175,337,447,
213,319,13,383,
118,191,438,
531,433,
391,63,337,
154,368,
326,438,208,
286,514,230,
204,13,534,237,
476,230,
12,524,469,
256,89,269,
489,28,469,
440,364,
165,15,
167,311,297,
136,208,502,
253,524,
192,29,89,
50,9,
394,
306,57,
523,33,
142,9,
298,207,
521,401,164,
107,101,207,
208,111,456,
179,33,
405,89,474,
195,547,447,
144,57,
35,190,439,
228,15,
25,524,205,
239,433,
68,13,190,
92,41,
52,514,
270,207,427,
437,485,71,
74,230,
538,451,364,266,414,
191,101,230,
31,534,269,
150,337,
541,15,
449,297,
486,91,1,
252,33,
367,368,401,336,
419,336,48,
403,176,
341,127,90,
136,
445,360,28,
33,294,
108,13,514,
137,258,
95,433,29,
387,432,63,
461,368,
212,213,
247,427,
178,200,534,
475,269,205,
487,433,
402,230,433,
225,182,63,15,
69,63,
23,269,427,
315,15,468,
384,191,311,
11,15,
539,360,67,
325,311,
535,15,360,
401,71,205,
203,502,401,
321,155,102,
498,28,182,
519,397,33,
269,186,
277,213,29,
525,137,
317,468,48,
490,
294,518,
1,360,158,
452,57,
22,448,
462,101,
258,213,164,
160,102,134,
104,438,13,
214,63,
524,57,
325,57,269,
216,
125,207,176,
276,337,
515,401,
349,448,20,
179,432,
283,176,534,
546,137,
50,237,91,
162,207,401,
51,15,237,
507,213,
524,21,364,
8,230,48,
247,164,397,
111,432,514,
164,208,
484,297,448,
7,337,
331,195,
526,474,311,
91,21,71,
507,439,
362,119,
19,101,
368,13,89,
236,102,15,
161,549,
451,28,
219,549,269,
208,547,
335,401,
532,191,347,385,
12,397,158,
10,
331,191,
48,195,448,
311,195,547,
124,448,
423,534,401,
190,485,
505,448,549,
397,297,
399,448,
170,524,101,
208,15,368,
179,268,337,
547,41,127,
313,29,
543,195,
159,137,48,
449,15,
164,311,
367,213,
407,448,137,
42,337,186,
210,200,337,
7,134,432,
290,137,
442,190,
325,230,
360,63,
320,41,337,
136,33,
442,208,336,
31,433,364,
313,549,397,
221,21,
14,21,101,
280,91,
170,269,207,
17,101,21,
534,102,
348,237,547,
460,258,474,
307,137,186,
521,9,15,
23,502,421,
123,448,474,
183,28,
304,
0,524,158,
547,33,421,
301,438,
368,336,534,
365,269,
128,433,
263,200,549,
77,176,514,
47,547,182,
367,364,91,
21,155,
452,67,15,
273,524,
96,71,57,
400,518,311,
457,518,397,
410,237,208,
378,9,
319,191,
199,15,514,
536,200,207,
304,213,432,
285,297,432,
55,360,
314,268,518,
62,397,15,
458,119,164,
225,90,155,
67,48,514,
298,
385,155,71,
116,337,48,
70,207,33,
182,502,
339,474,
88,63,368,
354,190,336,
534,268,111,
278,176,
322,338,
241,514,
521,91,371,
77,297,
374,230,63,
509,524,
506,137,
329,15,213,402,
385,89,41,532,
41,89,
281,101,
98,
60,15,
337,502,534,
112,190,
164,29,370,
189,360,208,
544,364,195,
138,485,30,
36,438,
353,230,549,
126,101,432,
318,294,
316,518,
57,294,438,
266,23,
19,364,164,
177,48,514,
406,13,230,
506,91,101,
32,360,447,
358,427,448,
441,
95,182,
418,91,
492,448,297,
439,433,
108,547,63,
468,182,55,
0,
383,447,213,
309,268,
227,41,297,
514,90,
474,502,427,
323,397,
493,200,101,
299,23,63,
228,102,
342,57,158,
151,13,
303,514,
50,213,101,
146,
198,67,
343,158,
111,474,
216,213,
459,547,533,
532,547,
144,28,401,
189,205,524,
95,
456,208,91,
313,213,
56,186,
51,448,
266,538,
374,176,
425,
65,55,
282,41,439,
286,294,
42,29,
222,186,
135,448,
402,329,
145,213,469,
548,268,
77,21,
270,21,
97,111,
543,208,
185,111,191,
250,186,
338,322,460,
258,534,297,
163,57,
27,
233,547,
526,269,
30,138,
391,433,253,
480,155,191,
119,158,485,
256,190,
175,
174,258,67,
219,268,
517,468,
371,137,
233,294,
26,447,364,
257,90,67,
342,360,237,
55,337,
116,297,48,
383,101,
268,63,158,
276,186,
303,468,
464,28,213,
531,101,469,
379,258,432,
413,474,
495,
172,485,63,
