236,448,439,
208,540,520,172,268,377,97,285,416,398,221,189,140,503,53,173,358,14,382,538,293,446,545,121,235,173,314,101,56,115,505,17,299,386,
369,547,
331,159,197,121,91,145,423,519,87,217,235,421,217,368,478,501,349,399,49,157,407,
94,119,301,
205,379,67,191,258,109,327,332,463,6,415,474,412,222,521,207,292,445,304,90,130,218,243,469,55,265,467,454,286,532,148,351,293,466,111,406,474,61,101,100,323,365,479,362,547,214,103,108,401,115,95,267,525,8,320,348,138,457,483,97,102,138,77,375,376,312,422,427,19,327,482,492,269,254,147,288,364,471,191,341,60,114,210,332,126,151,276,36,157,243,210,299,400,189,338,475,114,113,408,94,362,292,404,404,63,348,313,328,455,468,417,479,45,145,524,51,451,226,539,35,58,91,304,383,532,391,398,425,120,323,385,435,252,46,236,507,16,83,100,217,
9,74,234,43,44,6,209,327,475,533,334,398,79,221,53,122,518,542,508,142,214,224,277,426,228,337,469,417,288,419,1,20,113,8,91,342,226,81,190,296,257,529,137,169,518,151,202,328,25,345,391,511,119,222,539,187,
392,195,3,39,51,134,298,102,237,353,
258,536,164,71,323,34,165,401,410,529,255,300,327,403,531,
187,460,200,100,118,366,468,524,259,54,69,343,482,127,221,245,38,226,328,352,399,467,494,532,161,244,354,301,427,482,9,
524,51,456,106,25,439,463,124,251,87,43,9,485,414,313,183,417,470,507,260,341,91,115,188,287,33,456,356,431,457,33,215,16,336,350,18,100,315,485,12,189,509,144,302,331,82,460,77,190,183,250,165,485,237,260,343,484,71,536,83,98,173,261,454,486,512,491,183,294,433,470,
471,274,474,158,328,145,22,162,401,462,517,395,
204,13,534,124,263,332,465,82,20,154,204,126,353,400,436,156,443,482,541,203,157,39,441,489,519,157,267,544,
168,25,96,
474,484,101,293,14,231,293,74,33,235,194,217,188,292,79,107,125,7,208,135,471,151,295,440,191,390,14,93,96,50,118,79,40,137,166,263,385,219,373,477,481,341,408,271,162,540,548,
144,57,254,91,21,141,157,395,407,146,92,23,258,274,29,473,185,50,97,434,530,
89,425,463,70,395,437,123,253,458,122,128,176,241,507,209,323,268,214,69,402,310,138,222,262,470,40,210,91,192,544,240,354,543,460,32,257,268,328,359,144,498,368,228,256,28,293,433,507,142,41,491,10,389,204,233,18,481,351,211,222,467,7,69,100,343,7,263,118,244,178,459,477,493,172,284,512,253,435,35,162,186,502,534,248,411,465,470,484,11,483,150,164,206,286,
397,5,312,223,61,430,441,457,111,119,122,164,320,327,446,57,147,240,76,53,113,134,7,425,476,540,210,406,521,83,323,503,440,449,508,
119,167,372,175,380,362,52,101,298,355,389,25,487,224,429,433,256,390,509,91,94,547,150,8,174,347,363,249,330,386,
298,207,106,223,89,109,316,347,122,253,295,421,14,212,240,249,258,532,364,479,159,
336,109,324,354,367,177,286,75,133,364,469,497,302,115,332,381,425,493,367,228,390,473,165,415,185,282,315,347,11,86,319,79,254,287,290,354,402,19,291,499,50,182,465,
440,469,474,386,105,126,231,357,131,252,112,488,41,46,74,243,384,462,338,377,523,69,98,316,319,482,542,
377,182,319,346,527,75,338,395,10,12,185,331,547,
487,119,292,304,528,27,248,547,69,271,352,398,519,88,90,469,
427,13,55,358,312,315,163,457,308,403,23,28,247,270,295,329,12,29,486,249,182,249,320,465,415,8,173,333,308,365,56,377,438,65,169,191,227,102,339,126,538,118,202,82,398,401,514,
387,179,95,37,33,163,275,301,520,418,216,210,538,527,
22,448,444,529,82,247,352,
294,102,33,5,120,286,121,155,207,213,245,403,441,322,500,26,233,318,418,44,83,215,482,211,217,499,155,371,307,354,309,499,355,246,103,137,496,113,362,505,362,414,121,491,526,
297,159,361,185,253,443,398,444,370,66,164,237,258,275,405,549,492,265,312,3,97,41,133,96,285,332,408,39,545,116,397,29,46,69,107,144,161,183,248,381,34,143,516,472,500,254,231,62,131,246,212,24,480,484,102,117,196,288,374,90,336,7,153,417,423,
514,499,58,115,111,396,26,52,229,43,241,254,303,214,199,33,177,42,26,547,61,117,209,219,472,486,79,91,302,355,383,504,146,325,219,213,533,543,42,
439,66,534,158,478,20,44,159,364,489,531,83,176,325,427,431,488,541,
364,208,205,149,19,184,26,31,100,105,367,544,102,312,110,156,222,386,422,516,455,470,152,204,400,202,279,390,460,117,44,23,488,491,366,394,473,150,284,486,514,
23,266,502,299,454,92,177,226,416,536,537,93,152,438,219,518,379,507,133,387,505,115,265,335,398,411,220,59,148,169,416,
173,390,539,15,13,139,154,216,249,203,347,484,489,2,97,348,484,
134,137,413,296,137,216,299,366,445,521,9,23,43,19,156,335,233,346,148,157,130,206,251,288,333,512,530,86,314,467,79,252,70,227,267,520,533,15,462,11,191,293,383,441,485,96,
30,433,167,9,225,275,92,86,487,259,105,109,417,50,414,450,549,143,202,395,450,547,
362,177,119,274,506,244,202,270,271,450,55,151,200,71,242,408,
401,23,483,74,228,320,356,34,58,150,132,413,167,219,7,41,313,367,31,474,499,479,283,410,434,260,109,167,329,380,414,180,190,320,102,38,23,524,532,71,39,138,271,278,73,316,539,115,144,153,252,158,451,251,280,287,515,540,153,455,510,118,292,319,331,367,376,477,510,475,369,415,217,345,492,12,305,257,126,465,43,148,118,401,5,372,198,232,301,373,343,473,210,46,439,21,21,128,184,261,549,
207,107,42,335,184,270,298,436,11,127,70,211,231,68,254,204,220,286,454,52,389,500,65,237,490,273,335,537,96,109,124,165,326,483,468,342,16,53,131,
137,261,134,318,506,128,189,98,78,4,288,307,373,231,178,351,145,501,305,464,49,540,389,394,508,214,228,162,481,198,303,508,38,
469,80,337,12,335,371,47,504,219,122,29,531,92,320,325,333,389,477,440,154,31,440,209,61,286,313,130,136,274,346,147,244,419,110,183,202,530,51,133,303,334,340,407,443,543,258,370,
5,397,428,109,318,
547,52,205,33,46,172,148,417,164,4,6,73,26,538,158,246,340,32,166,203,448,112,121,161,215,307,8,501,2,381,547,253,311,322,375,401,185,79,285,458,75,54,265,324,122,532,88,314,199,195,233,462,533,57,47,196,233,324,5,410,369,205,211,20,182,391,520,110,74,243,170,366,42,512,261,407,522,117,122,153,101,460,21,303,175,236,264,351,407,494,548,
144,40,401,110,540,223,146,250,0,412,430,128,150,308,
502,331,23,232,285,437,448,23,278,182,516,281,293,459,25,66,282,337,377,432,327,332,0,407,182,333,23,102,131,106,290,490,338,7,274,213,512,466,169,193,353,232,5,450,469,484,99,233,
532,54,347,353,381,422,438,469,8,108,
182,230,113,296,348,377,427,439,412,499,55,189,258,265,130,42,37,276,266,279,212,317,216,21,393,433,191,374,420,512,
230,190,97,462,535,33,499,254,370,56,290,95,182,294,129,82,235,526,346,424,325,310,487,191,249,8,287,353,406,23,42,132,142,219,149,71,225,238,267,297,422,429,480,234,288,89,546,234,46,79,133,147,199,208,117,57,496,522,301,294,527,269,506,351,437,
268,89,208,534,113,151,167,39,379,253,219,225,346,375,67,91,110,115,386,258,338,50,27,16,145,199,343,135,362,506,271,
438,104,373,36,336,301,329,338,425,24,295,23,172,107,8,79,377,389,95,229,278,431,467,444,453,180,242,339,517,538,391,549,233,469,
518,9,337,294,137,316,400,457,155,311,489,58,216,73,252,293,214,215,92,302,386,358,367,367,416,143,80,482,198,500,117,196,502,
15,35,32,226,469,482,62,87,85,108,53,183,426,330,140,118,198,199,538,485,146,267,284,345,444,510,520,527,132,235,399,424,496,366,423,79,100,172,204,30,503,147,333,422,
57,50,245,72,76,98,194,273,179,440,487,38,287,194,386,338,263,311,29,404,72,281,398,19,285,488,40,101,156,262,523,390,407,371,128,144,374,431,474,25,448,126,435,452,496,504,249,117,201,372,202,207,233,321,367,181,524,20,292,96,147,60,6,387,294,385,452,537,375,16,225,327,372,20,8,6,279,312,427,435,161,184,29,109,510,
455,364,96,25,183,240,434,496,523,540,211,283,335,427,
164,397,164,112,296,
136,96,469,316,446,
338,268,427,95,187,356,472,533,
211,89,207,30,52,193,544,69,141,162,315,540,95,273,323,379,384,429,549,220,92,199,124,301,404,210,373,473,548,469,492,536,503,
433,515,134,318,357,370,387,391,473,343,79,484,524,13,20,506,544,109,197,0,422,439,95,179,381,422,135,324,414,132,67,142,31,54,190,153,236,509,30,288,483,310,112,32,256,356,361,36,378,315,178,331,400,502,536,99,210,108,526,
439,12,182,236,528,46,4,218,432,454,35,129,237,356,467,518,
422,230,364,343,259,311,
142,391,9,169,223,226,353,269,110,374,451,350,372,383,457,155,309,
96,90,200,71,388,34,249,208,274,287,339,63,58,451,168,319,324,511,176,333,516,202,147,404,271,323,506,546,307,481,134,
301,140,438,230,80,159,94,95,369,75,517,286,3,95,206,220,449,486,
534,2,74,251,44,411,24,45,1,126,311,399,85,410,332,17,245,70,95,389,204,305,13,507,134,337,463,258,283,386,447,183,414,362,254,166,316,161,351,403,521,48,189,225,251,379,226,65,309,351,258,370,439,423,193,242,382,275,293,393,86,88,155,184,243,441,482,
214,137,514,
468,187,512,207,
460,28,448,427,533,120,156,212,288,483,77,36,131,66,131,366,19,382,434,
325,289,230,71,378,422,49,246,393,442,472,252,483,549,
512,204,493,172,186,271,160,124,141,169,398,468,414,384,544,485,245,0,0,346,373,391,435,446,58,458,458,
276,337,112,147,421,85,193,240,249,437,381,98,153,17,528,542,70,247,299,526,
200,333,60,126,74,114,212,237,397,472,383,96,535,539,200,113,34,274,101,432,493,296,408,541,462,47,150,198,471,477,331,470,113,155,210,378,165,520,184,286,491,216,14,409,122,336,460,461,481,457,478,
172,12,512,97,46,63,105,22,250,54,467,20,531,533,150,240,272,42,172,295,342,526,539,
337,7,239,200,518,55,239,469,281,262,504,525,378,242,531,43,180,18,400,506,91,340,223,13,42,129,276,116,326,189,523,230,478,545,117,165,0,208,54,308,417,377,400,416,476,260,433,441,454,325,525,193,545,474,519,386,446,
96,253,57,455,136,172,41,235,395,424,3,50,71,390,467,527,214,540,
353,532,204,60,172,202,
195,56,176,502,282,409,209,506,40,438,48,414,84,330,337,415,544,263,392,147,94,72,435,517,516,343,98,487,146,191,237,250,537,436,523,98,133,205,332,437,217,223,413,
299,456,134,161,466,367,378,
425,438,336,36,545,109,
366,460,364,300,
448,14,2,167,225,12,435,435,47,44,387,51,68,25,385,22,124,162,387,501,492,117,48,155,433,118,124,301,541,257,59,183,200,123,358,399,102,410,337,460,505,77,112,515,124,153,385,236,17,184,382,483,347,394,410,470,548,43,411,458,511,539,254,220,270,424,434,523,
457,518,397,428,349,304,190,122,292,179,238,275,416,
519,0,331,114,135,335,337,
243,111,16,94,481,514,392,39,544,199,267,415,488,60,154,256,359,428,444,352,388,78,443,
270,362,30,162,53,63,319,327,
270,207,427,52,542,
173,53,427,78,176,
164,269,281,337,317,258,39,19,128,488,111,175,513,78,248,383,164,272,317,134,427,76,486,15,329,349,380,527,291,295,63,58,354,156,55,402,410,122,135,250,281,523,538,71,324,342,494,
427,182,483,181,97,364,417,436,90,442,196,288,315,366,42,313,318,378,
367,345,401,336,136,309,341,383,472,
539,173,200,93,54,49,191,447,486,118,363,468,532,43,303,406,281,308,334,381,472,496,308,373,490,496,
12,524,469,529,361,339,136,154,166,439,200,401,535,23,448,83,182,190,212,136,57,486,492,228,482,533,546,175,205,240,477,
182,547,12,120,398,
130,134,61,151,240,345,287,
401,205,220,266,480,119,186,287,70,230,492,61,27,373,15,443,
214,89,0,66,383,456,
243,440,
205,138,433,16,481,302,440,
304,457,487,
539,6,58,326,372,37,63,414,437,459,83,484,308,541,
303,547,469,
532,547,365,
195,547,139,350,471,329,
120,460,205,
193,276,
124,466,448,
444,438,15,
343,524,268,
36,438,117,86,
348,182,
421,331,298,337,
97,297,
320,469,427,365,205,
146,144,144,
54,547,172,
483,207,
258,268,25,322,331,
488,243,364,303,
483,401,89,
430,397,216,
540,144,397,
46,172,440,
12,178,401,
346,134,
292,457,57,
90,96,
395,96,89,
467,439,
95,301,338,
113,397,
267,134,243,
162,211,
69,211,
172,172,15,
183,15,297,
220,207,401,122,
156,164,
414,195,512,
266,23,181,
167,30,401,
389,137,
539,172,9,
514,427,364,
152,23,
52,514,
21,401,182,
352,243,487,
3,392,96,
71,362,96,
383,214,142,
159,439,301,
41,89,
469,532,419,
97,230,
249,298,173,
428,457,
407,144,284,
427,439,455,
378,299,427,
110,142,547,
309,367,142,
494,547,164,
158,471,
472,
261,524,547,342,
122,298,220,
476,337,
95,433,
141,144,
79,336,134,
467,187,
546,230,
0,214,512,
221,9,208,
122,200,547,
506,268,230,
237,439,392,
253,96,298,
528,439,487,
389,207,438,
381,297,336,
78,173,
83,205,539,
50,30,96,
122,164,457,
284,89,
544,364,195,
240,172,298,
336,297,200,
341,474,
162,270,471,
474,337,
544,512,243,
147,276,230,
473,336,
515,401,
481,474,137,
6,57,
169,512,9,
377,438,337,
88,534,487,
157,204,331,
413,195,
452,
206,301,89,
175,12,547,
441,134,534,
482,534,440,
443,401,243,
59,23,
249,119,96,
542,440,270,
526,433,276,
30,121,270,
406,
366,547,15,
287,336,401,
393,325,534,
325,337,514,
22,172,471,
109,5,425,
252,13,368,240,265,372,
481,205,200,
153,276,547,
303,539,137,488,
178,137,433,
7,397,502,
139,195,173,
106,298,502,
70,134,401,
23,134,12,
449,301,397,
169,23,
216,200,387,430,
49,325,331,
533,338,
446,136,337,
25,9,168,
296,200,164,
54,337,
287,130,
510,15,
6,539,
131,440,
336,
351,214,230,
91,214,
281,164,539,
181,
540,474,455,
46,205,401,
133,195,469,
386,208,268,
51,469,392,
523,164,455,
434,455,460,
308,539,539,
17,276,448,
432,439,
323,96,397,
398,427,487,
39,392,204,
339,367,96,
491,200,
133,230,336,
454,234,337,
380,119,164,
367,518,339,
480,297,401,
428,243,5,
484,539,89,
79,474,433,
232,502,
154,173,243,
410,164,258,
248,487,
438,258,
199,514,
13,534,
327,502,57,
386,440,518,
240,276,252,
169,502,427,
419,469,469,
486,524,12,301,
383,205,
58,96,205,
447,539,
504,514,
343,195,89,
457,142,200,
203,204,173,
100,205,15,
538,387,164,
118,401,474,
467,134,438,
202,362,364,
165,524,
471,195,
272,172,
36,433,460,
210,401,211,
466,299,
79,438,
400,364,337,
147,469,
42,182,547,514,
37,539,182,
32,
117,36,
470,200,364,
173,208,
416,457,23,
112,164,440,
182,336,
318,427,5,
83,397,439,
70,276,
82,427,22,
330,119,
440,205,397,
21,401,547,
365,320,532,
234,454,
271,474,268,
184,401,534,
547,30,377,
176,439,173,
487,
549,325,401,
434,448,144,
247,22,276,
150,144,89,
483,325,
60,243,353,
300,366,258,
15,401,134,
395,471,30,
53,207,270,
164,547,89,
469,487,438,
240,12,
208,364,337,
308,539,144,
383,367,134,
494,187,
291,164,
256,119,
117,297,448,
7,89,
172,96,
252,440,134,
354,336,
501,137,
271,487,96,
38,137,
484,502,173,
347,173,119,
244,89,362,
213,514,
13,173,214,
223,298,144,
151,362,130,
450,30,502,
90,427,297,
193,211,337,
334,469,539,
414,294,30,
299,208,
315,427,524,
184,448,200,
126,204,440,
37,387,
258,182,534,
439,433,
241,514,
202,96,469,
339,438,427,
398,208,23,
82,204,524,
242,362,438,
198,137,
500,207,
48,195,448,
294,518,
92,211,30,
389,119,
204,207,512,
62,15,
165,200,
26,294,
18,
156,460,204,
423,331,534,
307,96,294,
202,353,30,
335,519,455,
356,338,439,
268,
299,276,
63,270,
337,519,
128,144,401,
545,425,208,
44,439,
342,172,207,
191,182,
519,337,487,
11,336,134,
543,469,514,
526,294,172,
430,144,
69,487,440,
25,258,455,
325,469,
283,534,
71,524,325,
165,207,258,
338,440,
544,
65,427,
214,13,91,101,351,379,
61,130,
390,119,173,
364,427,
354,336,
179,457,387,
531,258,
398,182,
12,377,
274,471,
137,134,
20,57,547,
101,214,547,
345,130,
288,427,
482,187,12,
16,205,207,
164,
318,294,
462,471,
538,438,427,
235,96,
80,301,
245,512,
446,208,512,
343,187,
83,524,12,
531,172,
460,187,
