297,3,427,53,38,387,503,27,64,74,116,275,312,338,
338,427,150,187,81,472,533,211,366,126,453,521,460,209,466,390,430,6,468,207,345,388,511,74,108,298,332,345,534,440,480,238,352,417,460,114,207,317,
448,14,2,167,225,12,435,435,47,44,387,51,68,25,385,22,124,162,387,501,492,117,48,155,433,83,118,124,301,541,257,59,183,200,123,358,399,102,410,337,458,505,77,112,515,124,153,385,17,74,382,483,347,394,410,470,548,43,411,458,511,539,254,220,270,424,117,523,385,416,474,46,80,369,102,528,13,46,155,221,291,395,192,111,155,92,325,384,174,344,409,6,32,135,264,367,470,36,187,222,224,240,403,
200,333,60,126,74,114,212,237,397,472,383,150,535,200,113,34,274,101,432,493,296,408,541,462,47,150,198,471,477,331,470,113,155,210,378,165,520,205,286,14,409,336,460,461,457,478,448,354,296,389,489,346,99,283,520,393,173,484,355,
460,474,
48,90,448,198,5,121,301,226,449,148,
70,134,401,165,15,86,377,431,25,469,533,55,157,185,229,238,281,332,441,450,16,
389,137,273,287,540,163,258,272,317,341,364,525,336,435,
469,80,337,95,335,371,47,504,219,122,29,531,92,325,333,389,206,477,440,154,31,440,209,61,286,313,130,136,274,346,147,244,48,110,183,530,133,17,334,340,407,443,65,258,370,216,516,422,233,402,491,233,322,546,184,213,324,497,182,251,537,148,3,114,149,312,367,398,452,454,
524,51,456,106,25,439,463,124,251,87,43,9,485,414,313,183,417,470,507,260,341,91,115,188,287,33,456,356,431,457,33,215,16,336,350,18,100,315,485,89,189,509,144,302,331,368,460,77,190,183,250,151,485,237,260,96,132,484,71,536,83,98,173,454,486,512,491,183,294,433,470,216,316,85,437,231,73,136,346,51,84,263,94,383,427,549,266,342,530,118,497,549,
390,71,338,386,
138,430,423,
136,469,316,225,511,217,174,261,11,523,461,368,168,64,279,492,510,132,262,424,465,85,141,143,329,379,253,
296,527,200,164,38,60,194,221,286,339,12,318,
514,
427,483,181,97,117,417,436,90,433,442,196,288,315,366,418,42,313,12,22,262,326,163,512,541,228,285,330,398,388,70,345,390,401,432,508,509,535,540,124,173,237,378,485,416,418,424,
159,71,367,124,122,352,539,548,116,180,406,475,
498,52,474,31,210,230,32,488,216,327,170,462,494,101,157,
173,53,427,515,72,152,384,547,164,31,298,317,10,532,123,140,241,346,447,471,493,413,310,444,447,547,219,362,488,451,514,442,
407,60,144,284,30,111,337,354,142,384,393,415,541,3,7,231,419,
504,494,337,105,
457,62,49,474,8,407,71,542,
134,137,413,296,137,216,368,366,445,521,9,23,43,19,49,156,335,233,346,148,157,130,206,251,288,333,512,530,86,314,99,252,70,227,520,533,462,11,191,293,383,485,88,85,136,302,446,510,71,168,499,100,488,232,492,291,485,512,337,338,439,163,496,337,425,493,524,388,
95,469,25,92,148,223,298,311,
144,252,254,91,21,63,157,395,407,92,23,258,274,29,473,185,50,97,124,530,0,104,173,27,310,187,87,378,529,227,249,227,398,253,98,198,18,83,222,535,170,277,479,423,
150,338,511,142,267,
336,297,200,308,315,248,334,445,479,487,0,162,328,19,65,373,45,96,364,428,486,495,40,151,
502,331,232,285,437,448,23,278,182,516,281,293,459,25,66,282,337,377,432,431,332,0,407,182,333,199,23,102,131,315,290,490,338,274,213,512,466,193,353,5,422,5,450,469,22,99,233,1,151,356,226,442,3,522,420,195,475,480,119,207,264,424,17,308,331,478,68,219,314,393,
168,32,71,324,337,381,446,86,229,315,422,538,116,246,71,349,183,208,212,313,478,453,490,547,107,248,432,514,543,
227,144,427,302,
3,392,73,147,52,102,118,295,297,333,340,507,78,333,427,512,150,192,540,6,381,535,295,382,386,432,503,469,94,197,305,428,
147,230,72,491,186,94,232,496,192,225,143,
243,440,421,438,16,66,172,180,303,506,256,138,149,246,252,489,210,215,
435,440,137,412,543,
335,455,308,317,485,92,282,190,21,499,232,334,548,308,475,516,244,444,462,545,
152,125,117,375,98,356,
211,269,105,30,52,321,544,234,141,97,315,540,95,273,323,379,384,429,549,220,199,124,301,404,373,473,548,469,492,536,503,214,208,251,302,276,307,166,355,430,212,284,310,324,352,402,503,300,548,222,257,188,310,313,427,433,452,173,129,351,212,132,407,
425,189,36,545,28,217,238,393,357,137,215,293,386,467,210,257,264,98,111,9,387,411,422,111,225,387,223,
36,117,86,94,154,297,344,381,474,98,33,104,142,55,329,206,372,137,301,399,149,401,9,92,234,42,394,423,472,511,139,203,491,
455,230,196,183,240,160,496,523,540,211,283,335,68,89,179,409,110,178,452,501,531,411,484,487,303,319,421,438,453,70,362,212,301,87,282,450,501,
230,164,190,320,462,535,33,499,254,370,56,290,330,95,294,129,82,235,526,346,424,66,310,487,191,249,8,287,353,406,23,42,132,142,219,149,71,225,238,267,297,118,429,480,234,288,89,153,234,46,79,66,147,199,208,117,57,496,522,289,294,527,269,291,351,437,344,443,172,142,384,149,501,538,372,214,20,134,264,287,107,1,261,521,
392,3,134,298,102,22,353,72,175,318,399,253,289,347,411,64,55,533,33,337,174,73,259,135,534,134,150,189,272,
238,425,198,327,452,526,129,179,251,375,202,487,60,477,127,124,
366,163,467,300,164,478,388,61,154,486,365,423,122,148,179,49,200,420,63,512,541,98,164,172,494,505,366,486,532,
287,3,401,224,500,502,539,
440,469,474,386,105,126,231,357,252,488,41,27,74,243,384,462,338,377,523,93,98,316,319,140,542,171,407,440,533,261,412,89,127,43,435,61,144,468,315,349,361,492,338,167,366,60,324,341,436,
177,136,160,327,
130,134,61,74,240,345,287,418,321,387,133,412,440,209,218,448,523,109,470,484,14,361,487,176,510,198,297,327,31,497,81,142,210,233,248,281,393,402,496,521,
401,315,266,480,119,186,287,70,230,492,61,27,134,373,100,443,297,318,311,463,536,73,490,517,16,440,497,209,227,10,121,363,437,54,512,543,241,395,31,262,311,338,403,442,
164,3,296,45,176,19,341,217,304,397,42,340,345,168,251,264,136,185,444,516,26,232,303,496,523,528,233,416,442,232,279,390,449,526,
367,345,136,159,341,383,472,54,408,416,190,320,394,273,307,323,339,521,98,248,461,520,542,142,233,352,56,85,130,276,311,317,508,265,393,453,244,488,416,445,
447,297,173,176,
366,547,15,9,42,59,196,274,405,417,548,366,107,118,191,264,220,
540,474,455,
225,132,268,231,263,
469,487,503,33,263,252,518,288,202,388,461,
15,35,32,226,469,482,87,85,108,53,183,426,330,140,118,198,199,538,485,146,267,284,345,106,510,520,527,132,235,399,424,496,366,423,79,100,204,30,503,147,209,333,422,75,476,54,86,6,488,527,5,65,406,545,161,367,78,251,331,444,
124,466,448,89,65,224,229,377,56,171,366,39,295,353,379,469,217,159,148,215,216,12,430,493,175,275,319,
11,137,297,356,
71,377,168,133,175,286,
532,173,177,290,291,127,255,343,390,260,486,
304,138,487,212,55,214,223,150,211,178,213,230,308,448,107,150,376,492,88,503,342,459,
126,153,338,141,202,41,458,37,149,185,189,195,380,199,317,513,
174,136,1,517,153,204,300,
210,25,498,256,54,333,412,281,346,
383,367,134,169,301,444,458,286,32,45,159,111,310,490,495,22,142,313,
214,137,40,166,182,222,361,398,401,72,399,466,3,177,186,478,205,451,137,298,423,446,57,43,102,472,322,537,
22,448,444,529,82,247,352,107,125,203,328,388,99,141,173,263,338,350,529,218,169,472,512,66,21,387,34,138,435,446,184,393,127,330,175,240,261,53,459,478,
547,52,33,46,172,148,417,249,4,6,73,26,538,158,246,340,32,166,203,448,112,121,161,215,307,8,501,2,381,547,253,311,322,375,401,185,79,285,458,75,265,324,122,88,314,199,113,233,462,533,57,47,196,233,324,5,410,36,205,211,389,29,391,520,110,74,243,170,366,512,157,407,522,117,286,153,101,460,231,236,264,351,407,494,548,218,327,137,443,270,316,522,122,244,354,365,447,328,390,80,392,188,414,104,208,267,327,337,441,
494,547,85,19,32,389,4,510,95,23,393,504,68,301,336,526,147,208,311,501,
97,411,197,545,
487,292,304,27,547,352,300,519,153,90,469,199,309,70,46,339,135,435,357,431,486,276,376,27,65,122,432,269,312,333,380,395,419,412,496,
440,130,401,321,215,268,343,
125,152,159,238,
71,164,464,124,159,81,109,269,390,154,93,233,322,453,526,25,377,522,532,266,440,296,305,359,376,
377,319,346,527,75,338,395,10,12,185,331,547,71,120,204,370,427,48,137,85,527,388,106,190,73,141,195,214,433,183,321,
110,441,547,67,27,171,369,171,233,464,237,266,276,415,41,133,182,464,522,
297,159,361,185,253,443,398,444,370,66,164,237,258,275,405,549,492,265,312,3,21,73,41,133,96,285,332,408,39,545,116,397,29,46,69,107,144,161,183,248,381,34,143,516,472,500,254,231,62,131,246,212,24,480,484,102,117,196,288,374,90,336,7,153,417,423,212,155,374,460,316,447,11,174,345,23,41,387,485,69,116,131,140,278,356,538,204,420,29,502,146,294,299,
427,13,55,358,312,315,163,457,308,403,23,28,247,295,329,12,29,486,249,182,249,368,465,415,8,173,333,308,365,56,377,438,65,191,227,102,123,126,538,118,202,82,104,401,44,65,37,503,114,163,184,222,374,209,216,297,376,490,54,200,163,257,259,343,347,227,233,398,80,230,241,167,246,31,113,219,288,311,388,115,196,
322,71,214,
137,261,134,318,506,128,189,98,78,4,288,307,373,231,418,351,145,305,464,49,95,540,389,394,508,214,228,162,11,52,288,508,37,386,415,237,231,445,473,138,517,220,6,427,435,83,87,395,404,49,135,160,218,212,80,424,434,219,236,386,444,139,179,183,225,306,407,
474,484,101,293,14,231,293,74,33,235,194,217,188,292,79,107,125,7,208,135,95,151,295,440,191,390,14,93,96,50,118,79,40,137,166,263,385,219,373,477,306,408,41,162,166,540,548,337,9,152,374,61,67,498,254,391,449,131,170,460,546,214,234,87,90,198,212,292,55,76,111,121,221,312,447,461,
183,15,297,189,245,504,30,107,185,244,408,510,161,356,
533,337,440,268,64,172,533,46,420,465,518,70,27,410,446,502,
197,218,258,76,78,319,320,425,8,97,179,236,246,214,505,237,238,341,449,493,489,541,87,
475,502,157,5,304,341,462,512,
182,214,17,168,241,368,169,
542,440,131,69,239,241,255,309,474,492,20,305,97,256,468,
539,446,295,223,224,281,320,477,141,238,260,245,300,423,453,532,241,516,
157,317,150,105,157,191,242,475,544,15,464,477,9,81,144,255,232,478,484,516,
258,536,71,323,34,165,401,410,197,67,529,255,300,327,403,531,324,176,440,370,15,66,102,149,261,293,422,429,56,83,159,294,341,448,163,215,330,450,18,259,292,336,102,194,106,433,479,520,467,
94,36,313,58,198,254,272,293,379,382,505,517,115,146,158,310,335,425,
431,502,487,
337,7,239,200,0,55,239,469,281,262,504,525,378,242,531,43,180,18,400,506,91,340,223,13,42,129,51,116,326,189,523,230,478,545,117,165,0,7,151,308,417,377,190,416,260,433,441,405,325,525,545,474,519,386,85,361,35,463,533,178,238,256,270,17,408,529,428,459,194,322,435,31,442,28,112,222,296,504,509,83,158,497,
430,50,211,48,80,111,5,5,359,435,55,241,455,138,234,548,83,288,350,372,106,270,470,234,311,
527,291,377,
438,258,426,189,
346,134,194,
446,214,539,
395,487,401,
198,238,96,
377,337,
401,36,
286,383,547,73,83,
493,197,124,
320,197,539,
218,197,137,
407,105,457,
110,455,
447,547,173,474,
239,542,
301,494,48,314,
25,210,70,
352,487,
416,367,448,291,
326,427,
233,427,367,
105,211,157,407,
432,168,3,
61,130,
147,469,
376,487,304,132,
409,455,
476,15,
212,297,304,
420,297,533,
252,440,134,80,
311,95,401,
214,230,197,
276,367,110,
132,225,
169,22,182,
343,427,
198,130,94,
144,440,
386,137,234,330,341,544,
121,48,401,
276,487,
142,230,367,
461,474,469,
349,440,
0,336,337,
241,427,
457,200,
6,3,448,
505,94,366,
489,197,243,
508,427,
291,134,230,416,
73,3,377,
312,469,297,
230,427,498,490,
184,469,22,
133,469,
89,124,440,
516,335,
22,383,392,
382,94,3,
234,474,386,
153,547,
442,164,
33,392,469,
485,134,297,
427,137,
389,200,494,
1,230,174,
412,435,487,
423,138,144,
25,71,95,
17,182,
237,110,197,
523,455,
542,
55,70,474,
517,174,94,
321,440,211,
142,407,383,
288,469,427,
412,210,
259,429,425,
117,36,
167,427,440,
65,124,336,
231,225,137,
435,487,
289,392,
374,427,474,
116,159,297,
545,335,97,
311,367,
49,137,366,394,
88,304,
315,336,502,
512,22,3,
136,134,
188,211,547,
345,338,427,
395,137,
548,
48,377,469,
256,243,210,
451,173,
429,259,
137,134,
74,448,338,
480,502,
183,168,
221,448,
118,366,524,
16,401,243,
497,337,524,
199,487,126,
240,22,448,
388,469,134,
496,487,130,
403,401,448,
132,211,524,
502,287,533,
187,448,144,
241,182,539,
267,150,547,
512,475,
296,200,71,
159,258,
19,336,164,
474,457,
273,367,
390,532,164,
255,532,157,
541,407,197,
503,211,
192,448,3,
37,427,
199,502,
15,70,157,
18,144,258,
55,
259,258,392,
510,183,130,
308,336,304,
89,455,
12,427,
73,524,297,
79,474,87,
3,407,287,
248,168,130,
150,392,304,
242,157,
133,71,
526,238,
492,304,
196,366,316,
232,147,164,
185,126,70,
502,297,
42,366,36,
219,427,137,
27,440,
484,200,157,
493,134,173,
238,70,338,
445,137,
56,124,
263,469,524,
214,377,
409,448,
435,337,430,
191,157,
303,164,243,
337,392,134,
107,304,
272,392,
516,157,539,
486,366,532,
306,137,
541,427,
233,469,
17,469,337,
404,137,
109,130,
425,134,
170,498,144,
311,427,494,
147,494,
417,366,338,
428,336,
315,427,524,
394,367,
264,425,164,
5,15,
387,22,297,
60,407,238,
86,70,
373,336,
465,533,
542,457,
324,211,
362,173,
361,130,440,
346,524,
66,243,230,
406,159,
80,427,252,
139,36,137,
450,70,455,
134,392,
233,130,
281,210,130,
459,304,22,
98,152,425,
115,427,94,
215,243,440,
158,337,94,
232,164,157,
305,3,71,
452,469,
416,427,367,
367,469,
314,301,502,
210,243,130,
146,297,94,
462,475,335,
225,137,136,
149,258,469,
338,401,297,
31,130,401,
27,297,533,
317,338,126,
189,438,392,
368,182,134,
467,258,
64,392,297,
327,547,177,
521,230,130,
487,336,
303,455,
88,134,
216,
510,15,
90,427,297,
387,130,
238,337,
449,48,164,
113,427,547,
45,336,
56,367,
441,110,70,
60,296,440,
107,168,
274,366,
453,539,367,
38,296,297,
264,230,448,
479,144,258,
279,136,
374,297,
146,
316,196,297,
416,164,
336,258,494,
337,407,
490,168,383,
537,469,
418,427,137,
315,440,
26,164,
90,474,
423,214,
17,448,
28,337,
341,258,
107,183,
257,211,
4,494,
346,210,
300,487,174,
341,475,164,
223,95,425,
52,498,
85,136,
160,177,
153,126,174,
398,427,144,
411,455,392,
339,296,
333,487,210,
312,474,487,
548,159,366,
393,367,407,
503,297,3,
63,366,144,
221,296,474,
286,296,
509,337,
28,425,
122,366,
549,524,
202,126,238,
141,377,126,
470,200,
490,427,230,
405,337,
328,336,547,
503,304,469,
164,71,
330,258,
528,448,
131,542,
452,211,238,
107,366,230,
356,11,152,
407,440,
477,539,
131,474,
269,487,
236,137,
256,542,
386,137,3,
122,159,
419,487,
37,137,126,
54,210,401,
80,
378,427,
230,304,
327,498,
190,335,337,
118,230,
73,392,286,
480,297,401,
87,144,474,
526,71,
492,542,440,
214,474,
231,289,
87,137,79,
521,338,
421,
41,110,126,
444,335,15,
104,547,427,
36,448,
419,407,
501,494,455,
349,168,
275,297,124,
442,173,401,
475,159,
176,447,
532,366,
