55,57,71,523,159,221,456,542,99,276,332,148,445,448,474,506,174,208,317,380,398,433,
448,55,456,53,101,103,172,268,276,380,
84,456,437,59,78,96,109,11,389,118,535,542,265,521,
987,25,137,170,336,157,233,353,380,352,
489,772,91,172,
25,987,61,134,264,401,512,530,
427,138,282,31,284,395,543,355,
437,84,23,112,146,353,
772,721,489,543,101,232,284,364,
331,500,459,
389,112,84,199,301,451,
500,157,331,115,158,340,438,61,221,337,75,232,241,265,416,
157,500,272,262,108,407,273,405,411,400,526,536,524,
456,55,148,298,323,47,362,35,437,448,335,343,385,
362,137,456,111,228,304,343,407,420,543,
69,132,462,314,143,46,463,360,22,39,75,263,
282,427,68,346,73,327,472,
542,55,84,148,15,188,
137,987,34,146,211,242,353,362,61,187,256,262,267,269,355,395,
486,386,91,272,280,
462,69,116,184,256,521,
112,982,389,
411,144,157,417,
386,486,34,
474,143,55,15,111,171,283,329,374,
537,350,481,
265,277,579,103,
343,456,362,
101,772,448,
208,55,
104,157,478,
228,362,
277,66,186,265,250,53,99,241,492,
421,284,
190,258,20,310,539,223,
111,474,362,
284,772,421,
91,489,486,
53,448,277,
150,236,445,
323,456,530,
157,987,104,
184,462,189,536,
221,934,500,
172,448,489,
223,190,
521,462,84,
15,542,474,
530,323,25,
241,277,500,
934,405,891,58,221,
269,137,
146,137,437,
46,69,
51,266,
236,150,
266,456,
75,69,500,
268,448,
536,184,157,
265,500,84,
526,157,
103,265,448,
98,
286,
34,386,
416,500,
264,25,
380,448,55,
395,427,137,
352,387,987,
543,362,427,
335,456,
232,772,500,
364,772,
188,542,
456,84,
405,157,491,
430,99,192,
329,474,
256,137,462,
276,448,
330,36,
445,55,150,
353,137,987,437,
480,78,296,320,
117,500,163,
478,73,104,
115,116,56,96,297,
58,934,760,
304,362,
262,157,
366,97,
268,69,
148,456,542,27,94,
192,430,
874,855,215,299,
272,486,
492,277,
149,99,
39,69,
27,148,
433,55,
516,
401,25,
171,474,
420,362,
336,987,
263,69,
266,51,
89,
398,55,
61,137,
262,137,
301,389,
148,55,
300,
491,405,
22,69,
414,173,
20,760,
35,456,
456,266,
451,389,
317,55,
233,987,
245,389,
385,456,
112,78,
71,55,
173,414,
327,282,
417,411,
539,190,
412,36,
389,245,
993,28,48,
760,277,58,20,
388,457,447,412,476,543,772,
137,452,129,501,499,522,137,153,81,463,69,579,
122,19,506,471,483,216,464,41,45,69,377,383,87,116,348,63,472,510,320,269,292,372,338,374,254,197,215,155,199,428,56,485,190,477,105,280,318,120,98,16,18,301,493,312,38,125,222,479,152,335,163,
408,12,355,137,427,
383,462,547,387,18,11,287,96,142,435,399,48,381,376,308,474,323,145,186,66,482,232,179,494,504,60,510,404,0,492,136,347,238,210,292,394,346,230,255,185,437,324,31,60,368,255,291,79,177,334,495,167,219,386,176,406,189,184,
465,218,72,427,37,325,519,210,853,
4,220,175,338,396,336,198,541,140,
488,71,419,349,327,209,8,294,467,192,460,503,179,139,248,195,667,105,
402,16,202,7,253,442,484,389,14,163,525,161,435,44,82,546,143,485,257,447,244,254,62,83,45,196,24,483,230,223,67,54,518,517,443,378,258,15,241,129,436,242,495,257,486,444,533,439,523,497,410,354,213,267,137,
459,262,308,200,122,532,95,156,378,437,456,
423,307,227,
399,122,88,535,357,500,
509,261,235,393,31,465,64,285,367,424,221,55,
167,30,481,289,74,370,74,210,141,151,392,528,150,379,402,437,508,207,527,235,427,745,
206,515,518,14,14,244,4,
358,219,141,363,534,90,535,346,282,
93,353,246,200,206,531,77,161,309,184,513,544,138,140,401,147,297,375,130,449,51,515,
295,433,444,110,280,183,32,326,307,526,217,17,59,530,