147,28,128,87,129,7,50,258,274,397,203,124,123,383,33,544,484,164,452,388,380,169,203,269,172,476,439,211,30,0,134,49,245,457,
205,379,67,191,258,109,327,332,463,219,415,474,412,222,521,207,292,445,304,90,130,218,243,469,55,265,467,454,286,532,148,351,293,466,111,406,474,61,101,100,323,479,185,362,547,214,103,108,73,115,95,267,271,525,8,320,348,138,457,483,97,102,138,77,134,376,312,422,427,459,298,327,482,492,269,254,147,288,364,471,191,341,
28,358,149,254,165,460,518,225,258,288,310,283,149,105,238,482,170,346,169,247,305,290,389,78,265,227,352,375,7,71,276,385,29,454,186,219,537,289,5,457,26,397,444,30,127,147,193,414,521,532,372,271,514,147,170,240,539,211,469,533,89,107,169,266,333,371,221,303,470,83,548,468,276,299,27,166,6,460,296,323,502,148,252,280,377,528,487,90,310,322,508,349,404,225,310,450,15,140,546,
387,46,26,237,299,313,448,483,64,304,454,475,545,280,299,314,389,521,168,416,1,134,176,397,230,497,505,251,405,413,524,435,
465,209,1,24,173,410,439,63,85,120,167,375,386,499,87,237,296,372,195,426,459,
524,51,456,106,25,282,285,463,124,499,358,43,9,485,414,313,409,417,470,507,
57,50,1,72,76,98,194,273,179,338,440,487,38,287,194,386,455,263,311,29,404,217,281,398,285,488,40,101,156,262,277,390,407,446,
487,41,64,112,305,420,460,
473,158,358,335,
549,65,46,220,389,
43,71,17,252,209,95,365,61,80,160,270,451,480,56,87,265,444,86,417,195,297,346,
33,142,79,190,376,11,356,534,30,407,93,92,201,50,412,29,107,394,176,
85,33,359,3,452,127,23,138,292,413,452,311,235,15,135,255,403,65,272,305,348,285,477,76,341,162,322,199,445,404,439,501,537,83,103,102,451,141,139,378,56,373,412,97,249,128,369,428,507,126,10,217,325,384,479,496,548,107,170,
244,401,
391,93,216,355,13,309,356,257,282,401,480,228,59,449,519,538,45,516,44,58,157,313,492,8,147,201,193,502,158,280,131,246,500,153,320,531,129,183,202,363,401,429,518,360,540,94,105,385,49,80,384,140,73,296,528,549,14,65,279,294,
43,358,173,144,252,276,328,537,26,63,129,24,525,205,266,210,489,218,233,288,499,6,109,471,478,256,
534,171,133,372,74,251,310,411,
163,318,322,
75,356,238,85,113,102,307,374,503,465,266,380,218,174,61,206,7,424,456,522,228,353,513,214,448,8,481,468,508,371,386,402,439,64,511,139,188,545,20,302,95,211,364,283,454,114,137,367,283,42,188,483,15,429,460,99,177,352,462,522,297,534,52,516,46,293,113,69,381,115,482,58,17,365,382,531,362,86,432,36,538,75,270,108,238,251,414,145,65,74,130,161,290,330,191,195,200,211,28,524,17,85,289,522,52,540,392,432,516,532,177,302,363,474,399,483,11,85,147,32,396,431,433,485,391,485,
447,189,166,164,69,417,256,433,538,63,518,78,291,421,346,497,439,279,17,416,457,526,421,21,46,208,543,185,258,458,55,190,317,404,417,433,
128,232,95,16,14,19,111,219,234,306,493,223,54,147,175,199,0,148,137,409,134,187,383,448,198,308,394,264,64,95,377,116,309,505,94,228,126,228,442,9,129,287,294,85,200,201,386,440,17,135,260,69,397,469,492,353,364,334,
150,236,105,160,426,292,365,316,85,189,245,538,34,243,125,538,49,156,158,235,304,360,175,317,387,55,113,174,269,392,426,136,226,
1,39,491,144,238,531,
85,307,7,109,112,416,
60,541,219,276,302,475,496,5,15,271,378,221,501,385,540,152,55,161,491,73,116,200,459,153,400,497,536,317,520,526,
269,94,219,495,66,3,229,273,330,501,219,88,361,432,464,470,271,256,292,205,218,426,487,514,
63,108,259,10,412,282,297,549,152,257,345,217,169,183,220,424,33,71,83,460,134,512,547,200,405,123,173,545,448,91,179,107,62,248,495,351,412,281,1,547,203,333,460,126,144,151,86,127,442,279,338,367,455,499,277,434,358,436,351,15,214,272,
56,547,70,40,189,382,470,
9,74,322,43,44,6,209,322,327,475,205,334,203,50,318,441,518,542,
145,157,75,55,256,33,159,109,55,108,543,214,267,288,99,187,447,136,395,409,19,334,
343,355,89,326,381,103,157,108,317,420,389,62,459,524,413,
41,382,148,357,96,1,68,113,92,271,443,464,128,173,123,367,104,73,116,327,196,195,487,165,354,202,477,257,276,128,134,145,337,393,441,477,
59,353,187,314,72,499,238,520,387,315,173,470,301,303,4,401,87,106,205,296,417,493,429,
164,177,236,532,53,81,93,111,151,356,369,387,400,217,190,221,353,403,7,519,
218,43,294,
358,28,313,392,14,68,174,402,498,188,43,300,306,498,531,86,279,544,547,50,288,239,279,265,241,494,104,127,534,210,379,99,140,42,3,169,261,276,285,358,437,460,181,226,248,274,359,392,123,242,331,339,146,473,485,295,15,228,365,7,432,250,230,184,370,524,150,315,411,357,456,498,506,138,477,
307,85,104,
547,52,205,33,46,172,365,417,182,4,13,73,56,538,158,246,340,32,166,203,448,118,121,161,215,307,8,113,246,381,547,253,311,322,375,401,
198,405,28,347,180,465,468,548,476,58,111,142,184,424,507,421,381,542,351,363,376,176,
483,387,28,70,542,278,474,517,
299,387,
248,322,99,183,341,233,300,440,
190,313,58,171,372,285,83,105,118,353,354,549,1,465,543,549,98,423,472,311,214,254,263,354,411,206,359,468,479,297,411,322,522,198,250,128,167,318,376,411,168,543,89,156,381,383,42,100,63,384,187,356,420,
186,28,51,125,171,281,56,161,46,250,351,410,454,433,
209,465,201,162,504,537,375,376,18,299,229,118,265,43,458,539,313,390,11,136,223,355,74,128,360,394,547,
33,85,98,138,300,366,495,526,525,264,287,418,211,255,110,191,439,
28,75,225,493,321,15,149,5,203,222,265,276,393,494,508,513,489,
271,205,32,10,232,272,5,104,228,311,331,269,13,105,221,237,260,429,462,200,252,489,501,415,
1,33,190,57,520,282,3,536,90,145,165,29,465,366,209,190,231,318,408,38,66,202,354,16,473,59,463,93,136,219,290,408,423,432,90,237,381,195,452,518,264,281,402,
46,387,447,234,343,369,
111,302,112,
65,549,310,104,105,86,253,350,485,79,338,393,412,51,419,487,
133,509,274,443,11,56,497,4,196,365,368,410,479,41,18,381,534,188,272,372,379,245,335,399,420,546,504,527,313,401,17,98,149,180,251,351,531,
89,425,463,70,343,437,123,253,458,122,128,176,241,507,209,323,268,69,402,310,373,138,222,262,470,102,210,91,192,320,240,334,365,543,460,32,238,257,272,328,359,18,498,499,245,256,293,433,507,
365,75,324,67,88,218,403,449,230,284,285,356,150,213,207,380,98,144,270,467,286,81,33,63,453,508,185,245,137,193,379,2,139,309,546,303,392,69,119,166,277,480,
364,219,281,511,315,392,397,14,273,246,336,512,155,259,327,
91,230,141,368,1,548,120,298,249,317,357,520,
337,193,7,239,200,518,
71,36,488,100,273,284,7,349,73,414,118,79,103,327,348,133,77,107,115,63,138,29,37,321,524,307,396,5,249,378,388,444,33,181,284,28,547,413,69,43,502,223,181,435,536,156,186,342,317,513,181,357,138,32,57,55,317,476,351,397,401,416,467,76,509,102,471,217,436,24,515,78,128,184,218,253,107,468,201,55,200,425,372,393,544,481,
452,62,48,29,5,250,337,184,319,347,
448,404,387,167,63,311,12,305,435,520,
433,447,134,357,370,387,391,473,
408,1,
219,205,73,181,255,368,296,379,95,156,452,137,132,146,260,364,71,151,202,422,135,80,196,151,82,182,4,269,118,439,330,381,19,59,88,216,299,262,219,226,433,507,317,40,92,64,364,365,28,43,142,144,288,336,372,277,153,161,321,456,229,
84,282,30,51,5,176,205,2,416,187,145,198,295,
191,313,282,201,331,85,336,
173,63,43,500,71,90,60,39,22,209,315,423,96,318,337,378,368,469,479,548,54,236,238,126,192,36,140,468,
285,85,310,21,294,116,205,229,412,442,138,170,425,157,245,7,
375,200,139,211,380,
193,39,1,441,449,485,486,36,450,536,545,133,432,517,337,479,529,
302,111,
297,159,185,253,443,
378,439,85,490,
397,28,245,286,466,421,
252,43,28,121,
165,93,62,463,501,538,469,125,329,518,197,399,272,341,
282,177,145,208,281,539,84,30,160,169,364,191,198,352,117,530,320,432,472,366,50,65,355,491,535,32,58,158,188,474,540,318,407,408,492,505,396,493,
213,164,301,498,54,94,147,324,321,44,177,268,265,336,476,216,265,
322,160,139,84,381,478,319,256,120,163,293,319,258,512,185,226,353,9,365,432,258,481,459,260,248,295,402,255,271,308,37,525,181,87,90,196,543,514,516,531,232,505,142,231,496,526,546,
298,205,91,
324,11,398,305,317,358,534,365,413,451,474,181,184,249,343,409,238,133,326,7,357,105,140,256,199,144,312,416,356,490,17,0,231,444,513,476,545,121,239,500,86,231,275,332,430,238,38,425,512,528,195,495,418,110,260,349,355,359,460,292,325,353,538,387,
220,156,
157,297,350,125,32,36,108,35,427,536,125,305,327,375,106,93,175,78,104,376,407,226,243,339,211,9,387,116,396,90,373,273,123,250,25,209,219,229,407,107,516,74,120,396,427,489,68,259,385,222,344,482,51,157,545,87,389,456,175,374,91,118,351,120,244,313,5,164,236,297,
147,28,391,31,50,121,544,
404,216,107,337,59,96,13,221,297,448,47,304,150,217,241,284,78,455,531,79,474,332,169,307,180,455,482,15,352,
193,391,94,333,258,13,41,251,472,481,492,499,101,248,72,337,383,427,414,59,170,198,426,517,315,
439,182,85,447,66,41,19,378,359,493,347,372,417,459,476,404,13,479,
156,328,71,220,88,163,429,57,304,321,375,131,244,308,336,155,
405,63,96,41,120,184,198,80,329,376,403,108,280,452,102,142,63,46,329,347,382,127,411,61,405,264,493,
28,491,483,
211,100,151,126,349,258,336,153,171,209,283,383,442,452,65,83,91,514,156,200,499,244,270,355,473,363,372,395,506,394,529,37,49,262,361,362,546,328,404,173,48,0,208,548,162,272,402,497,248,300,467,234,353,231,284,455,176,187,393,457,201,418,182,115,206,194,293,314,166,417,100,304,465,207,374,426,338,397,439,35,106,196,406,415,440,
182,219,211,486,353,439,140,547,129,232,328,382,460,151,282,217,309,164,178,340,387,
401,23,391,74,228,320,356,34,58,150,132,413,167,219,7,41,313,367,31,474,499,479,10,283,410,434,86,109,244,329,380,414,180,190,320,40,267,23,19,524,532,71,340,133,138,271,278,471,
230,91,74,462,535,33,82,499,515,
491,31,61,146,451,263,388,19,436,452,429,324,382,502,1,183,117,380,127,228,128,199,292,28,60,147,170,390,426,182,477,519,535,
138,33,71,51,90,196,207,262,1,125,137,0,283,384,402,472,442,515,
258,322,147,6,149,262,354,30,116,177,59,62,72,278,443,67,180,209,428,514,520,
102,71,89,93,213,173,146,142,422,94,524,0,18,503,105,136,246,427,460,
233,43,248,
63,448,190,
236,164,
372,434,176,458,209,277,491,
439,219,
285,345,524,
272,271,89,
545,157,324,
144,63,324,
432,358,75,
513,1,277,360,466,474,519,
205,84,
228,358,491,
62,452,
421,397,447,198,
153,60,182,167,
502,491,28,
13,547,193,271,
147,213,491,
10,401,
245,133,
407,33,
118,547,209,
98,133,
380,147,
78,
195,324,41,
81,164,138,
208,447,
393,211,
501,165,60,
158,150,117,
253,65,
200,128,
474,513,483,
133,
26,387,
426,211,
540,60,391,
372,465,534,
246,364,547,175,
469,128,173,
451,85,
15,28,358,
213,365,
518,9,337,
309,182,365,
400,
175,226,150,246,
169,358,372,
258,322,447,
479,85,439,
255,33,
87,322,157,
4,25,133,
320,89,
162,209,
470,269,
368,173,451,
297,190,
499,524,63,
357,41,
331,191,271,
338,57,
127,28,491,
50,147,9,
446,57,
391,433,75,
39,193,1,
405,387,405,
80,391,
203,28,9,
245,89,285,
313,157,133,
17,128,
548,173,198,91,
63,405,43,
64,387,487,
372,439,71,
365,43,89,
404,439,447,
144,1,219,
234,46,
310,534,285,
238,89,
455,404,57,
96,173,
29,1,33,
237,465,271,
28,198,
488,57,
474,75,404,
40,401,
538,391,75,
417,59,439,
18,89,
392,150,365,
277,167,
458,209,
346,447,
189,447,150,
365,133,547,219,
410,465,
335,133,
185,205,365,
468,71,
98,33,190,
96,405,
376,205,198,
515,230,138,
318,163,9,
520,258,448,
297,43,157,
337,41,193,
514,258,269,
272,63,165,
294,391,218,
15,28,63,
439,33,
493,282,405,
36,173,193,
35,211,
205,285,269,
217,71,
214,248,72,381,460,
137,75,365,
218,71,
73,205,391,
32,75,
216,391,219,
185,447,
105,391,65,
364,282,
129,43,
372,219,133,
548,
358,63,
33,1,365,397,
79,33,
392,
492,193,
285,190,
142,102,
322,28,9,
217,182,57,164,
535,282,
402,89,322,
427,102,
531,1,133,
470,524,56,
19,401,145,
380,375,
487,65,269,
389,387,
441,41,9,
155,364,156,
315,193,
168,190,
283,138,
179,
429,271,59,
413,387,
321,213,71,
452,1,
337,452,
126,85,173,
127,405,63,
336,156,364,
311,448,
244,156,157,
171,534,
164,447,269,281,317,
282,524,
59,258,193,
278,258,
223,
369,164,85,
426,193,150,
492,128,
542,198,
134,387,205,
94,391,213,
176,84,387,
444,
466,513,397,
158,473,
313,524,
17,324,43,75,
199,491,
256,324,43,
266,43,
211,28,33,
56,186,85,
280,405,
193,
164,213,
267,145,401,
90,1,28,
373,89,
499,465,89,
393,71,65,
24,
340,401,182,
381,1,
459,343,439,
543,322,
360,
118,190,
62,165,
476,198,
1,91,387,
43,9,
4,59,
334,128,145,
140,173,28,
471,43,401,
544,147,358,
209,258,372,
351,133,198,
468,173,
264,1,405,
189,56,
113,547,
216,213,404,
213,102,
86,401,43,
433,186,447,
443,297,
112,487,85,
180,258,133,
457,147,
195,465,43,
305,448,487,
360,513,209,
319,322,452,
347,452,198,
409,524,
277,372,57,
55,447,150,
460,102,487,
65,282,391,
128,209,41,
519,513,164,
214,63,
94,193,269,
427,193,205,
112,111,
229,157,269,
399,133,
183,391,
501,85,
317,91,60,
364,128,
276,41,28,
250,452,186,
249,91,
403,164,
256,89,269,
63,465,
528,391,
351,63,186,
315,
133,193,401,
384,138,85,
397,147,33,
201,128,71,
7,164,285,
445,166,172,452,
544,71,147,
97,85,
501,
264,33,
294,128,
317,150,
456,524,358,
50,282,
397,364,387,
325,
202,41,1,
453,
470,59,
64,219,
459,60,205,
231,322,
451,43,
109,85,43,
547,209,
420,487,
51,524,65,
10,271,85,
5,157,452,
238,1,324,
82,230,
184,452,
507,524,89,
200,271,337,
332,324,
22,
526,33,60,
99,248,
383,190,
499,43,
458,447,372,
325,85,324,
2,84,
136,209,150,102,
69,365,
55,71,60,
496,85,
287,33,
133,324,
205,9,59,
364,205,
46,549,405,
181,219,
546,365,133,
151,63,
426,313,491,
313,209,191,
87,43,
290,1,
95,205,
412,85,285,
66,269,439,
18,133,
173,102,211,
19,439,
355,209,
285,57,
494,28,
221,271,164,
74,230,
38,1,
543,190,
306,128,358,
400,60,164,
158,282,
121,547,
62,258,
113,150,
88,156,
198,193,
411,405,
361,269,
93,33,164,
334,89,
411,358,
16,1,
138,205,
37,322,
93,1,
442,63,
