59,353,187,314,72,499,238,520,387,315,173,470,301,303,401,87,106,77,296,417,493,429,102,71,104,331,388,422,207,277,380,134,238,308,439,105,127,258,314,
101,111,433,520,
448,14,2,167,404,311,12,435,435,39,44,387,51,68,25,385,22,124,162,349,387,501,492,
57,50,1,72,76,98,194,273,179,338,440,487,38,287,194,386,163,263,311,29,404,281,398,19,285,488,40,101,156,262,523,390,407,446,128,144,374,452,474,176,25,448,126,435,452,496,504,83,117,201,372,
337,7,239,200,518,123,239,421,469,281,320,504,525,175,531,
60,541,219,276,302,475,496,5,15,271,378,221,501,385,70,152,55,161,491,73,116,200,459,153,400,497,536,317,520,526,35,240,337,471,71,176,509,185,218,406,431,504,125,449,
549,65,220,389,307,73,340,539,219,381,145,160,274,485,
334,103,145,118,271,361,
75,356,238,85,113,102,307,374,503,465,266,380,218,174,61,206,7,424,456,522,228,353,513,214,448,8,481,468,508,371,386,402,439,64,511,139,188,545,20,302,95,211,364,283,454,114,137,367,283,42,188,483,15,429,460,99,177,352,462,522,297,534,52,516,46,293,113,69,381,115,482,58,17,245,382,531,362,86,432,36,538,75,270,108,238,251,414,145,65,74,130,161,290,330,191,195,200,211,197,524,17,85,289,522,52,540,392,432,516,532,177,302,363,474,399,483,11,85,147,118,32,396,431,433,485,391,58,485,269,133,186,434,512,541,38,329,338,439,64,107,252,286,454,463,
153,60,182,167,94,41,521,535,144,
63,108,259,10,412,282,297,549,152,257,345,217,169,183,220,424,33,71,83,460,134,512,547,200,52,123,173,545,448,91,179,107,62,248,495,351,412,281,1,547,203,333,460,126,144,43,86,28,442,279,338,367,455,499,277,434,358,436,351,15,214,272,5,225,464,308,364,474,528,374,497,108,
302,111,53,373,466,305,332,342,28,46,77,227,406,233,
1,33,190,57,520,282,3,536,90,145,165,29,133,101,366,209,190,231,318,408,66,202,354,16,473,59,463,93,136,219,290,408,423,432,237,381,195,452,518,281,402,169,435,51,88,163,212,270,362,403,532,496,163,197,229,431,507,543,
368,173,451,88,220,485,506,526,73,219,
452,62,48,29,250,272,319,547,309,325,362,34,192,51,313,319,403,468,356,229,323,377,436,539,147,168,244,306,388,463,
299,101,225,304,348,423,107,239,355,333,468,65,410,518,400,
303,218,65,202,285,391,464,479,
65,549,310,104,105,86,204,350,485,79,338,191,412,51,419,182,255,56,114,256,303,331,417,125,498,155,446,246,410,
186,28,51,125,171,281,47,56,161,46,250,351,410,454,433,429,548,84,136,223,207,227,301,340,46,228,515,232,422,433,287,331,
258,322,94,6,149,262,354,30,116,177,59,62,72,40,443,67,180,209,428,514,343,148,266,431,490,245,116,266,290,334,228,291,338,414,201,230,468,482,
195,324,41,176,186,502,282,409,209,506,
156,328,71,0,88,163,429,57,304,321,375,131,308,336,155,11,65,290,425,453,523,182,227,15,38,78,102,171,213,511,548,
133,509,274,443,11,56,497,4,196,368,410,479,41,381,534,188,272,372,379,134,90,399,420,546,504,527,313,401,17,457,149,180,251,231,53,348,366,15,16,45,10,76,258,272,353,410,419,505,
404,439,447,399,
397,28,245,286,466,32,142,160,312,59,129,75,340,343,486,387,432,261,496,292,383,526,
102,71,89,93,65,173,146,357,422,94,524,0,18,503,105,136,246,427,460,76,85,533,465,278,299,387,440,456,479,520,
407,182,33,27,62,110,135,370,529,143,396,
469,6,173,22,126,196,293,329,371,392,439,533,
483,365,70,542,278,474,517,93,222,451,120,330,421,370,
111,302,112,49,253,373,29,114,230,239,325,15,477,507,35,83,101,107,325,77,165,331,417,
297,159,361,185,253,443,377,22,398,444,370,66,77,90,164,237,255,275,405,549,492,
4,25,133,21,393,150,218,394,
191,313,146,201,331,85,336,39,53,65,224,82,269,319,410,501,117,87,326,431,535,532,
33,142,79,190,376,11,356,534,30,330,407,93,92,201,50,412,29,107,394,176,76,234,247,288,523,67,136,456,515,113,133,155,386,435,329,332,496,
324,11,398,305,317,358,534,144,413,451,474,181,184,249,343,409,238,133,326,7,357,105,140,256,199,144,312,416,356,490,17,0,231,444,513,476,121,239,500,86,231,275,332,430,238,38,425,512,528,195,495,418,110,260,349,355,359,460,292,325,353,538,387,81,166,415,156,354,38,118,133,502,420,
62,452,288,308,109,180,244,410,509,422,535,530,
524,51,456,106,25,282,84,463,124,499,87,43,9,485,414,313,183,21,417,470,507,260,341,91,115,188,287,33,253,356,431,457,97,215,336,350,
39,98,211,292,370,467,509,
28,305,149,254,165,460,518,225,258,288,310,283,149,105,238,482,170,346,169,247,305,290,389,78,265,227,352,375,7,71,276,385,29,454,186,219,537,289,5,457,26,397,444,30,213,246,193,414,521,532,372,271,514,293,170,240,539,144,469,533,89,107,169,266,333,371,221,303,470,83,548,468,276,299,27,166,6,460,296,323,502,148,18,280,377,528,487,276,310,322,508,349,404,225,310,450,15,140,546,184,230,466,120,347,393,372,530,
218,294,303,440,485,104,378,404,437,443,265,386,225,
514,258,269,115,
311,326,448,33,85,129,158,220,118,
71,36,488,100,273,284,7,349,73,414,118,79,103,327,348,133,77,107,115,63,138,29,37,321,524,307,396,5,249,378,388,444,33,181,284,28,547,413,69,358,502,223,181,435,536,156,186,342,317,513,181,357,32,57,55,317,476,351,397,401,416,467,76,509,102,471,245,436,24,515,78,128,184,211,253,254,107,468,201,55,200,425,372,544,481,464,34,544,5,10,412,462,512,530,280,383,431,
502,491,28,23,232,285,437,448,462,278,45,58,446,281,293,459,
294,218,68,59,120,134,286,360,464,
491,423,315,31,61,146,451,180,263,388,19,436,452,429,324,382,502,167,183,117,380,128,199,292,212,60,196,170,390,47,182,477,519,535,65,225,210,452,
534,133,74,251,44,411,24,45,1,126,311,399,85,410,282,17,70,95,178,204,305,507,
64,0,487,345,24,221,528,
173,63,500,71,90,60,39,22,209,315,423,273,318,337,378,368,469,479,548,54,236,238,192,138,140,468,430,455,505,29,400,547,438,151,307,447,403,
200,333,178,126,74,114,212,237,397,397,535,
41,382,148,357,96,1,68,113,92,271,443,464,128,173,123,367,104,73,116,327,196,195,487,165,354,202,477,257,276,201,76,134,145,393,26,477,81,323,452,465,518,320,534,152,512,219,282,347,377,
322,160,139,84,381,478,319,256,120,293,319,258,512,185,226,353,9,365,432,258,481,459,260,248,295,402,255,271,308,37,525,181,87,90,196,543,514,516,531,232,505,142,231,496,526,546,120,135,237,248,328,336,398,498,1,249,11,387,523,196,151,161,184,394,528,
547,52,205,33,46,172,148,417,182,4,13,73,26,538,158,246,340,32,166,203,448,108,121,161,215,307,8,113,2,381,547,253,311,322,375,401,185,208,285,458,75,224,324,459,532,88,314,195,233,462,533,544,
13,547,92,271,144,161,213,
338,57,134,23,158,
474,483,101,293,14,231,405,
232,474,269,253,
176,271,57,
364,281,511,315,392,397,14,273,336,512,155,259,327,302,425,99,261,62,166,203,42,238,
433,447,134,318,357,370,387,391,473,343,402,487,524,223,101,45,544,109,197,422,439,
427,13,102,55,99,247,315,452,457,
248,322,99,183,341,425,247,210,300,107,440,38,192,379,302,340,365,493,271,351,413,513,525,220,271,386,454,373,
15,28,63,
408,1,221,222,390,488,28,28,181,194,119,246,46,390,396,378,6,534,12,172,337,458,
258,322,447,118,400,468,469,
205,379,67,191,258,109,327,332,463,6,415,474,412,222,521,207,292,445,304,90,130,218,243,469,55,265,467,454,286,532,148,351,293,466,111,406,474,61,101,100,323,479,185,362,547,214,103,108,73,115,95,267,271,525,8,320,348,138,457,483,97,102,138,98,77,134,376,312,422,427,459,19,327,482,492,269,254,147,288,364,471,191,341,60,114,210,332,126,151,276,36,526,243,210,299,400,457,338,475,
73,205,285,30,184,
487,41,64,126,112,27,460,210,288,351,128,129,194,496,49,92,123,418,419,22,24,174,290,42,246,348,489,
474,75,119,232,505,
439,182,23,447,66,41,19,359,493,347,372,417,476,404,13,479,0,537,544,289,106,474,302,411,520,1,121,376,405,27,420,480,522,
208,447,520,172,268,377,97,285,416,
145,157,75,55,256,33,159,109,55,108,543,214,100,288,99,187,447,136,395,31,409,334,398,490,507,198,230,313,322,165,167,205,304,435,247,269,315,
285,73,190,173,
213,164,301,498,54,397,324,321,44,177,268,265,336,476,216,265,34,174,319,365,469,442,468,286,103,234,278,363,
538,75,451,364,
89,425,463,70,437,123,253,458,122,128,176,241,507,209,323,268,69,402,310,138,222,262,470,102,210,91,192,544,240,334,365,543,460,32,257,268,328,359,498,224,228,256,28,293,433,507,142,390,491,363,389,405,
499,524,63,104,113,152,429,43,151,230,256,257,273,299,435,532,
230,91,190,74,462,535,33,499,254,370,48,56,290,402,476,95,182,294,129,235,374,526,346,424,
401,23,74,228,320,356,34,58,150,132,413,167,219,7,41,313,367,31,474,499,479,10,283,410,434,86,109,329,380,414,180,190,320,102,38,23,524,532,71,39,138,271,278,316,335,373,144,153,252,342,451,251,280,287,515,540,362,
182,376,486,353,439,140,547,129,232,328,382,460,151,282,309,164,178,221,14,387,297,95,120,200,225,287,308,419,492,244,407,57,83,152,281,351,
29,1,33,42,188,360,
417,59,439,65,30,275,113,172,270,
9,74,322,43,44,6,209,322,327,475,334,79,50,318,53,122,518,542,508,142,214,224,277,378,228,337,469,285,419,84,
271,205,32,10,232,5,104,228,311,331,269,13,105,221,237,260,429,462,200,252,489,199,501,415,287,334,345,71,518,40,47,176,418,86,243,355,365,289,412,419,131,244,324,371,
91,230,141,368,1,548,120,217,317,357,520,49,507,116,198,281,418,272,438,472,506,315,521,359,182,
447,174,166,164,69,417,256,433,538,63,518,78,291,421,284,497,439,279,17,416,457,526,21,163,208,16,543,187,258,458,55,190,78,317,404,417,433,511,533,314,395,285,504,533,175,195,236,404,434,509,544,
365,23,89,454,103,136,24,206,338,474,296,381,91,99,131,282,
269,76,495,66,3,273,330,501,107,219,88,361,432,464,219,271,256,292,205,218,426,133,514,232,289,336,422,439,333,533,134,351,475,526,
190,313,58,171,372,285,83,105,118,353,354,549,1,465,543,549,98,423,472,311,214,254,263,354,411,206,359,468,479,166,411,322,522,198,442,250,128,167,318,376,411,116,89,156,381,35,42,100,202,384,187,286,356,420,165,213,279,296,453,50,118,135,373,62,282,477,497,
439,35,48,102,118,383,422,50,353,456,397,422,364,
207,59,186,123,
496,1,397,419,33,
432,18,75,339,323,345,418,
21,524,4,
137,75,
518,9,337,
375,200,289,139,211,380,103,194,237,273,503,
79,33,
266,391,
485,549,368,
468,71,
164,447,269,281,337,317,
373,401,302,248,
144,63,324,
237,271,409,
336,156,364,
158,67,12,117,112,
446,57,336,
319,191,452,
268,89,208,73,
101,1,299,
543,322,
205,269,
74,230,
55,71,60,
10,401,204,
67,158,33,
336,322,269,446,
48,230,439,
90,297,133,
39,448,191,
452,57,
342,401,302,
119,408,474,372,
391,433,75,
319,322,452,
397,200,
230,258,499,
322,28,9,
321,213,71,
15,156,111,
28,302,
232,197,186,
397,213,439,
87,322,
438,173,91,
318,9,
420,324,439,
202,41,1,
28,408,
351,63,186,
479,439,
24,365,487,
113,499,33,
45,502,433,
15,132,209,48,358,459,370,500,
365,248,271,
113,547,
50,9,
339,432,
258,133,
465,41,102,
523,156,33,
163,1,57,
402,230,433,
410,299,
285,447,9,
345,271,
421,337,
112,158,
532,547,1,
62,364,
23,365,502,
355,271,
397,364,
0,64,156,
520,102,101,
204,10,534,
247,427,145,
114,111,
225,182,63,
76,33,133,
476,230,
51,448,
399,133,
290,1,
357,41,
223,433,186,
58,502,
370,15,407,
376,182,439,
377,297,
65,191,
431,
469,213,337,
331,191,271,
338,365,
370,
28,63,408,
47,491,271,
487,433,
418,271,91,
144,57,324,
195,547,447,
391,303,266,
383,397,71,
475,269,205,
351,269,182,
163,447,1,
225,218,
331,111,186,
213,156,13,
402,89,322,
256,65,
372,439,71,
435,33,145,
22,297,
225,299,491,
539,452,
521,153,91,371,
512,41,493,
422,186,439,
105,65,
129,
332,324,
140,173,28,
246,28,408,
422,269,
104,218,
208,86,547,
335,401,
81,324,
334,89,
370,483,39,
78,156,
360,294,29,
377,41,
431,71,1,
404,448,447,
454,248,75,
42,487,29,
364,538,439,
88,51,156,
381,1,
164,213,
245,
34,213,
331,59,65,
221,182,408,
118,258,75,
390,89,408,
349,448,
387,448,322,
533,447,269,
305,28,
214,63,
433,186,447,
109,433,
224,547,89,
1,322,
53,133,302,
70,60,
390,408,
493,248,
0,
133,324,75,
253,524,232,
272,91,452,
22,448,
56,186,
281,91,337,
378,9,218,
425,156,
219,41,368,
202,303,190,
66,269,439,
282,534,524,
422,59,
210,487,205,
18,432,28,
530,28,71,
97,524,
155,364,156,
86,401,208,
196,491,
118,190,324,311,
449,
462,71,502,
51,1,452,88,
182,230,156,91,
186,195,75,
256,89,269,
29,173,111,
370,297,
82,191,
219,549,269,
328,322,
142,9,
35,190,439,
496,487,
526,397,269,
452,491,427,
27,439,
184,322,73,
108,547,63,
434,447,
480,439,
492,448,297,
147,452,
505,133,474,
449,60,
233,547,302,
84,9,524,
161,322,13,
544,547,447,
59,294,
405,89,474,
43,63,499,
286,294,75,
41,153,
528,322,64,
167,491,
271,334,248,
175,337,447,
73,368,268,
282,41,365,
532,191,499,
464,303,294,
285,303,208,
83,57,182,
125,65,60,
98,205,39,
468,258,258,
22,469,487,
363,89,213,
329,33,469,
394,322,4,
99,365,427,
201,258,57,
273,173,499,
38,75,156,
6,469,408,
220,248,311,
134,269,294,
362,401,
172,417,408,
410,133,65,
123,337,207,
509,39,447,
30,73,417,
244,452,271,
388,59,
185,205,
1,91,
0,439,
155,33,65,
245,75,
152,499,
515,401,
433,186,
374,230,63,
216,213,
459,60,205,
136,365,33,
320,41,337,
459,547,15,
244,62,182,
144,28,401,
106,439,
456,439,33,
103,213,365,
134,59,338,
313,133,
32,75,
250,452,186,
468,452,299,
526,205,
213,190,
198,91,
313,452,
65,102,156,
194,408,487,
62,258,
107,269,
467,39,
479,303,102,
371,469,271,521,
439,433,469,
210,491,
333,299,200,
533,469,547,
292,397,39,
399,404,
24,64,
178,200,534,
85,311,
131,365,271,
180,258,133,
158,
271,248,
506,368,
48,15,
418,432,
457,205,133,
439,59,75,
237,297,375,
197,75,
110,407,
255,65,297,
504,60,447,
518,299,
446,502,65,
71,271,
199,491,
183,
429,271,59,
393,28,
395,447,
451,483,401,
212,200,1,
418,487,
358,15,
302,439,248,
343,397,433,
16,447,133,
498,322,65,
192,452,248,
114,65,205,
197,1,433,232,
113,417,
63,
55,447,
466,397,
282,195,190,
109,62,
501,448,
333,269,
23,338,
497,63,190,
77,302,297,
165,145,
525,248,337,
68,294,23,
215,524,
400,205,
317,91,60,
80,
71,60,59,
25,57,448,
410,62,534,
435,448,57,
509,60,62,
156,324,
95,182,
470,59,
134,205,
118,190,
240,60,
518,271,
466,28,
