129,82,421,10,96,204,373,105,22,144,102,357,86,372,393,532,178,113,487,162,203,248,347,366,83,254,53,431,354,482,247,188,275,294,484,545,174,332,86,378,402,176,398,486,192,225,362,490,13,449,242,437,267,290,
255,58,202,479,328,255,18,208,424,2,83,90,102,80,197,135,156,391,119,321,511,436,511,149,362,496,15,25,120,346,397,114,375,522,164,379,323,422,43,203,129,310,269,302,473,358,36,254,286,116,351,495,62,365,515,161,192,518,86,115,
200,307,2,488,236,
378,228,280,50,235,383,239,393,440,257,65,197,151,244,507,23,250,275,290,342,439,432,546,114,388,480,337,358,223,179,258,523,277,171,85,246,53,302,485,125,163,431,490,530,101,270,309,366,407,288,429,493,148,344,409,432,363,364,403,428,
194,41,2,112,424,464,14,104,220,66,322,521,2,394,426,198,208,450,
463,206,19,268,185,42,121,166,175,236,254,387,399,280,147,26,275,409,457,184,549,77,209,78,313,353,440,108,93,34,529,231,344,20,113,269,498,169,385,33,469,147,98,166,22,286,512,179,235,400,403,533,296,536,326,544,99,327,345,
195,5,380,27,110,237,282,327,
104,504,194,437,183,501,506,515,
211,100,151,349,258,336,153,171,209,283,383,442,452,65,83,91,514,156,200,499,244,270,355,473,162,363,372,395,485,506,394,529,503,37,476,181,416,262,361,362,429,546,
220,258,361,390,478,548,435,
153,466,87,229,53,120,362,533,191,379,397,400,465,
265,107,135,397,435,297,83,115,170,441,153,288,402,120,385,
205,53,67,103,67,191,258,298,327,332,347,463,108,219,415,474,412,487,222,444,
387,348,0,240,346,402,440,210,114,121,355,482,533,446,127,299,
157,297,150,350,125,32,36,287,107,349,427,536,125,425,327,375,494,85,175,317,78,376,407,
107,2,41,52,281,424,498,200,469,231,240,319,451,39,242,305,119,302,463,440,466,538,453,13,102,218,268,309,505,506,264,83,296,326,12,131,471,2,452,119,168,183,225,226,265,57,121,411,84,523,32,446,146,160,397,418,544,324,404,407,418,81,494,262,34,473,474,505,
63,259,10,76,412,195,282,426,297,549,257,452,345,
505,219,215,147,316,128,301,361,445,485,156,194,499,255,334,540,473,53,131,252,122,13,461,425,479,261,256,301,462,492,502,115,437,211,152,223,402,443,112,80,119,189,52,355,369,350,523,260,279,449,234,358,388,451,502,424,493,293,291,532,107,40,209,
483,89,79,543,66,284,162,261,328,217,142,104,522,233,242,
71,36,488,100,273,284,325,349,412,414,118,79,103,327,348,133,77,350,107,115,68,372,29,225,524,288,307,396,5,135,213,
67,205,342,
263,193,390,93,397,372,
106,75,332,512,257,70,125,194,12,290,163,266,358,287,463,108,305,404,156,179,302,219,345,356,16,148,62,347,71,533,388,481,301,398,405,518,543,36,445,193,264,281,431,464,502,221,339,506,
536,445,35,155,21,420,501,514,5,126,98,242,542,307,328,109,267,542,56,78,99,475,527,
180,223,536,393,219,105,389,540,193,503,72,549,381,505,90,146,152,466,140,144,75,416,35,2,377,405,295,306,462,193,479,407,502,
75,238,85,106,102,307,374,503,465,266,380,218,174,61,206,7,424,456,522,228,353,513,448,8,480,44,468,508,304,371,386,402,419,439,64,511,139,188,545,20,89,302,95,211,364,389,454,114,210,244,283,42,188,483,15,429,460,99,177,352,462,522,64,297,534,542,516,46,54,113,209,381,446,455,482,527,530,
506,57,63,
247,33,92,368,97,392,62,529,122,178,317,371,529,237,
241,87,286,130,240,60,424,459,539,126,79,291,67,525,498,536,79,112,304,338,547,321,14,39,353,369,372,459,513,207,253,390,476,327,152,465,468,498,26,263,249,339,500,530,267,484,128,204,38,240,285,291,507,548,366,59,381,420,424,372,386,
258,12,220,310,43,189,343,354,392,507,446,48,106,304,359,520,327,158,409,426,
305,168,
281,452,140,325,397,294,304,373,235,
304,75,347,73,25,285,376,436,43,358,143,27,505,478,513,181,213,226,282,372,398,5,169,216,335,371,482,497,85,393,448,348,441,234,400,418,545,
388,53,106,323,
28,358,149,254,165,460,518,545,88,258,288,310,283,105,238,365,482,336,346,135,169,247,305,290,389,78,196,227,352,375,544,
401,13,234,402,422,439,526,102,203,236,260,501,479,501,542,
504,282,347,189,118,231,246,264,343,320,371,137,153,278,30,481,503,104,158,370,406,446,484,
464,2,272,169,83,94,0,454,81,209,89,130,231,319,442,507,
226,122,304,209,
116,36,94,134,392,499,82,171,324,341,357,364,
463,107,26,25,57,254,339,499,200,415,503,28,75,119,129,152,335,9,195,360,217,510,219,485,76,413,323,
85,2,164,281,349,48,388,449,502,23,25,264,
135,126,255,360,265,273,312,373,445,96,376,412,481,143,245,439,521,162,404,134,324,373,532,204,106,495,241,381,196,314,496,548,
191,348,366,325,
462,317,218,180,341,113,264,483,530,
307,53,411,504,50,107,47,201,416,200,211,439,536,292,403,518,176,
272,464,
33,516,5,488,527,174,395,62,482,513,515,147,440,247,534,36,111,182,39,243,483,169,274,344,34,541,193,213,223,283,300,35,28,213,287,349,353,379,44,54,216,244,392,516,35,254,326,446,63,110,204,206,430,
256,248,505,70,286,
2,228,227,107,139,27,95,486,245,20,421,194,205,549,63,203,179,39,259,393,495,362,205,52,124,373,279,418,124,379,440,85,263,464,229,340,58,310,329,445,476,204,261,44,258,546,200,202,65,504,374,368,375,190,477,83,539,394,455,489,
347,15,129,219,258,76,538,186,296,518,87,430,178,304,429,548,196,504,145,206,76,86,190,390,172,322,391,481,273,15,13,322,214,325,416,240,496,82,191,272,
543,483,57,269,54,278,408,
348,387,530,332,191,27,215,247,308,343,17,130,165,247,256,392,474,241,267,335,403,260,335,506,546,105,110,245,296,509,536,
122,76,53,283,231,230,111,138,226,300,371,460,482,496,490,119,114,315,408,454,501,345,519,341,379,436,445,457,33,
460,249,96,403,387,330,157,214,424,437,351,29,482,493,346,383,425,531,445,513,
466,216,107,4,57,49,173,153,333,20,167,411,427,433,484,419,148,69,167,234,322,252,353,93,365,11,375,153,350,83,371,463,251,349,444,28,363,281,124,165,229,338,517,
314,424,
439,101,401,14,152,271,384,393,70,285,367,374,429,436,453,
424,123,241,256,314,469,484,243,334,195,259,466,496,95,139,384,467,462,528,295,385,432,103,21,139,250,254,502,108,168,187,240,246,317,434,521,
193,26,202,148,377,377,68,111,204,263,358,50,160,234,276,325,112,404,488,34,74,161,190,282,314,333,443,106,510,43,268,292,305,315,496,194,236,270,502,539,
392,247,479,141,233,485,
57,108,463,183,315,506,287,271,482,543,35,112,440,404,487,475,496,529,
205,415,2,109,153,192,316,404,506,166,323,452,517,544,
53,129,505,82,235,15,237,122,365,194,307,215,338,515,11,93,417,10,15,205,513,63,365,358,150,112,156,129,520,201,263,370,504,
447,0,19,215,323,380,494,201,319,418,
206,463,434,316,284,175,361,175,110,171,190,137,66,291,314,431,266,1,544,200,276,301,436,405,34,270,
507,378,65,35,394,56,209,320,340,439,409,
418,
22,19,
190,97,193,158,
325,71,193,77,340,251,379,382,385,440,19,27,79,372,384,402,52,198,
476,351,391,282,155,329,103,198,449,527,121,179,213,280,304,209,225,533,331,524,532,181,284,
19,149,327,469,116,223,354,441,22,94,223,336,41,105,160,227,269,240,248,271,384,193,388,476,517,520,88,127,195,213,298,353,
150,423,157,223,268,318,335,477,56,62,
248,265,129,7,64,139,258,320,
275,378,129,522,108,270,280,433,314,449,507,
79,205,241,79,22,347,206,483,179,418,140,68,45,53,88,171,355,411,
89,99,75,172,319,333,365,413,453,80,221,342,468,
466,424,316,129,298,
527,103,33,206,364,425,274,434,474,171,278,287,23,
5,119,33,168,202,433,133,28,84,161,314,382,22,195,236,171,372,143,502,101,444,502,354,467,
480,378,75,
380,33,74,195,531,546,119,126,317,54,
242,536,281,
282,504,193,
533,463,365,475,
48,85,258,
504,2,307,194,
347,205,
288,265,71,
320,507,504,
114,387,122,432,
27,195,325,
271,439,
444,5,466,
342,89,67,
349,85,33,
68,71,
219,463,205,
391,347,476,
397,107,265,281,
102,107,
349,157,
479,392,401,
319,89,
507,258,241,
300,33,122,
103,476,205,
165,93,
119,122,192,
425,157,527,
82,116,347,
108,205,57,
359,
255,
217,463,483,
257,378,
162,483,
293,505,
128,241,
475,57,536,
65,2,507,
506,205,548,
317,157,462,316,
54,75,543,380,
548,241,
366,378,191,
358,378,28,313,
219,180,347,112,
107,157,
266,106,
223,19,150,
455,75,2,
237,195,247,
298,19,466,
284,206,
327,241,258,
452,63,
333,89,
270,275,
181,304,
510,193,463,
160,107,19,
365,28,53,
372,5,304,71,
545,28,
36,116,
266,206,
382,5,
85,378,
507,275,464,
201,53,447,
270,206,193,
195,424,63,
62,247,255,
287,33,57,
316,466,205,317,
35,33,507,
373,2,135,
424,194,241,
440,387,
105,348,464,
328,536,483,
325,191,347,
83,265,
203,401,
35,57,
324,135,
159,369,
248,19,256,
494,107,157,
485,211,
545,304,
517,205,466,
29,460,
222,205,
209,75,505,
108,106,424,
264,85,462,
412,71,135,258,
482,122,28,
392,258,348,
420,101,536,
471,
503,211,504,
343,258,
119,380,
542,536,401,
520,53,19,
44,75,
79,431,325,
369,241,159,
229,2,
490,378,
88,28,
41,194,
440,57,325,
287,157,527,
365,533,494,
152,505,
77,325,
57,
263,2,
179,476,79,
271,57,
286,256,
233,392,483,
53,79,388,
135,71,28,
198,476,
133,5,
336,28,
76,463,122,
267,129,536,
254,424,33,
413,89,463,
383,460,
389,75,
336,19,
542,75,
225,71,476,
112,57,53,
392,33,116,
341,462,
334,424,505,
89,425,463,
35,536,33,
235,
426,63,
446,75,504,
218,462,
496,57,135,
431,129,79,
501,104,425,
299,387,
226,107,
78,423,
258,378,
130,348,
244,75,
284,483,
209,226,464,
346,460,
81,464,
172,89,
152,439,
496,193,347,
108,275,
419,466,75,
274,33,
350,466,71,
116,19,
277,140,
499,116,
216,33,
381,135,241,
76,63,
12,
181,211,
210,75,423,
243,424,33,
179,378,254,
162,135,211,
424,460,505,
484,424,
26,463,241,
236,193,200,
468,89,
56,536,150,
530,75,462,
85,157,304,
385,265,
231,464,
407,180,157,
278,543,
513,460,
127,19,387,
548,135,506,
429,211,439,
191,153,347,
379,153,122,
444,205,
78,536,157,
130,464,
245,348,
198,325,194,
432,114,378,
370,53,
129,53,466,
544,28,205,
196,28,135,
435,220,
99,463,536,
418,447,304,
88,79,19,
222,
418,107,
546,378,
474,107,
404,205,57,
268,193,150,
26,193,
433,275,
19,325,
193,19,
344,33,
62,33,325,
432,378,424,
200,206,463,
66,194,483,
335,348,
121,387,107,
140,277,
370,504,
281,85,466,
476,211,
433,
347,
5,304,
353,33,
485,378,
287,106,
258,205,412,
269,19,
172,347,
166,205,
527,536,75,
408,543,
506,104,106,
171,79,5,
64,75,248,
319,464,447,
502,193,180,
221,106,89,
33,380,122,
122,505,
372,241,325,263,
323,447,388,
428,378,408,
502,424,85,
443,
208,
533,153,
69,466,
547,241,
33,
533,476,387,
464,106,
415,205,
171,527,
42,
371,247,
90,180,
251,325,466,
416,211,347,
521,135,
532,
404,107,
304,476,
358,53,106,
57,423,
298,205,
29,
68,68,
183,57,254,
247,348,325,
171,452,
487,205,57,
529,247,
250,424,
446,387,33,
83,107,466,
305,28,193,
363,466,378,
385,424,325,
126,536,
161,255,
113,463,
506,348,
482,304,57,
326,107,
240,241,387,
25,463,
403,463,460,
523,378,
168,305,424,
97,190,
206,75,33,
213,71,19,
242,483,129,
188,75,
317,424,380,
28,466,
521,424,
430,33,
345,63,463,
194,193,504,
445,460,122,
282,195,
296,348,
240,424,
394,2,
263,241,53,
52,325,
442,464,
150,53,
426,258,178,
12,
63,33,506,
158,190,258,
374,439,
314,135,275,
235,281,
362,211,2,
457,122,
93,263,
83,2,
327,463,195,
246,378,424,
400,304,153,
272,347,
89,483,464,
433,5,
367,439,
378,129,
381,75,
536,348,
45,79,
341,122,
110,33,195,
323,463,205,
436,439,122,
5,71,536,
23,85,527,
511,
109,205,536,
402,325,265,
273,347,
290,129,28,
261,483,
390,220,263,
326,33,463,
524,476,
210,387,
426,194,
113,75,
516,
348,304,
393,439,
532,476,505,
