111,173,371,111,86,404,276,140,477,250,518,
405,63,545,41,120,184,198,80,426,329,376,489,
71,36,488,100,273,284,7,349,371,414,118,79,103,327,348,133,77,43,107,115,52,138,29,37,225,524,307,396,5,249,378,388,444,33,181,284,28,547,413,172,43,502,223,505,435,108,536,156,186,342,317,513,357,415,32,57,55,317,476,351,397,401,416,467,497,509,471,
348,530,332,92,27,215,247,308,343,17,39,165,247,256,474,241,267,335,403,260,335,506,546,107,110,54,236,509,97,57,355,108,359,360,105,248,309,441,329,401,177,56,392,291,312,383,43,40,127,195,235,266,286,359,435,297,359,339,309,404,93,360,459,
133,509,5,443,11,313,497,
84,300,78,103,253,258,348,413,54,114,137,252,294,71,24,119,207,361,434,360,
462,150,341,113,483,351,14,156,15,302,432,454,261,329,408,514,402,457,490,508,202,64,376,48,104,549,80,368,387,478,509,307,420,182,427,413,369,482,216,240,373,427,164,248,322,349,410,
371,71,88,279,507,
308,85,224,313,394,272,245,255,
401,348,391,74,228,315,320,356,34,58,150,132,413,167,219,7,41,313,367,418,474,499,479,313,
258,12,310,43,189,343,354,288,446,110,106,304,359,520,68,18,409,426,71,83,364,264,516,148,474,211,270,413,330,392,87,48,524,93,125,460,123,282,388,32,429,475,512,239,509,531,100,234,285,305,317,353,
275,484,522,230,280,95,314,80,449,1,153,285,401,418,491,177,480,100,2,228,375,11,226,213,1,291,406,329,402,542,434,62,14,16,59,211,8,166,546,176,231,70,371,354,436,486,97,520,
102,29,433,273,201,224,505,89,127,343,487,518,108,329,348,427,449,506,33,47,459,463,15,43,246,262,272,95,365,52,428,476,149,472,94,441,297,353,
166,33,41,127,7,101,120,435,459,
226,49,119,209,10,96,109,143,162,206,245,333,459,10,119,231,176,338,478,499,530,210,57,5,497,284,437,83,188,36,234,368,485,65,86,184,428,271,340,466,132,157,346,178,486,283,379,511,
212,388,378,96,170,171,304,
196,85,27,236,109,419,521,287,85,375,549,183,390,259,522,200,120,
63,108,259,10,412,282,297,549,152,257,345,217,169,183,220,424,33,71,83,206,460,134,512,547,200,405,123,173,438,448,91,484,107,62,248,495,351,412,3,105,281,391,1,547,439,203,436,460,91,144,304,
38,19,191,364,546,
491,118,545,61,146,451,508,263,388,434,436,452,487,
173,364,63,43,500,71,90,
438,132,63,
49,226,333,102,110,145,87,393,367,474,217,516,24,303,282,412,49,1,130,465,520,
371,111,112,220,148,447,96,111,338,145,302,362,54,223,339,405,436,493,221,289,408,292,316,497,292,321,369,
100,147,364,119,248,
157,297,350,125,32,36,108,107,349,427,536,125,327,375,106,93,175,78,104,376,407,226,243,339,211,9,387,116,396,90,373,273,123,250,25,209,219,405,407,107,516,74,120,396,427,489,68,259,385,222,43,344,482,492,157,545,389,
210,75,423,499,211,349,354,
211,100,151,126,349,258,336,153,171,209,283,383,442,452,65,83,91,514,156,200,499,244,270,355,473,363,372,395,506,394,529,37,49,262,361,362,546,328,404,173,48,291,208,548,162,272,337,402,497,248,300,467,234,353,231,284,455,176,187,393,457,201,418,182,115,194,293,314,
505,71,307,92,207,38,162,302,397,
434,75,338,349,358,309,39,121,126,298,398,428,160,411,
149,53,28,222,248,285,534,535,7,43,360,535,113,286,347,436,475,
388,53,323,2,240,458,53,150,168,82,245,265,0,3,371,155,522,507,36,57,76,208,0,277,212,404,372,445,495,120,127,204,341,547,207,209,298,299,320,349,45,350,371,75,186,417,498,279,297,
530,226,336,375,515,175,188,326,330,381,
160,54,80,81,113,149,384,131,338,339,83,37,6,265,309,354,393,522,530,96,193,280,314,428,445,434,433,444,
118,84,380,491,485,
145,49,371,75,55,
318,324,
433,319,102,29,356,366,306,526,12,159,229,408,533,48,194,330,22,261,337,467,492,318,365,445,540,
380,33,74,531,546,119,126,317,505,297,378,118,136,387,497,23,10,52,69,522,191,430,6,90,385,39,366,371,166,312,319,371,453,86,162,249,298,525,523,477,62,74,191,464,496,498,521,47,214,472,340,450,347,534,
173,358,171,103,488,523,74,213,381,522,
53,308,399,82,235,15,237,194,175,215,338,515,11,93,417,10,15,205,513,63,365,358,150,112,156,216,201,263,184,71,504,495,38,379,191,199,266,167,264,92,442,4,332,499,170,540,97,95,447,518,377,388,64,511,270,328,335,11,35,103,164,1,207,375,53,443,84,508,
41,382,148,166,1,68,113,157,271,443,464,128,398,173,123,367,
419,196,291,
272,317,492,42,137,27,212,303,102,369,66,87,69,529,383,508,100,181,322,470,374,442,444,468,518,
307,3,164,115,14,215,352,193,336,345,290,316,343,390,
175,43,227,287,4,170,54,322,512,172,283,266,200,355,438,504,
315,401,281,373,451,37,123,145,230,291,448,
190,313,58,171,364,83,105,118,353,354,549,1,465,543,549,119,423,472,311,214,263,354,411,359,468,479,
324,11,398,305,317,358,534,365,413,451,474,181,184,249,343,409,318,369,326,7,357,105,140,195,199,144,312,416,356,490,17,105,231,444,513,476,545,207,239,500,
306,191,327,429,501,82,190,369,470,474,130,208,354,364,440,512,522,543,528,
335,28,405,
404,111,337,
341,4,462,43,143,463,294,379,410,171,384,342,2,177,512,321,451,170,348,410,473,234,228,308,
364,545,190,43,98,271,314,447,20,509,180,386,38,103,328,90,100,173,271,19,214,437,497,120,124,270,276,313,170,175,197,332,379,531,133,507,
405,205,157,335,238,407,66,190,256,267,74,89,134,239,260,425,510,101,252,275,286,309,353,504,519,
147,28,128,87,129,7,100,50,258,274,324,365,14,203,124,140,114,383,394,33,420,543,164,168,380,
476,351,95,391,282,155,329,278,449,527,121,179,213,280,304,209,225,331,524,532,181,284,38,166,189,257,445,70,114,127,450,475,325,510,66,52,318,322,533,324,63,102,347,178,181,255,0,477,148,69,314,437,452,462,380,519,
322,160,139,84,381,478,11,256,120,163,293,319,512,185,226,353,9,488,365,432,258,481,459,260,248,295,402,255,271,308,473,525,
365,75,324,67,88,124,438,449,230,284,285,326,356,184,354,207,380,98,22,144,270,467,
358,28,313,392,14,68,174,402,498,188,43,300,306,498,531,86,279,546,547,50,173,239,279,494,104,127,9,379,140,42,520,261,276,285,358,437,460,434,226,248,274,359,392,123,242,331,339,350,473,485,168,184,228,365,
1,275,190,57,520,282,3,536,90,145,
330,128,433,374,
183,65,8,15,229,172,132,184,245,311,85,124,182,214,264,326,485,148,433,456,266,
281,142,51,125,41,67,92,315,118,393,365,417,359,32,547,89,300,9,489,
504,203,189,118,231,246,264,343,371,137,153,278,30,481,158,375,406,118,484,122,490,176,181,106,384,11,269,265,449,253,333,377,382,66,92,30,243,272,287,61,67,230,344,479,272,394,278,434,444,463,104,171,177,284,386,390,
205,53,67,191,258,109,327,332,463,219,415,474,412,222,521,207,292,445,304,90,130,218,243,469,55,265,467,454,286,532,148,351,405,466,111,406,474,61,101,253,326,323,479,336,362,547,103,108,436,
35,5,157,376,42,102,341,153,492,221,419,422,189,218,299,382,
447,364,371,107,164,69,417,256,433,538,518,
11,322,53,201,
112,53,21,183,240,304,316,322,379,
281,128,58,200,454,
89,425,463,70,343,437,123,253,458,122,128,176,241,20,507,209,268,402,310,67,138,222,262,470,
349,157,269,31,12,131,219,313,463,123,85,426,435,541,544,8,465,477,544,330,
479,191,350,112,143,167,350,311,356,
492,35,157,386,
5,119,257,168,202,433,133,28,84,161,314,22,236,171,143,502,101,395,502,354,467,175,210,39,494,88,79,35,36,191,378,395,484,485,11,544,398,357,439,464,251,129,480,21,185,375,301,544,538,547,14,294,448,
391,93,476,355,13,309,356,257,282,401,480,228,59,449,519,538,45,516,44,58,157,313,231,492,8,147,201,193,502,158,280,413,54,348,500,
259,196,
75,356,238,85,113,102,307,374,503,465,266,380,218,174,61,206,7,424,456,522,228,353,513,214,448,8,481,468,508,371,386,402,439,64,511,139,188,545,20,302,95,211,364,283,454,114,210,367,283,42,188,483,15,429,460,99,177,352,462,522,297,534,52,516,46,113,69,381,115,482,58,17,434,365,382,531,92,362,86,432,36,538,484,270,108,238,251,414,145,65,74,130,161,290,330,195,200,211,28,524,17,85,289,522,
59,187,314,473,499,511,
107,157,140,455,60,446,535,35,197,385,514,309,352,55,472,305,317,485,86,87,176,194,
546,358,72,194,346,349,33,38,357,493,427,199,452,458,
291,0,211,208,33,373,418,419,275,282,214,304,439,126,6,402,466,359,
343,371,258,229,260,303,338,395,20,499,516,525,150,125,235,281,395,435,463,22,44,85,157,239,472,382,419,
337,211,196,202,343,
53,223,388,272,476,176,260,5,383,389,524,220,259,355,79,146,386,387,49,64,153,207,354,533,149,338,391,536,398,149,139,160,293,460,268,355,251,148,376,196,250,
366,216,328,222,447,484,78,297,364,449,193,442,11,290,329,18,443,341,506,309,36,66,40,145,374,406,457,59,485,502,
476,53,
57,226,388,1,72,76,98,194,
438,28,365,111,200,272,336,
85,33,359,3,452,308,23,138,292,413,452,228,15,135,255,403,272,305,348,285,477,37,91,162,322,487,
28,358,149,254,165,460,518,545,225,258,288,310,283,149,105,238,482,170,346,169,247,305,290,389,78,265,227,352,375,7,71,276,385,29,454,186,219,252,289,5,149,457,26,397,444,30,52,147,193,414,189,521,532,372,271,514,335,147,170,240,539,451,469,533,107,169,266,333,371,435,303,470,508,548,456,468,
191,186,53,116,38,161,291,298,306,156,479,531,204,247,271,364,186,294,305,444,38,72,168,323,56,262,43,237,533,270,428,
263,2,523,93,397,372,523,224,387,428,414,547,14,232,128,331,366,452,96,346,441,544,238,283,374,465,102,27,254,189,534,
128,232,95,14,19,111,219,234,306,493,223,54,147,175,199,0,148,330,409,134,187,383,448,198,281,394,264,64,160,95,377,67,59,309,505,309,
219,205,73,181,255,368,296,379,95,156,452,137,132,146,260,364,71,151,202,422,135,80,196,151,82,182,4,269,118,439,330,381,19,75,88,231,258,299,472,262,
545,293,28,249,41,98,364,118,255,452,491,57,72,323,301,330,200,82,405,297,506,436,524,184,90,10,439,123,249,168,378,383,506,264,285,498,303,60,64,126,450,71,75,211,302,336,408,464,502,
105,324,63,
225,71,476,211,
547,281,205,
25,
150,236,343,105,160,426,292,365,
8,275,183,
193,391,160,
387,53,
182,219,211,
485,183,107,326,
546,275,
282,107,258,208,281,539,
178,226,111,
43,358,173,
206,63,
140,107,147,
186,28,
60,545,
147,28,391,
247,191,269,285,
157,41,226,
209,388,
124,365,521,
303,545,49,
524,545,258,
86,380,111,
304,476,
165,93,
195,324,348,
119,190,226,
366,316,
65,310,104,
484,75,63,
182,183,153,
365,281,147,
228,85,
258,322,147,
201,102,11,
546,
346,226,546,
272,85,504,308,
394,147,504,
198,405,
112,479,
522,306,196,
193,307,
43,71,102,17,
534,149,
473,341,358,335,
355,175,53,
439,291,63,
435,348,
388,258,53,
502,545,366,
199,546,
224,263,
493,371,
402,462,
252,28,
125,52,258,173,422,546,
97,348,
111,111,178,
373,462,315,
285,85,247,21,
52,28,62,
326,365,205,
223,53,
177,348,
107,282,447,
214,183,291,
538,391,75,
287,175,504,
284,226,
67,128,89,
294,5,
156,191,71,
20,364,
85,349,343,
445,433,160,
127,166,388,
322,272,112,
89,281,405,
145,474,
372,388,
390,196,
54,84,371,
485,118,366,
353,102,405,
309,366,160,
357,324,5,
520,358,
269,247,219,495,
253,205,235,
175,364,53,
492,272,433,
229,
114,84,147,
22,433,343,
183,196,
486,275,226,
7,147,
428,253,226,
271,191,364,
164,53,
393,211,281,
9,358,
54,348,391,
113,149,
207,84,324,
433,447,160,
313,133,401,
37,85,315,
382,35,343,
9,281,322,
104,462,504,
172,183,71,
347,380,149,
228,341,358,
14,5,307,
304,63,212,
297,388,102,
28,75,438,
521,124,380,
390,307,504,
335,348,473,
161,191,
480,5,
465,49,349,
512,306,
189,28,263,35,
437,476,364,
52,71,380,
324,147,476,
544,5,349,
350,479,358,
261,433,
531,191,
281,343,
267,405,
311,183,
224,308,
349,210,462,
360,348,84,
119,84,100,
381,530,173,
511,226,59,
266,206,
63,476,
181,219,
450,545,380,
164,307,447,
309,348,434,
20,343,89,
153,35,182,
92,53,
163,322,
341,366,388,
429,306,
33,85,
514,107,
541,349,
545,157,324,
36,226,366,
170,364,341,
248,322,149,
1,49,53,
285,258,149,
353,258,
463,504,
307,505,
77,
92,348,75,
445,
472,107,
549,196,
13,
518,272,111,447,
108,71,
120,196,166,
488,322,
391,63,
269,349,
352,348,107,
359,358,348,
318,433,
456,28,183,
406,366,
157,343,
428,434,160,
43,149,191,
216,462,53,
88,371,
80,405,
200,75,175,196,
118,190,
43,341,148,
498,380,388,
336,530,205,
508,28,491,
33,546,102,
291,275,348,
343,89,
194,433,546,
190,405,306,
313,349,364,
118,281,504,
439,219,
452,
341,35,
160,53,128,
173,211,
290,253,366,
401,
168,358,147,
471,71,
452,491,546,
184,365,358,
487,85,491,
348,391,352,
144,63,324,
522,75,173,
309,405,128,
59,128,366,
472,219,380,
91,63,85,
316,366,307,
175,530,
19,38,219,
448,315,5,
454,281,205,
379,226,112,
258,219,
101,405,166,
528,306,
271,322,28,
123,41,315,
336,438,545,
376,405,
75,545,219,
148,476,53,
380,147,476,
150,462,
240,388,112,
200,438,281,
525,380,322,
250,111,53,
473,322,59,
458,546,
386,492,504,
434,84,491,
470,89,306,
489,405,281,
86,107,
58,401,
355,
451,341,28,
549,462,190,
374,366,
436,205,63,
239,405,343,
96,160,
260,322,405,
477,111,349,
130,49,306,
275,
375,530,
497,71,371,
404,348,
543,147,306,
387,380,263,
418,401,
124,183,147,
92,281,
526,
397,28,
64,462,53,
375,196,5,
413,391,84,
72,546,191,
435,343,28,
108,75,
521,259,
369,324,
298,191,
14,147,275,
330,530,349,
85,75,196,
326,485,530,
38,505,
98,364,365,
337,404,
361,84,
504,405,
213,173,
397,505,
231,391,219,
171,504,212,
116,191,
463,341,
540,433,
22,365,
520,275,49,
420,147,
354,306,
372,263,
222,149,
43,157,71,
251,5,
402,89,322,
320,
17,324,43,75,
215,300,
354,160,365,
339,348,
132,226,183,
306,128,358,
415,71,
173,125,111,
104,157,
54,160,
474,205,
354,53,190,
67,365,
459,102,
314,476,211,
504,175,
452,476,
441,102,
221,
90,545,
447,53,
398,41,
426,405,349,
3,63,307,
265,28,
477,380,
509,133,364,
507,89,
512,175,258,
285,365,545,
273,
546,125,38,
196,337,53,
211,210,545,
507,371,364,
435,166,
188,530,
500,391,324,
499,59,
97,275,
33,147,
248,462,100,
299,35,219,
