281,161,15,216,8,
265,6,579,103,42,66,209,166,217,268,101,45,214,398,423,11,341,164,203,279,319,208,100,248,260,301,339,535,
51,266,95,58,155,9,290,6,526,531,9,15,200,115,346,432,471,
384,25,987,318,329,460,473,488,492,522,119,30,32,86,174,241,305,151,470,536,
188,542,105,74,289,115,144,146,234,240,309,334,
111,474,362,51,104,109,246,347,147,342,374,10,244,308,423,436,441,472,523,541,
84,54,437,59,78,96,109,11,389,118,535,542,130,521,40,150,224,546,424,473,32,463,
437,84,23,112,146,138,163,146,279,50,277,131,173,329,357,398,471,
542,84,148,15,188,53,409,426,510,4,356,411,440,447,457,541,156,216,482,525,253,322,380,475,494,519,
25,987,61,134,171,401,512,530,273,314,195,269,290,341,383,384,487,546,96,214,227,126,404,479,225,266,210,420,473,528,
987,25,170,336,233,212,380,352,211,1,140,501,384,295,301,507,73,319,7,27,140,156,444,499,
58,51,278,531,200,310,4,191,285,316,
380,448,109,164,462,114,138,304,336,338,361,432,469,473,535,
350,365,500,467,244,
15,542,474,300,304,54,337,433,515,154,202,250,268,290,303,312,501,
220,349,206,257,330,533,18,103,116,125,199,245,263,494,
196,157,101,32,174,352,400,
347,111,448,181,250,423,
362,456,17,111,75,304,75,407,420,388,411,455,147,269,277,187,472,385,54,160,264,336,
172,448,489,351,50,213,481,100,132,465,475,
214,386,142,464,143,492,198,545,
351,172,161,123,10,548,24,432,154,233,502,
256,197,45,24,264,346,347,540,436,536,
279,325,39,159,161,391,
325,480,386,279,403,11,143,155,202,345,530,135,398,408,
448,456,53,54,103,172,268,276,380,15,178,375,434,510,108,347,401,22,45,127,184,306,425,505,523,540,50,149,184,274,339,364,
143,214,325,135,288,317,341,
157,500,272,36,108,407,273,400,16,526,536,524,81,135,38,78,196,300,14,126,139,114,318,88,161,272,480,536,469,488,
456,148,298,47,362,144,437,448,335,385,207,236,266,78,344,44,178,39,244,68,99,198,394,399,
500,157,115,158,340,438,61,221,337,75,241,416,166,102,73,161,410,427,52,109,411,418,95,101,115,341,273,307,335,350,482,494,109,440,495,456,484,489,533,
481,172,299,251,
411,362,500,85,117,139,363,272,
421,444,208,284,414,
495,500,93,167,
452,330,
53,542,
330,452,36,386,459,275,347,31,89,272,344,
125,220,
212,388,987,79,85,267,494,49,96,152,371,
510,448,544,127,
216,542,281,251,
295,6,
434,514,173,424,
206,220,
241,384,162,
347,330,256,
273,25,
6,295,68,254,270,444,508,
192,430,142,217,307,
427,439,
16,157,346,
546,84,25,
492,384,
184,189,536,13,79,442,452,28,166,302,83,379,
198,456,214,
85,411,212,
251,216,481,
79,212,
164,265,380,
540,256,448,
54,15,
480,78,296,320,325,
361,380,
72,117,
263,220,438,
91,489,
117,72,
398,265,130,140,298,424,100,
533,220,33,131,
531,58,51,
471,51,437,
290,117,15,
536,256,384,
508,305,6,
494,220,542,
436,256,111,
11,325,265,380,
319,987,265,
258,341,183,
45,448,256,
425,448,427,144,
200,58,51,
96,25,
482,500,
418,500,49,
432,51,380,
135,143,325,
109,380,
100,398,265,
308,451,111,
154,351,15,
39,279,
346,51,16,
391,279,
339,448,265,
117,411,290,
305,384,508,
505,448,
161,157,279,
103,220,7,
482,542,
522,384,
269,25,362,
377,237,386,96,304,124,
119,384,
167,495,
68,6,456,
244,456,
439,427,
302,184,
18,220,
123,351,
377,427,214,
473,84,384,
278,58,69,370,
459,330,
15,281,
6,265,447,
24,256,351,
237,377,
151,384,
400,196,
465,172,
336,380,362,
423,347,111,
131,437,
470,384,
398,325,437,
285,58,
484,500,
250,347,15,
7,103,987,
519,542,
499,987,
545,214,
444,987,6,
473,25,380,
475,172,542,
364,448,
146,188,437,
312,15,
51,
268,15,
394,456,
49,212,
244,111,350,
8,281,
541,111,
173,434,437,
535,380,265,
533,500,489,
234,188,
306,448,
112,
432,351,
49,418,
126,25,
472,43,362,
394,464,
208,421,
127,448,
403,325,
139,157,
399,514,
460,384,
318,384,157,
178,456,
130,489,
54,448,84,
760,277,58,
427,500,59,530,452,
335,456,270,466,
189,184,
338,380,
380,542,11,
469,380,157,
507,489,481,
451,308,
44,456,
530,325,
182,198,489,
32,384,84,
401,142,448,
494,500,
140,987,214,
438,263,489,
73,500,
161,500,220,281,351,15,
181,105,
207,530,456,
375,448,
385,456,
105,181,
117,500,163,
272,411,330,
114,380,157,
138,380,
144,273,456,425,
142,192,
536,157,
329,75,
214,25,140,
365,350,427,404,
494,212,
492,214,
500,411,
187,362,
78,456,
479,25,
201,315,
289,188,
17,362,
150,84,
409,69,542,
434,448,
521,426,84,295,232,
395,427,509,
174,196,
89,330,
140,987,
156,987,
329,437,
37,489,
472,111,
130,84,
307,192,
352,196,
162,241,
371,212,
208,265,
466,335,
288,143,
420,25,
202,15,
209,265,
301,265,
184,448,
149,448,
254,6,
317,143,
274,448,
160,362,
501,15,
270,6,
341,143,
408,325,
441,111,
527,
32,196,
384,
303,15,
75,362,
152,212,
5,
488,157,
197,256,
414,421,
264,362,
322,542,
83,184,
10,111,
424,434,
115,51,
144,188,
291,
15,161,
240,188,
357,437,
399,456,
404,365,
330,220,
28,184,
166,500,
299,481,
62,513,
447,6,
100,172,
342,111,
9,51,
357,427,
140,398,
374,111,
130,398,
116,220,
54,362,
440,500,
272,157,
202,325,
156,542,
270,34,335,
341,500,
147,111,
264,256,
422,427,
74,188,
174,384,
22,448,
266,25,
101,265,
86,384,
30,384,
462,380,
310,58,
525,542,
267,212,
544,510,
301,987,
261,304,
452,184,427,
315,201,
370,278,
126,157,
101,196,500,
207,437,
72,427,
45,265,
213,172,
548,351,
424,84,
96,377,
290,25,
277,362,
304,15,377,261,
257,220,
279,437,
49,427,
510,542,
193,389,
178,448,389,
501,987,
388,362,142,212,
478,386,446,
138,437,
75,69,500,329,
27,148,
539,190,
11,42,196,541,542,
466,157,283,451,76,491,528,167,396,243,437,
303,549,93,495,
471,145,230,249,50,172,
299,515,64,128,407,419,17,428,235,534,106,478,139,212,506,225,107,483,207,354,63,281,227,1,369,158,476,191,251,480,157,
328,486,150,255,348,44,278,78,157,
204,465,333,104,2,348,223,200,279,367,27,
358,118,370,172,415,434,18,259,326,226,364,
212,485,539,94,222,295,516,535,410,389,
78,158,474,324,500,363,510,91,427,
473,159,490,14,247,505,297,402,199,349,220,
531,512,90,111,294,