853,667,84,734,848,61,143,83,579,285,986,961,417,230,368,199,388,857,789,661,978,189,43,98,346,29,970,635,240,326,508,51,203,258,864,263,907,795,207,684,681,676,459,278,876,226,745,757,699,62,66,913,398,507,272,163,276,577,427,890,752,695,306,746,514,20,415,295,993,563,474,115,952,399,142,617,445,100,69,239,500,14,649,737,813,345,894,55,838,60,840,791,609,627,219,519,473,420,495,96,159,522,892,428,310,46,912,950,758,360,917,538,687,598,59,380,282,93,16,582,
582,16,
440,
849,
691,
279,
580,
558,
90,
903,
260,
937,
236,
339,
170,
160,
499,
196,
668,
714,
630,
47,
125,
308,
641,
548,
636,
267,
389,
320,
874,
837,
659,
457,
26,
688,
251,
921,
651,
101,
36,
798,
585,
30,
231,
128,
669,
943,
611,
775,
836,
733,
492,
22,
244,
161,
725,
984,
574,
309,
955,
382,
790,
808,
395,
797,
463,
527,
385,
772,
497,
124,
81,
200,
632,
967,
925,
225,
748,
74,
330,
922,
166,
441,
482,
672,
965,
844,
510,
872,
653,
232,
781,
657,
885,
827,
511,
877,
694,
544,
677,
637,
413,
545,
145,
469,
238,
410,
323,
779,
44,
460,
261,
594,
333,
12,
201,
322,
742,
811,
370,
963,
486,
68,
942,
468,
270,
75,
947,
623,
664,
557,
719,
968,
3,
229,
185,
334,
32,
588,
729,
67,
930,
483,
438,
318,
929,
573,
271,
794,
303,
608,
854,
54,
491,
147,
644,
454,
704,
335,
316,
751,
494,
190,
985,
250,
633,
934,
741,
33,
73,
988,
412,
193,
19,
889,
254,
355,
111,
621,
375,
679,
826,
976,
767,
300,
911,
749,
242,
249,
321,
423,
755,
736,
938,
116,
715,
760,
434,
554,
898,
945,
825,
586,
613,
362,
867,
863,
670,
0,
754,
471,
432,
297,
713,
997,
476,
972,
887,
87,
941,
788,
372,
38,
105,
987,
103,
397,
108,
461,
86,
675,
738,
302,
342,
332,
217,
114,
436,
331,
58,
156,
130,
805,
743,
539,
842,
266,
235,
173,
275,
638,
700,
176,
56,
777,
416,
49,
537,
502,
564,
424,
478,
706,
525,
23,
95,
121,
40,
969,
212,
152,
761,
530,
349,
891,
616,
971,
523,
112,
393,
612,
175,
213,
467,
540,
25,
50,
337,
953,
477,
18,
171,
138,
656,
186,
314,
406,
259,
348,
256,
973,
77,
501,
31,
504,
600,
769,
400,
148,
509,
442,
4,
663,
283,
959,
711,
356,
162,
581,
429,
722,
592,
862,
923,
97,
569,
252,
529,
552,
35,
183,
