119,384,112,424,425,92,409,509,362,422,169,156,211,302,429,
319,144,333,541,228,261,278,430,448,499,521,195,194,379,482,
312,89,2,465,100,110,183,268,325,421,438,513,
117,282,466,78,81,358,437,547,92,28,427,431,510,17,43,378,44,401,521,304,444,501,
228,319,248,173,466,300,466,
509,448,178,278,423,232,8,428,463,464,536,148,240,281,289,421,
384,25,329,417,488,492,119,27,32,148,174,241,305,228,64,54,221,280,371,376,225,260,397,412,446,229,377,145,517,48,71,103,143,217,308,312,69,398,94,252,543,130,149,155,541,
251,58,118,224,373,476,480,380,467,172,4,459,543,187,225,83,282,105,209,325,326,386,425,84,115,116,157,288,296,543,158,262,384,422,
505,225,100,316,128,301,361,407,445,485,156,
452,330,114,90,203,73,270,373,401,33,237,155,222,372,396,16,278,361,401,485,109,32,457,496,250,509,331,360,361,508,157,297,
32,330,134,268,391,
282,117,251,33,123,323,510,506,221,288,348,289,
107,2,52,281,424,200,
82,157,0,11,137,321,420,
234,31,206,169,80,281,1,493,105,262,354,421,456,72,95,129,247,283,184,300,442,490,
129,484,411,226,
509,448,44,19,30,56,82,344,
188,1,154,
25,48,61,134,171,401,512,530,13,314,195,269,290,341,383,384,487,96,125,227,22,167,404,2,225,266,210,420,473,528,112,195,60,394,527,463,548,229,401,89,145,211,214,1,1,445,521,97,417,546,54,309,368,510,322,404,
255,58,202,479,328,255,355,26,424,528,82,83,90,102,80,197,537,135,156,167,391,
425,119,2,522,18,177,316,370,46,79,490,
492,384,367,20,236,143,155,223,50,248,334,434,234,155,483,538,209,8,474,285,313,364,220,369,234,241,250,376,
330,452,36,386,459,331,275,31,89,272,32,344,67,142,450,316,148,161,463,100,352,518,422,483,239,249,167,174,199,301,412,435,537,160,164,221,254,260,350,
467,251,253,544,48,279,334,
448,302,53,54,103,347,268,276,333,15,178,375,434,101,108,486,22,45,177,225,184,77,314,523,540,50,278,184,240,275,106,91,461,482,484,509,378,127,470,518,280,337,509,223,298,15,
521,319,117,31,24,191,
91,489,229,45,17,451,122,228,260,446,527,286,447,490,536,116,283,380,
157,27,272,36,108,407,273,400,217,526,536,524,81,135,26,269,38,78,300,14,126,114,88,161,272,480,536,469,227,376,44,474,486,494,531,140,187,82,437,496,537,217,228,312,434,499,70,462,83,9,13,502,230,444,536,36,228,249,281,331,193,485,240,303,504,455,
301,291,248,404,10,32,301,201,505,154,78,373,341,440,
456,28,234,35,138,325,0,102,362,382,495,526,230,74,94,154,158,20,1,411,448,491,506,65,325,448,
91,448,262,518,24,283,372,382,267,378,519,83,210,530,147,226,273,311,408,148,241,437,487,300,
145,384,25,10,254,85,83,183,456,507,542,166,289,360,278,456,506,20,70,346,
294,247,293,336,500,503,169,29,452,488,180,192,280,374,383,
547,117,124,18,261,297,102,11,87,97,236,382,455,140,174,180,242,304,344,387,543,
129,108,234,421,10,96,352,373,105,480,523,144,262,357,360,372,502,532,537,
248,75,228,42,402,441,19,484,4,78,424,
96,25,94,47,343,62,112,280,304,72,107,138,164,189,
22,58,84,106,235,137,139,368,392,419,515,
58,251,180,14,511,541,428,22,26,159,247,22,34,17,164,352,359,107,161,199,440,473,339,
288,120,102,127,112,82,236,473,546,58,17,365,487,524,84,295,424,520,
463,330,206,480,219,293,430,
493,393,446,27,165,392,535,127,238,297,501,
161,2,246,378,428,76,154,226,492,
2,256,107,109,139,312,95,486,44,161,245,64,407,421,194,219,320,346,549,
91,365,339,236,
386,251,409,343,158,213,279,355,394,
256,2,452,352,16,292,
542,145,91,
75,248,238,440,85,106,102,294,307,402,410,465,
378,91,280,
90,172,452,305,330,30,248,395,137,156,73,398,228,219,546,304,361,89,
81,117,209,
336,294,145,362,295,
482,309,482,
180,294,547,
10,301,407,537,
130,489,
407,2,505,147,167,276,287,
233,220,
228,384,264,
493,234,
339,91,398,440,518,541,65,220,300,309,213,258,312,529,58,
301,505,
84,22,251,
186,45,220,
54,448,164,192,75,421,548,
500,294,
26,255,
83,145,91,125,238,
180,58,360,536,393,
1,507,188,256,63,
31,234,
460,249,
102,456,
22,53,372,
394,386,
78,301,248,
408,365,91,
75,54,219,
44,2,509,
154,188,
56,452,501,
241,492,91,480,
201,112,301,
331,330,112,
106,75,22,
323,282,247,
103,384,
503,294,55,
211,25,
517,
283,234,91,
361,452,90,
236,492,288,386,499,
466,117,
440,75,339,
343,96,
360,180,
194,319,2,
430,463,
537,129,10,
191,521,
320,2,
538,492,189,
522,
537,157,437,
452,56,294,
480,463,129,241,
123,45,
347,448,93,
420,497,
220,27,349,390,257,172,116,306,199,233,245,125,269,186,335,509,549,473,396,419,457,112,431,353,402,338,502,
125,4,83,213,374,
546,288,
347,
370,425,540,
154,301,456,
360,452,437,
220,339,492,
541,339,
209,492,251,81,
423,509,
505,301,
410,75,
100,505,312,
91,542,
344,509,547,
120,288,448,
280,294,378,
372,129,22,
508,305,6,
269,25,
72,456,167,272,442,458,
523,129,
116,251,91,
206,463,234,
177,425,
309,339,25,
448,456,120,
236,547,
246,
374,83,
499,319,236,
289,145,
17,58,288,
48,25,
215,
172,220,251,
138,456,
496,452,
325,251,456,
497,483,41,71,80,101,420,
501,117,493,
161,58,
424,248,288,
137,22,82,
515,22,
490,234,425,
112,201,331,
292,256,
219,463,2,
200,107,
360,129,
513,312,
240,448,509,
158,386,251,
64,384,2,
376,492,
221,330,282,
281,509,
262,129,251,
289,509,282,
440,301,58,
32,384,452,132,260,
174,330,
294,75,
2,425,
4,251,248,
123,282,
248,90,492,
372,452,91,
261,319,547,
463,509,
459,251,
518,330,91,
27,58,157,
502,
109,2,431,
509,119,365,
26,58,
456,145,
164,450,58,200,
1,234,25,
230,45,157,456,
225,251,505,
448,456,
374,125,294,
139,22,
300,228,234,
238,493,83,
255,
421,312,509,
24,521,
279,386,467,
140,157,
311,327,
424,107,
506,456,145,
212,94,
548,54,
288,251,
147,407,91,
240,157,
352,58,129,
304,96,117,
456,145,72,
115,251,
371,384,
499,157,
382,456,
509,452,
101,448,497,
272,330,
165,93,
396,220,
330,90,
431,117,109,
319,
409,119,
264,365,228,
450,164,330,
305,51,
143,492,384,
203,452,
156,255,119,
213,125,386,
268,32,312,
108,129,
103,
11,547,
444,117,
378,161,437,
402,75,
455,174,547,224,
544,467,
510,25,282,
97,547,
156,505,
535,493,
437,117,
375,448,
474,
112,288,
536,509,91,
484,248,129,
309,482,
530,91,
362,119,456,
200,58,46,
262,91,
35,456,
222,452,
234,365,
451,
143,369,
42,248,
437,157,
254,145,
398,384,90,
483,492,
112,220,119,
402,220,
193,437,
442,234,72,
325,312,456,
346,2,145,
174,455,547,
293,463,
302,119,448,
82,255,509,
95,2,
157,94,452,
155,384,492,
20,456,145,
393,180,
135,255,
184,234,
242,547,
15,448,
348,282,
1,456,25,
297,452,493,
107,96,58,
106,448,
541,319,384,
60,25,
167,255,407,
29,294,
254,94,330,
276,407,
72,96,
140,547,
48,467,
226,129,161,
466,228,
102,75,547,
304,547,90,
76,161,
124,547,
355,386,
148,509,91,
164,330,96,
483,497,330,
443,46,418,
94,456,
543,251,384,
204,
41,
278,145,509,
373,301,129,
343,386,
169,119,294,
412,330,
105,234,
0,82,456,
411,456,129,
87,547,
359,58,94,
157,251,
305,90,
345,365,
409,386,
446,493,
464,509,
313,492,
417,25,
166,145,
219,75,90,
398,339,
528,255,
228,157,91,
281,157,365,
39,
237,
55,365,
354,234,
352,256,365,
517,384,
14,58,
445,365,25,
241,384,372,162,
541,58,
89,90,312,
236,91,
272,72,
502,129,
422,251,62,
295,336,288,
192,294,
227,
391,32,255,
207,
380,46,251,
508,375,
537,255,330,
488,294,
303,157,
19,509,248,
461,365,
134,32,
375,205,508,
142,330,
298,448,
526,456,
247,234,
249,330,
524,288,
355,255,
401,452,437,
337,448,
447,6,
127,288,
422,330,
70,157,
155,492,452,
54,384,
358,51,117,
391,51,
229,25,384,
487,482,
548,25,319,
476,251,
458,72,
145,336,
28,456,
59,94,
300,339,91,
8,492,509,
53,365,
435,330,437,
158,456,
369,492,
536,157,
159,58,
433,
33,282,
422,253,119,
210,91,
443,
360,145,
546,90,25,
487,288,94,
386,236,
95,234,
486,448,2,
316,505,
32,301,
69,384,
247,294,
217,157,
178,509,
312,384,
529,189,51,
20,492,
281,234,
431,220,
253,272,467,
78,117,
247,437,
148,384,330,
306,220,189,
45,91,
494,157,
427,305,
350,330,
56,509,
130,384,
229,91,
266,
549,2,
377,
171,
465,75,
144,129,
199,58,
312,339,
149,384,
105,129,
80,255,
267,
