162,211,213,58,423,508,515,
268,139,534,113,151,167,39,379,253,219,225,346,375,67,91,110,115,386,258,338,50,199,27,16,145,199,343,135,362,338,86,243,281,353,143,230,58,484,546,359,393,478,
172,12,512,97,46,63,105,22,250,54,467,20,533,150,457,272,42,111,89,295,342,526,539,161,176,123,317,94,72,372,205,174,544,
270,56,427,52,542,77,58,349,368,458,184,497,325,354,469,
343,524,268,355,
36,438,117,86,13,94,154,297,344,381,474,98,33,104,142,55,329,206,372,
15,35,32,226,469,482,87,85,108,53,183,426,330,140,118,198,199,538,485,146,267,284,345,106,510,520,527,132,235,399,424,496,366,423,79,100,33,204,30,503,147,209,333,422,75,476,54,86,6,488,527,5,337,408,239,406,545,
96,223,455,136,172,41,235,424,3,50,71,390,467,527,214,540,27,70,171,194,238,374,11,151,173,432,532,94,194,201,316,355,492,129,181,256,343,358,502,503,
433,515,134,318,357,370,387,391,473,343,79,484,524,13,20,506,544,109,197,0,422,439,95,179,381,422,135,324,414,132,67,142,31,54,190,153,236,509,74,288,27,483,310,112,32,256,12,356,361,36,378,315,178,331,400,502,536,99,210,108,144,249,428,432,319,515,337,28,53,3,297,340,429,477,
336,297,200,308,315,
427,13,55,358,312,315,163,457,308,403,23,28,247,270,295,329,12,29,486,249,182,249,465,415,8,173,333,308,365,56,377,438,65,169,191,227,102,123,126,538,118,202,82,398,401,514,44,65,37,503,114,163,184,222,374,209,216,297,376,490,54,163,257,259,343,347,227,233,398,467,
214,137,40,166,182,222,361,398,401,72,399,466,3,177,358,478,
23,266,502,299,454,92,177,226,416,536,537,93,152,438,219,518,379,507,133,387,505,115,265,427,335,398,411,220,59,148,169,416,476,547,425,329,344,427,479,312,533,177,43,289,189,218,362,
524,51,456,106,25,439,463,124,251,87,43,9,485,414,313,183,417,470,507,260,341,91,115,188,287,33,456,356,431,457,33,215,16,336,350,18,100,315,485,89,189,509,144,302,331,368,460,77,190,183,250,165,485,237,260,163,343,484,71,536,83,98,173,454,486,512,491,183,294,433,470,216,316,85,437,231,
539,172,398,497,223,224,281,320,477,
110,142,547,67,
267,134,27,118,150,21,226,540,40,119,352,
258,536,71,323,34,165,401,410,197,67,529,255,300,327,403,531,324,176,440,370,15,66,102,224,481,261,293,422,429,
182,230,113,48,178,296,377,427,60,412,499,55,189,258,265,34,130,35,37,276,266,279,212,317,216,393,433,191,374,420,512,452,98,36,472,417,207,341,345,392,421,457,
164,94,367,36,177,250,279,
533,337,440,268,
383,367,134,169,301,444,458,
94,16,68,178,164,185,227,96,199,51,112,348,471,516,
386,137,330,341,544,
519,0,331,114,135,335,337,74,254,249,474,495,526,95,122,373,225,
335,519,455,
130,134,61,74,240,345,287,418,321,387,133,412,440,209,218,448,523,126,201,343,345,
325,289,230,71,378,422,184,246,393,442,472,252,549,503,16,37,199,212,270,151,505,517,56,311,380,468,492,511,81,91,270,295,310,341,385,427,204,
427,182,483,181,97,117,417,436,90,442,196,288,315,366,98,42,313,318,22,262,326,163,198,512,541,228,285,330,398,158,388,467,
182,547,146,120,398,170,204,415,490,363,495,537,171,216,398,413,512,532,546,56,106,131,257,312,528,
455,96,183,240,496,523,540,211,283,335,68,89,179,409,110,178,452,501,531,411,484,487,
196,366,487,89,216,390,90,
457,142,369,
168,32,71,324,337,381,446,86,229,315,422,538,246,
542,440,270,
238,96,425,
97,136,297,172,182,329,84,202,117,293,471,42,291,474,8,145,246,
469,80,337,95,335,371,47,504,219,122,29,531,92,325,333,389,206,477,440,154,31,440,209,61,286,313,130,136,274,346,147,244,48,110,183,530,133,17,334,340,407,443,65,258,370,216,516,422,233,244,402,491,
219,487,124,86,
175,337,547,181,366,520,
514,427,95,155,202,225,226,323,376,32,214,301,371,405,486,533,
144,254,91,21,93,157,395,407,92,23,258,274,29,473,185,50,97,124,530,0,104,173,27,310,298,322,378,529,227,249,227,398,
183,15,297,177,189,245,404,504,
392,3,273,134,298,102,237,353,72,175,318,399,253,289,347,411,
387,179,95,396,33,163,275,301,520,418,216,210,527,132,317,320,330,151,231,258,32,242,
297,159,361,185,253,443,398,444,370,66,164,237,258,275,405,549,492,265,312,3,21,97,41,133,96,285,332,408,39,545,116,397,29,46,69,107,144,161,183,248,381,34,143,516,472,500,254,231,62,131,246,212,24,480,484,102,117,196,288,374,90,336,7,153,417,423,212,155,374,460,426,447,11,174,345,23,387,485,
518,522,337,137,316,400,336,155,311,489,58,216,73,252,293,214,215,92,302,386,358,367,416,143,80,482,198,500,117,196,502,92,441,508,530,144,415,459,74,116,123,41,488,388,
137,261,134,318,506,128,189,98,78,4,288,307,373,231,178,351,145,305,464,49,95,540,389,394,508,214,228,162,11,303,508,38,386,415,237,422,445,473,138,517,220,404,427,435,
164,397,3,112,296,45,176,254,217,304,397,42,340,345,168,251,264,
438,104,373,36,336,329,338,425,24,295,23,172,107,8,79,377,250,95,229,278,431,467,453,180,225,517,538,391,549,233,469,49,195,280,317,409,423,500,225,241,243,31,50,469,
512,204,493,172,186,271,160,124,141,169,398,468,384,544,485,245,0,114,0,346,373,391,435,446,58,458,458,373,251,150,271,425,333,341,373,398,439,66,258,287,
79,250,134,152,242,329,354,484,
474,484,101,293,14,231,293,74,33,235,194,217,188,292,79,107,125,7,208,135,95,151,295,440,191,390,14,93,96,50,118,79,40,137,166,263,385,219,373,477,341,408,41,162,166,540,548,337,9,152,374,61,67,498,254,391,449,131,170,460,546,
430,397,216,211,48,80,111,44,312,359,435,55,
299,456,134,161,133,367,1,90,183,188,370,309,45,325,126,174,273,301,400,221,255,465,490,80,354,461,
243,440,298,421,311,
113,397,
425,438,36,545,109,217,238,393,357,480,30,137,215,228,293,386,467,210,257,264,290,
366,163,300,164,196,388,61,154,486,365,423,122,148,179,340,420,
304,138,487,212,55,214,223,171,211,178,213,230,308,448,245,497,
338,268,427,150,187,81,75,472,533,211,366,126,453,521,27,460,209,243,390,430,6,468,537,207,
144,40,83,110,540,116,250,0,412,430,128,178,150,308,200,350,305,367,405,214,174,152,402,223,436,
468,512,76,26,197,325,524,489,343,419,171,215,302,429,460,495,
540,144,397,328,246,317,338,393,34,32,45,67,145,86,
331,159,197,121,91,145,519,87,217,235,150,217,368,478,501,349,399,157,407,66,426,149,183,322,204,395,525,540,
46,172,440,239,107,201,150,201,361,
124,466,448,89,219,224,224,229,377,56,164,171,366,
448,14,2,167,225,12,435,435,47,44,387,51,68,25,385,22,124,162,387,501,492,117,48,155,433,83,118,124,301,541,257,59,183,200,123,358,399,102,410,337,458,505,77,112,515,124,153,385,17,184,382,483,347,394,410,470,548,43,411,458,511,539,254,220,270,424,117,523,385,416,474,46,80,369,102,528,13,46,155,221,291,395,192,
440,469,474,386,105,126,231,357,131,252,112,488,41,46,74,243,384,462,338,377,523,69,98,316,319,140,542,171,407,440,533,74,261,412,89,127,527,435,
71,96,124,159,183,81,109,390,
197,468,258,76,44,319,320,425,541,
78,173,81,185,53,66,105,245,295,319,337,458,50,131,221,311,329,336,
97,230,40,258,26,353,34,333,368,396,
200,333,60,126,74,114,212,237,397,472,383,535,200,113,34,274,101,432,493,296,408,541,462,47,150,198,471,477,331,470,113,155,210,378,165,520,184,286,216,14,409,336,460,461,457,478,448,354,530,389,489,346,99,283,520,
377,182,319,346,527,75,338,395,10,12,185,331,547,71,201,204,370,427,48,137,228,85,527,240,
534,2,74,251,44,411,24,45,1,126,311,399,85,410,332,17,245,70,95,389,305,13,507,134,337,463,258,212,386,447,183,414,362,254,166,316,161,351,403,521,48,189,225,251,379,226,65,309,351,258,370,364,362,193,242,382,66,275,293,393,86,155,184,243,441,185,263,377,445,247,55,539,394,471,113,509,43,492,527,531,536,176,225,
547,52,33,46,172,148,417,164,4,6,73,26,538,158,246,340,32,166,203,448,112,121,161,215,307,8,501,2,381,547,253,311,322,375,401,185,79,285,458,75,54,265,324,122,532,88,314,199,239,233,462,533,57,47,196,233,324,5,410,369,205,211,389,182,391,520,110,74,243,170,366,512,157,407,522,117,153,101,460,231,175,236,264,351,407,494,548,327,137,443,270,316,522,122,244,
230,164,190,97,462,535,33,499,254,370,56,290,330,95,182,294,129,82,235,526,346,424,325,310,487,191,249,8,287,353,406,23,42,132,142,219,149,71,225,238,267,297,422,429,480,234,288,89,153,234,46,79,66,147,199,208,117,57,496,522,294,527,269,291,351,437,344,443,172,142,384,149,501,538,
173,53,427,78,515,72,384,547,164,31,298,317,363,532,123,140,241,346,447,471,143,
258,268,154,169,322,331,321,351,206,266,220,444,497,
502,331,23,232,285,437,448,23,278,182,516,281,293,459,25,66,282,337,377,432,431,332,0,407,182,333,199,23,102,131,315,290,490,338,7,274,213,512,466,169,193,353,5,422,5,450,469,484,99,233,1,151,226,442,3,522,420,
22,448,444,529,82,247,352,107,125,203,328,388,99,141,173,263,338,350,529,218,151,169,472,512,66,387,
136,96,469,316,446,511,143,174,261,11,523,461,368,168,199,279,510,
337,7,239,200,518,55,239,469,281,262,504,525,378,242,531,43,180,18,400,506,91,340,223,13,42,129,51,116,326,189,523,230,478,545,117,165,0,54,308,417,377,400,416,260,433,441,405,325,525,193,545,474,519,386,446,85,361,35,463,533,178,238,256,270,17,408,529,428,459,194,322,435,31,442,
211,269,250,30,52,193,544,234,141,162,315,540,95,273,323,379,384,429,549,220,199,124,301,404,210,373,473,548,469,492,536,503,214,208,251,302,276,307,166,355,430,212,284,310,324,537,352,402,503,507,541,548,
367,345,164,136,159,341,383,472,54,408,416,190,320,394,273,307,323,339,521,98,248,461,520,542,142,233,474,
397,22,312,223,61,36,430,441,56,542,111,119,122,164,320,327,446,57,147,240,76,53,113,134,7,425,476,540,210,406,521,83,323,503,382,440,449,508,145,5,186,203,408,420,73,30,232,246,329,401,457,108,216,340,405,
494,547,85,19,32,158,389,510,
532,547,365,267,498,208,346,449,464,
292,26,165,323,71,78,81,132,193,391,439,
54,547,172,426,
422,230,343,259,311,373,50,471,521,203,226,250,367,71,332,211,
487,292,304,528,27,248,547,69,352,398,519,153,90,469,196,309,70,46,339,135,219,13,431,486,164,276,
369,547,54,163,291,444,73,457,81,277,359,464,146,214,302,507,
401,315,266,480,119,186,287,70,230,492,61,27,134,373,100,443,297,318,311,463,536,73,490,517,439,440,497,209,227,10,441,307,363,437,474,
142,391,24,169,223,226,353,269,110,374,451,350,372,457,155,370,147,457,175,384,422,432,58,159,176,340,0,45,140,338,452,506,
3,392,96,147,52,102,118,244,297,333,340,507,78,333,427,512,150,192,540,
134,137,413,296,137,216,299,366,445,521,9,23,43,19,49,156,335,233,346,148,157,130,206,251,288,333,512,530,86,314,467,79,252,70,227,267,520,533,462,11,191,293,383,441,485,85,136,302,446,510,71,168,499,100,33,488,256,232,492,273,291,485,512,
81,325,292,
407,144,284,
237,392,
157,317,331,150,
54,337,
48,90,448,198,
70,134,401,165,
297,3,427,75,
16,325,94,
152,23,
389,137,
539,6,58,326,372,37,63,414,437,459,3,308,541,
398,539,182,
469,487,438,
365,532,
470,200,
147,230,
169,502,427,233,
27,96,433,
498,532,474,
249,245,177,90,332,465,122,
182,214,97,
83,144,
398,427,487,
13,36,487,
311,325,401,
343,96,130,
446,136,337,
95,433,
532,173,96,
240,195,
377,438,337,
438,258,426,
79,474,433,
361,46,
126,299,338,
33,15,134,
225,514,438,
386,440,518,
171,182,304,
441,134,534,401,
238,337,
198,427,
94,36,
323,397,199,165,187,326,
492,134,96,
240,377,
476,23,15,
212,297,304,
530,200,518,
447,297,173,
177,183,23,
467,134,438,
296,200,164,
506,142,
177,164,249,
53,433,
5,15,397,
422,142,137,
359,369,
363,173,182,
159,71,367,
174,136,299,
86,219,
246,540,397,
6,539,
172,96,
409,438,455,
71,377,168,
329,36,
337,15,433,
164,547,
142,230,367,
435,440,137,
332,249,422,
81,78,369,
393,325,534,
540,474,455,
386,268,
109,425,
523,455,
497,270,539,
338,268,540,
425,
224,258,124,
122,519,366,
337,175,78,
416,367,448,
323,292,367,
460,468,474,
233,427,367,
311,78,243,
495,519,182,
55,304,534,
457,142,200,
133,469,
346,134,
295,78,325,
464,532,
221,448,
415,182,137,
374,297,96,
178,182,144,94,
178,137,433,
184,448,200,
205,138,433,16,302,437,440,
17,469,337,
368,136,270,
527,534,377,
95,514,469,
541,427,
112,164,440,
79,308,438,
322,144,331,
183,331,71,
374,427,474,
342,
467,427,427,
405,514,397,
485,134,297,
132,292,
427,23,137,
474,367,401,
329,79,78,
221,78,
289,23,392,
345,130,182,
336,78,518,
276,487,
287,401,
366,547,15,
266,23,181,
317,172,438,
149,331,
341,474,
7,397,502,
153,547,
396,387,
315,336,502,
96,
343,427,468,
291,448,97,
481,258,199,
308,336,304,
408,15,397,
233,469,169,
267,532,
390,71,338,
13,534,
37,427,325,
445,137,
495,468,
245,249,304,
45,540,142,
503,211,96,
389,200,494,
250,211,164,
75,297,338,
429,258,468,
44,430,197,
548,211,
457,182,172,
326,323,427,
163,524,369,
312,182,430,
310,211,325,
74,440,518,
512,22,3,
169,22,258,
199,94,
226,267,514,122,
89,124,440,
218,130,23,
151,22,387,
61,130,
318,427,
216,200,387,430,
184,534,
273,367,120,
440,130,401,
231,387,547,
328,540,
48,377,469,
405,337,144,
362,534,
27,267,338,
439,433,
131,440,
117,36,
315,427,524,
38,137,
394,534,367,
93,144,
150,331,338,
302,468,369,
264,425,164,
181,175,96,
320,197,539,
165,524,
210,211,
272,172,
542,397,
521,422,338,
98,427,
407,440,
431,502,487,
213,162,304,
137,134,
169,23,
81,71,
213,
490,427,299,
243,338,438,
441,518,
118,267,3,
510,15,
120,273,295,346,407,
193,211,337,
69,487,440,
483,381,
90,427,297,
110,455,
528,448,
199,502,325,
303,137,
291,134,230,
158,427,494,
469,270,
199,136,481,
392,182,
201,130,46,
507,369,211,
204,331,325,
251,164,
404,183,137,
145,540,97,
398,427,144,
309,
387,22,297,
358,214,96,
227,144,427,
246,97,168,
541,197,211,
425,197,23,
290,425,
411,455,392,
477,539,433,
31,337,438,
307,401,
126,130,
279,136,164,
192,448,3,
56,397,124,
515,162,173,
174,144,172,
131,474,78,
51,94,337,
242,79,387,
478,214,268,
273,134,392,
32,540,514,
223,539,144,
143,136,173,
152,144,79,
497,258,304,
136,97,134,
480,425,
400,337,
147,469,
239,15,547,
123,518,
427,3,325,
202,97,514,
270,547,325,
11,137,297,
333,3,512,
43,23,534,
111,172,430,
30,397,425,
398,182,
165,323,292,70,
41,474,
146,182,
439,401,
465,299,
426,331,297,
154,258,366,
71,422,134,
73,397,
230,268,
228,425,377,
471,97,173,
191,182,
17,448,
299,
339,
529,22,337,
251,512,211,
489,468,200,
248,487,
89,455,
92,518,
201,377,
325,299,270,
164,124,487,
214,369,514,
421,182,
340,397,366,
369,
60,353,
249,
531,455,534,
527,440,
398,427,512,
395,448,331,
78,3,292,
340,433,164,
42,97,164,
201,46,96,
373,519,512,
435,337,430,
324,211,
537,338,211,
252,440,134,
352,487,
484,502,
244,469,3,
298,243,144,
139,268,
480,297,401,
258,182,534,
387,130,
152,474,
239,46,
212,534,325,
6,
528,487,
254,164,519,
332,
424,
119,267,
256,96,134,
117,297,448,
416,23,
545,425,
523,136,130,
540,267,
257,427,182,
230,304,
390,196,
155,514,448,
32,494,387,
