456,148,298,47,144,437,448,335,385,236,266,344,197,138,178,39,173,244,68,99,125,45,394,63,473,9,544,201,274,62,268,400,466,40,519,322,
391,279,61,340,
364,26,448,363,
434,189,514,173,424,16,374,318,337,377,381,157,184,198,240,392,421,539,428,84,101,120,281,
53,87,542,267,3,21,311,23,246,548,154,308,300,312,404,461,60,28,528,373,
470,384,339,72,94,494,76,86,97,173,186,188,194,253,304,364,383,
288,339,137,102,127,479,
45,448,3,491,123,
16,157,346,48,53,458,513,17,386,478,8,146,432,481,
90,214,452,305,330,30,33,248,395,
492,384,367,20,155,186,223,240,248,334,407,434,457,463,
58,188,251,180,14,511,541,428,450,
448,456,53,54,103,347,268,276,333,15,178,375,434,362,108,347,81,22,45,177,225,184,77,523,540,50,149,184,339,364,23,275,282,91,461,482,484,509,378,392,470,518,
509,149,448,400,426,
234,188,201,52,80,281,493,400,
188,542,105,8,74,289,115,144,146,167,234,240,309,334,107,316,8,3,58,151,235,301,6,381,414,464,176,93,402,113,297,328,374,472,509,517,
196,157,101,32,174,352,400,131,267,67,43,70,98,331,435,430,76,205,215,276,251,228,289,482,
206,220,169,310,364,488,42,91,125,279,466,470,483,547,
3,53,188,55,93,258,77,1,547,238,259,529,
251,58,224,373,476,480,380,467,172,459,479,543,
94,96,470,49,69,308,
421,444,208,284,414,270,348,429,430,475,
91,347,448,262,518,24,283,372,
330,452,36,386,459,331,275,31,89,272,32,344,33,55,67,142,450,459,148,161,463,352,518,422,483,
137,542,375,288,83,256,375,397,483,127,310,352,420,504,
384,25,329,473,488,492,119,27,32,148,174,241,305,228,470,54,221,280,371,376,225,260,397,412,446,229,137,145,517,540,
96,25,94,47,371,
157,27,272,36,108,407,273,400,16,526,536,524,81,135,26,269,38,78,196,300,14,126,139,114,88,161,272,480,536,469,227,376,44,474,484,486,494,531,140,187,82,437,496,342,537,217,228,312,434,465,499,70,462,225,242,502,
258,341,56,183,189,294,298,407,542,
278,58,69,370,228,511,199,361,405,484,6,187,253,391,
157,78,256,121,146,279,322,
25,48,61,134,171,401,512,530,13,314,195,269,290,341,383,384,487,96,125,227,22,167,404,2,225,266,210,420,473,528,112,195,242,394,527,463,548,66,209,229,401,89,145,186,211,214,241,445,
339,448,67,288,338,351,414,83,101,
189,434,82,416,487,442,542,
347,111,448,181,2,202,250,423,63,100,115,235,9,13,441,495,529,91,106,140,179,248,535,129,204,522,350,268,282,378,477,90,293,475,
220,349,206,257,533,172,137,116,306,199,233,245,125,269,186,335,410,509,549,473,389,396,419,457,407,431,
350,365,356,467,244,147,250,426,495,113,267,347,13,259,
542,84,148,61,188,53,137,409,426,510,4,345,356,411,440,447,56,457,541,482,525,253,322,380,6,519,263,1,216,71,300,505,517,129,207,228,467,493,13,354,394,428,92,540,
452,330,114,90,73,270,373,401,33,237,155,240,261,372,396,458,16,
84,54,437,59,78,96,109,11,389,118,535,542,521,40,150,224,173,473,32,463,115,271,340,392,174,386,426,42,132,167,222,373,
149,448,509,368,111,
437,84,23,112,146,138,140,163,146,247,251,50,277,46,173,329,357,471,249,355,382,263,498,389,474,16,193,210,214,261,508,55,
111,474,51,104,109,246,347,147,342,374,10,134,244,237,423,219,441,472,523,18,87,419,45,542,246,248,301,484,128,375,243,294,344,410,538,515,
91,489,91,45,451,
365,350,427,138,404,486,493,224,342,72,293,491,230,239,352,367,445,495,
547,117,3,
281,161,15,319,8,32,306,215,410,513,522,499,
339,470,
248,347,111,
484,157,
214,386,142,464,90,461,410,545,140,91,417,200,528,383,
68,6,456,280,534,
319,281,52,144,
426,350,169,16,217,212,
51,391,277,358,
279,159,161,24,123,391,4,78,120,444,111,488,144,340,66,106,284,346,237,327,357,456,486,
117,282,466,78,111,358,437,547,92,113,
497,483,3,41,
119,384,
505,542,
2,347,
493,542,
145,384,25,
294,258,111,
340,
255,58,479,
479,288,251,
427,
298,198,258,
3,45,497,
473,46,456,
540,
305,90,
240,452,492,
32,330,281,
1,542,507,
540,448,274,
391,51,
511,278,
93,3,
423,347,111,
529,3,
186,25,492,
267,196,53,
483,137,497,330,
54,448,84,164,192,
375,448,
301,188,111,404,
282,117,
101,339,434,
473,84,384,
46,473,437,380,
368,149,
400,234,509,
466,117,456,
467,542,251,253,
517,542,
493,234,
542,258,189,
459,251,
154,53,
392,434,
81,448,
72,470,167,
129,347,542,
16,434,
330,90,
76,196,62,
340,279,84,391,
337,434,
55,330,437,
246,53,111,
372,452,91,
470,448,206,
169,426,
214,25,437,
540,384,542,
261,452,437,
228,384,196,
374,188,
308,53,94,
362,448,
248,90,492,
475,347,421,
355,437,123,
488,279,
130,489,
338,339,
312,58,53,
522,281,347,
208,364,421,
139,123,
352,
178,456,
242,25,
259,3,350,
426,509,
127,288,137,
269,25,
197,
272,330,
16,426,
214,
358,51,117,
83,137,
217,426,157,
32,384,84,
164,450,200,
61,391,
342,157,365,
66,279,25,
198,434,298,
91,91,
437,157,
375,205,137,508,
381,188,434,
98,196,
43,196,
450,164,330,
238,58,
476,251,
63,347,456,
121,157,
363,364,
437,117,
519,456,
518,330,91,
180,58,360,536,
27,58,157,
62,456,76,
463,330,
139,157,
429,421,
528,214,
306,281,220,189,
331,330,
147,350,
244,111,350,
394,456,
545,214,
146,16,157,
322,456,157,
448,
56,258,
155,492,452,
52,319,234,
392,448,
383,214,470,
239,365,
281,434,234,
69,94,
211,25,
82,157,
132,84,
422,330,
407,492,220,
463,492,
517,188,384,
404,301,
352,137,365,
445,365,25,
14,58,
92,542,117,
144,279,319,
373,53,84,
42,84,206,
120,434,
113,117,350,
78,157,
289,196,
6,542,278,
253,278,470,
241,384,372,162,
499,281,157,
33,452,
256,157,137,
397,137,
354,542,
71,542,
465,157,
416,189,
484,278,
398,130,140,298,424,100,
410,214,281,
300,53,
461,53,448,
508,375,
228,278,542,
233,220,
459,330,
347,448,93,
548,25,53,319,
441,347,
410,220,
48,25,16,
140,214,437,
508,305,6,
439,427,
200,58,
482,542,
504,137,
534,68,
360,180,
279,157,206,
91,214,206,
70,157,
123,45,355,
67,339,196,
472,188,
311,53,
533,220,33,131,
173,470,84,
253,272,467,
428,434,542,
405,482,278,
172,220,251,
378,448,347,
54,384,
23,448,53,
541,58,
111,117,279,
386,16,84,
150,84,
262,91,
148,384,330,
128,111,
488,206,
513,281,16,
348,421,
207,542,
537,157,
229,25,384,
55,3,
421,434,
380,46,251,
535,347,
21,53,
142,330,
33,58,330,
140,347,157,
464,188,
186,220,
274,456,540,
335,456,
4,279,
263,542,
371,384,
115,84,347,
100,347,
494,157,
197,456,
173,434,437,
147,111,
140,398,
447,6,
536,157,
305,384,508,427,
385,456,
243,272,111,
251,196,437,
189,306,258,
414,339,
78,117,
434,157,
60,53,
174,84,
274,58,
268,456,
157,434,
396,220,
6,188,
258,3,
237,111,
389,220,437,
487,482,
180,
404,53,
247,437,
263,437,
373,251,
9,456,
201,456,234,
446,384,
138,365,
430,196,
45,111,91,
179,347,
335,58,
282,448,
427,305,
270,421,
474,157,
346,16,
8,281,
507,489,481,
264,
342,111,
272,157,
395,427,509,
521,426,84,295,232,
117,500,163,
539,190,
431,220,
225,157,
283,91,
451,91,
495,365,
434,492,
539,
90,347,
208,
223,492,
49,94,
310,137,
420,137,
30,90,
340,
508,437,
543,251,
450,58,
367,365,
458,452,
20,492,
430,421,
432,16,
230,365,
40,456,
396,452,
370,
227,
193,437,
22,
93,188,
138,456,
304,470,
26,364,
466,206,
114,452,
457,492,
502,157,
364,470,
280,68,
334,492,
241,25,
111,149,
167,84,
357,279,
483,206,
391,278,
242,157,
481,16,
12,
327,279,
8,16,
187,278,
73,452,
515,111,
84,434,
328,188,
509,188,
28,53,
24,91,
33,90,
456,279,
13,542,
275,
137,220,384,
487,189,
435,196,
344,111,
356,350,
77,3,
407,258,
426,84,
297,188,
312,157,
282,347,
8,188,
230,
228,157,
371,96,
205,375,
72,365,
125,220,
352,330,
86,470,
394,542,
461,214,
316,272,
478,16,
76,470,
479,255,
215,281,
26,157,
525,
179,
494,470,
2,25,
53,16,
165,93,
539,434,
42,
400,456,
209,25,
190,6,
22,25,
364,206,
310,206,
533,58,
315,58,
