387,432,63,37,489,
485,442,431,124,437,481,205,545,412,62,40,192,183,35,80,122,139,225,327,172,465,309,317,116,117,125,492,151,154,280,
402,230,433,438,143,193,200,230,242,324,355,382,503,505,522,
111,64,112,49,253,373,29,114,230,239,325,15,477,507,35,83,4,107,325,77,170,165,114,331,417,292,322,42,40,97,185,534,502,127,263,501,518,142,14,378,484,340,379,162,390,407,456,
276,337,112,147,421,470,
433,447,134,318,357,370,387,391,473,343,402,487,524,13,20,506,544,109,197,0,422,439,95,179,381,422,135,324,414,132,67,142,31,54,190,153,236,509,30,288,420,483,310,256,356,361,
476,230,192,69,79,178,337,393,410,485,225,357,389,404,454,
534,2,74,251,44,411,24,45,1,126,311,399,85,410,332,17,245,70,95,204,305,13,507,134,337,463,258,283,386,447,183,414,362,254,166,316,516,161,351,403,521,48,189,225,251,379,226,65,309,351,258,370,439,
134,7,137,413,296,137,216,299,366,445,521,9,35,43,19,136,156,335,233,28,148,157,130,206,251,288,333,512,530,86,314,467,
50,9,407,280,
286,514,230,232,179,191,476,146,238,12,48,81,309,377,511,
362,177,119,274,405,506,11,93,202,270,271,450,
91,230,141,368,126,548,120,265,217,317,357,520,49,507,116,198,281,418,272,438,472,506,315,254,521,181,359,211,182,133,486,265,401,22,58,172,21,72,55,367,429,304,312,179,276,306,125,168,218,258,476,
447,174,166,164,69,417,256,433,538,63,518,78,291,421,284,497,279,17,416,457,526,21,102,208,16,543,187,4,458,103,236,190,78,317,528,417,511,533,314,395,32,504,175,195,236,515,434,8,58,230,458,26,311,383,540,113,67,340,291,392,471,205,548,230,221,272,284,369,388,147,226,376,272,439,
401,71,205,220,266,480,304,
502,331,23,232,285,437,448,23,278,182,516,281,293,459,25,66,136,282,337,377,432,327,332,0,407,182,333,431,23,102,131,106,490,338,384,503,213,512,
334,89,136,142,235,79,541,285,302,401,267,319,18,60,522,548,
67,54,33,449,200,187,133,174,257,398,452,482,487,539,163,277,91,493,255,336,112,511,546,486,399,13,121,
243,90,16,125,94,258,481,514,392,544,
137,261,134,318,506,128,189,98,78,4,288,307,525,231,92,351,145,501,305,464,49,489,503,540,389,394,508,
211,89,207,30,52,282,59,544,69,119,141,162,315,540,95,273,323,379,384,429,549,
164,447,269,281,337,317,258,39,19,128,247,488,111,175,513,78,248,383,164,272,317,134,427,76,486,15,329,349,380,501,527,
205,379,67,191,258,109,327,332,463,6,415,474,412,222,521,207,292,445,304,90,130,218,243,469,55,265,467,454,286,532,148,351,293,466,111,406,474,61,101,100,323,365,479,362,547,214,103,108,401,115,95,267,525,8,320,348,138,457,483,97,102,138,77,375,376,312,422,427,19,327,482,492,269,254,147,288,364,471,191,341,60,114,210,332,126,151,276,36,157,243,210,299,400,189,338,475,114,113,408,94,362,292,404,404,63,348,313,328,455,468,417,479,45,516,524,51,451,226,539,35,58,91,304,383,532,391,398,384,425,
96,200,71,81,388,34,92,208,274,287,339,63,58,416,451,168,319,324,
460,28,448,427,533,
375,200,289,139,211,380,74,103,194,237,273,216,503,266,84,207,213,448,485,85,437,459,81,332,421,
128,195,
33,142,190,376,11,356,534,30,330,547,93,92,201,50,412,112,107,394,176,179,234,247,288,250,67,136,519,515,113,133,386,435,329,332,70,132,252,317,416,215,247,461,548,231,359,377,455,513,290,117,195,236,436,233,333,347,394,
18,432,117,41,464,125,55,260,310,325,388,416,482,528,148,239,300,436,
63,108,259,10,412,282,297,549,152,257,345,217,169,183,220,424,33,71,83,460,134,512,547,200,52,123,131,545,448,91,179,107,62,248,495,351,412,281,1,547,203,333,460,126,43,86,442,279,338,367,455,299,277,434,358,436,212,378,214,272,5,347,464,308,364,474,528,456,497,57,59,69,262,454,184,360,222,266,387,463,227,268,214,63,215,58,358,483,271,461,
96,71,57,455,
468,71,70,120,82,238,303,315,517,520,527,227,404,367,215,231,196,48,388,156,466,57,320,257,507,528,
144,57,254,21,40,138,395,407,543,
524,51,456,106,25,439,463,124,251,87,43,9,485,414,313,183,417,470,507,260,341,91,115,188,287,33,356,431,457,33,215,16,336,350,18,100,170,485,12,189,509,144,302,331,0,460,77,190,250,165,119,485,260,325,343,484,504,536,
90,297,154,292,225,341,367,428,527,257,139,230,243,317,326,263,229,386,40,28,62,132,354,487,544,431,511,
347,438,130,199,209,71,297,505,424,
89,425,463,70,175,437,123,253,458,122,128,176,241,507,209,323,268,69,402,310,138,222,262,470,40,210,91,192,544,240,334,354,543,460,32,257,268,328,359,144,498,368,228,256,28,293,433,507,142,41,491,10,389,405,204,233,18,481,351,211,222,467,7,69,100,103,118,142,178,459,477,493,178,284,512,253,435,25,35,162,186,502,534,
23,266,502,299,454,92,177,226,416,536,537,93,152,438,219,518,379,507,387,505,
125,91,243,
195,246,176,502,282,409,209,506,438,48,311,84,330,415,544,263,392,147,94,72,128,435,517,287,516,
268,89,208,534,113,151,167,39,379,253,219,225,346,375,67,404,110,115,208,258,338,50,27,145,199,343,
337,7,239,200,518,55,239,469,281,262,504,525,175,7,531,43,180,18,400,506,91,340,223,13,42,129,150,276,116,326,189,523,230,478,545,117,165,0,59,278,308,417,377,400,416,476,433,441,454,
9,74,234,43,44,6,209,327,475,533,334,398,79,50,53,122,518,542,508,142,214,224,277,447,228,337,469,417,288,419,1,20,113,521,8,91,35,226,417,481,296,362,529,169,518,539,
39,448,382,21,183,258,308,413,37,440,103,155,213,486,17,23,32,228,245,307,349,456,504,
514,499,58,115,108,111,396,26,52,229,43,241,254,286,303,199,33,177,42,26,535,547,61,117,209,219,472,486,79,129,302,355,383,
297,159,361,185,253,443,398,444,370,66,90,164,237,258,275,405,549,492,167,312,3,484,41,133,285,332,408,39,545,116,397,29,46,69,107,144,161,183,248,381,34,143,516,472,500,254,231,62,131,246,318,338,480,484,
68,230,294,37,482,145,191,356,469,479,
175,337,447,153,268,
539,173,200,461,93,359,
417,182,9,25,191,478,491,517,
57,50,245,72,76,98,194,273,179,440,487,38,287,194,386,163,263,311,29,404,72,281,398,19,285,488,40,101,156,262,523,390,407,371,128,144,374,431,452,474,25,448,126,435,452,496,504,249,117,201,372,202,207,233,321,367,181,524,20,290,96,147,306,6,387,294,385,452,537,375,16,225,327,372,20,225,279,312,427,
438,202,91,104,373,36,301,329,338,425,402,295,23,172,319,8,79,377,389,95,229,278,431,467,
518,9,337,294,137,316,400,457,155,311,489,58,216,283,399,73,252,330,293,214,215,92,302,386,358,367,530,
207,107,103,335,184,270,298,436,11,127,70,211,231,68,170,254,362,204,220,437,454,476,52,221,389,500,
15,111,226,469,482,62,87,85,11,183,426,330,140,118,198,199,538,485,
512,204,493,172,186,271,321,141,169,398,468,473,384,544,
230,91,190,97,462,535,33,499,254,370,56,290,402,476,95,182,294,129,82,235,526,346,424,325,286,487,191,249,8,287,353,406,23,42,68,132,142,219,149,71,225,238,267,297,422,429,480,234,288,330,546,234,46,79,133,147,199,208,287,
65,197,137,370,12,188,47,350,449,483,228,340,512,548,325,
427,13,55,358,312,315,163,457,308,403,23,28,247,270,295,329,12,29,486,249,182,249,320,465,415,8,173,265,308,365,56,377,438,
532,347,353,
474,484,101,293,14,231,405,74,33,235,194,217,188,292,79,81,125,7,208,135,471,151,295,440,191,390,14,93,96,50,118,
200,333,60,126,74,114,212,237,397,472,383,96,535,539,113,34,274,101,432,493,263,408,541,462,47,150,198,471,477,331,470,113,155,210,378,520,184,286,491,501,
547,52,205,33,46,172,148,417,182,4,6,73,26,538,158,246,340,32,166,203,448,112,121,161,215,307,8,501,2,381,547,253,311,322,375,401,185,79,285,458,75,175,265,324,122,532,88,314,199,195,233,462,533,311,57,47,196,233,324,5,410,369,439,211,20,338,391,520,530,
167,297,253,113,539,
336,109,324,354,367,177,286,75,133,364,469,497,302,115,332,381,420,425,493,367,228,390,473,165,415,185,282,315,347,478,543,319,
401,23,358,74,228,320,356,34,58,150,132,413,167,219,7,41,313,367,31,474,499,479,283,410,434,260,109,167,329,380,414,180,190,320,102,38,23,524,532,71,39,138,271,278,73,316,539,115,144,153,252,158,451,251,280,287,515,540,153,455,510,118,292,319,331,367,535,376,477,510,475,369,415,217,345,492,12,535,257,465,43,148,118,401,372,
539,67,
440,469,474,386,105,126,231,357,
71,36,488,100,273,284,7,349,73,414,118,79,103,327,348,133,77,107,115,63,138,29,37,117,524,307,396,5,249,378,388,444,33,181,284,28,547,413,69,358,502,223,181,435,536,96,186,342,317,513,181,357,32,57,55,317,476,351,397,401,416,467,76,509,471,245,436,24,515,78,128,184,211,253,254,107,468,201,420,200,425,372,496,544,481,464,34,544,5,10,412,512,439,280,342,431,5,149,137,53,437,165,401,280,319,255,294,38,156,210,301,337,447,503,
364,538,129,205,149,19,440,26,31,100,105,367,116,544,102,312,11,110,156,221,222,386,422,516,455,470,152,204,218,400,405,202,279,325,390,460,
437,485,71,428,
469,80,337,12,335,371,47,504,219,122,29,531,92,320,325,333,389,461,477,440,154,31,440,209,286,313,396,
294,102,33,5,120,286,121,155,207,213,245,403,441,322,500,233,318,418,44,68,83,221,215,482,211,217,43,499,155,371,416,354,309,470,499,
252,33,13,
182,230,91,12,232,296,348,377,427,439,62,412,499,55,189,258,265,
397,5,312,223,61,247,441,457,68,111,119,122,164,320,327,446,57,147,240,384,
30,433,167,
119,193,372,175,380,362,407,52,101,298,355,389,318,487,224,429,433,
331,111,159,197,121,
448,14,2,167,225,12,435,435,39,44,387,51,68,25,385,22,124,162,387,501,492,48,155,433,484,118,124,301,541,257,17,183,200,123,358,399,102,410,337,460,505,77,112,515,124,153,385,533,184,382,483,
208,447,520,172,268,377,97,285,416,136,366,189,140,503,53,173,358,14,382,538,410,68,293,545,121,278,314,54,115,505,
440,364,369,317,21,196,283,286,390,245,450,293,
187,533,200,100,118,366,468,524,259,54,69,343,482,127,221,245,
298,207,106,
358,401,485,60,401,490,78,201,367,395,178,460,537,544,472,
204,13,534,140,332,465,535,20,154,204,126,353,400,436,
182,486,353,140,547,129,232,328,382,460,151,282,309,164,178,221,14,387,297,95,120,200,30,287,308,419,492,244,47,57,190,152,281,328,115,384,36,123,160,235,137,222,404,498,407,297,498,522,249,314,385,417,499,118,308,309,6,454,456,55,118,225,477,43,142,157,359,381,478,137,165,347,
432,18,260,339,126,323,345,111,222,351,7,315,387,106,218,285,304,34,379,143,160,270,364,36,454,457,500,512,43,286,438,517,173,212,197,537,266,269,308,424,
12,524,469,529,361,339,136,154,166,439,200,401,535,
427,182,483,
439,12,182,
498,182,
142,9,
7,337,4,46,
136,334,134,
172,485,512,
173,432,427,
232,182,
150,337,
525,137,
266,23,
306,39,57,
156,468,71,
205,447,
195,547,447,219,
136,208,502,
377,182,
476,207,286,91,
21,440,39,
144,401,
425,438,336,
471,447,474,
466,468,
0,524,
431,502,485,112,
270,207,427,
538,451,364,247,414,
499,182,
455,364,96,
246,195,
535,401,204,
11,15,
247,164,397,538,
439,447,534,
405,89,474,
35,134,9,
214,63,
325,230,
486,67,91,1,
487,433,
392,447,195,
535,401,514,
6,182,
487,119,90,
457,518,397,428,
17,448,39,
270,362,30,
60,358,
290,57,
258,164,
420,433,336,
299,134,
179,33,140,183,194,196,334,
140,179,204,
315,468,32,
485,15,476,
5,397,
108,514,
452,57,
320,469,427,
22,448,
136,33,
220,207,401,
330,230,518,
338,268,
301,438,
170,207,
124,448,
491,200,417,
167,30,401,
543,336,144,
545,208,
238,286,
4,7,447,
183,15,297,179,
369,440,547,
7,134,432,
354,90,
183,39,
62,90,485,
367,401,336,
515,401,
367,518,468,339,
43,134,432,
465,401,485,
94,205,
501,111,137,
399,518,
130,347,
422,230,364,
341,90,
70,207,33,
386,440,518,
389,207,438,
62,182,
37,39,68,
54,67,208,
405,364,362,
468,187,512,
169,512,9,
439,547,258,
317,164,485,
282,211,
28,134,90,
68,397,208,
332,204,
284,447,89,
97,230,
442,
283,534,
152,23,
202,438,
503,402,71,
202,362,364,
467,134,438,
454,476,337,
428,437,457,
347,182,33,
353,532,204,
407,111,144,
165,182,524,
461,33,469,539,
404,468,268,
481,9,
137,182,134,
130,134,
258,243,91,
499,182,
40,90,
116,364,485,
533,187,448,
460,358,
59,211,337,
199,514,
418,91,
294,518,
39,268,
111,
538,15,
164,397,164,
339,367,96,
386,90,364,
231,468,33,
221,447,364,
407,119,
456,111,39,
168,96,
389,476,137,
178,476,358,
272,447,
472,358,
170,111,
230,402,
138,144,
354,336,
173,539,
516,534,205,
277,67,
81,96,474,
384,502,397,205,
327,502,57,
500,207,
221,294,207,
218,91,364,
117,33,485,
85,375,
311,195,547,
318,294,
379,258,432,
343,187,
204,207,512,
546,67,230,
258,268,39,
278,337,208,
331,
222,63,364,175,
30,121,270,
319,336,
534,268,111,
454,432,
381,297,336,
438,258,
377,438,337,
193,119,402,
175,547,89,222,
14,474,111,
537,432,358,
196,468,440,179,
473,512,
489,387,137,
369,
212,432,
12,65,401,
52,514,
360,63,
263,200,
36,438,117,
319,438,
321,512,
348,182,
43,294,
544,211,90,
41,89,
170,524,
304,401,432,
62,15,
350,
92,96,137,
84,375,
97,111,
421,276,375,
148,18,
438,427,
145,268,68,
480,297,401,
309,294,286,
511,90,286,
377,286,427,
436,204,18,
478,417,
20,57,547,
356,433,68,
133,230,336,
447,71,9,
93,362,
338,297,547,
225,476,57,
318,119,297,
539,9,167,
355,514,402,
287,230,195,
118,401,474,
129,364,514,
25,417,89,
343,524,268,
46,7,230,
11,364,362,
396,469,
325,524,364,
530,547,518,
12,286,182,
258,182,534,
111,397,
504,524,39,
501,164,200,
184,448,200,
55,182,18,
147,276,230,
325,469,65,
227,468,
41,18,
340,111,
119,211,524,
476,337,
478,336,182,
359,539,182,
13,534,
400,364,337,
152,364,
410,476,
137,
334,179,
398,512,205,
521,9,
32,447,315,
519,33,
544,364,195,
95,433,
437,207,
383,205,
416,96,294,
115,336,268,
470,200,364,
286,440,432,
484,111,
219,195,254,
473,336,
366,208,
283,518,
142,334,89,
103,207,89,
362,207,9,
241,514,
548,33,447,
69,297,89,
37,387,
332,502,375,
245,39,187,
384,211,512,
137,65,182,
30,
380,119,164,
505,23,402,
269,432,
40,144,485,
431,90,438,
544,512,243,
126,204,440,
191,68,417,
47,547,182,
265,427,
424,347,
162,211,
245,440,
69,211,476,
106,298,502,
388,18,
79,476,438,
134,164,
326,337,
484,297,448,
163,57,
225,90,
11,112,207,
389,119,
192,476,
58,96,205,
178,89,
322,338,
36,432,
388,447,468,
93,23,
34,96,297,
541,334,
48,195,448,
254,91,219,144,
330,15,
154,90,
208,474,
111,432,514,
397,297,
410,208,
358,427,448,
400,518,
416,337,18,
311,
427,164,
503,502,137,
57,468,397,
182,502,
285,334,
117,18,36,
438,347,432,
168,91,
79,334,547,
208,268,
272,164,
310,433,
133,91,67,
156,364,134,
454,182,
532,547,
143,432,
337,502,534,
316,518,
367,364,91,
439,433,
470,294,276,
383,514,
390,364,111,
