282,127,33,123,323,506,221,288,348,35,82,60,263,7,49,54,439,450,8,200,291,148,282,64,294,159,305,117,72,424,494,522,254,7,328,378,108,176,265,281,371,470,71,270,547,381,401,410,422,
288,305,378,89,309,45,75,91,187,246,338,
460,249,201,403,
302,107,378,46,216,379,486,133,258,447,
194,2,
142,57,56,152,31,305,359,371,477,507,96,244,351,466,
301,278,117,251,23,112,424,133,119,275,376,194,193,419,216,547,229,509,329,13,535,443,100,54,255,335,530,68,89,100,428,530,310,548,60,402,179,
2,228,227,107,139,27,95,486,245,20,421,194,205,549,63,203,179,39,259,393,495,24,205,52,124,418,124,379,440,85,296,464,229,340,58,310,326,329,445,476,261,44,258,438,546,147,202,504,
255,58,202,479,328,255,18,208,424,2,83,90,102,80,197,135,156,391,119,321,511,139,436,135,511,149,362,496,15,25,120,346,397,114,375,522,164,379,323,422,43,203,333,34,129,310,269,302,473,358,36,254,286,
504,282,347,189,366,118,231,246,264,343,416,436,371,
25,116,61,134,171,401,512,530,13,314,195,208,290,341,383,384,487,96,125,227,22,167,404,2,225,266,210,420,473,528,112,195,140,60,394,527,463,120,401,89,211,214,1,1,51,521,97,417,546,54,368,55,322,404,355,403,44,208,382,148,255,22,393,495,534,433,339,153,209,194,54,506,326,431,470,226,336,481,81,465,467,
307,53,411,504,
401,
257,277,106,441,356,457,
526,8,129,62,133,176,283,319,37,61,211,475,144,178,318,470,539,320,
448,254,53,308,103,384,216,268,276,333,15,178,375,434,108,486,22,45,177,225,184,77,314,523,540,50,278,184,83,163,275,106,5,461,482,484,144,378,127,470,518,280,337,27,223,143,15,330,113,479,346,26,302,100,305,307,450,458,292,548,71,96,162,40,422,462,457,520,131,162,472,145,466,276,77,407,17,120,234,243,123,327,502,316,436,75,425,73,460,343,106,229,283,296,478,
171,129,294,
348,387,530,332,191,201,215,247,308,339,343,
333,255,106,321,468,151,180,140,106,266,324,491,
525,180,193,382,28,366,475,125,237,531,531,545,546,266,
402,19,73,512,545,131,388,9,116,230,253,18,340,360,43,299,351,189,
307,116,448,11,63,287,325,509,364,515,526,137,380,443,153,268,442,527,285,51,94,119,368,32,122,54,365,35,477,296,336,418,
536,34,445,155,
205,53,
241,87,89,191,286,130,240,60,424,459,539,126,79,291,67,525,498,536,79,112,304,338,547,445,141,14,39,353,369,372,459,513,207,253,390,476,114,152,316,465,468,498,26,335,339,500,530,267,484,65,128,204,
135,126,255,360,265,273,312,373,445,469,376,412,481,143,245,439,521,162,404,508,114,324,
19,402,149,327,469,116,223,354,441,22,94,223,223,326,336,
347,15,129,219,258,76,538,186,296,518,87,430,485,178,304,429,548,196,504,145,206,76,86,190,390,458,322,344,391,481,
58,215,180,64,208,511,428,22,86,159,247,34,107,288,27,199,195,473,339,0,393,5,427,439,204,133,186,136,413,447,525,20,133,460,435,179,29,155,471,490,212,374,244,478,483,69,188,166,444,394,420,271,364,238,274,349,384,22,469,256,113,172,398,413,
191,33,241,196,
285,463,217,439,508,150,272,413,
471,378,28,66,220,201,293,37,242,252,330,499,167,274,280,
182,129,384,256,321,488,
211,25,151,349,258,336,473,153,171,209,283,383,442,452,65,83,91,514,156,200,499,244,270,355,473,162,363,372,395,485,506,394,529,
91,489,229,45,17,451,122,161,260,446,527,286,447,490,523,380,439,171,375,480,431,286,422,316,55,460,170,188,117,187,511,520,104,183,124,490,87,252,
63,307,467,259,
106,75,332,512,257,8,70,125,194,12,290,163,257,266,358,287,463,531,305,404,156,179,302,333,356,360,16,148,62,347,533,388,481,301,398,405,518,543,326,445,193,
360,180,96,202,225,64,476,32,240,221,414,209,151,172,510,96,321,182,480,118,524,61,401,462,
439,282,58,454,75,109,253,311,418,495,522,194,438,442,133,266,305,439,373,496,
424,123,241,256,314,469,484,243,334,519,259,417,466,496,
96,25,94,47,106,62,112,280,9,72,107,138,189,211,526,209,485,5,88,183,130,368,128,140,395,465,6,62,205,182,322,457,526,363,370,488,305,44,295,534,354,420,80,442,388,510,408,
466,216,107,4,57,49,173,153,333,20,167,411,427,433,484,419,143,148,69,167,234,322,252,353,93,365,375,153,350,424,
387,348,
8,24,106,136,68,397,417,452,490,31,526,255,295,369,534,429,135,118,153,239,267,343,126,314,408,186,208,307,191,294,490,
527,103,33,206,364,425,
378,228,280,50,235,383,239,302,393,440,257,65,197,151,244,507,23,250,275,290,342,439,546,114,288,388,480,337,358,471,179,469,258,523,277,85,133,299,53,302,485,125,163,431,490,530,
71,129,505,220,71,132,258,52,417,288,316,480,525,61,68,96,118,209,232,371,452,521,153,325,412,
505,219,215,147,316,128,301,361,445,485,156,194,499,255,334,540,473,53,131,117,122,13,71,461,425,479,261,256,301,462,492,502,115,437,211,152,223,3,402,443,112,80,119,189,52,355,369,212,350,523,183,260,312,449,234,358,388,451,502,
33,516,5,488,527,174,395,62,482,513,515,147,440,247,56,534,36,111,182,243,483,108,169,274,344,541,
157,150,172,32,192,349,427,536,125,425,
360,106,424,505,
384,25,329,417,488,232,27,219,148,174,241,305,54,221,280,376,225,260,397,412,446,117,377,48,71,217,308,312,69,105,94,252,130,149,155,541,149,170,181,295,313,364,410,53,182,101,423,2,325,469,516,429,480,526,172,343,534,66,414,472,24,370,416,274,301,320,142,123,169,
5,119,33,202,348,371,28,65,84,161,277,314,382,
258,71,220,310,
122,307,53,283,231,
457,7,448,327,236,322,357,37,167,209,192,457,485,375,433,480,31,189,325,327,417,
107,2,41,52,281,424,498,200,469,231,240,319,451,488,39,242,302,305,119,302,463,440,466,538,453,13,102,218,268,309,505,506,264,278,296,326,12,256,131,471,2,452,275,119,168,183,225,226,265,57,34,411,84,523,446,
304,75,347,344,73,25,285,376,436,43,223,358,143,27,505,478,513,
476,351,449,391,155,329,
53,129,505,82,235,15,255,122,194,307,215,338,515,11,93,417,10,381,205,513,63,114,338,365,
488,180,107,135,116,313,345,
146,251,10,221,57,53,472,213,217,1,375,524,6,461,518,99,111,337,548,
62,526,167,528,139,400,462,541,393,447,
380,
507,142,378,
24,28,145,512,168,484,296,383,438,461,64,72,223,530,206,395,
71,448,36,488,100,273,284,325,349,412,414,510,79,103,327,348,147,320,350,
79,205,241,79,22,347,
28,24,358,133,149,254,165,460,518,545,197,258,288,310,283,470,
212,424,505,193,
247,33,92,368,97,392,424,
2,42,299,237,63,49,229,95,71,116,440,524,9,159,73,344,374,432,463,120,142,160,207,401,433,418,
89,241,463,366,91,100,305,154,123,251,
180,58,360,536,393,488,219,105,389,540,193,503,72,549,3,381,505,525,146,152,466,90,140,144,75,416,35,2,377,405,295,306,462,
424,360,51,85,184,212,299,97,437,463,488,223,352,410,530,
449,57,58,77,319,458,462,476,45,288,336,345,349,359,390,542,104,116,247,299,
463,107,26,89,25,57,254,339,499,285,415,503,28,75,119,129,152,335,9,195,2,360,
85,2,
206,463,434,316,24,175,361,175,110,171,190,199,18,66,314,431,266,
463,206,19,268,185,42,121,166,175,236,254,387,399,280,147,26,275,409,457,184,549,77,209,78,313,353,440,108,93,34,529,231,344,20,269,498,169,385,33,469,514,98,166,22,286,512,104,179,235,400,403,
75,238,85,106,102,307,374,503,465,266,380,218,174,61,7,424,456,522,228,353,513,308,448,8,480,90,468,508,304,371,386,402,419,439,64,511,139,188,545,20,89,302,95,211,364,389,454,114,210,283,348,483,429,
101,
129,82,421,10,96,204,373,105,22,144,102,357,86,372,393,532,178,113,487,162,203,248,347,366,83,182,53,171,354,482,71,247,275,294,484,545,174,182,332,86,526,402,398,486,192,225,362,490,13,
193,301,202,148,377,422,68,204,263,358,525,50,160,234,276,325,112,404,488,34,161,8,180,190,282,314,333,443,106,
366,504,525,
143,466,
34,536,255,107,190,
316,71,241,204,400,
57,146,463,183,
467,63,
510,321,71,
228,273,
172,157,360,
117,505,
89,288,
444,423,
305,288,89,
423,210,71,78,352,46,57,354,444,460,199,245,
464,2,272,169,
296,2,3,
427,272,58,2,0,92,521,397,512,13,48,286,222,351,462,525,
314,424,8,
365,
159,
150,423,157,223,
5,448,
281,452,140,325,
263,193,
515,307,33,74,
299,378,424,
388,402,106,
102,107,
278,301,107,
151,333,
265,107,135,
488,182,
458,347,
108,282,463,
248,129,
305,439,142,
116,307,2,
325,71,193,
257,378,
49,282,2,
295,8,
447,62,302,
153,466,71,
73,2,
256,58,505,
519,424,
68,301,8,68,
302,
484,424,
61,71,526,
408,8,
524,2,
106,333,448,
339,348,
466,424,142,
490,8,
73,448,
441,257,
223,19,304,
69,58,466,
89,301,75,
10,146,
363,
515,
205,2,
547,241,514,
504,2,307,
61,360,
201,471,
119,463,307,
319,526,
64,360,
54,301,
275,378,129,
179,378,254,
348,5,75,
207,241,
165,93,
406,119,
358,378,28,313,434,
335,241,
141,241,
90,75,
229,301,2,
225,236,360,
182,129,
277,5,257,
220,258,
285,307,
223,19,150,
191,8,348,
320,526,71,
110,
190,34,193,
256,182,107,
282,504,193,
338,53,288,
57,142,
294,8,171,
255,53,
485,211,
359,449,142,
462,427,62,180,
391,347,476,
410,424,282,
281,
299,402,
266,525,106,
369,8,241,159,
365,466,307,
360,463,402,
521,135,71,
438,2,439,
531,106,
546,378,
133,526,
274,471,33,
460,
187,288,
324,333,135,
445,241,
326,25,2,
209,71,360,
140,333,
111,
530,24,424,
334,424,505,
371,5,142,
60,282,
78,423,
485,457,378,
209,457,
479,
371,71,504,
111,
444,58,
114,241,
443,254,301,
356,
498,241,
108,33,
351,142,
375,448,
143,448,
178,526,
22,58,19,
349,157,449,
272,427,464,
112,505,
308,75,
258,378,
226,107,
100,301,89,
110,
219,180,347,112,
442,497,307,
3,180,505,
85,424,378,
199,423,206,
374,2,
344,2,304,
176,282,526,
159,369,
371,
75,288,180,
167,471,62,
266,206,333,
417,457,424,
189,402,457,
451,505,
122,505,
8,193,
356,257,
490,8,378,
193,180,212,
258,302,
457,257,
478,304,448,
400,316,463,
15,
502,505,
425,157,527,
326,106,19,
344,33,
201,348,460,
325,71,457,
134,
336,307,19,
424,247,466,
403,463,460,
376,135,
412,71,135,
302,75,448,
25,463,
485,347,
480,378,75,
43,304,402,
345,449,488,
210,75,423,
275,107,
24,8,2,
470,526,28,
434,358,
525,427,
33,191,
439,285,439,
197,28,
508,135,285,
72,96,
75,448,
53,146,378,187,
183,505,91,
97,424,
166,58,
422,193,
370,384,96,
469,378,
419,466,75,
139,255,
325,62,384,
389,75,
57,449,423,
428,301,
170,
114,53,135,
299,2,449,
350,466,71,
183,57,254,
215,505,348,
116,19,449,
548,146,
392,247,
162,135,211,
45,449,
192,157,457,
288,28,449,
322,96,
18,206,402,
243,424,33,
251,89,
56,142,33,
477,142,307,
40,448,
429,384,
268,307,
514,463,547,
105,464,
232,71,
13,427,
118,71,360,
123,448,384,
287,106,
545,28,
547,282,
133,28,378,302,
216,448,
306,371,
317,
326,107,
302,255,
90,180,
381,53,
116,488,
37,457,
497,
135,255,488,
321,360,333,
231,
219,384,
323,282,247,
196,191,
209,463,
523,378,
204,193,254,
454,439,
469,135,
410,384,
63,2,
257,
144,526,448,
375,466,457,
312,505,
26,463,241,
457,457,
32,307,
401,2,360,
452,71,
62,96,33,325,
293,471,
433,25,
171,452,
159,2,
358,106,
200,119,
131,402,
154,89,
211,
234,505,
197,
204,241,316,
246,288,
156,
179,463,301,
71,282,
280,471,
65,5,241,
382,5,
407,
398,58,
133,
96,142,
169,33,464,
429,75,
31,457,142,
252,91,
163,378,
128,241,
22,79,463,
418,307,2,
147,71,2,
321,182,510,
310,28,258,
247,348,449,
228,
296,307,448,
28,5,
413,285,58,
496,424,439,
259,424,63,
155,476,536,
237,525,
112,
314,193,5,
462,360,
436,504,
63,53,
84,107,5,
283,28,448,
487,
180,193,333,
416,504,
104,463,449,
125,378,157,
473,211,
147,33,
294,282,
182,33,360,
30,
125,525,
165,28,
152,505,142,
344,347,
393,2,
283,75,122,
471,107,
173,466,
311,
332,348,
286,463,
490,129,
34,193,
336,449,
388,96,
133,439,
343,448,504,
202,5,
