22,448,444,529,82,247,352,107,125,203,328,388,99,141,173,263,338,350,529,218,250,472,512,66,21,34,138,435,446,393,127,330,175,261,53,459,478,486,40,105,298,298,311,518,524,181,425,84,156,186,535,
233,427,119,132,136,364,512,108,161,48,366,122,286,308,
211,269,105,30,52,321,544,234,141,97,315,540,95,273,323,379,384,429,549,220,199,124,301,404,132,373,473,548,469,492,536,503,214,208,251,302,276,307,166,355,430,212,284,310,324,94,352,402,300,61,548,222,119,115,310,313,427,433,452,173,129,351,47,212,132,407,195,217,102,525,288,376,545,140,210,251,184,476,
335,455,308,317,485,92,282,190,21,499,526,232,334,548,308,475,516,121,244,444,0,124,159,79,523,104,458,
97,411,197,4,123,170,263,423,175,311,41,18,148,171,308,227,51,54,132,114,319,320,360,
227,421,427,302,17,133,187,147,425,522,72,107,250,344,265,313,
523,58,455,304,
338,427,187,81,542,472,533,211,366,126,453,521,460,209,466,390,430,6,468,52,207,321,388,511,108,298,332,345,534,130,480,238,352,417,460,114,207,129,161,256,354,162,179,171,19,91,122,202,
126,338,141,41,458,106,149,348,189,195,380,286,513,466,340,198,292,240,284,221,93,439,
70,401,165,312,377,431,25,469,533,277,157,186,229,238,281,332,153,450,16,112,196,316,406,450,147,99,241,90,243,527,544,221,
416,448,45,202,393,470,
336,297,308,315,248,334,445,479,487,0,162,328,65,253,45,96,364,486,495,40,151,379,384,531,44,218,301,328,179,205,223,243,339,341,452,546,
493,197,136,238,120,130,285,485,530,451,500,549,187,29,321,347,63,242,331,
77,532,318,482,483,
430,139,50,211,48,80,111,5,5,359,435,55,241,455,138,234,548,83,288,350,372,106,270,177,211,470,234,311,346,542,155,39,402,519,236,415,239,292,13,390,316,442,487,545,139,
366,163,467,300,164,478,388,61,154,486,365,423,148,179,188,200,420,421,55,512,541,98,164,172,34,494,505,532,109,232,541,38,92,212,316,390,460,473,91,309,326,365,
389,273,287,540,163,258,272,317,341,364,137,525,336,435,261,298,326,429,96,350,412,424,442,83,95,222,66,62,407,484,
105,211,157,407,76,89,241,480,137,480,514,237,459,
297,159,361,185,253,443,398,444,370,66,164,237,258,275,405,549,492,265,312,3,21,73,41,133,96,285,332,408,39,545,116,397,29,46,69,107,144,161,248,381,34,143,516,472,500,254,231,62,131,246,212,24,484,102,117,196,288,374,90,336,7,153,417,423,212,155,374,460,407,374,11,174,345,23,41,485,69,116,131,140,278,356,538,204,29,146,294,299,192,178,418,447,470,177,296,17,157,104,115,315,
427,13,55,358,312,315,163,457,308,403,23,28,247,295,329,12,29,486,249,182,249,368,465,415,8,173,333,308,365,56,377,438,65,534,191,227,102,123,126,538,118,202,82,104,401,498,44,65,47,503,114,163,184,222,15,209,216,376,490,54,200,163,257,259,347,227,233,80,230,241,391,167,246,31,113,219,107,311,388,115,196,31,263,530,296,374,541,278,498,539,186,520,
395,487,401,41,95,195,106,286,350,97,347,419,30,406,494,504,544,
276,487,290,166,218,250,366,378,78,119,143,371,391,543,
157,317,150,105,157,242,28,544,464,477,9,81,144,255,232,478,484,516,83,159,396,480,20,45,100,94,544,129,182,
230,427,498,490,192,275,469,544,152,238,334,378,
311,95,401,326,350,365,541,
95,0,469,92,148,223,298,311,2,31,538,69,203,360,320,386,518,13,166,205,242,
182,214,17,168,241,368,56,417,461,288,354,251,256,291,307,407,458,
429,259,72,73,336,55,35,239,391,488,73,92,275,479,
498,52,474,31,37,210,230,32,488,216,327,84,170,462,494,101,157,323,308,365,387,402,429,449,483,88,90,290,380,207,301,529,548,
438,258,426,27,328,331,166,236,537,
401,315,266,119,186,146,70,230,492,61,27,134,373,100,443,297,318,311,463,536,73,490,517,497,209,227,10,129,363,437,54,512,543,241,395,148,262,311,338,19,442,276,292,82,137,489,539,199,239,144,464,48,521,425,539,207,253,378,440,468,
3,392,73,147,52,102,118,70,295,88,333,340,507,78,333,427,512,150,192,540,6,381,535,295,82,386,503,469,94,197,305,18,428,1,227,353,139,208,246,316,435,33,517,57,69,87,241,230,247,288,
241,182,539,60,397,
110,244,67,27,171,369,113,171,233,464,237,266,276,415,41,133,182,464,522,196,411,99,378,414,507,259,301,333,197,320,352,422,
492,304,
362,17,539,35,64,100,154,209,328,381,482,6,
457,
225,37,35,268,231,263,69,130,41,338,346,530,301,432,12,152,209,328,465,56,151,145,291,324,403,
304,138,487,212,55,214,223,211,178,213,130,308,448,505,349,150,376,492,88,342,459,140,476,506,76,265,125,546,
173,53,427,515,72,152,384,547,164,31,298,317,10,532,123,140,241,346,471,493,413,310,444,547,219,362,488,451,514,442,380,157,199,300,200,13,175,200,306,315,343,157,162,239,334,
164,533,3,215,543,45,176,217,304,397,42,340,345,168,251,136,185,444,516,26,232,184,496,404,523,528,233,138,376,232,59,279,390,15,526,160,427,410,412,147,221,375,484,
88,87,304,71,250,408,421,450,
390,140,338,386,106,410,136,177,205,431,459,200,90,259,487,549,263,371,
407,105,457,142,363,49,107,160,237,357,
455,230,196,183,240,160,496,523,211,283,335,68,89,179,41,118,178,452,501,531,411,484,487,303,224,319,421,438,453,70,362,212,301,87,282,450,501,62,91,180,5,288,84,216,396,477,87,188,191,284,331,420,424,493,311,
431,487,96,305,4,102,352,454,459,484,98,158,283,538,541,
25,210,70,387,131,175,328,407,
425,189,36,545,500,217,393,357,137,215,124,293,386,467,210,257,98,111,9,387,411,422,11,111,138,225,387,223,478,8,254,337,419,437,445,518,524,519,511,
533,269,268,64,172,533,46,480,465,518,70,27,410,446,207,291,491,497,42,354,123,264,
198,4,96,27,64,135,267,348,459,208,265,394,482,122,144,391,416,490,533,540,
514,143,6,192,262,463,89,299,339,92,39,116,193,233,247,343,469,
239,400,542,433,276,57,171,424,249,525,159,
542,388,101,69,239,241,255,309,474,492,20,305,97,111,468,403,89,214,355,103,376,
460,474,214,365,520,53,101,4,442,42,268,304,181,221,286,15,248,383,393,
448,14,2,167,225,12,435,435,47,44,387,51,68,25,385,22,124,162,387,501,492,117,155,433,83,118,133,301,541,257,59,183,200,123,358,399,102,410,337,458,505,77,112,515,124,153,385,17,382,483,347,394,410,470,548,43,411,458,511,539,254,220,270,424,117,523,385,416,474,46,80,369,102,528,13,46,155,221,291,395,192,111,155,92,325,384,174,344,409,6,32,135,264,367,470,36,187,222,224,105,68,431,76,127,208,333,498,156,232,305,524,146,218,459,500,
512,22,3,1,24,28,32,192,543,
469,487,33,252,518,120,202,212,461,26,125,195,411,496,535,324,341,105,202,417,454,535,248,251,262,322,419,495,
71,58,133,175,286,178,379,148,405,474,54,142,530,173,228,452,401,140,286,498,
130,98,61,74,240,345,287,418,321,387,133,412,457,209,218,448,523,109,470,484,14,7,361,487,176,379,198,297,327,351,497,81,142,210,330,256,281,393,402,496,521,18,433,104,90,324,367,160,219,233,362,547,
469,80,95,335,371,47,504,219,122,29,531,92,325,333,389,206,477,154,31,440,209,61,286,313,130,274,346,441,244,48,110,183,530,133,17,334,340,407,443,65,258,370,216,516,422,233,537,402,491,233,322,546,252,213,324,497,182,251,537,148,229,3,114,149,312,167,398,454,261,339,68,543,295,409,428,469,452,27,
539,446,295,223,224,281,198,141,238,260,245,300,423,453,532,241,516,161,248,362,391,243,465,117,377,61,356,436,515,383,388,409,487,
6,3,448,49,73,174,236,334,403,409,94,181,204,303,362,
376,487,304,132,25,187,220,274,488,85,96,200,240,289,409,427,546,
392,3,134,298,102,353,72,175,318,399,253,289,347,411,64,55,533,33,258,174,73,135,534,90,299,366,446,480,518,117,454,456,487,470,
125,202,300,159,238,293,209,30,372,505,18,309,30,504,429,431,472,479,42,244,
505,4,366,291,
280,11,
89,455,
532,173,177,290,291,83,127,255,343,390,24,260,94,218,77,332,541,376,451,541,120,27,268,455,48,114,174,440,491,
352,487,31,433,476,540,
159,421,33,352,539,548,180,406,475,166,432,46,106,200,265,
1,179,24,
0,457,95,
210,25,498,256,54,333,281,346,18,335,37,243,7,272,295,437,475,483,411,62,412,477,105,348,403,533,
241,427,
197,218,25,76,78,319,425,233,8,88,97,179,236,246,156,505,237,238,341,449,462,493,25,541,87,335,35,546,52,83,240,274,308,337,32,411,
524,51,456,106,25,439,463,124,251,87,43,9,485,414,313,183,417,470,507,260,341,91,115,188,287,33,456,356,431,457,33,215,16,336,350,18,100,356,485,89,189,509,144,302,331,368,460,77,190,183,250,151,485,237,260,96,132,484,71,536,83,98,173,454,486,512,491,183,294,433,470,216,316,85,437,231,73,136,394,51,84,160,94,383,427,266,342,530,238,549,423,427,527,309,370,399,27,14,51,152,233,269,417,
11,76,297,356,151,153,262,276,280,63,507,208,450,103,360,
202,125,416,427,36,61,75,308,474,542,
138,22,430,423,167,414,21,306,140,178,240,360,472,533,474,324,387,84,
212,297,304,485,287,47,70,104,391,490,73,162,309,319,324,351,352,
259,429,425,226,263,312,534,270,430,116,217,
474,484,101,293,14,231,293,74,33,235,194,217,188,292,79,107,125,7,208,135,95,151,295,191,390,14,93,96,50,118,79,40,137,166,263,385,219,373,477,306,408,41,162,166,366,548,337,9,152,446,61,67,498,254,391,449,131,170,460,546,214,365,87,90,198,212,292,265,76,111,121,221,69,461,140,341,441,291,337,412,43,486,546,262,427,
487,292,304,27,547,352,300,519,153,90,469,216,309,70,46,339,135,435,357,431,486,283,276,376,27,65,122,432,248,269,333,380,395,419,496,297,427,36,546,41,343,411,529,
461,474,469,214,211,
214,52,40,166,182,222,361,398,401,72,399,466,3,177,186,478,205,451,137,298,423,446,57,43,102,1,472,174,537,34,121,108,139,339,461,304,179,85,136,371,544,119,145,283,351,355,518,
328,225,438,440,
457,85,62,49,8,407,71,0,542,201,399,26,172,308,338,544,184,201,93,118,144,326,
147,155,72,491,186,94,232,496,192,225,143,184,19,360,162,15,328,331,541,141,211,229,325,
327,535,
423,138,
136,233,390,
192,448,3,
263,97,
281,210,130,
427,164,487,153,
79,474,87,
153,279,427,
463,514,
315,336,
533,138,
409,448,
411,455,392,293,
174,214,6,
80,427,252,
0,336,
17,182,
239,430,429,
261,469,389,
68,448,311,
221,448,
465,533,
132,211,524,
289,392,
485,297,
218,448,276,
542,457,
31,427,95,
73,524,297,
269,487,
90,392,
379,336,71,
459,198,
305,448,
268,460,532,
239,401,
256,338,
274,
516,335,
236,6,438,236,
18,3,210,
298,389,
412,527,164,
156,448,197,
148,401,97,
365,366,311,
155,430,
406,70,
530,493,427,
390,532,164,
136,493,214,
133,469,
384,336,
241,105,70,
496,487,130,
103,542,11,
287,
326,366,457,
184,211,164,
318,77,
237,110,197,
295,210,469,
328,147,336,25,
391,429,212,
33,3,159,
201,457,
300,125,
233,469,
527,291,135,394,65,412,163,515,
33,392,469,308,
284,455,126,
205,336,
140,211,138,
296,297,427,
459,304,22,
61,202,539,
283,214,431,
498,71,
61,130,
140,390,304,
422,
417,338,
126,
207,498,533,
69,225,474,
451,173,
435,487,
457,130,
162,338,
265,304,
49,6,
73,3,
312,469,
218,197,331,
446,214,539,
26,164,
435,240,430,
308,336,304,
540,198,352,
309,212,366,
193,514,
237,407,105,
325,147,
4,198,505,
301,225,336,
414,110,
37,210,498,
41,455,225,
412,389,474,
100,157,
252,39,80,424,143,205,304,538,
48,401,233,
238,230,
147,164,
220,376,
518,95,425,
546,304,474,
188,366,455,
179,336,338,214,
450,70,455,
324,211,
421,159,227,
437,210,
160,407,130,
84,455,22,
182,157,
94,6,532,
397,241,
511,425,
440,328,401,
320,110,97,
452,336,
93,126,457,
343,487,514,
247,514,3,
289,376,
286,126,71,
265,227,159,
119,214,276,
24,532,
308,233,197,
240,435,197,
524,425,
458,335,182,
274,376,197,
122,338,233,
515,527,539,
51,524,97,
387,130,25,
516,157,539,
208,3,
304,460,214,
321,211,
199,401,173,
504,125,
243,210,401,
58,71,523,
1,512,
291,505,225,
71,88,
105,210,448,
409,376,539,
19,147,401,
195,469,211,
498,427,
418,297,
84,498,138,
292,126,430,
324,138,130,
146,448,401,
437,425,
104,130,212,
276,110,
298,22,
374,427,
290,276,498,
200,173,
238,70,338,
255,532,157,
153,11,70,
76,105,448,
92,429,514,
371,390,276,
118,457,455,
482,77,362,
396,157,
159,157,
132,211,233,
66,
196,70,110,
505,125,304,
41,487,97,
202,469,338,
180,
223,95,425,
27,469,533,
524,22,448,
171,239,97,
167,469,138,
4,460,431,
72,429,227,
39,430,
226,259,
108,214,233,
303,479,455,
487,336,
113,427,
484,157,
276,239,11,
432,159,225,
402,430,498,
537,469,
538,252,431,
324,225,212,
17,297,362,
275,429,
200,159,376,
24,512,1,
145,225,214,
248,460,469,
35,429,362,
238,524,
319,212,97,
243,70,539,
500,448,425,
529,498,487,
487,430,539,
63,493,11,
143,252,276,
533,198,210,
299,392,
543,512,276,
411,487,197,
13,95,430,
217,259,
541,431,311,
349,304,
348,210,
54,71,
158,431,
537,469,438,
104,335,297,
116,514,259,
383,460,539,
36,487,202,
98,431,130,
205,95,252,
374,297,
362,173,
420,455,
152,230,524,
347,493,395,
417,469,524,
35,197,225,
175,173,
151,225,
57,3,
337,197,425,
52,498,
109,130,
106,395,126,
507,11,
541,427,147,
236,430,236,
544,157,230,
286,395,
439,
472,125,138,
530,71,
311,427,
232,147,164,
17,448,
483,210,498,
522,227,
216,487,455,
263,427,
348,126,198,
300,173,
127,448,
366,392,
192,514,297,
400,239,
531,336,
121,214,335,
486,22,
355,214,
360,97,11,
331,493,
107,407,
352,110,212,
544,70,395,
73,212,429,
381,362,
227,
32,512,197,
42,533,125,
547,130,
407,389,25,
28,512,157,
286,460,233,
208,11,198,
514,105,
367,130,
321,493,
374,297,
265,198,474,
409,6,
173,71,
278,427,
312,70,
307,182,
470,
333,487,210,
541,197,
45,336,
90,390,498,
95,389,395,2,
152,225,
546,487,197,
380,498,
399,524,
545,211,
459,390,
396,455,
139,214,
20,157,
248,539,487,
391,539,427,
242,493,95,
175,25,
122,198,
156,22,490,
221,126,70,
64,362,
305,3,
242,157,
232,164,157,
346,210,
45,416,
7,210,
320,95,
452,469,71,
184,147,457,
363,407,
181,460,22,
131,474,25,
144,401,
129,338,
259,390,
331,438,147,
88,3,498,
15,164,
90,474,
328,336,
120,
528,448,
300,487,
30,395,
393,460,
102,211,
