322,321,139,84,381,478,213,256,158,163,293,319,512,185,226,353,364,488,365,432,258,
433,319,102,29,122,356,366,135,306,468,526,
196,148,40,236,
343,371,258,
460,249,96,403,387,330,157,214,273,437,8,351,29,482,493,386,22,425,531,151,432,445,513,30,34,191,219,434,427,455,474,298,193,431,241,266,281,389,140,80,493,401,509,310,492,
544,463,205,506,
262,380,462,442,
342,241,480,43,57,145,399,98,67,307,10,134,286,52,308,377,471,493,123,150,212,471,508,474,
28,358,149,254,165,460,518,545,225,258,288,310,283,149,105,238,482,170,346,169,247,305,290,389,78,196,227,352,375,7,71,276,385,29,454,186,219,252,289,293,149,457,26,397,444,30,52,147,193,414,452,521,532,372,412,514,335,147,212,240,539,
358,28,313,392,14,68,174,402,498,188,293,300,306,498,531,86,279,546,547,50,173,239,279,281,313,494,104,127,9,261,379,140,520,261,276,285,358,437,460,434,
211,100,151,126,349,258,336,153,171,209,283,383,442,452,65,83,91,514,156,200,499,244,270,355,473,363,372,395,506,394,529,37,49,262,361,362,363,546,328,404,173,48,291,208,548,162,272,337,344,402,497,248,300,467,234,353,231,284,455,547,176,187,393,457,201,418,
462,180,341,113,483,351,14,156,15,302,432,454,261,329,408,514,402,457,490,508,202,354,376,48,262,549,80,368,387,418,478,509,307,420,182,338,427,445,
213,85,
258,12,310,43,189,343,354,392,288,446,110,106,304,359,520,68,224,409,426,71,83,364,264,516,148,474,211,270,85,330,392,87,48,524,93,125,460,282,388,
424,123,427,256,367,469,267,83,377,259,266,496,95,139,384,467,462,528,295,385,103,21,139,250,254,157,168,187,240,246,317,434,521,227,239,91,312,387,499,125,95,118,0,308,365,532,539,126,292,414,517,545,486,
520,476,90,38,412,468,479,95,
365,520,275,
190,97,313,58,171,314,364,83,105,118,353,354,549,1,465,547,549,119,423,472,91,214,263,354,411,445,
341,4,462,43,143,463,294,379,410,236,384,440,177,512,
365,75,324,67,88,124,291,297,438,449,
107,157,245,455,60,446,535,35,45,197,385,514,
40,81,55,531,105,219,275,281,439,67,92,196,119,145,210,218,296,434,
507,275,231,273,131,206,67,334,452,510,282,389,411,13,363,440,96,152,280,343,486,489,512,
5,119,33,168,202,433,133,28,84,161,314,22,236,171,143,502,101,395,502,354,467,175,210,39,494,88,79,35,36,191,378,395,484,485,11,544,398,472,357,439,464,517,129,
324,11,398,299,305,317,358,534,365,413,451,474,213,181,184,249,38,343,409,318,369,357,105,140,195,199,253,312,416,
196,28,274,84,98,9,485,54,137,161,274,359,387,529,
183,57,
71,36,488,100,273,284,7,349,371,414,118,79,103,327,348,133,77,155,107,115,52,138,29,37,225,524,307,396,5,249,378,388,444,33,37,181,284,547,413,139,502,505,435,529,536,156,186,342,317,513,
191,186,53,116,190,38,504,291,298,306,156,479,531,204,247,271,291,364,
364,545,190,43,81,271,314,348,447,20,509,180,386,38,328,90,100,173,271,
439,101,14,483,271,384,393,70,285,10,374,272,436,453,86,25,449,129,438,472,90,128,200,226,103,345,505,269,287,505,40,212,401,259,333,507,228,243,432,530,
405,205,157,335,458,238,407,468,497,
281,142,466,125,41,67,92,315,340,393,519,315,365,417,
319,171,205,235,256,445,214,
388,53,323,458,53,150,168,82,245,265,0,3,371,155,522,507,36,57,76,208,212,277,212,404,372,81,445,495,120,185,204,341,547,
128,226,95,19,14,19,111,219,234,306,493,223,54,147,175,199,0,148,409,134,187,383,448,198,281,394,264,530,
226,49,119,209,10,96,109,143,162,206,245,333,459,74,119,231,198,176,338,478,499,530,210,57,5,497,284,437,83,188,215,234,368,485,65,86,184,428,
291,211,208,38,
401,348,391,74,228,303,315,320,356,34,
371,111,112,220,242,148,447,96,111,338,145,302,362,431,458,223,339,
63,108,259,10,76,412,282,297,549,152,257,345,217,169,183,220,33,71,83,206,460,134,512,547,200,63,405,429,173,438,448,484,107,62,248,495,351,412,433,522,
504,203,189,118,231,246,264,343,371,137,153,278,30,481,158,375,406,446,484,122,490,176,181,106,384,51,269,265,449,253,333,377,382,66,92,30,243,272,287,450,
74,226,294,310,343,378,382,97,492,510,9,23,27,141,241,247,393,
380,33,74,531,546,119,126,317,54,505,142,297,378,118,136,387,497,23,10,52,522,191,262,430,6,90,385,366,371,166,312,319,371,453,
263,2,390,93,397,372,523,224,387,428,414,547,14,232,128,331,366,452,96,313,346,441,544,238,283,374,465,
253,17,232,290,478,186,391,401,428,
49,226,333,102,110,145,139,393,367,474,516,522,525,
147,28,128,87,129,7,100,226,258,274,324,365,
346,33,73,134,282,429,444,307,
160,33,54,37,80,81,113,149,384,517,
89,425,463,343,437,123,253,315,458,
180,223,536,393,105,389,540,193,503,72,549,381,505,91,146,152,466,140,144,75,416,35,2,377,405,295,306,462,193,479,407,501,358,500,224,368,323,175,8,519,197,490,324,111,104,131,306,306,369,459,
275,484,522,400,280,95,314,80,449,507,1,153,285,401,418,491,365,177,480,100,2,228,375,11,226,213,1,291,406,329,402,542,434,62,45,59,433,546,
300,33,90,286,
57,463,183,315,158,150,271,482,102,35,112,440,67,496,529,469,263,352,164,186,202,366,223,199,106,61,183,191,303,472,76,354,229,404,497,
54,75,112,380,66,258,406,435,149,224,351,412,35,305,546,59,162,208,256,7,284,514,535,177,352,411,236,400,412,523,160,220,
111,180,371,
175,180,43,227,287,382,
425,157,52,420,34,468,541,49,112,171,176,346,103,173,113,254,539,158,256,548,
85,33,63,126,213,3,452,308,32,138,292,413,431,452,228,534,
348,530,332,92,27,215,247,308,343,17,39,165,247,256,392,474,241,267,335,403,260,335,506,546,107,110,236,509,97,57,355,90,359,360,105,55,248,309,441,329,401,177,392,291,312,383,43,40,127,195,256,266,286,359,382,435,
53,223,388,272,476,176,260,5,383,389,524,220,250,259,355,79,146,386,387,452,153,207,354,533,149,338,391,536,398,
369,102,205,547,
219,463,205,73,181,255,368,379,95,156,452,137,132,146,260,364,71,151,202,298,422,135,196,82,532,
314,132,190,224,516,188,343,12,130,171,342,546,
194,122,112,464,14,278,220,66,322,521,2,394,208,255,450,242,305,356,51,478,28,145,59,291,369,353,381,505,313,353,465,545,106,546,254,423,428,161,356,361,363,423,474,528,
205,53,67,191,258,109,327,332,463,510,219,415,474,412,222,521,207,292,445,544,90,130,218,243,469,55,265,467,369,286,532,148,351,405,466,111,406,474,
157,297,350,125,32,36,108,107,349,427,536,125,425,327,375,106,93,175,78,104,376,407,226,243,339,211,9,387,116,396,90,373,271,273,123,250,25,209,219,405,407,516,365,120,396,427,489,297,385,420,
148,466,126,185,102,196,40,313,323,406,535,263,456,
545,293,28,249,41,98,364,118,255,452,491,57,72,323,301,330,200,82,405,297,506,436,524,184,90,32,439,123,249,378,383,506,
392,258,348,94,117,349,387,171,298,89,42,520,234,420,107,158,367,526,521,133,273,500,
53,308,399,82,235,15,237,194,215,338,515,11,93,417,10,15,205,513,63,365,358,150,112,156,185,130,201,263,184,370,504,495,38,379,191,199,266,167,264,92,442,4,332,499,170,540,447,377,388,410,511,
75,356,238,85,102,307,374,503,465,266,380,218,174,61,206,7,424,456,522,228,353,513,214,448,8,481,468,508,371,386,402,439,64,511,139,188,545,20,302,95,211,364,283,454,114,210,367,283,42,188,483,15,429,460,99,177,352,462,522,297,534,516,46,54,113,69,381,446,115,482,58,17,434,365,382,531,92,362,86,432,36,538,538,484,
84,196,
33,516,5,488,174,395,497,482,513,515,147,440,301,409,534,36,111,182,39,483,169,78,34,541,193,213,223,283,300,314,28,213,379,44,54,285,244,392,516,229,254,326,171,63,110,204,206,243,84,72,345,346,536,160,463,408,415,419,323,446,
446,75,504,167,214,271,295,259,415,35,112,291,515,27,169,371,420,484,
463,26,25,57,254,339,499,44,415,503,28,75,119,129,152,335,9,195,360,219,485,76,323,11,129,30,328,27,80,262,336,544,109,110,243,301,45,516,341,24,354,466,520,485,320,364,58,395,501,
102,127,29,433,273,369,171,224,505,89,127,343,487,518,108,329,348,427,449,506,519,47,459,463,
391,93,476,355,13,309,356,257,282,401,480,228,59,449,519,538,45,516,44,58,157,390,529,492,147,201,241,338,
166,321,175,152,224,11,154,237,317,125,280,44,293,324,495,532,
271,439,157,275,301,418,521,134,124,251,489,
466,216,4,57,49,173,153,333,20,167,411,427,433,484,156,148,69,167,234,322,252,353,93,365,11,375,46,17,83,371,463,283,349,73,28,363,281,124,165,229,338,234,148,439,331,448,148,129,296,94,513,76,94,542,207,440,524,525,414,514,
476,351,95,391,282,155,329,306,449,527,121,179,213,280,304,209,225,331,524,532,181,284,38,166,189,257,445,70,114,127,403,450,475,520,325,510,428,52,212,318,322,155,468,533,324,342,
76,14,63,27,43,54,315,506,513,154,195,204,394,47,48,62,97,190,539,
306,180,191,327,429,
254,424,33,389,293,
405,63,545,
35,5,57,157,376,
491,118,545,
41,382,148,166,299,
452,53,28,
366,216,328,222,447,484,78,297,364,449,193,442,11,215,290,329,18,443,341,506,
117,392,
364,463,322,439,
434,75,460,349,358,
505,439,71,
447,364,371,
127,102,
171,102,425,
390,391,
349,157,
476,53,
344,211,
112,57,53,21,
546,358,54,
343,74,
1,275,190,
210,75,423,499,
256,319,54,
449,439,
259,446,521,
468,69,97,298,531,
51,504,
313,263,358,
468,476,520,
315,401,281,
213,8,322,
272,317,42,137,27,212,303,369,66,58,87,69,207,529,383,508,
133,509,5,
365,157,
299,324,41,
59,54,194,
173,425,358,
472,5,57,
363,211,
280,507,166,
458,405,371,
32,85,545,
521,271,259,392,
401,439,460,
149,53,28,
214,446,
370,53,
354,463,462,
420,157,446,
90,300,348,
474,460,342,
445,319,
245,107,
284,54,226,
155,476,
519,281,102,
307,346,342,
225,71,476,211,
165,93,
212,439,388,
308,85,342,
318,324,
166,41,
247,191,74,
150,57,342,
547,388,369,
212,342,28,
124,365,271,
398,5,
504,191,
63,63,85,
390,263,
293,28,358,
402,462,
20,364,
35,446,
102,57,148,
274,196,
369,180,324,
298,191,468,
173,364,63,
226,147,128,298,
321,166,322,
38,324,291,
282,346,258,
539,28,76,
57,226,388,
198,226,
125,424,
145,49,371,
510,74,205,
106,194,
520,365,358,
357,324,5,
125,166,258,
371,71,
304,476,
38,191,364,
261,358,
530,226,
58,272,
52,71,380,
139,71,49,
389,53,541,254,
382,348,175,
371,380,446,
147,28,391,
228,85,439,
291,365,191,
517,160,5,
486,424,507,
271,191,364,
546,314,275,
182,462,
67,365,40,
7,54,147,
530,128,439,
459,102,180,
158,57,425,
198,128,
335,348,
223,53,
393,211,281,
55,348,40,
324,166,
394,128,
92,281,40,
9,196,358,
479,191,520,
224,263,
529,391,71,196,
215,366,226,
185,148,322,
80,460,462,
118,380,491,
206,63,
312,424,
438,63,
546,194,
118,190,424,
43,341,76,148,
524,545,258,
298,392,219,226,
171,
54,160,196,
497,57,405,
438,365,
324,147,476,
341,366,388,
534,85,
287,175,504,
376,35,
155,71,
45,275,107,
195,324,348,
100,147,364,
210,40,
387,380,263,
52,28,62,
106,57,
387,392,53,
126,85,
7,71,
340,281,
97,348,74,
335,28,405,
158,392,322,
343,314,89,
303,401,
400,275,54,
0,424,
414,424,466,
181,219,
8,460,213,
510,507,476,
539,424,425,
492,74,
17,253,466,
412,28,
103,439,425,
533,53,
214,
27,74,446,
33,85,
342,314,476,
224,258,180,
19,128,
291,275,348,
81,388,364,
518,
323,33,148,
372,263,
151,460,
538,391,75,
177,54,348,
372,388,
532,424,
502,127,
469,57,
252,28,
306,128,358,
549,462,190,
509,133,364,
163,322,
25,463,
129,5,
337,211,
130,314,53,
435,348,
474,205,194,
76,57,388,
91,424,190,
338,462,391,
190,76,191,
365,281,147,
73,346,
450,504,
297,157,365,
512,341,507,
445,462,190,
133,392,
522,63,49,
256,425,348,
428,253,226,
258,322,147,
410,53,
433,63,275,
449,365,
532,166,219,
140,460,324,
411,190,
388,258,53,
135,433,
185,388,53,
489,507,271,
104,180,157,
78,366,33,
281,128,
122,433,
440,341,
126,424,211,
236,54,341,
119,190,226,
485,196,226,
156,191,71,
123,545,342,
429,63,
266,206,
484,75,63,
509,462,460,
173,211,
389,
242,371,
191,57,
463,341,
117,
281,40,358,
403,476,
94,392,466,
465,194,
92,348,75,
514,107,466,
465,263,
377,53,
95,520,
274,147,196,
241,391,74,
223,371,
354,53,190,
306,433,180,
184,226,
525,49,
37,71,160,
315,89,281,
429,306,346,
250,53,
85,258,
234,466,
490,180,
306,476,
292,424,85,
431,85,371,
439,5,
112,54,446,
531,191,
90,545,
188,314,
213,324,
65,310,104,
345,33,
547,211,190,
234,392,226,
418,271,462,
428,194,476,
524,466,
97,190,
105,40,190,
116,191,
343,324,102,
250,424,
142,380,
207,272,
538,75,
449,366,343,
245,388,
397,28,
526,392,
447,53,
302,371,
135,219,
229,57,
251,271,
186,28,
154,166,76,
488,322,
290,253,366,
379,358,341,
95,219,
212,388,476,
92,53,
518,102,
348,364,
521,28,
86,358,
281,460,
532,28,205,
547,71,
253,504,
359,348,196,
238,263,405,
201,211,391,
86,226,
175,166,
40,348,148,
166,380,
218,205,40,
508,342,
161,196,194,
364,191,
289,
273,392,
134,346,
34,401,
105,324,
286,348,300,
12,314,
363,194,
59,275,391,
442,262,
204,388,191,
119,40,
456,148,
82,219,
463,102,33,
62,76,63,
47,102,
506,545,366,
48,76,
468,405,433,
149,54,160,
385,157,107,
93,157,
115,75,
253,324,89,
