58,173,180,64,511,428,22,26,159,247,22,34,107,288,27,199,473,339,0,393,5,427,439,204,133,186,136,413,447,525,20,229,460,435,423,113,155,384,471,490,212,374,244,478,483,188,208,309,444,394,420,
222,2,129,302,191,520,
509,448,178,278,423,232,8,428,463,464,530,86,26,161,353,394,352,483,307,242,138,371,375,427,467,72,101,209,297,443,429,432,322,346,351,371,441,8,175,205,133,271,354,362,375,485,218,256,280,429,535,
254,542,448,15,25,204,
180,58,360,536,393,488,219,105,389,540,152,503,72,549,3,288,381,525,
129,82,151,421,10,96,204,373,105,22,144,102,357,86,372,532,178,271,113,7,487,162,203,248,347,366,83,182,53,171,452,482,71,247,222,275,294,134,484,545,182,332,351,362,526,169,402,531,
193,301,135,202,12,377,422,68,137,204,263,358,525,
53,129,505,520,82,235,15,255,496,114,103,194,227,307,215,338,515,529,
2,401,107,139,27,95,486,44,245,20,421,194,205,549,63,203,179,39,259,15,495,205,504,124,222,390,418,124,379,440,85,296,464,229,340,
263,172,253,127,294,329,166,392,400,39,495,115,490,251,
542,254,262,124,441,543,313,60,513,527,240,309,395,438,175,535,128,363,349,408,412,437,518,190,212,327,425,245,403,
200,504,526,53,374,416,464,90,426,197,202,483,495,
91,365,339,213,143,48,159,200,100,261,517,192,290,441,314,396,47,490,9,166,174,465,134,26,91,170,390,69,485,122,161,241,343,231,107,247,300,311,
135,255,360,496,265,273,312,373,445,455,469,
75,238,440,85,106,102,307,374,410,465,266,380,17,218,174,61,7,501,424,456,522,228,353,513,308,448,8,480,90,288,468,480,508,304,371,386,402,419,439,64,511,139,188,545,
133,182,192,522,264,285,366,375,421,438,504,
448,254,53,308,103,384,216,268,276,333,15,178,375,434,108,486,22,45,177,225,184,77,314,523,540,50,278,184,91,163,275,106,5,461,482,484,509,378,127,470,518,280,337,27,223,298,15,330,113,479,346,26,100,305,307,450,458,477,548,71,96,162,40,546,422,462,457,520,131,162,472,145,466,276,311,407,17,120,234,243,327,502,
33,44,5,488,527,214,395,62,482,513,515,147,440,
1,507,67,396,256,63,4,547,334,10,241,164,474,520,181,546,61,74,363,523,503,535,548,69,104,122,322,422,428,469,476,522,321,323,420,430,535,
292,27,400,104,47,143,213,433,491,157,337,136,461,387,
25,116,61,134,171,401,512,530,13,314,195,208,290,341,383,384,487,96,125,227,22,167,404,2,225,266,210,420,473,528,112,195,140,60,394,527,463,120,401,89,211,214,1,1,51,521,97,417,546,54,368,55,322,404,3,355,403,44,208,382,148,255,22,393,495,534,433,339,153,209,194,219,506,
471,378,
225,358,505,125,127,20,220,280,358,10,442,135,269,312,316,5,131,229,133,433,544,8,146,142,407,423,522,415,480,417,518,
282,127,33,123,323,506,221,288,348,35,82,60,12,263,7,114,54,439,450,8,155,200,291,148,282,64,294,159,305,117,72,424,494,522,384,
26,255,548,115,261,97,256,219,114,232,527,63,217,520,165,325,296,413,
22,58,106,402,235,205,368,392,419,182,253,291,150,521,34,62,243,247,140,343,479,440,10,223,54,371,470,321,499,255,300,322,274,349,142,400,359,
439,282,58,454,
463,107,26,89,57,254,339,499,137,285,415,503,
360,180,96,202,225,64,476,32,253,221,414,71,15,151,380,510,
211,25,151,349,258,336,473,153,171,209,283,383,442,452,
468,241,343,403,253,540,
402,19,73,
427,509,58,2,0,
71,129,505,430,71,
307,81,448,11,287,325,421,509,364,515,526,71,137,380,443,153,268,442,527,
44,2,33,341,39,26,400,470,43,159,212,251,400,410,64,74,142,166,165,510,322,85,376,474,503,268,2,106,113,201,225,444,
71,81,448,488,
378,280,50,235,383,239,302,393,440,257,65,197,151,244,152,195,250,275,290,342,439,487,546,114,288,388,480,337,358,471,274,448,469,258,523,
520,53,69,207,288,
466,81,107,57,98,113,132,153,333,529,167,411,427,433,484,419,143,148,
101,509,380,78,6,112,101,122,126,109,144,67,357,88,160,246,
439,527,
505,219,225,147,316,128,301,361,445,485,156,271,499,255,202,540,473,53,131,117,168,13,140,71,461,425,479,261,526,301,462,492,502,115,437,211,222,223,3,402,443,503,80,119,
233,220,20,524,152,228,45,292,395,439,546,504,517,26,208,324,467,544,11,258,366,497,242,288,363,406,316,433,452,524,
103,384,41,232,70,246,298,533,
152,180,378,78,
2,42,155,237,89,229,290,169,201,440,524,
96,25,94,47,106,62,112,280,9,72,107,138,189,211,526,209,485,5,88,183,130,368,128,140,395,465,6,62,205,182,347,457,526,363,370,488,305,
7,129,82,518,520,53,90,118,157,59,269,138,143,226,280,522,
241,87,89,286,130,240,60,424,459,539,126,291,468,525,498,536,79,112,304,338,547,445,44,141,353,369,372,459,513,
457,448,327,
79,143,505,106,521,
107,2,41,52,281,424,200,231,240,319,451,488,39,242,302,305,119,302,463,440,466,538,453,13,102,218,268,505,506,90,65,264,278,296,326,12,480,154,452,91,160,168,183,225,226,265,
255,58,202,479,328,255,18,26,424,2,83,90,102,80,197,135,156,391,119,321,511,139,436,135,511,149,362,496,15,25,120,346,397,114,375,522,164,379,323,422,43,203,333,
206,463,434,316,24,175,361,
430,463,42,137,224,457,462,521,169,297,312,438,18,42,313,358,290,512,197,316,346,397,290,412,416,469,
463,206,19,268,142,430,185,42,121,166,175,236,254,387,401,519,280,147,114,275,66,409,457,184,549,77,209,78,313,353,440,548,90,93,34,529,231,344,269,498,
202,505,81,261,384,223,385,372,204,112,203,302,306,307,346,494,430,459,290,461,140,
143,91,79,145,351,363,469,199,296,337,83,203,302,
384,25,329,417,488,232,27,148,174,241,305,54,221,280,371,376,225,260,397,412,446,117,377,48,71,103,217,308,312,69,105,94,252,130,149,155,541,149,170,181,295,313,364,410,53,182,101,423,202,2,325,469,516,429,480,526,343,534,414,472,24,53,370,49,416,
423,509,71,78,352,531,
371,406,83,271,306,429,509,527,277,509,
421,307,464,136,295,20,
348,
8,81,106,136,397,417,452,490,526,255,295,369,527,534,
106,75,22,332,512,257,154,8,70,125,194,12,290,163,257,266,358,377,423,487,531,305,404,156,179,227,448,509,191,333,356,360,430,
33,360,94,115,124,164,225,9,162,358,513,215,59,205,274,355,440,444,473,
81,202,66,40,26,57,191,71,134,311,8,177,307,424,450,320,326,466,122,235,415,418,424,443,75,253,268,69,115,257,322,424,97,31,274,404,187,306,381,479,
440,75,339,163,317,64,536,135,179,444,14,67,115,206,243,360,
91,489,229,45,17,451,122,161,260,446,527,286,447,490,523,380,439,171,375,480,431,286,422,316,55,460,170,188,359,117,187,511,520,
301,278,117,251,23,112,424,361,133,119,275,376,194,193,419,526,547,229,294,329,535,448,54,255,335,530,
347,15,129,219,258,538,186,296,518,87,430,485,178,347,304,429,548,196,366,504,
526,8,129,
360,452,437,164,236,174,226,256,388,330,162,231,119,201,
410,75,176,
20,233,17,
319,521,
304,75,347,
146,251,66,10,221,57,448,472,
488,180,107,
98,466,
19,402,
79,205,241,79,
347,96,347,
257,106,
489,471,
449,44,58,77,458,462,476,452,
360,28,33,138,140,186,487,434,132,23,372,
162,33,360,
295,8,421,
127,263,225,11,
71,360,307,
89,241,463,
28,24,358,
424,81,
302,107,378,
547,
455,224,
358,33,378,28,
400,22,263,
257,378,
155,282,2,162,
157,292,7,
460,249,
182,129,384,
361,301,
424,81,241,
504,133,347,
108,493,
203,202,255,
423,106,58,
527,26,33,
90,107,463,53,
171,129,
143,7,466,
525,180,193,
360,106,440,
476,449,
53,220,452,90,
452,129,172,287,509,421,449,
359,91,22,
57,146,463,
24,28,512,168,484,296,383,438,461,64,72,223,321,206,
5,448,225,
326,107,
526,505,301,
66,81,463,
245,452,
462,449,
88,101,547,
333,255,106,
229,301,2,
547,88,241,
165,93,
380,101,
296,2,143,
227,53,106,
118,7,
467,
397,430,8,
154,107,106,
253,81,263,468,
281,452,325,
448,146,301,
66,146,
536,440,
163,440,119,
433,225,25,
308,75,
288,378,
515,307,33,
61,75,1,
90,75,200,
521,79,319,
366,133,347,
527,439,8,
191,222,106,
271,505,129,
103,53,
448,378,106,
290,2,
67,101,
182,129,22,
205,79,509,
403,468,
194,2,
325,384,
114,463,282,53,
101,101,
168,505,
131,225,448,
463,509,
524,2,233,
469,430,135,
117,91,384,
59,7,33,
285,133,463,
204,193,254,
274,33,22,
159,44,208,
307,53,
54,22,301,
85,2,44,
352,119,
208,159,58,
422,1,193,
442,307,
547,1,
385,202,
424,81,
134,129,81,
142,22,225,
464,200,
416,200,
122,101,91,
225,236,360,
480,378,75,
60,282,
294,263,301,
365,
137,463,193,
531,106,
102,107,
377,106,
140,22,360,202,
375,448,
165,44,26,
464,2,421,
444,440,58,
362,129,509,
469,1,378,
490,263,8,
274,378,81,
135,193,440,
3,180,505,
358,225,106,
302,202,222,143,
406,119,233,
307,202,
6,101,
445,241,
255,22,53,
278,301,107,
298,448,
229,355,58,
113,466,58,
5,119,33,
229,225,
219,180,347,112,
169,129,2,
479,81,
290,202,430,
454,439,
444,44,33,
205,33,2,
311,91,
226,7,107,
217,26,
381,81,
265,107,135,
280,7,509,
321,1,
160,101,107,
391,
430,106,1,
531,129,423,
412,430,
142,463,
529,53,
141,241,
246,101,103,
12,193,282,
209,463,
75,81,138,
504,200,
275,378,129,
546,378,1,
323,282,247,
410,384,
228,233,
268,44,307,
309,58,
430,202,71,
104,1,292,
64,360,440,
351,129,
370,384,96,
266,106,
253,360,
313,542,
322,44,509,
15,53,
357,101,
374,58,200,
205,22,
546,448,233,
406,371,220,
548,463,
384,58,282,
91,448,91,
400,292,
501,75,40,
240,241,542,419,
477,448,
390,91,2,
400,44,
429,509,384,
20,58,225,200,421,
164,33,1,
353,75,509,395,
133,509,225,
421,133,452,
225,44,107,
369,8,241,
420,58,1,
200,119,
325,26,
11,233,127,
509,106,452,
419,466,75,
89,2,
232,103,
65,107,
519,463,
173,58,
216,448,
128,96,542,
496,53,135,
351,509,143,
62,96,33,
145,448,143,
306,202,371,
222,505,
480,75,107,
494,202,282,
83,371,
10,146,
317,440,
181,1,
288,75,233,
363,233,143,
3,25,
548,448,26,
132,360,466,
140,505,
164,360,255,
529,466,
171,452,
214,33,
248,129,
63,2,
151,129,
371,384,
202,200,
401,2,463,
321,24,
470,22,44,
504,2,233,
26,58,
78,152,
202,119,193,
261,202,26,
294,282,
443,505,307,
117,505,
371,509,22,
503,505,44,
286,
548,1,
60,542,
135,255,
72,509,
520,26,
414,360,
87,347,241,
497,233,
490,58,
487,378,106,
40,448,501,
195,378,
535,509,1,
99,
148,466,
138,7,509,
218,509,
263,193,
17,448,20,
416,430,384,
520,91,222,
53,384,
495,200,
113,44,
258,378,
201,2,44,
251,263,
523,378,
380,360,
402,22,129,
452,211,233,
44,449,241,
255,8,
49,384,
268,463,
358,225,193,
15,254,
144,101,
415,463,
215,53,
78,423,
219,26,25,
119,107,505,
247,91,
455,135,
67,440,
244,58,378,
187,91,81,
136,421,292,
106,79,44,
162,155,
323,1,
327,457,448,
71,423,71,
288,520,180,
353,241,
150,22,
275,301,463,
485,509,
146,225,
26,463,448,
179,440,106,
188,58,91,
337,292,143,
473,211,
175,206,509,
311,448,
476,1,
12,107,106,
4,
346,430,
505,79,
147,33,
271,509,371,
15,2,360,
499,463,505,
297,509,
483,58,
212,542,58,
484,466,129,
178,347,
508,75,
143,292,
2,427,
472,384,146,
181,384,
139,255,
17,75,
58,427,
485,347,91,
440,463,2,33,
322,22,81,
235,53,
501,452,
372,202,
384,448,
313,463,430,
269,225,
72,96,
479,505,
122,81,
498,241,
