118,84,343,491,485,279,452,229,271,145,152,131,153,233,256,448,
530,257,543,375,515,175,188,381,405,414,462,78,211,299,459,533,451,101,52,440,
59,187,314,473,499,238,520,387,315,173,470,535,303,528,
102,71,89,93,133,170,173,
491,118,545,31,61,146,451,508,263,388,19,436,452,429,324,382,502,535,1,183,117,380,528,228,
89,425,463,70,343,437,123,253,458,122,128,176,241,507,209,323,268,202,170,402,310,67,138,222,262,470,102,210,91,192,235,240,334,365,543,
433,319,102,29,356,366,421,306,471,526,12,178,159,229,408,533,48,194,22,337,467,492,365,445,3,499,542,529,533,120,157,396,10,505,208,227,278,374,514,93,233,383,
534,545,41,427,107,
371,112,220,148,447,96,111,338,145,302,362,54,223,339,405,436,88,221,289,408,292,316,497,217,292,321,369,95,281,285,114,413,228,261,439,97,341,538,45,198,364,
365,75,324,67,88,218,438,449,230,284,285,356,184,213,207,380,98,144,270,467,286,81,33,63,453,508,185,245,448,
439,182,85,447,66,41,378,
33,85,140,94,98,138,300,366,495,526,
57,50,388,1,72,76,98,194,273,179,338,440,487,38,287,194,386,455,490,263,311,
545,293,28,249,41,98,118,255,452,491,57,72,323,301,330,200,82,405,297,506,436,524,184,90,10,439,123,249,168,378,383,506,264,285,498,303,60,64,126,450,71,75,211,302,237,408,464,502,228,534,37,92,47,196,454,53,421,51,513,
75,356,238,85,113,102,307,374,503,465,266,380,218,174,61,206,7,424,456,522,228,353,513,214,448,8,481,468,508,371,386,402,439,64,511,139,188,545,20,302,95,211,364,283,454,114,367,283,42,188,483,15,429,460,99,177,352,462,522,297,534,52,516,46,293,113,69,381,115,482,58,17,365,382,531,92,362,86,432,36,538,75,270,108,238,251,414,145,65,74,130,161,290,330,191,195,200,211,28,524,17,85,289,522,52,540,191,392,432,516,532,521,
546,358,141,72,194,349,33,38,357,493,427,199,452,9,175,452,413,145,175,190,376,5,164,466,7,184,209,225,449,
35,32,157,376,42,102,341,153,19,221,419,422,189,218,299,114,329,356,425,524,528,
258,322,147,
71,36,488,100,273,284,7,349,73,414,118,79,103,327,348,133,77,107,115,63,138,29,37,155,524,307,396,5,249,378,388,444,33,181,284,28,547,413,69,43,502,223,435,536,156,186,342,317,513,181,357,138,32,57,55,317,476,351,397,401,416,467,497,509,102,471,217,275,436,24,515,78,128,184,218,253,263,509,208,468,201,202,501,
156,191,71,220,132,257,429,499,
281,128,58,150,57,454,178,254,42,349,76,97,171,61,463,27,19,296,391,38,122,309,155,194,494,
282,258,208,281,539,84,30,169,364,191,198,352,117,530,320,432,472,
193,307,1,441,449,485,486,501,
324,11,398,305,317,358,534,365,413,451,474,181,184,249,343,409,318,369,326,7,357,105,140,199,144,312,416,356,490,17,231,444,513,476,545,207,239,500,231,275,332,430,238,274,425,512,528,195,349,495,
213,479,45,164,301,
11,322,253,201,121,226,423,197,125,96,368,468,507,502,450,29,245,283,358,69,330,503,513,
438,28,365,111,334,272,275,103,121,143,144,300,344,439,450,487,300,336,328,420,199,283,368,
102,29,433,273,201,224,505,89,127,343,487,518,108,329,348,427,449,506,33,47,459,463,15,43,246,262,95,365,52,428,476,149,472,94,441,297,353,84,360,191,194,495,168,333,29,101,314,393,514,193,229,453,479,
100,147,56,119,110,264,261,227,37,303,95,164,319,392,426,114,162,172,277,
372,388,79,451,350,424,486,506,513,
307,164,115,14,215,352,193,336,345,290,316,343,186,408,517,91,110,246,195,357,406,56,104,306,451,513,
182,219,211,486,353,439,449,547,232,328,382,460,151,282,
546,49,134,207,28,351,289,313,492,
341,4,88,43,143,463,294,379,410,171,384,342,2,177,512,321,451,170,348,410,473,234,228,308,186,60,134,205,297,302,99,240,319,466,252,435,
54,84,371,7,287,
165,93,62,463,501,538,469,
247,191,269,285,51,157,293,306,385,429,27,31,96,411,491,172,229,429,
322,160,139,84,381,478,11,256,120,163,293,319,512,185,226,353,9,488,365,432,258,481,459,260,248,295,402,255,271,308,473,525,181,87,90,543,514,516,531,232,235,142,499,
147,28,128,87,129,7,100,50,258,274,397,203,124,140,383,394,33,310,484,164,452,388,380,169,203,269,172,268,476,439,
190,313,58,171,372,285,83,105,118,353,354,549,1,465,543,549,98,423,472,311,214,254,263,354,411,206,359,468,479,297,411,322,522,198,77,250,128,167,318,376,411,458,462,543,89,127,156,381,383,
65,549,310,104,105,260,
404,107,337,59,96,13,75,221,297,448,47,304,391,217,241,349,78,455,531,
198,405,413,
285,85,247,21,133,503,
476,351,95,391,282,155,329,278,449,527,121,179,213,280,304,209,129,331,524,532,181,284,38,166,189,257,445,70,114,127,11,450,475,506,325,510,66,52,318,322,533,7,31,102,347,178,181,255,0,477,69,314,437,452,462,380,519,142,198,390,484,504,39,193,299,137,387,
41,382,148,357,96,1,68,113,157,271,443,464,128,173,123,367,104,534,73,116,327,195,487,
423,11,173,9,102,213,245,336,
173,63,43,500,71,90,60,423,39,22,209,315,421,423,96,318,337,378,368,
277,479,
211,100,151,126,349,258,336,153,171,209,283,383,442,452,65,83,91,514,156,200,499,244,270,355,473,363,372,395,506,394,529,37,49,262,361,362,546,328,404,173,48,0,208,548,162,272,337,402,497,248,300,467,234,353,231,284,455,176,187,393,457,201,418,182,115,206,194,293,314,166,417,100,345,465,207,374,426,
136,191,388,445,
387,46,26,237,299,313,448,483,304,454,475,545,280,299,314,271,521,
479,191,350,112,143,167,311,356,99,124,213,277,474,511,34,
140,147,33,342,455,11,313,425,224,219,276,308,512,517,
128,232,95,16,14,19,111,219,234,306,493,223,54,147,175,199,0,148,137,409,134,187,383,448,198,281,394,264,64,95,377,67,116,309,505,228,126,228,442,489,129,287,294,85,200,201,386,440,
8,111,199,43,90,481,295,324,336,261,435,238,285,345,350,398,415,478,548,
391,93,476,355,13,309,356,257,282,401,480,228,59,449,519,538,45,516,44,58,157,313,492,8,147,201,193,502,158,280,413,246,500,60,320,531,129,183,202,363,401,429,518,360,540,105,186,385,
43,358,173,144,252,276,328,537,26,129,525,
248,322,99,202,219,
258,12,310,43,189,212,354,288,446,110,106,304,359,520,68,18,409,426,71,83,364,264,516,148,474,211,270,413,330,392,87,48,524,93,125,460,123,282,388,32,429,475,512,239,509,531,46,100,234,285,305,317,6,297,88,93,171,404,466,282,307,93,126,262,289,372,
85,33,359,3,452,127,23,138,292,413,452,311,235,15,135,255,403,65,272,305,348,285,477,37,162,322,199,445,404,439,501,537,83,103,333,451,141,139,378,404,
547,281,205,33,46,172,365,417,182,4,13,73,56,538,158,246,340,
191,186,136,116,126,291,195,10,156,479,26,204,247,271,370,364,186,294,305,444,250,38,72,168,323,56,262,43,237,49,533,270,428,268,504,81,287,491,545,
269,247,219,495,66,
206,63,134,
209,388,465,201,345,504,537,376,256,299,229,509,265,43,458,
405,63,545,41,120,184,198,80,329,376,403,108,280,452,102,142,
349,157,269,31,12,131,219,313,463,123,85,239,435,541,544,8,477,544,464,524,94,514,46,196,23,
318,229,324,350,478,271,45,326,207,211,224,264,476,
112,208,21,183,240,304,316,322,379,183,425,24,418,287,343,368,530,315,526,
91,307,368,
33,546,102,79,190,376,72,356,534,
447,189,371,164,69,417,256,433,538,63,518,161,291,421,346,497,439,279,337,416,457,526,421,493,46,
63,108,259,10,412,282,297,549,152,257,345,217,169,183,220,424,33,71,83,206,460,134,512,547,200,405,123,173,545,448,91,179,107,62,248,495,351,412,281,1,547,439,203,436,460,144,257,86,404,442,
388,136,323,2,240,458,53,150,168,82,245,265,0,3,371,155,522,507,36,57,76,208,0,277,404,372,445,495,120,204,38,547,207,209,298,299,320,349,45,350,371,75,186,417,406,279,297,294,5,46,244,193,229,237,282,
28,358,149,254,165,460,518,545,225,258,288,310,283,149,105,238,482,170,346,169,247,305,290,389,78,265,227,352,375,7,71,276,385,29,454,186,219,289,5,457,26,397,444,30,52,147,193,414,189,521,532,372,271,514,335,147,170,240,539,451,469,533,89,107,169,266,333,371,221,303,470,508,548,456,468,276,299,27,166,460,296,323,502,148,252,275,280,377,528,487,
60,541,545,219,276,302,475,496,5,15,43,271,378,493,501,530,540,152,260,310,491,
419,385,61,422,499,257,474,100,358,160,140,32,318,328,
150,236,105,160,426,292,365,316,85,189,245,538,34,243,125,538,
1,33,190,57,520,282,3,536,90,145,165,378,382,465,154,366,449,190,231,318,408,38,66,94,354,393,473,59,463,
281,142,51,125,41,67,92,118,393,134,352,417,359,32,547,106,300,9,198,223,16,124,384,280,306,94,62,155,278,254,276,442,
445,433,88,163,283,295,326,
401,173,391,74,228,320,356,34,58,150,132,413,167,219,7,41,313,367,474,499,479,10,127,283,410,434,475,109,244,329,380,414,180,190,275,320,267,
43,71,102,17,252,209,95,365,
157,297,350,125,32,36,108,349,427,536,125,305,327,375,106,93,175,78,104,376,407,226,243,339,211,9,387,116,396,90,373,273,123,250,25,209,219,407,107,516,74,120,396,427,489,68,259,385,222,344,482,51,157,545,87,389,456,140,
133,509,274,443,11,56,497,4,196,365,368,410,479,41,18,381,534,188,372,379,
145,371,75,55,256,33,154,159,271,108,543,491,214,267,288,
343,355,89,
219,205,73,181,255,368,296,379,95,156,452,137,132,146,260,364,71,151,202,422,135,80,196,151,82,182,4,269,118,439,330,381,19,59,75,88,258,299,262,219,433,507,317,545,64,268,364,365,28,43,288,336,372,
358,28,313,392,14,68,174,402,498,188,43,300,306,498,531,86,279,546,547,50,288,239,279,265,241,494,104,127,9,210,379,140,42,520,169,261,276,285,358,437,460,226,248,274,359,392,123,242,331,339,473,485,295,184,228,365,7,432,250,230,
304,476,14,156,263,476,230,76,423,434,220,330,498,
524,545,258,106,25,282,285,463,
84,300,78,103,253,258,348,413,54,467,137,252,294,71,24,119,207,379,105,341,302,174,443,1,505,263,
205,379,67,191,258,109,327,332,463,219,415,474,412,222,521,207,292,445,304,90,130,218,243,469,55,265,467,454,286,532,148,351,293,466,111,406,474,61,101,323,479,185,362,547,103,108,436,115,267,271,525,8,320,348,522,457,483,97,102,138,184,
193,391,271,333,13,84,251,472,481,492,499,101,
154,1,145,
259,271,275,294,285,268,522,274,422,468,100,114,341,424,435,
337,211,196,202,343,517,226,262,430,150,405,512,
201,102,11,4,116,315,354,364,489,0,173,317,78,296,458,462,363,397,
364,219,201,
335,28,14,384,397,470,221,421,278,336,487,520,89,198,
92,281,445,
307,262,
119,84,100,
394,147,
9,281,322,
302,111,84,
191,75,102,
84,282,
465,209,1,
191,282,
349,
52,28,62,530,
445,92,166,172,136,452,
263,71,304,
313,140,546,
173,401,201,
542,433,
393,211,281,
186,28,
28,75,438,
483,387,
138,33,71,
534,133,
111,302,
164,307,447,
439,63,
433,447,
147,28,391,
164,100,546,
275,71,259,
271,205,259,
199,546,
452,476,118,
169,358,372,
151,182,
530,112,60,
297,190,258,
549,65,
545,157,324,
336,438,8,
488,322,
37,85,210,
228,341,358,491,
528,491,59,
459,530,
134,546,341,
373,
299,476,387,
382,1,64,
4,25,133,
492,433,
170,341,
184,365,358,
75,545,219,
67,128,89,
172,247,100,
309,
78,530,
243,
448,404,387,
522,259,205,
487,335,41,
352,
269,349,
360,102,
226,11,
421,335,173,
535,491,59,
502,491,28,
72,546,191,
341,35,
127,190,401,
194,281,
45,371,213,
432,358,75,
43,248,
280,405,281,
85,349,
501,165,60,
62,281,165,
483,
217,371,71,
521,259,75,
397,28,
357,41,307,
274,259,324,
439,219,
107,404,534,
413,546,371,
365,133,547,219,
173,102,211,
208,433,71,
451,307,372,
77,190,
98,33,190,
26,387,191,
278,433,335,
378,1,
473,341,358,335,
544,349,
538,391,75,
268,147,219,
235,89,322,
333,85,102,
258,219,
297,388,102,
123,41,
436,205,63,
375,530,
31,476,
372,219,133,
129,476,43,
378,439,85,
213,423,365,
285,8,524,
1,84,491,
368,173,438,
364,282,371,
186,391,341,
397,147,201,
267,145,401,
350,223,318,
540,60,391,
349,404,324,
490,57,
96,173,247,
185,205,365,
163,322,
207,84,324,
380,147,476,
454,281,205,287,
413,391,84,198,
253,11,71,
13,547,193,
451,85,530,
391,281,404,
244,388,401,
153,35,182,
449,1,182,
346,447,
220,156,
200,128,
105,391,65,
56,547,100,
199,8,438,
193,102,
72,33,
133,102,285,
365,43,89,
283,438,445,
287,54,191,454,
405,530,
60,391,341,
285,190,
543,322,
49,191,546,
87,322,157,
43,341,148,
491,247,145,
393,102,1,
10,433,401,
296,201,214,
520,335,
455,404,57,
38,281,1,
372,258,169,
513,307,545,
17,324,43,75,
144,63,324,
38,
165,1,
246,391,307,
504,476,
337,447,
84,102,193,
266,206,
75,404,
205,341,
271,193,145,
332,324,
424,372,259,
310,60,147,
363,201,
118,190,
214,248,72,296,381,460,
517,307,337,
289,258,546,
466,546,341,
493,447,60,
79,33,
241,404,
421,545,447,
468,71,259,
237,388,545,
252,43,28,
520,358,
303,545,54,
473,322,59,
240,388,112,
376,546,
195,307,191,
489,128,201,
451,341,28,
189,28,35,
183,391,
501,85,
368,133,11,
345,209,211,
297,404,341,
189,447,150,
54,
402,89,322,
285,258,
508,28,491,
271,387,318,
99,248,
46,387,447,
170,102,89,
252,341,
220,304,
256,209,118,
458,209,
43,8,60,
501,71,193,
260,65,60,
442,281,63,
503,285,11,
512,140,337,
184,546,205,
140,157,419,
499,156,322,
188,133,
201,128,71,
491,60,191,
66,269,439,
263,57,84,
315,112,
366,33,
495,324,33,
225,546,
134,206,
198,335,371,
41,439,133,
276,281,140,
155,71,281,
404,85,63,
277,100,
282,388,524,
383,433,190,
7,54,546,
448,118,365,
435,259,341,
9,358,
368,112,91,
320,282,401,
195,324,41,
425,140,35,
374,433,211,
543,530,190,
275,28,401,
528,28,35,
294,259,128,
95,371,100,
492,193,546,
537,43,
181,219,
46,388,349,
37,545,100,
484,476,
64,219,382,
509,71,209,
218,71,
196,545,349,
125,150,11,
112,479,
497,71,371,
306,128,358,
463,341,
116,191,
271,191,
226,337,
545,219,
229,118,
329,401,
22,433,
238,59,8,
548,8,
18,133,
526,33,112,
229,247,102,
479,102,
219,248,140,
164,213,
119,
14,307,
434,304,
458,190,201,
33,1,365,
257,63,156,
86,63,
19,281,35,
5,60,546,
381,133,214,
245,365,11,
94,1,33,
426,211,100,
262,258,307,
456,28,
387,59,
457,205,447,
306,247,
334,89,
132,156,
505,84,433,
304,404,387,
61,281,419,
4,547,201,
538,547,150,
379,205,
388,258,
92,75,
33,145,547,
157,41,
202,89,
475,401,
369,324,
202,248,71,
271,322,28,
379,112,
29,11,102,
352,281,
392,100,
462,201,190,
28,546,219,
477,349,
428,
200,75,
470,59,
99,341,
190,1,546,
182,153,
110,100,307,
161,447,
541,60,
338,57,
466,258,
108,75,
194,433,546,
206,190,211,
