262,129,251,197,85,281,404,496,40,63,205,259,270,412,514,220,
96,25,94,47,106,62,112,280,72,107,138,189,211,526,209,485,5,183,229,368,128,140,395,465,
2,256,401,107,139,27,95,486,44,245,421,194,219,320,549,63,203,179,259,372,385,495,510,205,504,
129,82,421,10,96,204,373,105,22,523,144,262,357,86,372,180,532,178,271,7,487,162,203,248,347,366,531,182,53,171,363,452,482,71,247,
493,393,446,295,27,165,392,535,133,127,238,297,501,348,424,33,192,93,6,215,216,224,254,277,334,369,385,432,522,531,
22,58,36,106,268,235,205,139,368,392,419,515,253,291,150,521,34,62,243,247,343,479,440,10,223,405,456,470,499,
492,384,367,20,236,155,223,50,248,334,434,234,155,483,538,8,474,285,313,364,55,220,318,234,241,250,74,99,159,165,40,2,537,328,60,439,493,
251,58,118,224,373,476,480,380,467,165,4,459,543,187,225,83,282,105,163,328,173,370,326,425,306,288,296,224,26,158,262,384,422,157,425,432,16,547,216,388,477,389,524,253,293,319,405,
430,463,42,72,137,397,411,457,462,521,169,297,312,353,438,468,
241,492,91,37,286,130,240,60,424,459,539,126,186,291,468,525,498,536,
283,91,139,363,137,435,499,
233,220,20,524,152,228,45,292,395,186,439,546,504,517,
255,58,202,479,328,255,26,424,2,83,90,102,80,197,135,156,391,119,321,511,139,217,436,446,511,143,149,362,496,15,25,120,346,397,
505,245,301,266,
180,354,58,360,536,393,488,219,105,389,540,
467,215,251,41,48,273,334,113,342,429,454,456,163,275,293,20,295,531,477,507,
320,115,2,424,
130,489,144,198,283,325,487,545,
107,2,41,52,281,424,200,221,231,240,319,451,216,488,39,242,302,520,215,404,463,440,466,48,538,275,283,453,
78,301,248,234,2,122,228,263,297,33,126,146,195,302,332,414,472,506,508,536,22,269,272,433,
509,448,178,278,423,232,8,428,463,464,536,240,281,26,421,303,394,454,483,185,307,242,333,371,375,427,467,531,101,209,297,443,
378,91,280,50,235,383,239,302,393,440,446,65,197,151,543,
330,452,36,386,459,331,275,31,89,112,284,344,124,67,104,450,316,148,161,463,100,352,422,483,239,249,167,199,301,435,32,160,221,254,260,11,350,198,212,338,403,398,178,202,452,47,318,494,518,68,473,29,288,409,479,505,
44,2,33,341,26,63,400,470,
542,254,91,262,124,441,543,313,60,513,527,240,309,395,438,175,535,128,305,469,
347,129,219,258,284,538,
225,251,505,125,363,220,280,358,442,
90,172,452,305,330,30,248,395,137,156,73,398,228,290,70,219,546,304,361,89,519,150,220,439,532,535,226,238,485,331,165,267,453,531,487,
211,25,
58,173,251,180,17,511,428,22,26,159,247,22,34,107,288,27,199,440,473,339,195,393,5,427,439,133,186,136,413,447,525,229,372,460,435,
82,11,168,321,420,200,37,47,87,289,30,180,408,19,180,285,386,432,504,12,369,
452,330,114,90,73,270,373,401,33,237,155,222,340,396,16,278,361,401,485,109,203,32,457,250,331,360,361,508,157,297,196,286,325,6,245,439,98,517,239,281,443,540,353,361,530,
301,291,248,404,10,32,301,201,505,154,78,373,341,440,195,60,220,253,352,376,279,287,319,331,510,432,472,
301,117,69,83,112,361,119,275,295,376,385,194,419,485,526,547,
248,75,402,441,19,484,4,78,155,424,318,335,539,545,368,515,334,216,542,
360,33,
106,75,22,332,512,257,425,8,70,125,194,290,414,163,257,266,358,505,
360,180,96,202,225,469,476,32,253,
91,448,519,24,283,180,382,267,378,519,83,210,530,147,226,273,311,408,155,241,437,487,300,21,143,237,248,280,312,32,236,247,255,263,413,
463,330,206,19,219,251,430,132,42,121,166,175,236,254,387,401,519,280,147,114,268,275,66,409,457,502,549,
1,443,507,396,256,63,22,4,547,334,10,241,
81,202,66,40,26,57,191,71,22,311,85,8,177,307,424,450,320,326,466,122,235,415,418,424,443,
26,143,255,548,17,115,261,97,256,413,
307,81,448,
523,129,399,108,
282,127,251,33,123,323,510,506,221,288,348,35,82,73,259,263,14,114,54,439,450,8,155,200,291,148,282,228,294,159,
91,542,157,106,116,340,451,
384,25,329,417,488,492,27,32,148,174,241,305,228,54,221,280,371,376,225,260,397,412,446,229,377,198,48,71,103,217,308,312,69,398,105,94,252,130,149,155,541,149,170,181,295,313,364,410,53,182,229,251,510,334,423,202,325,469,516,
201,112,301,449,493,290,454,468,512,
10,301,407,40,86,106,121,160,283,344,3,232,416,445,148,66,100,108,459,524,186,260,322,
119,482,255,200,456,
25,61,134,171,401,512,530,13,314,195,208,290,341,383,384,487,96,125,227,22,167,404,2,225,266,210,420,473,528,112,195,140,60,394,527,463,120,229,401,89,211,214,1,1,51,521,97,417,546,54,368,510,322,404,3,355,403,44,208,382,148,255,
91,365,339,213,143,48,159,200,228,261,517,192,290,441,314,341,396,412,490,9,166,174,465,
112,201,331,452,338,345,423,
531,129,509,463,79,112,140,270,293,324,423,
75,248,238,440,85,106,102,307,374,410,465,266,380,17,218,174,73,7,501,424,456,522,228,
202,505,81,261,384,22,385,
505,225,316,128,301,361,445,485,156,271,259,255,202,540,473,53,131,165,168,334,436,71,84,345,425,479,522,526,
33,360,78,
256,2,41,452,16,292,143,354,514,309,149,471,135,336,413,435,523,535,498,
448,254,53,308,103,216,268,276,333,15,178,375,434,108,486,22,45,177,225,184,77,314,523,540,50,278,184,240,163,275,106,91,461,482,484,509,378,127,470,518,280,337,27,223,298,15,113,479,346,221,100,305,307,450,458,477,548,71,96,162,546,422,462,
91,489,229,45,17,451,122,161,260,446,527,286,447,490,536,283,380,115,171,375,480,431,286,316,
482,119,482,402,499,501,8,88,370,435,536,54,146,238,360,422,529,
33,44,493,
408,365,91,293,101,37,
259,282,505,493,305,
466,81,107,
360,452,437,8,502,
206,463,434,316,
24,28,512,83,168,484,296,383,438,461,64,72,223,260,273,321,338,
248,90,492,
361,452,90,398,
263,78,91,214,
538,492,189,
440,75,339,
331,330,112,90,538,
292,256,
133,165,493,522,
103,384,41,
7,129,
139,22,453,496,520,
205,262,22,
411,430,
536,482,78,
143,256,91,79,
220,301,90,262,
53,129,505,520,
200,275,526,
468,241,
463,509,
32,91,330,96,
229,96,384,
345,112,505,
200,82,282,
4,251,248,184,
71,81,448,
88,482,
146,78,
234,
236,492,386,499,225,69,132,262,454,
540,505,
488,180,107,
303,509,
496,255,262,
228,384,
135,256,255,
275,107,200,
427,509,
407,
452,129,112,172,
271,505,129,
399,
101,509,408,
143,255,26,
404,107,262,
17,75,
2,78,492,
254,542,448,
330,90,
354,180,256,
439,282,58,
37,82,241,
403,
85,262,81,
158,251,367,371,
20,233,
185,509,
220,339,492,
522,493,505,
79,531,143,
432,493,301,
125,4,83,213,374,
456,467,
429,467,
115,91,320,
399,523,
319,301,
410,75,
361,301,
501,75,482,
455,174,224,
302,107,378,
402,482,
360,482,
253,251,360,
66,81,463,
338,24,112,
385,202,493,
102,302,21,412,
318,298,248,
157,91,251,
424,75,320,
443,452,1,
363,129,225,
546,448,233,
449,201,
423,509,
194,2,
440,301,58,
281,509,
286,
228,78,91,282,
165,93,
228,233,178,
496,139,
371,158,
454,509,467,
423,
17,26,58,
372,2,58,
275,301,463,
182,129,384,
297,78,509,
463,107,531,
287,301,
460,249,
139,255,283,
313,542,492,
273,24,467,
257,106,
171,129,
468,430,201,
405,22,251,
283,130,107,
266,505,106,
413,91,26,
71,129,505,
423,531,112,
502,360,463,
520,53,139,
270,262,531,
407,
69,236,301,
262,236,
293,531,251,
260,10,24,
325,130,384,
221,107,448,
84,505,
21,102,
216,493,107,
8,81,106,
305,542,259,
523,256,
436,505,
108,493,10,
168,82,505,
295,301,
224,251,493,
157,94,452,
48,467,
174,455,
510,384,
281,452,262,
425,106,
236,91,
215,107,493,
535,90,
410,384,
515,248,543,
178,228,330,
298,448,
195,301,58,123,
159,91,492,
48,107,
114,463,282,
307,509,
526,505,301,
37,408,
358,225,106,
234,365,
508,305,6,
515,22,
261,202,26,
195,78,
70,90,106,
504,82,
229,355,58,
22,81,1,
60,241,
180,129,91,
469,542,360,
294,282,
165,505,90,
385,2,301,
375,448,
32,384,452,132,260,
510,25,282,
147,91,
424,81,241,
83,301,24,
284,330,347,
255,91,
477,251,448,467,
247,22,91,
73,282,75,
232,10,
548,448,26,
60,542,492,
446,378,255,
197,262,
72,430,
36,22,
117,301,
155,282,
217,255,
547,251,1,
293,408,467,
63,2,
519,90,463,
263,282,
396,220,
476,
454,236,201,
290,201,
487,90,130,
421,509,
254,94,330,
219,463,2,
453,139,90,
498,
125,106,
110,
493,201,
519,91,
286,91,
538,107,347,331,
214,263,
8,492,509,282,
323,282,247,
122,78,
183,96,220,
240,241,542,419,
40,81,
459,251,
536,509,91,391,
439,452,90,
332,106,
520,107,
253,301,
333,509,
248,91,129,
376,301,
200,58,46,
87,82,
237,91,
401,2,463,
286,452,
216,448,
305,51,
374,125,
371,384,
547,301,
238,493,482,
507,467,
424,81,
63,44,
409,330,463,
322,10,
456,22,119,
433,78,
8,482,360,
545,130,
112,531,
288,330,58,
443,81,
543,378,
151,378,
453,107,
479,505,330,
319,251,
159,282,
200,119,
514,262,
504,2,233,
505,330,106,
472,301,
308,448,
205,2,
207,
277,493,
418,81,
140,96,531,
10,22,1,
435,58,283,
422,448,482,
353,452,430,
442,225,
397,255,
498,241,256,
132,463,236,
146,482,
470,22,44,
340,91,
198,130,384,
22,78,202,
369,493,82,
485,301,
297,430,
424,107,
413,256,
291,241,
397,430,
290,106,
20,467,
150,22,
126,78,241,
370,482,251,
128,96,542,
331,301,
316,206,91,
461,24,
389,251,
326,81,
334,505,384,
510,301,2,
524,10,251,
268,463,22,
282,
435,256,482,
420,
414,78,106,
456,75,
40,10,262,
225,236,360,
251,463,384,
3,25,10,
334,1,248,
219,180,347,112,
531,467,
295,467,
341,91,
458,448,
82,129,282,
26,58,
344,10,
245,505,452,
328,251,492,
527,542,
401,452,437,
402,220,
514,256,
393,58,
173,251,58,
403,330,
422,330,
72,96,
501,493,
391,255,
297,452,493,
240,448,509,
535,493,
229,25,384,
165,133,
28,24,
499,22,283,
400,355,44,
122,81,
96,448,32,
334,493,
223,24,22,
321,24,
386,236,
159,58,
506,78,
482,129,
63,262,
522,75,
6,493,
440,107,22,
186,241,233,
19,82,463,
162,448,
412,91,
479,22,
34,22,
535,542,
302,102,
395,233,542,
340,
27,448,
484,24,
483,492,
398,384,90,330,
163,467,448,
280,463,91,
341,44,
181,384,
14,282,
512,106,24,
