-0.026293450547023
0.0534602453872971
0.109984171337952
0.146239680229682
0.17936901637185
0.185355298875759
0.188568512821941
0.191536621687742
0.186279406062961
0.186283733299956
0.186407081228936
0.177374403269352
0.185841548078947
0.188126440579798
0.187637537566443
0.189404917665171
0.191724264750228
0.190936468863807
0.192510987594678
0.196417102840235
0.199754561657632
0.19452035663763
0.197615518472954
0.200518763483554
0.205790618493988
0.209273402273762
0.211939172221353
0.215386334173826
0.218257312047525
0.213426752521179
0.21113119674044
0.212605035140604
0.210990666780425
0.212291374465227
0.217198872217931
0.218488853151821
0.218849559188439
0.221794577534067
0.222924836547136
0.224775680616374
0.231677680289891
0.227941583182696
0.219565136403515
0.220662383304547
0.22146642319673
0.227486177907853
0.229996776961729
0.232286513059362
0.228720251550255
0.222781713124341
0.215953779979915
0.21845844193836
0.21521182545626
0.210135779273882
0.213653221403108
0.215122452745296
0.213534878934565
0.216934588794748
0.215739984801351
0.223471642036456
0.224403864962717
0.222300048754502
0.223068249786568
0.222808954075371
0.220457738682293
0.215158648081351
0.219052379256784
0.219017637720863
0.214065610016091
0.210076352886882
0.205681997739729
0.20775712577351
0.204029225655268
0.199328009349802
0.198977846540387
0.198914789339249
0.202441440351259
0.201244877421099
0.199371640045695
0.199717641700413
0.196521168586831
0.194191738159723
0.193927965225044
0.191823604008039
0.189574468633083
0.189396574772317
0.195320506193965
0.193951239267421
0.198174321425919
0.203896531236547
0.202404180969815
0.198915923915141
0.206723879127478
0.209970284938175
0.205942542338227
0.209891773166622
0.211165538063973
0.214027668662501
0.219976337107446
0.221571086413989
