0.288611165610819
0.292304820288863
0.302898426517144
0.303101056318808
0.318152774804382
0.348115637245925
0.376907425094604
0.391497781686394
0.422904314975934
0.429045582077769
0.437693676085012
0.445803045911444
0.447912853658125
0.452985478623717
0.450390654740713
0.451697992756019
0.462092662672506
0.465869555360736
0.468718302255582
0.47492262798154
0.476834637391276
0.476314381426365
0.475067915514972
0.477334906458599
0.479074282057828
0.479343956278835
0.479558457037837
0.480762615906785
0.480945327307148
0.481532294369359
0.479828365199308
0.480171331921317
0.479303137359839
0.480660804942348
0.482404604914668
0.481348185728528
0.482567415756976
0.482683058880885
0.484563998243887
0.487634332447891
0.488281015940387
0.490211300954548
0.491059574167385
0.492031759204469
0.492161380791059
0.495838175084625
0.492355204406513
0.493551225407222
0.494704304456237
0.496222134218395
0.49524920475243
0.496452975848321
0.494536133311982
0.49296504710574
0.494262073917556
0.492460126782833
0.494962682268932
0.496034660086331
0.496426258965492
0.495493566586405
0.49753549597908
0.497234541847583
0.499125449938886
0.498607893750011
0.498216930316049
0.49761314025591
0.498694533002251
0.497431699462468
0.497301123787217
0.496221052499119
0.495530833995936
0.49726840180978
0.496615057782214
0.495954156348608
0.497761563721973
0.497507607427916
0.498367962347602
0.497140076730331
0.496107408215645
0.496496768570798
0.49568753444986
0.497285777063932
0.497376228499246
0.497109882401046
0.499743089347678
0.500679411065119
0.499471859854448
0.499512642132993
0.500167910731256
0.502031826498728
0.502327477807068
0.504737224746468
0.504580560151044
0.505243471883102
0.504067125460059
0.504103704308174
0.503025314903497
0.504194714476017
0.506173736853443
0.507165859515843
