1.34135338345865
1.53834586466165
1.98345864661654
2.72481203007519
3.36541353383459
3.89323308270677
4.42556390977444
4.8390977443609
4.90075187969925
4.95639097744361
4.99248120300752
5.04360902255639
5.06015037593985
5.08571428571429
5.00902255639098
4.91729323308271
4.91127819548872
4.95639097744361
4.9218045112782
4.82857142857143
4.7984962406015
4.80902255639098
4.69473684210526
4.64962406015038
4.60601503759399
4.55187969924812
4.53684210526316
4.51578947368421
4.46015037593985
4.43759398496241
4.37142857142857
4.36992481203008
4.36541353383459
4.29924812030075
4.21052631578947
4.20902255639098
4.21954887218045
4.14436090225564
4.11428571428571
4.0812030075188
4.05413533834586
4
3.96240601503759
3.97744360902256
3.95037593984962
3.8812030075188
3.83007518796992
3.8015037593985
3.74887218045113
3.69172932330827
3.64511278195489
3.5593984962406
3.49473684210526
3.41654135338346
3.30075187969925
3.26315789473684
3.17293233082707
3.09924812030075
3.05413533834586
2.9609022556391
2.92330827067669
2.85112781954887
2.77894736842105
2.75037593984962
2.65714285714286
2.6
2.55488721804511
2.51127819548872
2.4812030075188
2.41954887218045
2.41654135338346
2.35187969924812
2.28872180451128
2.27368421052632
2.22857142857143
2.21503759398496
2.17142857142857
2.0781954887218
2.0390977443609
2.01353383458647
1.99097744360902
1.98195488721805
1.96842105263158
1.92631578947368
1.88421052631579
1.85263157894737
1.80902255639098
1.78947368421053
1.78195488721805
1.72932330827068
1.69924812030075
1.66315789473684
1.63609022556391
1.62255639097744
1.60902255639098
1.60601503759399
1.57894736842105
1.53834586466165
1.53383458646617
1.50375939849624
1.46466165413534
1.45864661654135
1.44210526315789
1.40451127819549
1.37744360902256
1.37894736842105
1.36541353383459
1.32781954887218
1.32631578947368
1.29774436090226
1.2812030075188
1.26165413533835
1.24962406015038
1.24360902255639
1.23609022556391
1.23007518796992
1.22406015037594
1.21353383458647
1.20601503759398
1.20300751879699
1.20300751879699
1.2
1.2
1.19097744360902
1.17293233082707
1.14586466165414
1.14736842105263
1.13383458646617
1.1218045112782
1.1203007518797
1.11428571428571
1.09323308270677
1.09323308270677
1.09172932330827
1.08872180451128
1.08571428571429
1.08270676691729
1.0812030075188
1.08270676691729
1.06616541353383
1.06315789473684
1.05864661654135
1.05864661654135
1.05413533834586
1.04511278195489
1.04661654135338
1.04812030075188
1.04661654135338
1.04511278195489
1.04360902255639
