0.0105263157894737
1.05563909774436
1.50827067669173
1.80902255639098
2.11729323308271
2.42556390977444
2.63308270676692
2.81353383458647
2.91127819548872
3.14285714285714
3.22706766917293
3.44962406015038
3.55338345864662
3.61503759398496
3.86917293233083
3.85864661654135
4.01503759398496
4.15338345864662
4.24511278195489
4.27518796992481
4.40451127819549
4.59097744360902
4.6
4.80902255639098
4.93834586466165
5.05864661654135
5.21954887218045
5.28872180451128
5.6015037593985
5.68571428571429
5.72932330827068
5.93233082706767
6.00300751879699
6.1187969924812
6.14586466165414
6.18496240601504
6.33233082706767
6.48872180451128
6.62857142857143
6.80451127819549
6.98045112781955
7.04511278195489
7.15789473684211
7.45263157894737
7.62556390977444
7.62105263157895
7.74436090225564
7.89624060150376
8.10526315789474
8.1593984962406
8.21654135338346
8.29473684210526
8.44661654135338
8.56842105263158
8.42255639097744
8.67669172932331
8.54436090225564
8.57593984962406
8.81052631578947
8.86917293233083
9.06917293233083
9.18947368421053
9.18646616541353
9.33984962406015
9.33082706766917
9.58045112781955
9.62255639097744
9.75187969924812
9.81203007518797
9.89473684210526
10.1924812030075
10.2751879699248
10.1759398496241
10.3624060150376
10.3218045112782
10.4796992481203
10.3548872180451
10.1338345864662
10.4315789473684
10.6375939849624
10.5744360902256
10.9443609022556
11.0962406015038
11.1443609022556
10.9323308270677
10.9323308270677
10.8601503759398
11.0812030075188
11.2045112781955
10.9503759398496
10.784962406015
10.8210526315789
10.7954887218045
10.9263157894737
10.9353383458647
11.203007518797
11.3022556390977
11.0857142857143
11.2466165413534
11.1308270676692
11.2631578947368
11.4390977443609
11.3443609022556
11.1157894736842
10.9954887218045
11.0330827067669
11.0015037593985
10.7443609022556
10.7759398496241
10.593984962406
10.6135338345865
10.6421052631579
10.7172932330827
10.7082706766917
10.7428571428571
10.7774436090226
10.6571428571429
10.7233082706767
10.7022556390977
10.8721804511278
10.9007518796992
10.9413533834586
11.1473684210526
11.215037593985
11.1593984962406
11.1368421052632
11.0315789473684
10.9804511278195
11.0135338345865
11.1533834586466
11.3774436090226
11.2631578947368
11.4105263157895
11.4105263157895
11.4075187969925
11.3413533834586
11.3067669172932
11.2586466165414
11.4375939849624
11.4360902255639
11.2571428571429
11.209022556391
11.0977443609023
11.2556390977444
11.0571428571429
11.0676691729323
11.2285714285714
11.1338345864662
11.1639097744361
11.1097744360902
