0.00637958532695375
0.647327249022164
0.557234166182452
0.532445923460898
0.568144499178982
0.560879368658399
0.571826280623608
0.582234957020057
0.587362637362637
0.616430903155604
0.590229885057471
0.594991834512793
0.60239651416122
0.616279069767442
0.638030382399162
0.644667370644139
0.625130344108446
0.618918918918919
0.640431266846361
0.647584033613445
0.670384829894032
0.676535087719298
0.671732522796353
0.67192429022082
0.684183142559833
0.681411530815109
0.703249866808737
0.705246078961601
0.717486604968339
0.711206896551724
0.70617042115573
0.717424629535003
0.711890243902439
0.721890547263682
0.725490196078431
0.722928317234367
0.727745965642894
0.741286205203731
0.735423811856933
0.755049197307095
0.752792617775619
0.749034749034749
0.770576131687243
0.750843373493976
0.769662921348315
0.766836734693878
0.778804083616918
0.782266009852217
0.795377948964853
0.790674603174603
0.793965110796794
0.78062804068996
0.796175373134328
0.802590442161679
0.808199811498586
0.817964644051601
0.813854853911404
0.825918762088975
0.830603649976603
0.833710919800634
0.84375
0.855555555555556
0.857679661813058
0.85295486272685
0.852277956741832
0.867303102625298
0.86708554857419
0.870490286771508
0.877318116975749
0.871959614502065
0.873654656059897
0.877772944758591
0.881188118811881
0.886436781609195
0.87714418173389
0.892170651664323
0.884909264565425
0.900513778608127
0.888270547945205
0.900560224089636
0.895813953488372
0.898496240601504
0.896929824561403
0.902094717668488
0.899592944369064
0.9036866359447
0.895814781834372
0.911410018552876
0.905086285195277
0.904326923076923
0.909351145038168
0.902394106813996
0.91008174386921
0.912
0.905263157894737
0.913875598086124
0.911316397228637
0.915038618809632
0.916900093370682
0.916463116756229
0.915684496826836
0.909209383145091
0.915377616014559
0.915486523526725
0.918212077983833
0.915409236396891
0.917544663307375
0.916820702402957
0.918684330744632
0.916905444126075
0.918395573997234
0.917452830188679
0.919859092910612
0.917577413479053
0.916289592760181
0.920691182986265
0.920253738106026
0.917393299678752
0.921040825482279
0.916591523895401
0.922528517110266
0.915896487985213
0.916924436588599
0.92122641509434
0.918571428571429
0.92113709307657
0.921124206708976
0.918111753371869
0.922934076137419
0.920418371987267
0.92175486205337
0.919503219871205
0.921238938053097
0.914932963476653
0.916782246879334
0.917017691659646
0.92300805729633
0.920316868592731
0.919354838709677
0.919114324446453
0.918610185625892
0.919317657906869
0.92198256080771
0.922294172062905
0.922480620155039
0.918956043956044
0.918358531317495
0.91768826619965
0.915929203539823
0.918357933579336
