0.257294579413534
0.327371213233083
0.329358774537594
0.315096692545113
0.297707006454887
0.292208433071429
0.276824413556391
0.267429109511278
0.25075519375188
0.241906508142857
0.237324060402255
0.23037973987594
0.222633691349624
0.21804514006015
0.212446538349624
0.202705599984963
0.201046608890977
0.197806761834587
0.190608876548872
0.180196052372181
0.177451161729323
0.175050136684211
0.173068802703008
0.169415764943609
0.165176990695489
0.163648094319549
0.158114103112782
0.159444729466165
0.155614780492481
0.153226433481203
0.150379279026316
0.152876490808271
0.154706670932331
0.150057377815789
0.148806504545113
0.144810800345865
0.142232987902256
0.141917513827068
0.143093735157895
0.14279611962406
0.145264229913534
0.143982560454887
0.142723365045113
0.137921146766917
0.136593572330827
0.134054434796992
0.130050071345864
0.129218624432331
0.127590987364661
0.124994844977443
0.124880400733083
0.123195345492481
0.121975472515038
0.12326277518797
0.122192836744361
0.115446954030075
0.115441971680451
0.111651516804511
0.112094436022556
0.111225297778195
0.11022533481203
0.111752649503759
0.112105001071428
0.112633391804511
0.111632018007519
0.114544465733083
0.111630795582707
0.112098968078947
0.110645418733083
0.110824217
0.109482174785714
0.108937263338346
0.109883422462406
0.107436180304511
0.109195506511278
0.10830842443985
0.108909760699248
0.108352945157895
0.107250695334586
0.105263809838346
0.103014833473684
0.102878017
0.102503102368421
0.10429609487218
0.102987191037594
0.102521704646617
0.102976025210526
0.105466691601504
0.103899167778195
0.103943058293233
0.102327185071429
0.10106845693609
0.0998189092293234
0.100560311394737
0.0992702356578948
0.0998772852255639
0.0996069305864662
0.0996025288721804
0.0997129044511278
0.100531809349624
0.101316833345865
0.102815326458647
0.101493385507519
0.101061970845865
0.101591572992481
0.0993092870075189
0.0993025856842106
0.0983395157932332
0.0984125972067671
0.0989121290263159
0.102080935296993
0.102072377612782
0.100959830244361
0.10131641293609
0.0998974277330827
0.102422596740602
0.102076665642857
0.101669997860902
0.102580462586466
0.104437720075188
0.103469181323308
0.104080391210526
0.104561977135338
0.106566478052632
0.108780580067669
0.106505706609023
0.105898233864662
0.106037146293233
0.106731562428572
0.107778857827068
0.107297982120301
0.108079597390978
0.109504189150376
0.109409910759399
0.109815519157895
0.108166970240602
0.108399217308271
0.110181729150376
0.110685404736842
0.11191427175188
0.110115178330827
0.111403118488722
0.112462430593985
0.111700554992481
0.113464874255639
0.114031568045113
0.114968814954887
0.111801291721805
0.111888729060151
0.11256177950376
