NaN
NaN
0.158365135985777
0.212883275450771
0.255741174684803
0.273669008673287
0.285150721102967
0.300599778575014
0.313424277560104
0.331306953035634
0.337552136332635
0.348305340267866
0.361499397856954
0.358245662652074
0.365507439471145
0.3750302888292
0.387187601187525
0.390130746096369
0.404523444864232
0.409047016254432
0.417047092992086
0.43098115861505
0.442339510757389
0.437050082582931
0.452381404270678
0.467507644731648
0.474230690403022
0.487880289357136
0.515945077839802
0.532002589609986
0.537165268425959
0.544077756869463
0.553138926329968
0.554491115925988
0.558085355236551
0.555269046891586
0.550861306422082
0.573318901808844
0.583990367364223
0.600064679216428
0.609765910265218
0.617964694370669
0.631261610835049
0.642027986138472
0.656548221169927
0.667565308359359
0.684643325870208
0.698660855793257
0.710300150104526
0.724238044872872
0.737823677179077
0.748108219202283
0.761957546804437
0.763476700380533
0.762173461267566
0.76017949915314
0.768763176766881
0.77761672350248
0.802870113191197
0.813094216348985
0.818184005874061
0.827965271062574
0.842345142910205
0.8495743060721
0.846543171755279
0.850042566758691
0.861605748906276
0.864926007177381
0.86256093467316
0.852104258403816
0.858606580297086
0.864238660680879
0.857435871765255
0.861253278505466
0.859170745982467
0.862369857918566
0.86257870521318
0.856741521086742
0.869182380499829
0.880821866017214
0.884787313744632
0.881567521718853
0.889897726076081
0.888819691906049
0.878427012641206
0.874026365702693
0.866928945495224
0.878754883310985
0.879430410953307
0.872637795828441
0.86469821304647
0.858259814027909
0.856794018220026
0.865131874574987
0.872813183747547
0.873892741365694
0.882551633282078
0.886718762154251
0.882023671300262
0.874378597105746
0.879493103785603
0.880984239007581
0.874987303629837
0.868236965772754
0.861028867218969
0.863640346551542
0.860254821598502
0.856853940429956
0.868219109020911
0.864221251331698
0.870703441720551
0.873197980907553
0.884758699550838
0.882400102760202
0.882023517435978
0.881470471700411
0.879342188844603
0.881359928995477
0.880854625603347
0.879350415895251
0.880862772427818
0.878654580454132
0.878351758154865
0.88004039396343
0.884373315528164
0.891261522306276
0.889543215401153
0.88688285067848
0.886325717603557
0.890370288230121
0.893381404246008
0.889632482402873
0.890613778279765
0.886932869968942
0.882852946042899
0.884776517228091
0.88772797116356
0.882314498974082
0.881807734195484
0.884490347843324
0.886228843753132
0.886636732574619
0.880198280988605
0.889631738326302
0.882059088721901
0.871757396387471
0.881666993773249
0.88519124011301
0.886656286507202
0.887273172084052
