132,303,98,116,149,154,148,90,244,280,225,177,261,185,265,108,142,145,59,268,153,294,105,198,24,
164,98,72,78,24,269,271,323,28,
272,158,12,271,44,
319,178,34,126,104,207,74,38,80,89,207,219,165,298,151,197,5,164,176,227,150,311,
12,272,186,152,22,13,200,328,56,
28,100,294,
24,239,207,114,196,147,113,316,235,123,72,70,280,141,276,40,59,319,285,58,47,118,15,273,217,180,290,32,286,71,313,
118,211,269,220,323,65,223,52,322,190,66,275,319,71,331,289,177,230,
94,64,30,327,69,
280,200,279,
116,303,78,116,325,57,270,69,23,266,100,150,170,290,322,
58,25,293,57,269,114,323,107,198,190,150,282,286,239,27,29,49,328,82,116,66,316,32,99,178,177,208,211,326,104,289,
113,147,190,88,245,27,55,64,45,38,66,293,312,14,211,
297,240,174,325,76,51,281,119,7,260,329,235,180,146,69,66,185,93,88,277,74,31,136,64,272,
170,311,17,195,
66,58,113,18,104,92,155,300,
104,4,328,74,326,58,317,
267,167,0,208,227,81,150,297,97,334,186,26,
79,279,256,60,203,101,313,242,142,220,273,268,242,313,288,
201,64,296,145,15,158,323,84,263,57,51,304,14,309,
33,157,303,130,130,318,111,94,173,130,329,323,245,132,297,273,
146,129,157,89,125,248,260,270,
324,186,265,26,20,251,37,293,105,40,95,178,313,275,302,8,225,298,146,323,314,
35,138,267,54,235,123,14,262,
163,322,117,162,323,
295,273,200,181,147,38,281,279,167,235,298,153,157,252,107,234,313,332,330,295,251,
195,134,234,153,170,112,254,41,32,54,184,282,
152,80,210,244,116,39,307,18,15,170,322,96,309,203,24,211,138,150,150,6,67,32,233,199,2,332,98,284,206,102,83,54,147,
74,57,102,192,42,188,291,45,89,286,269,32,275,286,319,59,227,271,95,185,186,4,125,297,334,127,206,250,244,295,50,301,324,202,
178,49,126,16,278,161,106,33,95,51,68,174,91,319,133,263,246,254,108,251,160,93,35,25,167,321,329,131,4,234,172,3,
144,240,279,0,299,
128,77,113,3,
57,100,91,78,17,186,175,251,89,213,249,
16,238,56,215,197,266,56,328,294,196,310,76,164,
144,221,147,264,84,191,
15,88,0,244,
123,100,242,79,223,92,4,298,124,116,
117,195,266,139,269,285,150,18,44,84,225,64,186,
162,88,160,
177,172,132,129,240,26,93,308,154,
179,88,242,145,113,28,244,322,240,145,172,15,
101,4,183,18,167,30,70,78,41,202,304,192,267,158,256,291,2,
187,178,27,244,193,236,32,72,116,259,195,240,1,237,60,300,
70,161,129,149,330,
259,25,49,198,134,
2,92,275,203,156,238,326,254,165,265,108,175,308,226,113,260,179,4,192,55,183,
71,311,280,161,63,246,118,115,269,324,128,253,297,113,
64,278,279,213,5,327,297,
145,38,240,142,227,256,88,202,231,290,254,276,20,296,201,274,269,10,
290,196,95,
306,266,198,49,311,139,192,15,18,18,140,150,236,169,301,13,28,26,287,333,320,25,120,227,312,
26,45,319,295,193,177,122,26,99,11,183,291,175,114,207,201,305,49,284,158,259,90,227,9,258,210,269,267,269,131,140,254,136,216,246,
256,260,54,307,163,23,292,299,129,139,230,27,217,101,
269,26,145,164,242,249,39,127,
248,229,269,234,143,167,249,88,167,
119,44,126,193,31,297,257,322,185,202,42,175,228,52,133,324,78,251,253,46,224,261,
122,294,227,235,270,311,157,52,25,7,138,152,307,267,7,10,
175,42,57,23,240,208,227,107,227,
88,99,141,177,73,167,297,54,58,209,222,172,162,302,104,
54,213,180,69,287,248,82,63,195,219,170,124,225,95,162,150,122,219,316,256,216,245,92,77,122,
86,75,206,130,150,141,132,144,274,198,76,
200,48,207,54,45,273,140,12,150,120,48,113,177,76,328,61,49,246,233,284,294,257,47,20,82,73,1,104,44,172,125,226,134,202,179,303,285,227,108,163,110,
70,12,62,212,63,2,222,200,206,261,267,58,157,229,128,266,313,5,102,327,62,222,176,139,283,246,110,208,262,222,289,267,317,167,234,130,108,71,114,120,292,172,
113,179,172,56,16,53,136,194,247,105,260,76,137,
18,315,90,66,168,
132,166,92,55,221,277,198,
293,323,248,280,230,142,246,269,330,172,220,258,188,235,198,135,179,206,150,164,
285,128,3,26,238,291,65,281,61,13,0,188,15,86,179,251,324,
307,152,275,101,0,53,72,203,14,42,249,81,223,173,221,329,216,245,216,179,279,
78,215,30,202,125,232,282,174,254,205,211,146,191,314,309,
186,269,219,50,12,98,39,13,72,92,
161,183,154,178,45,316,99,157,189,26,327,11,166,21,160,318,256,71,63,169,194,160,188,35,
132,278,193,194,21,206,86,80,179,78,36,237,11,66,
210,303,278,279,201,283,
240,145,81,117,310,0,8,266,99,285,205,266,47,192,233,132,169,130,48,144,266,209,187,
84,146,117,321,
92,113,328,283,87,208,42,245,173,262,132,0,150,90,50,64,79,95,186,
307,70,104,170,176,77,302,315,293,143,122,
49,58,288,54,150,94,17,259,78,93,
14,278,216,49,205,31,201,145,208,104,310,35,120,316,264,265,204,21,
206,230,86,185,272,
65,81,42,272,156,
318,78,311,167,81,143,
117,163,283,96,172,204,274,254,
241,39,173,243,281,298,257,55,37,41,311,103,171,164,295,158,267,71,101,236,147,109,114,194,233,222,
113,19,158,55,123,107,0,246,331,276,75,168,158,189,
254,2,54,239,147,
69,43,49,320,129,48,153,38,271,313,271,294,206,206,227,297,143,11,202,93,82,149,279,312,
127,279,60,236,
213,43,258,2,112,32,124,32,194,318,241,190,191,264,317,
324,247,53,285,219,190,66,121,334,165,215,11,100,21,54,22,88,143,7,73,218,71,270,268,143,172,
100,25,116,68,41,
25,0,52,220,25,259,102,17,
141,24,134,314,128,129,233,213,
94,202,30,199,221,226,65,244,305,99,166,255,
97,3,270,106,29,299,267,86,320,220,279,96,
183,62,161,234,167,173,81,112,99,249,38,87,250,174,221,258,101,183,197,99,121,307,
206,291,0,257,288,234,37,153,256,29,227,195,204,152,57,332,
169,52,6,3,202,293,69,
120,200,80,211,8,129,147,299,159,172,10,14,224,40,110,161,155,185,40,4,
241,55,184,217,164,50,162,133,318,150,45,102,
104,66,200,256,332,258,171,208,273,31,7,322,198,50,270,26,217,
77,31,224,128,153,
330,293,147,295,77,278,181,183,
306,256,78,38,251,303,203,297,198,169,180,300,
326,49,104,116,
207,101,149,33,104,135,260,
261,229,203,265,165,170,99,66,185,18,80,193,300,112,58,21,52,175,320,95,204,100,285,4,5,253,130,252,278,227,264,80,91,289,302,104,307,181,128,
179,222,326,78,307,258,
127,8,299,251,223,285,198,
174,242,297,123,121,331,311,60,67,8,326,21,192,275,314,152,241,311,
310,95,75,230,69,162,128,63,82,40,1,195,300,85,195,8,330,301,129,168,174,178,256,237,271,139,27,
25,217,76,100,28,285,175,217,73,192,44,
280,92,30,312,179,195,98,322,22,286,22,202,331,282,173,21,99,95,59,113,168,128,279,324,98,128,238,150,186,109,23,194,106,334,215,6,109,106,71,37,327,267,25,64,15,41,219,183,143,1,13,232,
139,287,135,26,57,256,281,310,148,166,
286,81,269,292,81,188,42,115,236,301,
249,209,19,50,183,250,96,149,278,75,162,45,248,88,295,
327,129,54,
195,68,206,
8,87,310,286,278,101,106,174,242,299,239,68,273,47,127,49,232,261,
286,111,8,116,33,177,80,12,
279,130,167,79,325,142,124,158,249,138,103,66,
101,51,49,217,47,
93,239,270,178,297,133,195,16,70,153,272,239,69,217,122,241,320,
291,178,104,328,13,268,197,54,311,
193,232,197,261,55,132,213,269,66,100,158,192,174,175,193,138,9,1,142,250,166,303,173,177,
169,190,54,249,
25,286,59,127,59,311,151,303,57,305,104,102,179,327,131,59,61,280,229,147,178,207,236,134,5,150,8,246,
79,130,279,97,64,180,36,146,156,34,193,178,285,256,109,197,225,264,
59,47,138,253,126,150,114,200,284,328,188,3,159,121,270,8,276,
127,74,303,
127,150,217,0,116,50,98,298,
285,19,91,81,30,232,203,297,44,114,197,142,9,73,330,252,151,86,79,296,
244,264,130,113,265,30,26,285,190,187,114,213,177,15,325,4,300,233,292,160,230,277,320,78,
250,207,150,
328,59,102,11,104,217,7,42,195,36,99,227,217,85,96,279,157,1,225,313,
236,327,25,323,36,87,135,70,127,
188,149,135,99,230,264,
166,321,64,89,14,297,139,159,103,215,222,308,
217,25,328,79,191,63,108,134,174,279,127,24,
296,156,2,180,145,52,181,132,317,298,275,279,333,284,291,
121,184,88,77,180,90,198,95,317,
99,77,30,302,236,113,250,266,112,272,30,253,62,88,9,39,267,127,161,334,198,161,268,326,87,267,240,251,94,197,167,17,14,217,256,283,
48,109,128,293,124,35,92,30,296,226,26,245,302,61,113,257,333,275,307,183,72,152,294,113,256,309,138,9,72,200,212,234,160,257,277,307,119,109,311,315,120,64,27,334,323,223,186,326,332,234,197,56,3,119,258,
256,273,203,133,290,209,300,164,3,25,39,258,115,260,151,71,66,12,262,79,109,232,181,230,31,111,294,7,45,
246,280,24,299,167,40,145,212,
105,121,219,301,275,128,153,161,188,149,122,57,206,273,273,20,118,66,167,15,26,228,50,156,324,5,136,288,9,247,302,192,88,98,
147,92,25,187,199,209,137,15,329,198,323,195,185,
10,42,41,299,6,16,10,4,27,201,175,259,303,308,190,20,177,227,216,110,99,299,96,163,214,334,6,57,226,294,81,
90,140,269,158,3,18,203,185,
71,306,269,284,26,
227,130,77,247,6,31,39,146,228,220,321,
180,18,130,24,67,215,0,323,198,18,59,81,234,280,251,
147,98,264,295,24,77,89,38,102,290,197,215,279,246,59,81,34,269,279,293,241,207,234,144,
227,258,326,326,289,331,193,122,156,319,
51,297,0,101,206,15,13,
110,0,83,180,80,157,264,319,52,112,200,
179,132,227,120,296,
78,184,49,158,190,176,274,
54,152,49,79,
49,101,30,200,95,256,326,42,180,132,
130,81,2,104,156,184,279,180,63,303,19,84,125,127,173,68,107,118,196,70,295,241,192,
5,25,308,254,88,15,319,148,72,302,313,333,134,64,
288,269,206,174,266,
111,3,265,73,126,251,86,33,286,81,42,48,277,185,11,211,216,329,295,213,
75,232,138,34,110,194,169,126,65,58,157,321,318,88,158,3,
284,202,206,132,326,152,75,240,305,78,225,114,71,19,50,
129,128,184,81,95,238,70,211,41,225,14,66,
311,174,36,247,239,157,0,241,69,207,254,15,61,329,149,85,239,107,295,317,154,320,
15,30,234,309,20,109,313,311,9,12,158,122,313,60,223,179,
221,132,249,140,101,220,99,161,288,170,11,129,144,118,116,129,183,8,12,324,
72,177,187,94,96,45,49,150,21,331,292,23,
167,101,326,281,48,124,33,248,295,276,205,170,170,
87,236,129,135,93,111,
130,20,189,103,38,200,7,144,158,44,177,49,1,32,73,121,225,226,107,167,151,267,199,191,183,21,67,248,244,5,65,219,111,286,281,144,54,172,93,33,13,
279,79,147,96,23,114,14,212,285,65,273,135,127,53,280,0,69,200,168,99,
102,16,141,84,277,25,67,30,93,
287,99,313,146,209,224,72,221,189,217,94,164,
202,206,280,89,94,64,4,49,85,285,288,220,101,69,169,292,330,195,289,102,102,159,199,217,265,
95,28,110,107,154,310,170,181,186,59,201,40,51,185,116,290,65,294,322,65,83,149,283,209,194,107,133,249,141,105,74,227,184,76,309,268,227,54,290,27,136,108,0,107,186,144,149,121,
224,105,266,268,153,150,176,80,4,77,94,113,206,311,297,0,
38,135,306,96,197,22,
18,231,47,265,37,188,50,280,302,165,3,284,51,46,80,117,326,0,308,124,2,74,85,90,
286,145,170,6,57,44,140,302,84,60,47,24,25,265,280,295,3,66,221,283,
234,18,183,9,284,295,195,334,206,187,246,0,248,147,83,200,332,99,217,249,146,130,150,98,
171,193,147,101,105,42,104,83,174,236,
157,299,35,253,313,96,125,316,145,203,228,77,8,311,161,239,222,83,
24,311,182,7,156,246,150,39,143,99,274,157,234,
21,126,185,282,14,137,252,53,302,174,312,163,83,
14,217,20,150,166,187,143,94,306,319,297,57,113,194,131,274,330,175,330,327,286,253,103,259,90,78,106,181,60,74,273,50,18,248,13,99,
296,65,290,208,24,54,236,47,214,225,296,1,242,290,297,174,109,102,248,207,101,259,274,68,319,285,277,
326,30,136,52,174,98,150,18,179,227,235,271,
130,21,233,33,50,79,262,94,108,261,136,83,298,313,213,33,18,315,227,178,221,35,78,227,
145,49,158,77,246,
136,110,113,163,326,
299,256,104,22,56,289,86,331,
235,105,215,135,188,35,293,10,244,307,
81,227,294,130,32,24,250,242,
83,110,234,331,171,129,21,
138,327,13,69,26,31,67,246,202,207,172,233,260,327,106,220,227,102,38,101,135,75,147,260,305,152,10,54,85,236,59,332,321,241,157,88,88,6,88,113,311,279,115,6,255,57,122,
186,126,57,260,267,55,89,
72,205,57,186,287,11,169,71,274,154,291,203,
30,99,44,94,71,78,74,152,326,80,6,147,78,304,295,
270,164,240,150,116,278,258,317,97,147,138,113,299,216,321,122,327,158,146,66,165,250,332,
160,326,147,129,162,215,172,
80,2,319,63,301,190,17,150,22,
181,144,26,114,274,17,212,239,271,85,270,
312,97,127,305,258,12,
289,54,168,118,308,146,86,
192,48,115,115,323,164,102,187,269,83,102,167,322,290,5,19,242,129,141,220,74,18,42,42,2,130,175,45,275,182,127,214,276,207,15,222,9,301,314,174,330,130,
94,64,130,132,312,212,8,150,273,185,305,
298,60,161,241,212,39,268,161,325,231,182,324,67,71,
180,49,306,66,
184,130,272,129,152,310,3,241,176,313,30,207,182,
297,88,248,312,334,3,13,99,261,33,
70,209,208,199,295,10,66,172,307,128,306,
217,328,234,93,164,81,
130,114,234,81,17,325,
329,178,3,114,198,54,308,164,162,
100,291,179,123,156,25,246,322,264,168,234,257,56,258,326,193,241,205,261,57,74,277,206,28,326,311,
17,92,57,208,170,130,96,
50,130,242,291,35,45,153,203,197,186,213,69,134,279,299,27,92,34,307,162,
152,64,64,205,169,299,180,121,100,329,41,321,46,189,205,332,300,165,105,
88,113,15,68,138,277,324,75,297,69,278,18,279,286,328,269,179,2,87,8,265,285,29,
114,121,202,122,321,202,78,270,100,172,252,281,54,1,172,95,122,33,211,280,264,320,113,126,24,107,238,163,185,30,219,
154,177,72,196,311,
103,3,201,260,325,227,20,245,174,249,101,179,251,
280,293,81,147,148,331,316,78,185,12,
15,147,278,278,213,53,288,47,211,67,
190,175,142,321,25,101,39,149,169,315,137,78,
222,265,88,134,99,179,
133,63,93,19,299,66,159,144,291,
269,229,71,119,229,234,88,312,78,156,285,1,248,26,312,118,186,
129,221,286,114,311,274,11,
303,212,42,142,202,334,260,33,330,193,
327,94,172,408,138,225,121,296,8,264,90,181,236,115,235,2,60,179,14,159,246,128,148,158,274,291,215,188,41,33,130,267,47,92,328,70,293,205,270,306,194,18,168,96,43,212,14,57,
69,311,310,273,156,76,194,247,40,152,
297,113,103,209,233,319,15,55,133,253,40,221,119,118,233,222,118,246,79,
15,41,26,203,276,209,206,299,120,265,209,157,27,2,225,207,65,24,
185,156,199,164,21,165,117,228,254,12,165,72,143,119,
116,54,127,
76,328,69,200,25,327,109,258,14,210,309,170,87,107,29,
23,136,279,132,
143,24,288,154,139,274,307,165,318,68,
278,8,270,132,88,332,108,9,83,19,64,15,210,235,132,243,
254,185,178,160,145,5,99,313,196,223,61,320,171,132,272,19,168,14,303,
151,88,311,72,
99,145,311,10,49,95,21,96,261,299,330,56,190,222,
279,158,147,24,209,127,219,149,105,132,133,117,231,
96,117,99,190,28,262,50,17,80,293,
21,324,99,42,175,14,106,249,
126,3,92,191,114,333,255,180,205,
41,241,228,247,152,0,218,22,30,122,218,286,7,83,267,58,88,266,
81,39,147,20,286,3,209,167,285,47,116,225,65,221,95,
52,261,209,75,25,129,61,81,168,202,126,38,63,265,326,326,169,269,131,291,
267,63,260,35,287,275,86,141,276,36,86,313,
158,134,327,223,152,274,224,19,295,172,90,99,24,272,302,271,315,293,
136,19,130,265,118,234,326,180,46,177,23,41,46,227,96,236,276,287,23,161,
243,101,211,76,124,35,136,30,175,231,317,116,51,20,114,45,151,205,146,6,
239,103,157,254,144,
102,202,2,199,281,
19,91,111,308,249,1,26,64,226,93,159,285,64,157,175,259,334,7,174,121,25,28,219,322,181,150,39,47,104,289,177,198,133,292,234,222,81,263,51,278,202,97,236,
279,295,103,230,306,276,163,64,127,308,263,304,36,1,144,217,80,
3,113,160,325,315,311,152,173,298,206,41,230,221,166,329,147,263,41,113,188,92,50,296,264,100,313,97,56,285,100,304,227,81,214,313,129,244,250,247,210,60,322,
88,121,96,273,234,171,208,112,153,60,106,138,
159,45,26,33,184,166,29,
147,322,103,265,327,128,254,300,148,15,96,33,180,234,222,10,
285,120,39,56,219,156,49,187,215,239,5,51,157,14,284,259,133,92,179,40,48,116,240,149,134,20,150,158,84,153,24,298,111,172,167,279,78,152,66,173,46,291,70,83,294,
265,271,44,91,317,132,83,168,2,115,72,97,262,3,330,223,254,321,313,331,298,143,316,316,15,176,334,289,
166,181,31,307,126,270,310,
291,100,33,62,236,27,62,257,151,21,48,222,281,242,8,203,48,301,136,139,323,326,270,178,87,68,241,165,42,170,314,102,285,93,246,329,293,129,66,110,151,244,323,142,52,265,
0,78,303,41,51,240,76,302,6,78,129,
205,158,217,320,273,267,39,313,32,134,248,144,
314,79,192,83,45,232,73,64,260,203,204,141,174,312,
150,200,108,3,99,131,244,306,91,24,313,19,268,56,303,326,280,25,49,24,127,267,296,259,
120,2,64,158,179,24,299,23,
325,94,97,241,215,247,
97,71,94,28,265,251,182,13,63,239,312,128,25,154,325,115,216,
106,219,280,97,268,125,265,278,205,306,92,72,314,157,307,
285,20,117,160,253,146,196,111,256,255,272,53,117,279,33,180,200,214,172,271,25,
192,12,227,240,302,
247,45,180,158,158,233,8,127,59,147,330,283,281,325,307,78,300,213,123,311,48,175,69,
41,136,209,225,
79,20,29,250,269,301,332,133,132,279,140,252,314,331,222,77,215,217,78,136,123,234,294,298,297,
197,198,172,159,147,292,236,254,
272,206,128,9,184,238,292,44,18,304,240,27,65,114,297,
96,325,290,88,92,168,109,22,9,217,79,84,240,185,136,180,
222,96,297,110,179,
194,75,132,122,241,207,219,185,233,294,126,248,327,327,77,128,172,
149,2,83,240,188,116,162,306,178,207,70,48,150,69,204,15,53,13,
266,117,665,5,49,52,39,137,10,313,245,181,64,87,61,285,95,73,93,306,13,168,248,90,230,90,120,241,256,57,160,162,119,130,280,246,9,37,224,96,161,205,161,214,256,226,304,37,196,116,
259,26,285,106,97,16,294,174,10,
108,39,152,57,85,178,34,150,33,248,48,275,286,30,27,196,306,59,200,29,247,173,
39,58,159,114,128,69,99,133,180,208,174,174,
196,103,130,276,16,290,154,0,
101,174,207,35,138,325,255,157,194,322,1,62,258,202,134,187,171,180,185,189,322,167,198,312,243,234,330,287,
292,227,127,305,23,130,221,208,
142,145,0,185,
198,127,147,39,
55,230,311,132,
308,279,94,245,121,267,118,
273,45,185,8,239,132,29,126,148,68,193,227,215,41,11,33,
6,106,129,57,245,181,166,138,158,221,168,281,285,20,276,149,310,188,228,243,
135,288,139,38,288,198,198,208,59,260,312,87,188,
91,88,209,175,15,
56,56,100,246,41,54,175,290,27,285,262,94,46,256,182,93,303,179,150,70,
15,115,147,149,91,269,
297,306,267,116,
227,120,144,81,10,208,147,145,151,96,69,179,29,317,267,323,36,130,
31,104,147,
149,26,2,321,311,227,177,19,248,
3,2,111,93,126,206,1,319,157,234,52,54,285,90,126,307,298,128,
76,243,0,128,32,245,
308,5,329,205,272,324,152,
330,99,301,177,1,303,
206,30,26,51,
279,58,206,79,328,309,78,190,237,164,101,33,163,44,280,138,128,309,
114,129,192,196,119,177,297,74,231,229,27,29,237,253,105,270,70,78,321,284,
215,330,89,142,326,160,291,78,274,265,284,35,37,108,235,226,
321,16,92,184,130,330,31,74,153,166,34,97,66,139,48,176,65,111,176,270,151,45,120,217,158,211,260,84,93,64,262,
265,111,222,95,161,28,18,92,198,328,
149,241,190,78,283,
251,188,45,72,111,22,42,213,265,99,132,269,103,
203,2,90,74,122,155,72,286,130,
330,215,101,260,176,
240,225,0,177,320,
102,328,241,209,291,25,154,238,30,295,11,184,303,128,270,297,
127,130,192,161,10,249,290,292,312,84,139,32,88,
94,49,54,202,
81,164,76,134,320,54,172,233,240,316,148,208,200,62,163,259,43,95,146,247,297,9,52,30,267,272,10,217,
242,264,168,250,179,118,50,94,88,331,301,72,123,69,285,183,185,296,
217,220,95,148,161,48,103,118,11,213,236,86,194,118,169,253,199,18,154,294,288,96,74,20,93,42,
241,238,213,244,149,332,68,215,20,325,
247,158,268,200,17,127,85,105,296,172,30,217,93,
289,53,130,20,12,12,185,24,80,127,191,223,192,269,21,172,150,185,163,8,232,237,190,151,14,310,225,308,20,216,3,58,287,131,58,45,72,265,
206,279,180,3,327,265,284,333,236,184,232,295,176,230,132,114,318,78,176,
110,222,273,329,
108,2,278,4,
66,279,132,230,180,323,
234,175,177,147,294,56,91,228,303,26,107,178,79,180,208,323,
176,206,321,158,214,133,325,332,201,330,
208,124,74,19,16,101,51,206,131,273,323,136,242,70,285,14,38,283,201,153,173,220,227,154,109,124,207,267,290,169,278,222,293,267,11,
323,51,150,39,236,13,279,36,275,255,63,135,
294,76,220,142,200,194,28,176,79,164,16,
134,166,101,291,326,222,195,141,223,282,171,81,180,9,
163,193,
158,57,97,64,85,147,58,232,7,71,321,54,152,78,229,132,25,37,56,101,262,183,
153,224,50,241,44,326,237,195,
177,19,26,133,53,139,88,72,183,156,197,6,168,
2,90,137,157,110,215,18,149,235,160,234,251,102,131,264,
294,301,69,177,285,55,127,178,191,26,133,81,177,208,185,162,184,234,190,77,125,11,93,256,
188,235,293,161,
273,88,279,79,147,136,68,13,183,184,205,69,94,110,
95,265,49,92,193,119,188,126,290,249,
198,92,91,197,318,102,327,276,34,91,166,325,204,257,191,289,17,41,41,215,292,71,264,84,174,174,277,293,11,17,2,
114,279,330,34,12,212,130,146,43,315,50,
269,30,180,197,8,147,147,139,254,45,77,
167,246,248,101,195,99,318,7,67,93,212,18,253,294,279,310,
103,67,50,50,260,279,171,181,19,139,147,92,219,222,153,179,44,78,324,303,150,242,277,295,77,143,239,10,48,297,90,303,196,156,
219,63,230,125,202,136,203,162,163,196,319,257,41,179,237,246,124,292,113,180,295,233,215,176,271,209,272,117,107,156,262,230,274,168,50,120,33,176,90,27,
190,99,294,72,118,226,208,
174,78,200,21,99,308,
157,24,138,141,162,49,13,33,111,146,213,300,4,75,328,315,
64,19,214,156,201,118,26,11,187,237,113,216,228,152,159,195,158,254,94,144,94,262,36,50,314,172,26,121,302,154,258,
208,234,88,166,
0,234,279,127,185,211,203,224,
57,153,168,158,58,0,13,226,313,252,147,6,221,16,190,300,72,96,256,281,35,54,62,206,139,152,80,327,
128,45,310,322,97,39,148,9,129,168,216,272,88,288,141,76,275,81,201,277,125,294,12,71,78,70,
4,130,311,176,202,138,104,256,190,144,244,180,290,16,173,
168,105,128,230,100,198,127,287,276,37,171,282,181,113,279,
49,79,202,113,119,123,99,257,309,313,123,105,231,72,26,148,145,303,
269,286,74,120,117,48,147,148,278,48,18,
230,293,279,200,108,278,246,168,276,55,142,202,116,36,278,331,206,323,144,227,
68,88,45,113,273,180,195,209,158,7,121,32,42,
262,26,64,256,139,
116,326,221,251,143,64,81,324,68,
173,4,147,77,33,231,65,157,
326,220,99,160,294,255,300,69,246,259,284,136,
99,328,234,21,92,233,183,
105,311,6,119,224,258,168,106,38,252,171,180,274,49,104,42,118,302,41,70,189,63,
193,95,149,29,163,171,17,64,138,220,226,
129,146,54,160,3,183,
271,285,225,321,
113,244,64,92,49,68,100,34,309,22,193,278,128,309,
167,88,316,311,44,331,78,
45,305,49,280,212,83,47,52,104,217,101,109,258,186,37,69,137,117,53,236,26,229,312,149,85,100,247,19,72,161,193,243,308,67,86,175,48,310,45,39,304,156,21,192,251,58,138,135,289,292,268,288,164,300,261,100,269,73,249,303,
246,100,303,54,145,206,87,21,204,328,152,227,56,112,106,234,319,277,256,46,50,71,281,247,261,26,266,
0,78,231,285,233,280,147,25,267,118,266,18,3,240,
217,205,267,3,241,121,22,321,48,261,237,128,32,137,183,315,171,
291,44,228,187,206,64,154,248,147,278,52,301,
0,256,197,249,46,33,94,147,206,224,227,182,269,328,184,92,176,307,131,175,48,121,247,276,314,92,130,15,92,142,102,113,34,147,195,292,167,210,
88,129,251,5,91,231,151,187,53,56,198,
20,30,152,195,200,324,204,79,285,10,145,71,6,321,18,149,220,217,301,114,120,241,166,
164,192,241,181,209,45,188,203,7,188,34,117,198,77,86,286,78,39,323,141,241,
44,265,195,80,261,115,327,168,191,276,303,224,30,40,215,217,140,290,73,153,51,310,148,25,
92,266,240,36,11,270,52,309,126,198,38,147,54,250,303,326,78,279,321,239,258,14,151,168,248,280,111,141,289,284,43,101,41,50,66,246,221,212,180,186,298,26,8,77,65,0,17,106,123,80,
78,164,14,306,72,54,216,77,266,5,305,128,152,130,
178,58,149,45,79,130,318,24,
299,50,133,117,
200,59,295,212,14,188,313,316,151,128,280,166,208,174,44,232,
302,0,64,51,172,
152,184,122,232,57,270,
67,78,222,269,
3,59,169,90,333,117,153,75,33,213,19,48,286,260,4,
274,215,129,86,246,164,24,
31,5,221,256,166,292,67,97,283,42,177,77,145,
328,129,42,20,92,76,222,21,106,89,160,141,214,45,254,328,16,9,291,139,286,106,132,313,55,71,105,281,283,181,231,136,193,
209,240,164,41,71,85,147,161,
156,227,126,215,
151,129,227,147,321,69,200,285,319,288,324,320,321,193,
227,91,246,50,176,122,148,130,192,292,296,65,299,194,271,136,175,
200,230,223,107,145,266,131,248,327,
172,81,189,263,333,103,172,111,159,173,177,308,234,54,63,77,116,25,3,64,288,154,286,88,178,
180,273,109,312,293,191,230,221,22,5,205,334,247,221,53,54,194,22,42,194,81,13,334,144,216,27,296,199,205,326,309,313,198,110,24,33,167,251,20,68,189,285,
78,103,78,186,130,273,60,97,131,215,67,327,316,
311,86,39,71,82,127,243,88,104,164,318,38,49,321,
2,315,327,163,49,177,292,212,332,19,146,179,179,312,234,277,3,133,108,26,321,120,114,120,149,80,296,26,26,
1,55,279,328,88,127,
175,192,106,51,190,50,102,268,118,20,181,21,91,27,192,247,132,
288,38,202,128,140,212,49,135,200,97,295,143,157,
158,247,93,92,41,129,203,41,329,201,225,226,205,8,277,272,120,176,94,206,68,113,279,134,145,
45,144,117,35,212,321,68,273,4,159,268,326,115,178,185,92,271,
13,186,306,130,270,
42,200,328,101,303,175,65,49,84,56,216,
32,123,213,232,82,139,205,18,113,270,278,302,96,
158,270,279,36,
278,113,269,23,
150,220,280,303,32,72,296,264,232,117,327,334,263,68,92,31,308,86,94,234,304,
217,202,101,25,98,265,
213,57,130,3,64,
26,276,92,190,2,149,311,262,269,268,
78,132,102,269,108,78,334,36,0,79,57,135,232,278,318,280,54,222,101,119,179,244,207,0,
77,172,157,87,244,271,231,136,207,227,321,103,45,164,312,36,294,121,321,
147,120,7,162,224,291,113,174,327,79,82,75,59,166,227,270,160,273,173,171,330,0,334,166,213,31,152,31,
185,194,280,45,94,
129,177,287,88,12,87,66,253,327,196,269,289,323,
0,57,198,110,114,105,251,139,39,122,269,
305,312,94,292,311,71,
104,307,319,320,26,244,291,299,133,8,144,145,332,21,94,52,98,
39,81,190,198,219,141,308,42,
113,240,297,222,71,29,161,
204,279,1,7,149,316,119,224,305,151,238,8,130,331,18,228,300,15,72,131,207,231,143,306,317,202,137,307,319,95,241,287,123,56,32,64,98,257,107,269,
72,67,322,251,177,161,301,53,225,164,80,215,151,
184,206,102,108,121,78,85,134,89,139,288,279,134,306,195,
146,84,114,176,282,39,
185,25,141,47,149,243,299,22,168,140,111,310,103,79,133,96,199,147,274,9,273,258,120,287,
54,92,57,116,55,29,129,94,131,9,289,329,169,224,254,327,25,326,205,
36,79,230,283,120,79,77,16,54,158,267,245,245,282,
209,256,241,270,212,15,249,52,25,2,152,48,81,123,61,144,248,36,81,68,91,
179,200,48,142,90,62,282,25,
313,49,200,24,169,182,130,1,7,328,46,99,152,
225,72,325,240,41,271,
248,223,136,297,79,296,4,34,90,146,248,149,
203,291,217,108,256,83,267,303,13,289,278,217,66,278,319,4,162,282,256,270,270,156,271,209,237,330,
270,286,93,199,188,196,173,141,152,
55,54,241,211,97,
86,311,97,289,
126,21,59,23,22,30,327,276,274,69,186,301,306,186,246,244,328,72,139,175,153,156,9,26,321,98,290,36,56,235,
26,78,181,64,60,169,213,56,259,324,306,17,111,246,159,247,106,206,224,77,137,39,
168,289,52,6,182,284,71,145,180,177,155,41,183,253,258,
303,111,116,127,306,210,
311,3,314,331,81,306,32,4,236,7,151,55,99,180,39,182,227,258,26,183,170,172,264,305,94,209,
287,228,112,27,97,139,2,51,71,80,82,316,134,21,169,242,104,
54,158,36,78,291,
177,294,104,50,277,244,116,31,234,203,132,
180,168,105,
303,10,246,150,0,197,7,278,293,42,228,12,108,222,264,254,132,254,327,
205,152,124,125,100,54,138,95,284,72,298,271,308,35,162,60,265,126,146,
150,103,157,39,265,250,221,188,49,
171,136,168,296,93,144,317,217,
207,296,194,216,
321,77,178,138,181,206,213,219,151,125,237,
77,123,79,248,113,192,186,145,137,227,298,228,167,16,307,173,129,
132,180,28,177,102,175,49,303,327,23,33,124,
172,73,325,166,246,77,287,167,195,63,48,318,96,10,186,258,248,183,172,59,304,286,138,21,32,231,226,177,114,200,218,223,129,248,205,75,247,285,48,169,55,
8,269,158,25,36,312,150,88,243,
220,202,224,157,294,326,269,75,74,152,57,321,97,
269,58,0,193,288,187,23,90,287,172,207,43,256,199,320,0,
271,181,164,45,
274,117,143,
212,181,167,303,
151,243,
10,235,145,122,
217,99,287,
107,175,234,311,
41,15,101,
292,272,244,
90,248,179,
56,158,12,
292,286,209,
203,177,314,
320,306,205,93,
74,104,217,
30,101,15,184,
259,326,150,
215,241,273,156,
165,143,152,
153,88,77,
260,186,314,3,330,
284,326,296,
18,88,234,117,14,101,306,
279,88,285,64,323,293,
232,152,78,200,
227,103,306,
139,262,143,177,
290,126,116,
6,227,169,
293,158,307,279,58,
281,102,328,
91,57,
183,129,183,330,
64,113,193,117,
180,147,269,132,134,
279,69,328,210,
321,77,126,271,
1,330,313,
27,187,175,256,
114,329,39,
125,128,78,294,
277,244,132,
79,96,92,
230,188,244,
149,193,70,
283,149,210,99,286,
46,246,
3,178,103,
265,106,147,
304,101,201,
270,181,13,
207,184,200,78,
185,142,90,57,
104,311,261,287,61,
227,230,175,
264,79,311,
42,171,286,39,
162,329,205,
96,72,249,
8,94,104,
251,306,88,
80,287,110,72,57,
150,149,274,293,241,
235,326,278,
166,132,134,
241,153,174,
124,123,18,132,
267,101,41,122,
163,21,136,200,
15,105,
137,26,217,
284,215,168,
22,12,80,
332,152,
77,330,269,194,
240,96,272,
211,58,55,152,
198,132,104,88,
300,152,326,
291,72,215,101,
114,206,244,20,272,181,
282,212,143,61,203,27,297,86,148,235,320,206,208,213,233,239,14,78,
202,94,169,2,19,
216,42,97,
274,105,145,150,
78,149,206,167,
166,161,20,208,
141,267,39,
23,278,269,
80,279,96,
256,99,306,
104,207,88,
164,329,294,293,265,
248,248,146,
13,291,12,
313,57,5,
28,96,25,
56,126,16,88,
137,2,113,204,
322,116,3,163,
327,303,194,
136,171,243,
245,36,307,308,
76,113,86,
182,311,184,
23,120,72,
36,126,279,
240,113,297,
18,180,167,269,
74,18,203,
67,72,15,
249,21,269,
300,66,306,
302,88,32,
68,241,100,
71,305,209,
165,270,185,
63,71,
32,217,
47,200,15,57,
302,105,192,
239,181,311,
6,10,30,
176,294,146,
304,272,30,
203,50,306,
9,126,
198,0,58,306,
14,129,327,
152,308,69,
260,146,207,
135,323,207,
4,108,3,
99,297,174,
264,144,213,
245,36,76,33,
215,325,166,
13,51,273,149,
320,240,311,
39,269,0,
249,169,95,
296,150,179,
270,102,209,
88,249,248,
310,166,167,240,
17,99,25,
282,21,36,195,
323,234,66,33,
265,202,217,291,
44,272,167,
96,32,222,97,
308,166,174,39,
129,0,77,83,
167,105,0,248,
156,64,65,
32,127,76,187,
12,129,312,
221,292,81,
70,105,149,
223,127,15,
226,193,190,
219,39,186,
324,74,308,
164,274,287,217,
88,1,273,41,
235,126,122,
317,243,311,121,
292,0,
306,70,184,
265,205,88,164,
194,161,69,
41,195,327,273,
192,101,175,2,
133,176,279,
233,141,240,
276,59,267,196,
78,284,114,
69,169,326,94,
94,287,97,
185,0,96,206,
98,217,127,
126,166,95,
331,311,72,
53,21,149,
142,293,179,
328,265,12,
121,183,
