273,116,279,79,147,136,68,296,183,184,
217,233,270,95,148,161,48,103,118,11,213,236,86,194,118,169,253,199,18,
8,269,158,25,
328,59,102,11,104,217,7,42,195,
113,179,172,56,
151,310,227,147,321,69,200,
42,174,24,147,153,29,67,209,244,9,151,205,234,3,171,220,
215,332,142,326,31,78,274,265,328,35,292,108,235,
303,10,246,150,0,197,7,278,293,
248,265,269,234,140,
72,205,57,186,287,
306,266,233,89,311,139,192,15,93,18,140,150,236,169,13,28,26,
216,213,265,166,291,267,224,59,184,273,103,161,46,48,259,284,229,
184,111,118,253,29,309,
18,194,231,47,168,37,188,50,280,244,302,165,3,284,51,
310,95,75,230,162,63,40,0,290,85,159,8,330,301,129,168,174,178,256,237,271,181,
79,279,256,60,101,122,115,142,220,273,
120,15,243,75,35,106,275,237,
256,54,163,23,270,299,129,
104,182,200,256,332,258,129,208,273,
311,3,314,119,81,306,32,4,236,7,116,214,99,180,264,34,227,258,310,
14,227,278,216,156,205,242,159,145,208,104,310,35,120,316,264,265,
168,18,198,64,128,289,216,301,181,206,213,
4,20,2,270,150,132,175,205,269,
310,179,41,
177,294,104,277,244,116,31,
49,79,88,202,113,119,123,99,257,309,313,123,
241,194,39,173,243,281,298,257,55,37,41,311,103,171,164,184,158,267,71,101,236,147,114,194,
102,16,249,277,25,67,
117,332,96,172,
26,202,92,2,149,
270,56,256,222,4,81,103,40,241,237,203,287,
69,49,320,129,153,38,271,313,271,294,117,19,227,297,164,11,202,
297,181,174,76,281,297,7,260,329,235,180,146,69,185,93,88,277,74,
287,270,313,1,209,224,72,
97,3,270,
295,273,200,181,147,38,281,279,167,235,153,157,252,260,234,
254,104,147,
234,319,183,9,68,295,195,334,206,187,246,248,147,167,
175,192,106,51,190,102,118,20,181,
138,178,119,290,77,95,133,211,
102,109,92,55,145,
186,318,50,12,257,13,72,
39,189,128,214,37,133,
133,93,19,299,66,
113,244,64,92,49,68,100,208,309,
279,216,79,147,96,5,114,14,311,285,65,273,135,127,53,280,
0,332,310,182,12,21,98,67,118,223,138,86,112,58,232,210,285,279,247,193,224,230,185,
108,39,152,57,85,178,34,150,33,248,48,275,286,30,
76,328,69,200,327,109,258,14,210,309,
206,279,180,3,327,265,284,333,236,184,168,295,
49,291,58,288,328,150,94,
0,116,303,41,
246,100,303,54,145,206,87,21,204,328,152,227,56,112,106,234,319,277,
132,303,98,116,149,154,148,90,244,280,225,177,261,185,265,108,142,145,
130,70,225,244,326,194,299,218,54,158,237,134,174,45,97,178,307,256,2,18,40,234,297,53,
331,200,327,149,249,110,88,8,109,181,279,120,153,163,315,227,
56,56,100,246,41,54,175,290,27,285,214,46,256,182,93,303,
88,49,157,160,155,203,53,148,102,203,5,285,138,32,172,253,149,160,241,189,89,235,80,91,183,123,140,127,4,
237,288,120,187,119,128,
294,220,
145,38,240,12,256,88,231,290,254,276,20,296,201,
227,91,246,50,176,122,189,167,192,292,
77,138,79,113,192,186,310,
250,45,86,256,291,79,95,15,257,63,109,309,83,43,
289,53,130,20,12,12,185,24,80,127,191,223,192,269,21,172,150,185,163,232,237,190,151,14,310,225,308,20,216,3,328,287,
153,224,67,46,44,198,
200,28,137,227,300,156,135,113,57,57,135,25,144,253,26,74,285,4,280,43,211,130,281,118,227,
213,318,39,106,110,251,270,182,237,168,166,99,
213,43,258,112,32,124,32,194,318,241,
172,81,189,263,333,103,172,111,159,293,177,308,234,184,54,63,77,116,25,3,64,
57,100,304,78,
256,273,203,133,290,209,300,164,3,25,39,310,250,260,151,71,66,12,79,109,323,100,230,31,
89,6,200,129,166,60,331,290,306,73,176,236,271,147,181,79,120,200,218,75,284,106,49,54,210,249,160,
285,200,103,3,26,238,291,0,281,61,13,0,188,
52,261,209,75,25,129,61,81,168,202,126,38,63,265,326,326,
285,20,117,160,253,146,196,111,256,255,293,
277,274,254,311,113,191,15,236,283,313,244,191,119,313,189,185,246,31,72,209,254,311,185,250,133,160,
45,112,139,35,212,321,68,273,131,
279,130,198,79,325,142,124,249,138,121,
183,63,161,156,234,167,173,112,319,249,38,163,250,
136,244,318,92,103,158,101,323,
254,246,23,178,72,246,17,181,151,182,95,196,215,68,
242,264,168,250,179,118,50,94,88,301,72,123,69,285,
128,45,322,97,39,148,9,129,168,216,272,88,288,224,234,69,275,81,31,201,277,
319,185,154,208,165,42,234,333,183,318,25,217,30,117,
224,290,105,266,268,153,150,279,80,
107,157,309,25,157,31,81,320,323,173,217,
204,279,1,7,149,316,119,224,305,151,291,238,8,130,331,18,228,300,15,72,131,207,231,143,306,317,202,307,319,95,241,242,287,123,56,32,139,
333,325,301,24,54,107,204,246,
79,107,130,279,97,64,110,36,146,
110,244,0,
12,213,114,145,95,133,
205,158,217,66,
264,311,279,126,115,78,251,
158,247,93,92,41,129,203,329,225,226,205,8,277,
137,226,92,334,66,147,274,36,299,223,37,259,6,107,34,217,169,307,237,20,270,303,85,287,28,220,285,214,300,204,102,188,144,100,102,20,266,263,121,74,
75,182,283,177,180,191,156,172,301,136,63,202,71,255,152,
297,113,103,260,319,15,82,133,253,40,221,119,118,233,222,
44,265,195,80,261,115,327,168,191,276,303,311,30,40,215,217,140,290,333,73,153,51,181,
25,0,52,
78,219,103,78,186,130,273,97,131,
100,256,8,286,309,
54,92,57,333,89,55,29,129,94,131,
286,198,170,6,44,140,302,84,103,47,24,25,265,
67,103,219,153,222,258,52,
154,280,330,26,85,45,319,140,213,304,81,83,123,122,134,322,13,57,173,45,77,
244,91,110,130,243,212,81,311,278,283,289,223,29,222,174,298,257,46,26,80,92,18,70,104,36,156,309,
66,134,219,195,281,202,233,321,205,168,
23,254,158,254,298,209,206,157,205,270,89,129,
97,71,297,28,265,251,182,13,63,239,312,128,
117,270,309,222,69,
292,291,168,
187,178,31,244,193,236,304,72,116,259,195,264,
278,8,270,132,88,332,
109,88,269,166,235,
282,244,112,185,296,246,55,122,15,202,
104,307,319,320,128,254,291,299,
149,112,16,113,
172,73,325,166,246,77,287,167,195,63,48,318,96,10,186,258,248,183,172,59,304,286,138,21,32,231,226,177,114,200,218,223,129,
115,79,217,224,205,292,29,
53,105,198,193,253,285,167,275,324,45,49,155,272,270,243,104,282,130,156,255,196,266,313,162,187,17,167,
333,319,44,200,151,233,
198,92,197,318,103,327,276,34,91,166,325,204,257,191,289,17,41,215,292,71,264,
136,213,130,265,118,221,326,
203,291,88,108,256,83,267,303,13,289,278,217,66,278,319,4,162,282,256,270,
24,239,207,114,196,42,147,113,316,235,182,123,72,70,280,141,276,40,59,319,285,58,34,118,273,333,121,180,290,286,71,313,
138,327,13,69,26,31,290,202,207,172,233,260,88,327,106,220,227,102,38,101,135,75,147,260,305,152,112,10,54,85,236,59,332,321,241,157,88,194,6,
112,203,233,3,148,121,131,227,28,112,242,318,129,173,291,262,226,85,282,140,127,145,179,162,46,
116,319,253,28,303,252,0,273,15,159,42,269,
296,290,2,180,145,52,
197,198,159,147,
117,266,216,319,269,
149,2,331,240,116,162,306,
167,53,67,164,50,159,318,65,234,
311,262,44,280,185,324,111,44,256,132,320,29,
254,185,178,160,145,277,175,5,99,313,196,
99,260,311,10,49,95,21,96,100,299,330,
100,291,123,156,7,246,322,264,168,234,257,56,258,326,241,205,261,57,
298,60,241,212,23,268,161,325,231,182,
74,135,266,292,264,174,11,192,277,146,251,191,283,256,3,117,11,147,299,117,280,132,58,147,181,171,225,33,287,137,
194,75,132,241,
150,200,108,3,131,244,306,24,313,19,268,46,303,205,280,25,49,
107,224,79,
256,3,27,243,311,55,212,30,241,
93,179,306,333,
120,200,8,129,147,299,159,10,14,224,40,110,161,155,331,40,4,
260,139,297,111,120,174,290,269,293,302,218,329,
181,88,219,217,94,190,88,115,300,254,305,221,116,275,334,235,199,129,223,74,256,325,
214,56,198,39,181,213,1,112,79,325,330,211,53,311,80,322,318,
265,111,161,28,
249,102,59,172,232,132,255,154,296,289,33,96,269,61,156,214,
194,268,208,99,3,45,31,211,194,32,241,325,135,28,286,93,46,204,293,18,313,101,79,240,74,172,146,83,138,
182,265,99,324,104,31,119,121,260,207,112,181,219,112,321,50,221,208,78,159,191,304,329,5,29,129,243,
131,40,24,167,322,83,45,230,112,311,255,
247,45,180,158,158,233,8,127,59,147,330,283,281,
129,232,177,287,88,
217,244,270,3,126,222,10,107,
177,172,132,129,265,257,308,332,
88,99,202,177,73,167,297,54,
280,92,55,312,179,195,154,322,22,286,22,202,331,282,173,21,99,95,311,113,168,128,279,324,98,128,238,150,186,109,23,194,106,334,215,6,109,106,71,37,327,267,25,181,176,15,41,219,183,
0,57,277,110,114,105,251,328,101,254,
53,15,48,78,107,20,227,277,145,143,296,126,
99,77,182,302,236,113,250,266,112,272,30,253,62,88,9,39,267,127,161,334,198,254,268,326,87,213,240,
4,63,311,176,202,104,256,149,129,144,244,180,290,88,
192,281,115,115,323,164,102,187,269,83,102,167,322,290,5,19,242,129,141,220,74,18,42,42,2,130,175,45,275,182,127,214,276,207,
286,111,8,116,33,177,12,
147,320,92,42,187,199,33,137,15,329,310,74,164,185,
19,91,111,308,249,1,26,64,226,93,159,285,64,157,175,157,259,334,7,174,121,25,28,219,322,181,150,39,47,104,289,177,198,133,292,311,222,
296,65,290,208,135,54,236,47,214,225,296,1,282,290,297,174,109,248,
78,182,53,108,78,190,334,36,0,79,57,135,46,
118,211,135,220,323,65,223,322,200,275,319,331,
294,301,69,177,328,55,127,178,30,26,133,81,177,208,84,
200,230,310,107,145,
147,98,264,295,24,77,149,184,89,38,102,290,197,215,279,246,59,81,213,332,186,279,293,241,207,234,
191,70,202,253,315,241,
102,328,241,209,291,154,238,30,11,184,303,
332,261,43,0,155,41,57,152,117,67,128,155,215,110,73,100,103,218,147,1,89,277,169,213,5,177,87,152,
293,172,324,210,119,0,150,269,275,285,
186,147,92,24,
243,101,182,256,154,35,120,244,30,175,231,309,116,208,
23,327,266,39,101,330,203,15,164,155,212,328,29,153,73,251,234,311,8,334,
130,189,103,38,200,7,144,158,44,177,49,1,32,73,121,225,226,107,167,151,267,199,191,183,21,135,67,248,244,5,65,219,111,286,281,54,172,93,
291,250,228,187,206,64,154,248,147,278,52,182,
9,285,181,142,278,259,171,240,185,299,
140,311,270,9,248,
290,24,74,22,10,15,168,138,7,126,310,48,174,89,141,94,296,15,20,224,106,30,230,269,243,269,319,308,
92,113,328,283,87,208,42,102,173,135,132,150,90,50,136,
103,67,50,50,260,279,171,181,19,139,147,92,219,222,153,179,44,78,324,303,150,242,270,216,77,143,239,10,48,297,
103,198,178,208,117,48,285,5,21,280,78,271,137,177,74,307,145,
193,232,0,261,55,132,213,269,66,100,158,192,174,175,193,138,
130,81,2,104,156,184,279,180,63,303,19,84,125,127,173,68,107,137,70,
5,297,279,282,172,135,219,
137,103,130,200,
6,182,129,57,245,203,166,138,158,221,168,281,285,20,
94,64,130,132,312,212,
147,120,162,224,291,113,174,327,79,319,75,59,166,227,270,160,273,316,171,
324,186,26,20,251,37,105,40,95,178,313,
236,327,25,323,
81,147,286,
310,256,202,40,164,162,151,324,267,247,163,248,48,29,220,
185,164,21,282,117,228,254,165,71,53,119,
279,295,103,230,39,276,163,127,308,263,242,
81,164,134,320,244,54,172,116,240,316,270,181,157,208,62,163,259,317,146,193,297,107,52,
80,2,319,63,214,301,190,17,150,
184,266,244,25,54,61,292,147,267,258,270,38,227,99,235,307,275,241,97,238,249,295,299,57,172,72,
220,202,224,157,294,326,269,310,
303,116,42,71,142,202,334,
280,293,332,103,147,148,331,
100,55,191,204,140,244,187,201,267,303,222,284,252,301,208,320,134,239,61,81,317,231,272,324,80,215,250,174,113,22,113,181,261,178,48,142,190,271,223,
318,136,41,49,51,157,72,155,321,288,203,319,309,45,189,102,186,207,213,314,234,292,22,
269,112,71,249,229,234,4,309,285,1,248,26,
269,58,0,212,288,187,109,90,287,172,31,
50,130,242,182,35,181,45,153,82,197,186,213,69,39,279,299,27,92,
261,229,203,265,165,170,332,66,185,18,80,193,300,309,203,21,52,94,320,95,204,100,285,4,5,253,130,252,278,227,264,
14,217,20,150,166,187,143,94,306,319,166,57,113,194,131,274,330,175,330,327,286,253,103,259,90,78,106,181,60,74,273,
25,286,59,127,320,59,311,151,303,57,305,184,104,102,202,327,131,75,61,280,229,107,178,207,236,213,5,150,8,
113,277,158,55,123,107,317,246,331,
200,59,295,212,14,188,313,316,151,
201,64,145,311,323,84,263,57,
327,172,408,138,225,121,296,8,23,90,181,236,115,235,2,60,179,14,159,246,128,148,158,274,291,215,188,331,33,320,267,47,92,328,293,
12,286,
179,112,93,200,48,246,
311,244,203,39,71,82,233,243,
166,5,67,14,189,213,279,277,36,120,269,329,1,134,150,304,193,199,69,133,
329,178,3,260,198,
126,21,59,23,22,265,327,276,274,69,186,301,306,
19,219,69,103,332,119,
277,74,7,247,75,332,0,262,285,287,323,188,115,201,161,157,
15,290,26,203,250,209,206,299,120,265,157,27,2,91,207,65,
168,301,52,6,182,66,
130,21,233,33,50,79,262,94,200,261,136,83,
209,256,241,212,15,249,52,25,156,152,48,81,42,61,144,248,311,
288,301,202,128,237,91,212,49,135,200,97,295,
127,130,192,161,10,249,290,292,312,
29,311,216,160,202,304,334,261,34,38,152,106,156,185,81,138,55,14,285,61,167,320,177,
149,301,40,16,21,178,4,167,227,85,181,296,147,
129,128,320,95,238,70,211,
70,209,208,191,10,66,172,307,
324,311,293,182,190,66,121,334,165,215,11,100,21,54,22,88,143,7,73,218,264,270,28,
134,166,101,291,66,222,195,141,223,282,
2,92,275,203,220,238,
128,119,125,94,104,86,260,249,154,239,
113,209,100,180,152,116,23,202,216,68,293,334,
206,291,0,257,288,234,37,153,256,310,
208,53,309,103,190,29,188,190,194,
153,178,270,33,189,324,117,45,
0,78,293,285,233,280,147,25,
246,333,24,
161,183,154,178,45,316,99,157,189,26,327,244,121,21,277,318,256,
198,275,54,24,155,270,326,279,168,135,191,197,255,214,
58,25,233,57,269,114,323,107,7,0,150,286,239,27,74,49,69,82,116,
1,258,287,166,198,
249,209,19,183,250,89,31,278,
147,322,103,74,327,128,254,300,148,15,254,33,203,234,
168,105,128,230,100,198,127,287,276,292,37,171,282,
105,304,205,50,332,235,31,158,
55,4,123,247,25,307,212,280,26,37,154,2,91,219,247,587,25,252,154,195,246,160,176,195,100,275,317,48,180,322,32,65,75,290,170,149,111,270,91,246,302,148,50,256,320,195,318,24,144,157,284,258,
284,202,206,132,326,216,
309,227,13,275,330,208,13,68,104,213,22,117,135,182,
321,16,92,184,130,330,31,74,153,166,34,97,66,139,48,176,65,111,270,151,45,
30,99,44,94,71,78,74,152,326,
279,147,156,
174,130,297,123,121,331,311,60,67,122,
8,87,310,286,278,101,106,174,100,239,68,273,100,
231,202,5,288,123,331,205,207,307,60,88,104,
150,103,293,270,
311,174,36,203,239,157,0,241,140,207,254,15,152,
179,242,310,113,28,244,322,
265,271,44,91,317,132,83,168,182,115,72,97,262,3,330,223,216,321,331,298,143,316,
95,28,110,107,154,310,170,181,186,59,201,40,51,185,116,290,65,294,322,65,83,149,283,209,194,107,133,249,141,105,74,227,184,76,309,268,227,54,290,27,136,108,0,
2,315,327,163,49,4,177,292,212,332,94,103,146,179,179,312,234,277,3,97,108,26,120,114,120,149,80,296,26,26,
270,164,150,116,278,258,23,97,147,140,113,299,321,122,
15,147,23,278,254,
316,291,159,329,129,175,147,
3,2,111,93,126,206,1,319,256,234,290,54,285,90,126,307,298,
121,279,182,24,99,137,34,161,269,88,180,37,163,36,
42,39,328,116,303,
92,266,240,36,11,270,52,309,126,198,38,147,54,250,303,326,78,279,321,186,239,258,219,14,151,168,248,280,111,141,289,284,43,101,41,50,66,246,244,221,212,180,186,298,26,254,213,65,0,
135,46,50,42,107,316,99,228,258,321,172,28,43,56,123,74,87,118,120,84,109,6,64,200,157,280,328,35,1,149,76,101,234,68,52,215,270,285,71,293,166,247,
116,130,311,203,301,122,192,
126,3,92,191,53,
75,232,138,34,110,194,323,126,65,63,277,321,318,334,88,
64,19,214,291,201,118,26,11,187,237,113,216,228,152,159,40,158,254,94,144,94,213,36,50,314,172,
7,200,100,61,130,58,158,233,37,66,49,177,
309,261,200,107,250,303,25,67,70,159,323,100,
164,147,175,207,69,
227,120,233,144,81,10,208,147,145,151,319,69,
321,77,178,138,66,101,213,
291,100,33,62,236,27,62,257,151,21,48,222,281,242,8,203,48,301,136,139,323,326,270,178,87,68,241,165,42,170,314,316,102,285,93,246,329,293,129,37,110,151,
258,55,260,1,31,164,303,247,
158,57,130,64,85,147,58,232,7,
100,137,246,323,234,54,91,233,
106,29,280,89,268,125,228,278,205,
59,317,138,253,126,150,114,200,284,328,188,3,159,
45,305,49,280,212,83,47,52,104,217,101,109,258,186,37,69,137,117,270,236,26,229,312,149,85,100,247,19,72,161,193,243,308,67,86,175,48,310,45,39,304,156,21,192,251,58,138,135,318,292,268,288,164,300,261,
181,265,33,182,281,213,193,280,297,103,159,210,21,219,103,177,189,274,84,259,310,34,34,310,270,114,308,326,31,93,333,
244,120,208,330,116,332,241,282,318,38,217,192,107,75,135,
269,121,260,197,8,33,156,
291,100,49,204,315,261,277,24,9,76,63,90,161,64,135,281,13,225,201,134,292,171,20,163,
91,288,15,
181,81,182,315,49,50,242,215,24,254,297,174,213,311,44,287,
71,227,13,185,28,193,253,221,326,99,129,149,303,
111,3,265,73,126,251,86,184,286,81,42,48,277,185,
24,311,290,182,7,156,246,150,39,99,157,186,
323,256,75,266,209,273,107,123,
167,101,326,175,281,48,124,
175,254,167,
281,257,84,106,124,192,81,149,207,198,167,239,274,244,95,63,212,219,83,69,138,148,180,36,170,203,181,217,295,121,46,5,316,125,157,65,96,8,33,279,293,
78,215,30,264,
103,332,319,183,205,197,
37,52,39,121,291,145,218,
332,280,185,101,300,35,231,248,66,
119,293,230,247,3,112,311,66,269,138,104,251,253,202,83,88,128,54,78,210,267,290,
82,50,297,95,273,72,292,
150,220,280,303,32,159,296,264,232,117,327,334,263,4,92,
254,99,23,77,92,
5,25,182,254,88,
328,129,42,20,92,76,222,21,106,89,160,141,214,220,254,328,16,
103,286,16,73,141,176,97,285,78,31,22,183,330,136,153,2,247,
217,328,79,191,
15,203,309,53,120,109,313,311,9,12,317,282,313,
152,80,244,116,39,307,18,15,170,322,96,309,203,24,29,138,150,150,6,67,32,233,199,2,332,
114,279,270,12,163,212,98,
301,168,149,255,231,136,288,333,230,112,217,207,36,166,265,315,
224,128,189,21,314,40,107,324,115,209,96,223,
3,113,160,325,139,311,152,173,298,206,41,230,221,166,329,147,41,113,188,92,296,264,100,313,97,56,285,100,304,
26,45,319,295,193,177,122,26,99,11,183,291,175,114,207,201,305,49,284,158,259,90,260,233,9,258,210,269,267,269,
219,55,63,230,125,202,136,203,181,163,196,319,257,41,179,237,246,124,292,113,180,295,233,215,176,271,209,272,117,107,156,262,230,274,168,50,
198,109,102,210,217,53,54,275,331,207,288,11,286,274,300,193,114,253,293,153,283,58,329,
246,254,17,289,60,196,231,21,47,100,142,27,272,136,272,174,330,35,163,111,138,179,
180,273,281,312,293,191,230,221,22,5,205,334,247,221,53,54,194,22,42,194,81,113,13,334,144,216,287,296,199,205,326,309,313,
16,238,218,56,215,197,266,149,328,328,
96,325,290,88,92,168,224,22,
287,112,151,35,115,181,195,74,107,75,161,180,280,
314,79,318,83,45,232,224,64,
208,124,74,19,16,101,51,206,131,273,323,136,242,70,285,14,38,201,319,173,220,227,154,109,124,207,267,290,169,278,222,293,
105,182,203,119,224,258,168,38,252,
78,164,14,306,72,
103,181,201,260,67,19,245,174,249,
189,297,92,21,104,167,291,233,300,310,224,
287,112,27,97,139,51,71,213,82,316,134,
309,269,79,131,
293,216,323,248,280,230,246,269,330,172,220,
88,290,96,
33,181,245,187,163,140,86,58,137,147,289,20,39,35,172,320,191,54,12,93,66,322,269,274,153,320,23,73,30,81,244,202,333,
251,31,23,72,111,264,
122,154,227,69,270,282,157,52,229,
212,79,247,41,103,105,269,196,159,42,52,254,252,89,79,46,324,253,
242,279,14,279,315,206,204,25,64,198,
84,330,181,185,231,38,294,273,164,209,
178,103,126,16,310,161,106,33,95,51,68,174,91,319,133,263,246,254,108,251,160,138,93,153,25,167,321,329,131,
94,2,261,128,127,224,
290,3,88,91,
105,53,121,219,301,128,153,161,188,149,122,57,206,273,273,20,118,66,156,189,26,228,50,156,324,5,136,288,247,247,
269,286,74,120,117,
77,172,157,244,46,231,136,207,227,321,103,254,45,164,
273,45,185,8,82,
139,287,135,26,
152,332,169,311,14,
13,20,15,100,74,182,4,102,110,256,
94,202,199,221,226,
93,33,270,178,297,133,195,16,
307,152,275,101,0,53,317,203,14,42,249,81,223,173,221,329,
216,279,293,285,74,117,250,
157,318,35,253,313,96,125,316,145,203,228,77,107,311,239,222,23,83,
90,269,158,3,18,
3,59,90,42,
57,153,168,158,58,0,13,226,200,252,147,6,221,190,300,218,72,256,281,35,54,
205,152,124,125,100,105,138,95,284,72,103,271,308,
232,64,249,255,19,95,174,182,73,140,189,217,247,289,173,129,23,47,59,152,162,207,46,152,306,250,268,
221,132,101,220,99,79,288,170,11,129,182,118,116,129,
297,189,297,26,301,5,97,279,200,297,302,
110,2,213,
112,169,192,259,65,287,45,261,205,0,200,188,269,1,138,182,314,107,301,33,302,246,154,149,29,127,
28,79,285,123,319,324,
334,23,63,75,
180,130,24,67,215,0,323,198,154,59,81,
35,138,287,267,246,54,93,123,14,
72,277,254,251,177,161,301,
247,158,119,268,200,17,127,85,105,296,135,
272,246,128,9,184,238,
265,126,97,31,136,144,202,177,119,74,248,318,
227,189,309,326,289,331,193,
217,205,319,22,301,121,115,325,48,261,
20,30,4,33,200,324,204,285,10,145,71,6,321,18,
46,150,77,46,212,164,181,64,153,78,
157,24,138,141,162,
260,295,182,99,133,110,267,57,154,50,128,26,329,245,315,
135,194,130,296,155,244,46,170,67,101,235,258,318,11,83,195,29,71,100,113,240,301,158,204,259,164,92,
97,2,93,281,116,173,45,95,229,280,265,103,230,221,212,16,303,247,
31,215,193,49,187,277,66,251,70,
244,233,264,130,113,265,30,26,285,190,187,33,42,177,309,325,4,300,
139,36,3,65,266,107,132,159,283,292,234,295,195,260,53,117,177,211,161,133,45,211,198,68,204,
101,174,35,138,325,255,194,322,1,62,258,202,134,187,180,185,189,322,167,198,312,243,
177,19,26,133,53,202,88,72,183,156,
156,62,14,209,183,293,279,314,203,40,215,277,
79,89,221,39,187,148,199,309,
0,256,197,249,46,33,94,147,206,224,227,182,269,328,184,176,307,131,175,48,121,247,276,314,92,
159,182,185,310,167,187,14,116,277,150,236,
285,19,91,9,30,232,94,203,297,44,114,197,142,28,73,330,252,
116,244,116,325,97,270,
70,12,62,212,63,2,130,200,206,261,267,58,157,229,128,266,313,5,102,327,62,222,176,139,283,246,110,244,208,262,320,289,267,317,167,234,130,309,
26,78,181,64,60,169,213,56,259,324,306,17,111,246,
68,88,45,113,273,
319,241,147,103,172,250,183,110,193,259,330,311,311,28,
213,136,18,276,1,86,219,9,245,8,169,80,172,214,19,291,147,179,12,25,92,64,56,
176,226,219,99,313,266,8,280,181,112,266,244,222,126,219,49,101,12,267,
152,64,64,205,169,299,113,180,121,100,325,41,321,75,189,
113,147,190,88,245,27,55,163,45,
86,128,33,161,141,132,
116,320,221,251,143,
233,150,109,81,37,218,265,306,26,58,217,262,81,244,277,112,288,87,227,42,298,328,60,96,262,274,100,64,
119,44,126,193,31,297,257,322,185,19,42,175,
189,318,274,39,105,320,277,153,227,229,140,261,127,18,224,241,209,227,
255,198,299,75,193,75,
270,45,330,150,118,298,228,217,14,314,131,223,224,3,104,134,148,319,116,210,199,36,147,153,164,60,276,114,5,193,217,236,160,233,181,117,178,
209,266,23,195,114,331,298,
94,285,290,325,69,132,134,228,326,129,
248,332,297,79,296,
259,26,244,285,106,97,
114,129,196,181,297,74,231,229,27,29,237,253,319,
36,79,230,
285,120,39,56,219,156,49,187,215,239,5,51,157,14,284,259,133,92,179,40,48,116,240,149,134,20,150,158,84,153,24,298,111,172,167,279,78,152,
74,57,102,192,42,188,200,89,286,269,32,275,286,319,59,227,271,185,186,4,125,216,297,
55,54,
40,131,311,174,32,12,290,334,177,58,179,221,178,253,218,331,149,233,142,64,310,132,108,
164,192,241,181,209,45,188,203,310,7,188,135,234,198,77,86,
240,145,81,117,194,0,8,266,99,285,205,266,47,192,219,132,304,
304,219,166,141,269,57,329,240,
310,228,224,259,25,16,103,324,200,260,181,56,247,7,302,247,39,
88,113,231,68,138,121,324,75,297,69,278,
219,19,70,19,144,286,85,228,78,124,1,92,106,218,89,304,180,182,36,64,292,118,232,126,179,125,300,108,169,165,240,67,229,262,136,127,
31,265,107,256,166,292,67,97,283,42,177,
54,198,180,69,287,248,82,63,198,219,170,124,33,95,162,150,130,122,219,316,256,216,245,
311,306,98,72,166,109,120,188,213,194,325,29,83,307,180,318,245,59,114,289,125,126,235,220,127,19,10,119,77,315,57,262,321,250,209,253,306,201,198,282,312,13,34,55,277,279,319,53,
328,294,289,59,77,49,167,18,200,
79,29,28,269,301,332,133,132,279,140,252,314,331,77,250,217,78,136,
193,166,81,
202,16,88,25,231,333,234,48,177,34,26,323,0,114,323,177,114,310,
129,221,182,114,316,274,29,68,
21,126,185,224,14,137,252,
203,311,119,53,314,318,205,196,15,105,267,261,229,159,320,265,101,311,156,17,221,311,
213,12,287,214,216,
166,321,216,64,89,14,
320,48,205,70,285,103,51,147,81,25,162,63,22,308,327,189,33,64,94,116,56,12,174,129,
2,130,93,110,215,0,149,235,160,
279,58,206,79,309,264,279,237,164,101,281,163,297,
182,206,118,75,307,181,122,146,215,234,226,305,315,71,275,74,187,61,320,24,43,168,265,6,41,327,300,101,105,79,232,129,269,177,38,0,
230,293,279,200,108,278,168,301,97,142,202,116,36,278,331,
310,147,178,201,311,308,189,
157,19,81,
132,278,193,194,321,86,80,
114,121,321,202,78,270,100,172,252,281,54,1,172,95,122,33,211,280,264,320,113,
10,42,41,299,6,16,10,4,27,201,175,259,303,308,190,20,177,227,216,110,99,217,
266,117,665,5,49,52,39,137,10,184,245,181,64,87,61,285,95,73,93,306,13,168,248,90,230,90,120,241,256,57,139,23,160,162,119,176,280,246,9,53,224,96,161,205,209,214,256,226,304,
48,109,128,293,124,35,92,30,296,226,26,245,302,61,113,257,333,275,307,183,72,152,294,113,256,309,138,9,72,200,212,234,160,257,277,307,119,109,311,315,120,64,320,334,323,223,186,326,332,234,56,310,
41,241,332,247,310,0,218,22,
317,113,59,81,54,56,307,76,15,82,226,
185,25,141,47,149,311,243,299,22,159,140,111,310,103,79,133,96,199,147,274,9,273,
202,206,280,94,64,4,49,85,285,288,220,101,69,169,292,330,195,289,
244,135,70,184,161,259,26,136,75,79,157,69,258,
200,48,112,45,273,140,22,150,120,48,113,177,76,328,61,49,233,284,89,257,331,20,82,73,1,104,309,172,125,226,134,202,179,
319,178,34,126,104,325,207,74,38,80,89,207,219,0,
190,175,142,
39,33,279,79,42,71,255,50,8,290,209,
227,71,107,112,310,80,123,155,276,248,277,124,190,216,36,182,178,92,200,21,14,321,162,239,45,315,329,107,110,289,19,74,189,147,
158,134,327,223,152,274,19,7,172,90,23,272,302,105,
63,75,334,21,75,293,199,286,206,186,250,4,183,22,239,78,328,
270,213,93,
291,189,104,
34,24,311,121,
32,213,232,
203,2,116,
141,24,134,
129,182,54,160,
205,115,231,
308,279,
320,311,
128,332,237,
313,49,200,24,
315,191,331,260,301,
234,202,42,147,
120,2,
184,206,102,
328,0,215,16,
156,269,105,
202,33,66,
8,23,39,
323,202,136,309,236,
166,301,31,307,213,
311,319,131,23,40,181,
297,88,248,
30,294,33,
110,79,171,209,
129,4,104,94,
53,208,185,
267,260,216,35,287,
209,323,224,
88,129,109,5,
104,4,328,244,
304,105,187,182,
135,288,139,
325,319,152,217,
121,
306,232,78,
12,213,186,
126,217,264,
299,184,50,133,
81,227,294,
290,119,39,
96,117,99,
115,277,215,
288,269,206,
282,5,
145,102,37,
209,189,164,84,110,
49,176,7,200,
190,208,78,181,
195,134,234,
239,103,157,
282,212,143,61,203,27,297,86,148,235,320,206,208,213,233,239,14,
31,269,128,181,
185,111,
299,256,104,255,
292,227,127,82,
219,66,5,
235,109,215,
214,198,213,
234,164,128,
164,78,24,84,
74,103,30,287,
307,231,103,166,
233,0,
193,255,319,
173,307,154,107,
222,217,297,
228,106,
149,26,2,
292,215,115,
163,183,331,291,
257,186,177,
113,149,297,
22,290,200,217,
303,97,
101,136,176,
208,104,244,
184,130,272,
71,311,280,
218,57,16,
274,215,129,
277,111,246,
181,46,26,
72,177,187,
123,35,231,28,
70,219,244,129,
171,291,168,
0,319,202,2,
307,70,104,
220,328,2,
326,220,99,
98,114,
57,154,184,
89,166,23,
319,114,227,290,
95,138,
153,57,295,23,
202,52,200,303,191,
309,243,244,
69,58,128,122,
71,39,269,
77,147,154,
254,15,0,
241,191,213,
286,81,269,100,
326,30,136,52,
233,333,311,
167,131,227,
68,254,129,234,
279,279,224,
131,54,309,
15,277,147,
94,49,54,
171,110,42,
332,19,152,
75,120,25,
321,132,
171,9,147,
119,237,265,
296,273,149,53,
118,136,
153,206,331,
221,136,203,
160,89,147,129,
29,129,112,311,
203,270,6,147,
18,328,90,
330,293,319,
202,282,119,
123,100,242,
255,285,
12,320,176,
22,318,63,41,
46,112,232,
52,37,67,
127,94,112,
132,4,92,
205,4,150,
247,97,105,103,
93,2,97,35,
83,131,119,
230,0,119,
94,64,30,
161,86,291,
157,277,107,
186,92,63,
21,149,324,
298,209,265,
192,244,227,240,
167,88,149,
31,249,105,
163,113,114,
213,321,
72,82,184,
330,84,99,
208,243,113,
301,126,72,
299,9,99,
264,187,324,
82,311,317,
310,77,206,
10,103,120,
211,138,129,
182,291,309,
30,108,319,
309,113,244,
318,265,244,
296,247,
328,328,63,
155,318,
101,0,321,
63,80,
198,329,1,
108,215,
138,246,279,
132,221,
150,224,59,
220,42,293,
122,174,79,
243,290,311,
13,186,306,
282,168,134,
116,81,113,
229,122,216,
212,94,
9,140,291,
312,97,127,
100,8,99,
125,106,128,
201,310,
14,152,
275,120,2,
147,291,0,
154,243,180,
163,279,310,
