201,324,114,260,125,291,275,37,295,40,103,284,323,106,70,30,323,13,48,
294,55,45,275,166,215,235,312,319,
128,328,70,166,36,273,203,222,256,291,3,282,
3,49,253,92,203,143,301,330,311,209,154,164,113,9,332,36,247,259,60,188,277,315,
10,166,101,128,148,73,322,334,250,130,299,311,85,115,249,251,137,240,289,77,232,219,312,
6,147,6,20,168,208,121,60,182,221,239,278,
48,143,128,293,295,135,124,35,45,92,30,296,26,245,302,113,173,74,333,275,186,183,152,294,113,309,9,72,200,212,234,160,257,277,84,119,104,179,
204,281,182,302,
332,234,162,267,74,14,23,196,263,116,102,41,0,135,85,144,131,206,258,4,50,171,280,
180,798,81,266,53,199,
246,91,238,63,182,234,229,245,114,162,
271,234,93,
270,222,234,
292,183,305,229,16,140,147,28,1,144,
183,67,64,258,22,13,146,0,169,212,304,30,281,269,268,21,185,54,298,123,220,247,
181,172,143,194,9,301,184,76,329,
76,136,167,225,
93,324,147,112,167,162,238,275,188,40,129,149,138,95,
295,93,12,40,286,
314,305,
188,88,107,320,92,11,105,44,93,75,161,134,
90,19,6,166,219,281,175,261,316,
57,232,222,200,25,89,320,16,
256,284,127,160,261,
299,328,
603,182,211,165,285,19,219,284,244,80,149,317,106,304,22,212,57,285,
182,232,211,122,117,109,180,195,19,68,112,72,260,9,96,126,185,200,
182,73,55,95,297,91,245,90,184,119,47,231,62,182,206,144,23,207,70,46,204,229,104,199,306,55,285,6,
155,114,93,221,308,
14,179,11,0,99,104,237,3,18,51,256,35,241,
844,665,300,215,328,75,128,195,96,110,13,222,207,25,307,
305,247,191,10,231,91,203,296,292,314,79,257,78,297,281,282,314,54,120,171,239,45,210,173,115,276,
298,56,89,126,149,207,254,101,211,89,46,291,103,105,84,206,260,
71,227,39,13,109,189,206,
119,154,253,30,120,
109,77,71,293,1,328,237,101,224,321,
147,65,238,6,10,91,26,45,81,22,35,244,33,119,
114,201,217,155,216,9,46,143,173,179,201,302,302,98,74,232,164,227,129,311,109,
175,331,281,291,37,250,267,75,275,175,164,244,317,317,52,57,166,89,292,34,
158,173,141,273,306,86,159,25,118,182,251,329,84,44,269,
17,94,149,271,30,234,180,59,39,142,157,74,157,305,156,37,88,138,255,
251,211,238,45,6,17,36,
187,6,281,
234,37,28,6,177,142,271,209,332,29,144,328,5,39,233,270,261,220,321,10,36,255,278,21,91,192,280,172,4,199,
304,183,162,93,96,111,201,301,62,134,
5,155,59,179,287,105,189,260,327,1,249,134,142,28,161,266,319,328,46,295,300,
263,173,256,179,303,
148,10,10,284,71,10,314,294,334,329,220,219,7,129,302,255,13,
189,5,142,278,13,69,144,317,77,270,
107,279,
286,279,126,6,62,193,135,248,238,254,103,152,295,
107,232,68,41,326,13,163,16,87,188,258,79,5,28,195,277,199,149,2,11,163,45,128,150,92,291,49,80,97,208,
127,149,598,85,165,65,73,9,89,241,260,96,204,243,120,256,200,269,152,257,
318,300,65,161,107,75,265,302,127,117,167,101,239,13,118,332,264,146,120,136,
55,48,119,22,245,67,
156,203,88,295,48,258,271,329,
86,172,303,308,56,204,160,54,107,158,
284,148,603,36,1,83,95,139,209,51,276,
173,172,263,228,310,48,14,52,136,137,16,25,190,309,38,179,79,62,91,21,135,89,239,303,
129,362,77,147,263,251,254,37,71,77,101,107,24,174,114,105,
48,14,209,298,85,267,215,258,8,55,229,292,114,174,219,131,109,116,75,315,320,
313,172,147,
200,48,57,129,118,
211,279,74,603,301,93,155,18,300,318,226,275,290,333,
89,127,298,278,329,
216,181,6,182,19,266,74,
79,107,305,
45,74,48,172,7,117,150,320,322,184,194,22,75,153,90,241,0,214,
280,55,
96,304,186,253,98,211,297,235,133,312,316,35,268,111,81,178,191,282,47,298,239,7,311,231,262,8,62,
279,284,197,313,307,95,162,286,334,85,107,197,14,211,150,319,73,202,
56,108,35,58,38,260,218,187,298,324,82,108,230,265,240,225,54,
232,182,40,57,149,1,192,324,323,28,259,293,22,
192,281,232,115,323,28,
313,144,25,212,312,28,89,324,333,308,6,291,186,49,128,279,140,284,301,223,165,87,326,147,135,212,209,119,101,
172,251,81,173,282,30,92,68,45,150,69,74,177,183,120,86,181,315,102,227,203,279,45,2,313,324,122,325,327,166,187,174,182,49,113,34,226,259,298,69,91,73,
292,227,257,267,142,160,108,107,18,167,285,6,208,259,
294,158,219,125,136,124,298,174,41,36,100,262,
321,234,214,87,109,180,228,37,321,176,86,87,200,284,50,175,236,
295,48,101,268,53,
46,114,182,295,190,
164,227,107,280,16,255,78,169,261,80,292,84,93,118,156,151,
142,328,32,255,307,117,244,263,90,112,28,330,189,136,151,308,5,2,147,248,21,179,261,301,
44,110,260,58,220,46,122,296,19,331,80,167,78,318,272,232,205,119,92,96,171,9,57,74,
162,332,279,318,160,239,290,
89,324,46,298,25,165,16,82,314,136,175,63,92,308,150,227,21,150,319,4,173,293,14,24,157,159,310,200,
328,142,96,6,67,15,22,11,128,54,226,253,332,11,119,299,282,72,286,273,177,51,89,73,287,
103,281,16,320,148,220,53,310,
313,268,55,91,144,248,52,267,109,221,299,34,96,158,256,
4,95,211,99,213,63,256,188,201,89,187,262,236,146,109,137,244,3,9,86,169,227,83,247,
11,492,692,52,83,248,71,102,294,300,156,77,19,217,196,115,38,232,236,96,10,14,207,283,277,285,153,50,271,
144,313,313,
362,211,306,179,55,306,312,186,310,2,105,129,294,305,277,262,33,77,27,6,220,190,214,300,78,112,91,122,138,123,309,253,91,123,281,12,215,148,159,
229,67,2,186,244,
311,143,12,314,42,232,15,124,313,56,109,50,295,334,145,
92,44,89,77,188,266,285,
165,89,142,127,10,16,173,200,82,103,291,89,201,251,76,162,0,
45,62,67,212,83,52,104,217,101,138,294,37,37,69,91,137,149,
366,798,131,5,102,194,53,281,325,224,208,179,
10,67,4,107,328,160,0,26,19,331,148,104,50,132,101,299,55,27,192,210,242,
73,10,127,96,137,
154,122,279,251,62,50,119,9,126,58,68,320,75,51,264,
327,5,2,408,138,225,121,293,253,318,291,
67,703,499,10,90,45,45,229,215,14,183,80,185,271,15,110,149,304,262,156,275,312,309,261,139,301,
95,4,107,310,193,24,181,
302,137,281,166,226,185,134,191,321,204,
238,310,201,49,145,194,50,134,268,330,139,146,147,192,226,262,138,246,56,23,132,6,10,141,198,27,110,192,260,319,126,334,
153,45,182,
55,4,362,182,25,307,212,280,26,37,313,2,319,219,247,587,25,252,294,176,327,100,315,317,62,86,
107,86,129,63,191,105,
307,203,326,150,293,318,182,315,
142,165,17,
102,172,366,124,158,86,162,275,316,
179,173,89,14,268,135,247,320,46,124,312,117,205,
258,107,48,332,238,99,253,35,319,
334,311,77,41,202,270,91,197,
311,10,3,77,
256,270,102,263,300,
238,278,251,51,51,140,110,309,82,132,74,180,134,
86,126,57,270,11,158,175,33,150,
67,756,251,268,152,173,210,55,
227,164,151,71,107,292,310,80,123,155,248,277,124,190,216,36,182,178,236,200,21,14,321,162,
318,16,203,187,214,53,273,105,17,30,145,272,80,84,127,278,79,191,114,240,327,
282,1,14,121,95,38,210,4,28,4,25,271,54,73,328,319,114,30,201,76,183,143,178,286,327,219,69,185,
173,141,114,224,201,132,180,97,225,305,
80,44,2,46,
63,246,136,107,
253,3,362,119,201,239,253,71,239,150,262,
122,44,172,100,180,199,
52,205,173,267,284,75,161,16,83,
93,736,295,155,199,87,173,36,166,188,249,152,334,207,128,308,315,271,320,217,
665,844,92,98,223,161,164,152,
285,603,292,194,159,98,265,245,277,226,
14,796,598,160,114,131,282,288,292,318,48,230,246,264,420,153,294,166,309,61,136,217,131,227,105,287,178,12,141,112,31,74,180,168,154,
284,66,178,31,8,28,5,142,192,307,42,111,238,279,281,121,229,24,89,322,1,297,241,256,143,47,
244,175,
598,14,143,226,319,0,75,0,127,70,273,105,106,84,317,257,33,
70,128,
74,332,989,63,189,224,298,78,226,214,0,154,55,93,110,223,75,
126,286,236,86,228,41,58,272,178,207,103,34,1,14,
13,124,107,
203,83,115,156,318,3,95,186,307,88,67,128,151,177,252,273,176,117,155,156,101,3,96,309,139,207,
93,292,14,271,320,266,319,221,14,117,150,248,277,241,200,97,311,326,265,302,
19,10,222,14,327,21,12,155,
204,127,86,7,
143,311,48,193,598,199,201,138,251,2,130,281,181,6,329,219,
6,234,362,86,6,102,328,187,216,91,78,36,90,159,230,
2,362,302,172,25,206,256,141,228,272,143,177,212,241,229,229,327,266,255,26,318,182,246,171,160,232,
324,216,121,105,89,159,11,35,93,16,291,291,137,255,160,143,207,174,201,146,258,198,37,174,163,173,242,172,308,10,236,176,168,
703,67,917,181,214,223,97,30,261,
222,57,229,220,106,139,164,189,271,5,295,19,130,188,8,161,
77,16,362,227,92,290,312,109,118,83,112,311,183,241,92,20,22,46,316,196,334,105,230,311,101,
190,169,147,28,108,33,249,175,128,302,26,54,320,306,262,46,0,319,138,187,252,
97,186,15,205,492,158,103,118,
278,260,88,277,330,107,142,238,173,118,205,170,20,306,114,55,50,121,245,
272,318,80,209,
39,71,234,283,137,92,143,38,315,
281,305,84,106,192,81,103,149,207,198,170,239,274,244,254,212,219,83,362,69,138,315,180,36,170,203,
129,75,533,105,200,
95,282,279,239,80,179,219,241,334,
75,318,175,117,166,9,147,93,74,326,327,86,247,27,325,183,
136,173,1,81,243,19,76,63,110,315,254,310,146,255,
798,107,366,3,98,282,91,122,84,163,185,85,127,180,304,29,299,288,207,
179,38,5,28,331,94,263,17,86,126,274,96,123,212,277,
250,53,175,52,310,69,8,36,321,243,
315,281,102,11,53,225,162,
200,165,127,36,91,123,147,208,256,266,
236,227,69,299,52,10,84,103,316,297,321,
74,124,48,142,211,44,231,270,80,311,
197,13,279,12,2,18,152,231,131,167,173,77,138,282,
137,324,226,89,334,66,302,147,44,193,299,223,259,6,107,206,267,217,295,307,237,73,
93,75,121,
279,12,124,287,195,2,171,154,211,221,144,321,88,161,83,132,94,295,142,331,77,151,174,55,203,314,72,116,173,
102,11,108,256,15,226,35,108,315,138,292,13,27,143,197,270,
281,284,56,2,219,302,36,302,187,204,157,217,219,264,109,132,237,
1,282,5,310,69,161,9,
130,10,222,103,38,98,200,
320,190,93,119,187,111,
167,76,44,110,201,275,112,18,117,10,177,151,171,98,241,186,33,
124,22,181,205,95,213,13,74,175,11,160,62,311,179,263,61,243,302,95,173,277,310,
132,279,238,329,161,102,253,
62,154,182,
19,33,94,54,102,168,22,72,158,222,289,196,304,
149,298,
186,75,203,28,120,329,97,43,79,251,13,196,228,73,210,108,226,
240,244,1,23,299,334,189,
177,234,2,167,258,295,324,
319,100,107,229,190,255,12,252,112,253,213,279,140,78,200,
182,246,2,145,97,
316,177,96,172,97,6,
135,332,173,
100,55,294,
284,52,321,10,
291,201,324,62,
251,186,116,
208,366,
319,55,
36,281,295,
319,89,238,
329,132,158,
149,17,603,
194,45,366,
62,124,286,
84,318,798,48,
289,19,
318,2,307,162,
194,238,106,
492,11,97,
118,77,318,
42,284,311,
72,19,279,
16,165,324,
202,279,334,
327,172,75,121,
85,127,10,
260,5,123,
67,143,222,229,143,312,
19,216,90,
145,182,
326,75,270,
254,298,281,
81,180,147,
132,238,281,
320,
120,321,119,
101,129,109,
317,189,55,
299,798,17,
328,109,5,
267,313,137,
277,93,107,
219,282,90,
89,57,165,
210,186,305,
46,298,89,5,80,
207,126,324,
280,234,164,10,
23,238,
100,319,257,
79,173,318,
45,107,147,
51,238,
180,14,
0,74,10,45,
239,318,281,
110,167,238,136,
86,6,179,
17,299,
143,67,39,
24,95,89,
327,55,
186,96,
50,278,311,
10,188,141,201,284,
33,147,86,167,334,
239,162,6,
96,844,304,11,
295,137,5,
227,114,89,4,
89,328,179,
73,182,
251,154,
243,127,136,
91,362,234,45,
18,14,167,
14,126,19,
158,86,102,
74,216,238,
90,45,67,
38,282,173,
217,114,281,137,237,
310,238,250,1,
196,332,11,
92,172,77,
185,302,183,
62,173,96,
114,318,246,
117,75,93,45,
294,148,48,
26,147,2,
120,127,
214,45,321,
146,136,183,
239,253,173,168,
47,182,284,
166,294,302,
312,67,294,
256,2,
167,197,93,
300,211,
33,190,598,
69,189,1,
98,167,130,
206,137,71,298,
44,123,38,
10,234,236,280,
270,74,334,86,
16,103,292,
334,279,148,33,
150,89,
259,137,172,
288,328,14,161,252,165,202,50,78,168,798,
136,89,142,
138,45,143,
179,263,95,
220,222,183,
105,107,129,
95,93,124,
112,319,
209,3,
293,327,109,
225,76,315,
199,182,234,
315,93,307,
91,246,6,
208,6,212,
160,30,292,178,10,148,
182,153,172,307,
164,114,3,36,
139,222,
213,124,4,
162,315,304,
315,3,39,
83,281,52,
200,130,319,
36,294,251,
131,197,14,
232,44,10,
16,57,52,
73,172,279,
219,55,281,
298,172,96,
0,183,
215,294,
292,102,
61,124,14,
203,172,279,
187,56,18,
302,114,318,
298,74,
22,147,603,
138,327,93,
160,256,324,
221,313,
27,238,75,
112,93,182,
146,238,4,324,
143,114,
193,137,286,95,
101,318,
200,89,182,
69,282,250,
101,45,10,
238,258,93,
151,167,164,227,
320,179,45,
120,318,305,
62,304,
85,332,48,148,
220,44,362,103,
173,278,324,
87,93,
315,639,913,
123,44,238,77,181,207,229,
181,216,
291,128,107,327,
311,77,114,74,
162,246,165,
241,45,167,
175,86,90,
232,2,107,230,
131,48,332,
81,136,
168,19,288,14,262,239,
247,3,4,
179,48,
259,232,3,
92,39,107,
280,332,
194,285,181,
184,181,
212,603,2,
53,250,366,
201,304,167,
77,11,
4,234,332,
82,238,165,
144,332,182,
86,102,55,
158,313,294,
77,197,189,
109,321,114,
34,313,172,
74,114,
266,200,216,
126,238,182,
50,11,321,
162,102,227,
80,95,107,
260,278,298,
326,307,313,
71,129,253,
101,313,77,
134,238,5,
197,102,334,
91,200,334,
170,281,278,
261,90,164,
173,165,158,
103,298,126,
229,123,246,
114,282,278,
30,119,183,
226,186,137,
60,6,3,
76,165,282,
262,294,96,
144,292,189,
195,279,
213,175,
19,136,182,
310,95,173,89,
149,67,232,
236,11,126,
189,222,71,
101,203,298,216,
182,182,
268,179,
308,86,155,
277,124,11,
231,197,74,
149,93,45,
14,227,89,
169,190,31,330,
239,96,305,
154,3,74,
272,126,
26,10,55,
76,181,
10,167,160,
49,3,238,
266,180,92,
74,17,14,
28,192,292,
219,10,95,
329,89,156,
19,11,44,
88,188,17,
290,211,162,
147,313,200,
270,102,189,140,
160,86,162,
62,55,45,
286,282,
91,147,0,
75,154,45,
262,238,67,168,
117,179,182,
321,302,109,
287,328,279,
253,327,
244,147,
105,77,129,
239,253,95,
124,102,
123,179,183,
201,4,
147,75,
199,107,
187,190,
37,45,129,
222,146,844,270,
285,11,92,
173,279,124,
121,278,6,
315,136,55,
248,286,
273,158,
237,14,109,
318,44,
128,
195,211,107,
138,238,362,
288,892,
186,48,
86,75,
135,48,179,313,
103,165,236,
332,3,
253,253,319,
180,173,281,
54,183,86,
106,281,603,
294,14,
291,175,587,298,
308,324,
211,279,362,
70,182,598,
50,10,154,
209,48,272,
212,313,179,408,
141,10,238,
115,305,192,
318,211,327,
124,160,262,
93,304,
0,598,190,91,
166,14,10,
98,798,756,
117,167,
55,279,74,
46,179,77,
206,332,
201,10,165,
295,201,46,
31,14,
1,109,126,
99,258,14,
257,127,292,
306,182,
104,14,48,
263,332,
300,11,844,
178,284,
2,107,142,
156,11,67,
187,320,
275,67,93,
34,125,126,
209,122,208,
112,362,142,
299,10,796,
84,236,
96,127,203,73,
178,160,126,
27,102,10,
208,200,107,
222,19,
119,147,55,
316,102,90,
188,93,222,
51,328,284,
282,128,197,
334,238,95,
242,10,
226,211,285,
253,261,132,
192,10,234,
276,305,284,
262,362,253,
102,132,
138,197,17,
155,19,5,
210,10,67,
3,128,
150,86,253,
97,107,182,
312,179,10,
0,14,165,
278,89,6,
223,74,
185,182,282,
118,200,158,
186,167,229,
123,200,362,
221,6,155,
49,107,172,
9,127,3,
245,246,278,
14,93,173,
57,175,44,
219,281,281,
188,10,3,
191,302,107,
268,67,313,
1,136,292,
230,77,232,
264,154,318,
201,238,282,
310,103,136,
13,197,189,102,
78,319,
102,332,
108,186,
21,183,19,
22,232,19,
134,302,188,
55,182,10,
51,238,14,
161,1,132,
89,284,
266,
44,137,
219,48,148,
107,292,
6,313,316,
14,93,
913,315,
304,19,
0,332,
12,362,295,
7,148,
229,222,67,
207,182,
203,281,128,
140,292,319,270,
97,173,
95,124,284,
158,97,19,
33,19,
52,236,250,190,
89,313,137,
282,305,
119,48,44,313,
174,294,129,
37,324,55,
104,182,10,
308,313,93,
255,2,234,
109,182,4,
43,186,
198,
164,222,175,
25,55,
148,103,160,85,
52,313,
36,284,164,
105,188,298,
36,200,93,
320,48,
315,48,
48,201,156,
103,130,286,
143,324,102,
247,183,
12,19,
77,279,123,
308,89,142,
234,246,48,
20,77,
103,201,
78,6,362,
21,89,227,
25,215,
10,165,324,
285,182,603,
219,294,143,
292,48,93,
110,74,
319,294,598,
243,124,250,
75,186,
275,26,175,
123,362,260,
28,5,
307,137,844,
41,294,334,
36,3,281,
75,52,188,
45,305,251,
145,238,311,
225,173,327,
309,14,67,
109,313,
73,328,186,
