173,151,149,228,310,48,14,166,112,137,16,25,190,309,128,47,79,193,91,21,135,89,304,303,252,263,2,295,94,289,137,94,
72,279,25,58,17,161,292,267,241,219,270,76,148,
19,253,14,327,21,12,226,155,78,87,257,305,111,166,145,171,315,107,192,263,230,
96,844,304,150,51,7,263,311,114,233,261,
258,107,75,332,238,109,253,35,319,285,317,285,62,147,327,85,16,68,329,104,106,192,220,312,209,233,
185,308,141,47,149,311,243,103,140,237,
304,234,7,90,162,93,96,111,76,301,113,311,253,134,285,192,233,103,307,198,101,89,256,69,260,69,173,46,113,277,
146,238,4,324,6,271,270,160,226,332,165,175,70,132,
93,27,14,271,141,266,319,221,14,333,150,248,161,241,200,97,311,326,265,302,155,118,7,16,241,334,184,198,147,34,18,
291,100,324,62,160,27,62,257,164,48,222,281,242,36,203,48,320,128,323,326,39,178,209,68,241,
285,181,258,56,156,49,187,215,239,5,51,157,14,284,212,20,
319,167,84,19,8,63,203,251,206,261,306,
332,209,308,92,258,119,148,214,255,
86,20,303,308,56,204,240,178,158,111,324,153,92,5,122,276,3,333,103,268,201,164,
17,194,209,145,158,304,41,164,251,33,
303,92,315,135,282,58,283,45,95,86,104,119,
142,10,182,6,234,
103,281,313,320,148,13,146,53,229,230,31,304,3,186,280,88,220,116,246,316,88,42,86,316,316,136,170,
296,14,127,208,135,
137,324,226,89,334,66,302,147,280,36,299,223,37,259,6,107,34,217,295,307,237,273,20,270,85,287,8,220,285,214,300,204,188,
240,135,163,145,2,158,191,258,53,
285,219,262,180,93,269,64,85,122,73,221,10,132,
297,181,319,150,212,6,
88,188,157,160,203,160,29,333,115,274,285,138,32,
222,138,19,41,229,
253,111,280,119,201,125,253,0,239,318,262,307,228,290,94,119,306,35,317,
110,167,104,665,145,53,4,198,233,277,27,263,
238,258,93,327,76,83,315,229,220,169,149,258,59,141,211,124,254,
3,113,160,139,311,152,278,65,206,41,230,237,166,61,
310,95,173,89,84,63,328,40,0,133,290,85,8,330,
92,266,77,36,135,270,52,309,303,198,38,147,197,250,303,326,78,279,321,233,239,258,219,41,
279,12,214,124,287,2,171,296,221,144,321,88,161,83,101,94,295,142,331,31,77,151,174,55,10,314,72,116,173,227,260,68,218,317,82,186,213,12,39,
272,96,266,296,246,
198,153,34,102,210,217,53,54,275,163,207,288,286,300,328,117,293,
174,96,103,51,57,81,328,295,124,254,11,109,308,30,257,159,244,
332,234,271,267,14,23,196,133,116,102,41,0,294,135,129,283,206,258,50,171,24,42,7,71,81,143,301,185,64,317,103,76,
295,137,5,27,42,212,135,192,24,293,24,175,304,57,100,167,118,214,
135,194,130,296,
366,798,131,5,21,300,194,53,281,325,224,310,179,36,225,139,161,121,330,269,309,169,277,209,
286,167,3,28,315,159,87,152,185,102,194,37,299,55,139,241,27,57,123,330,
138,327,93,136,31,104,290,202,207,172,233,260,88,327,106,220,240,
281,305,84,106,124,192,81,103,149,207,198,167,239,274,244,95,86,212,219,83,69,138,315,180,36,170,203,181,217,9,104,5,316,288,
93,101,114,13,324,
40,153,146,
2,19,327,163,49,177,292,212,332,325,115,41,179,179,113,234,277,3,
181,265,33,182,281,162,193,297,103,159,210,21,103,189,
161,327,208,
244,91,315,130,81,288,278,283,
324,216,121,112,105,89,159,11,35,93,291,291,137,255,160,143,207,174,317,146,258,198,37,174,163,242,106,308,10,236,258,176,56,38,168,110,162,49,312,14,12,36,130,172,50,237,40,92,158,
212,178,290,285,
136,119,121,98,313,322,32,293,101,264,175,121,58,260,297,258,
149,194,24,20,262,
175,79,136,246,317,
10,234,236,8,
29,311,278,160,
246,6,103,148,330,69,109,304,324,135,273,
162,89,13,100,
96,304,186,61,253,98,211,297,235,133,312,300,35,186,268,111,81,303,178,191,282,47,278,7,311,231,262,8,204,125,201,212,174,155,162,125,54,297,104,107,191,223,188,62,220,312,
184,266,79,195,112,
145,323,170,284,178,107,3,52,154,289,171,92,183,99,279,299,79,87,27,263,89,
167,220,110,57,275,112,18,117,10,319,171,286,208,194,179,322,136,125,79,5,14,258,67,332,43,277,278,276,
61,10,172,
14,796,283,160,65,114,208,282,288,292,318,136,230,246,264,420,153,294,281,61,136,217,131,135,227,105,52,287,178,12,141,112,31,74,180,217,154,145,3,179,54,307,72,242,296,306,15,258,334,169,170,231,275,95,
4,95,211,99,70,63,70,256,188,89,187,262,236,146,109,137,244,48,233,3,9,86,169,227,83,247,262,51,228,42,260,107,100,147,171,195,
101,313,77,93,152,79,65,312,45,207,67,205,29,268,2,63,
236,227,69,299,113,10,316,297,191,332,166,319,288,32,242,68,231,94,194,205,159,93,
95,28,4,107,154,310,175,195,181,186,59,201,40,51,185,116,290,65,294,322,83,149,283,209,194,107,133,252,84,14,
9,121,281,130,129,
798,107,366,3,317,282,91,122,92,163,185,65,85,127,129,304,29,288,207,98,274,228,315,127,252,222,257,298,114,
184,70,181,93,290,116,
143,248,313,107,144,158,261,254,10,245,168,279,39,300,265,26,184,
230,103,77,74,240,247,294,197,290,9,283,50,92,145,182,321,176,
289,53,150,130,20,12,185,24,80,127,191,223,192,269,21,172,
280,92,55,312,179,195,154,322,22,286,22,202,331,282,173,21,99,95,311,113,168,128,97,324,
261,315,5,200,
97,15,205,492,129,103,118,148,182,286,24,57,65,10,288,168,240,227,211,228,306,28,124,64,
91,234,45,76,8,310,313,0,287,3,287,45,54,252,123,263,218,147,72,323,293,234,
182,153,118,97,307,181,122,146,215,278,223,305,315,142,275,206,56,187,61,320,
224,327,130,97,
118,77,141,52,331,226,295,88,0,110,156,29,89,294,
194,238,106,5,202,127,69,42,
246,143,37,
118,199,93,27,249,92,242,316,326,161,172,
293,77,219,142,11,41,204,25,113,117,90,47,218,91,324,
181,230,320,253,114,215,2,309,195,
181,24,194,9,301,184,76,329,43,292,101,105,165,242,56,108,133,285,213,316,107,149,307,129,311,312,258,306,186,147,
319,89,238,312,333,63,41,138,180,208,258,202,129,69,4,196,297,165,233,307,55,
5,155,59,129,179,287,105,75,4,43,327,249,142,28,161,266,319,328,172,295,300,86,285,102,165,250,256,111,139,140,53,136,261,13,131,222,268,161,168,
89,175,71,282,
308,249,9,185,244,13,304,321,231,332,202,140,174,217,327,74,105,265,280,20,213,252,
233,89,304,37,218,265,306,4,58,217,262,81,244,277,
320,48,205,181,114,176,328,147,81,25,
171,146,27,13,248,27,145,176,
33,181,245,187,163,140,233,313,257,289,20,
114,282,96,321,
266,200,665,5,49,52,141,10,184,245,272,64,87,61,285,95,73,93,306,13,168,248,
175,331,281,291,37,253,267,328,275,175,98,317,246,89,317,52,57,166,89,292,34,120,224,68,332,41,30,189,
270,45,330,118,298,228,217,14,314,
179,38,5,28,331,94,263,17,123,126,274,96,223,212,277,138,38,246,296,297,143,14,91,254,27,72,170,47,75,149,249,76,301,167,138,
167,88,137,20,83,106,89,210,147,318,
274,798,25,203,17,182,
98,19,798,160,86,86,191,255,213,276,208,51,114,74,262,46,53,206,
328,174,278,95,0,103,
153,45,182,150,198,214,89,24,40,3,148,114,196,313,217,39,196,269,21,
81,296,320,115,113,112,
11,162,162,126,
121,19,366,9,334,10,269,80,301,304,37,31,171,180,
74,135,230,266,292,264,
0,332,87,33,
92,156,145,161,320,255,223,323,332,286,
106,258,107,324,277,327,82,
161,287,77,
137,27,11,113,205,90,
25,185,59,61,320,101,
282,212,89,143,61,71,27,297,309,
19,34,111,308,6,26,64,226,93,159,285,
14,217,19,150,187,94,306,319,166,
146,54,299,40,171,1,143,222,107,184,20,50,9,306,
844,665,193,215,328,75,128,195,96,110,13,222,207,86,37,25,307,208,308,47,231,129,101,298,133,328,
51,98,174,
245,19,328,254,138,300,
306,146,253,2,11,294,182,
219,282,29,285,286,85,228,204,124,304,92,
101,204,101,234,
256,183,203,133,290,300,164,
70,12,62,212,63,8,130,200,206,261,267,58,157,229,101,209,313,5,102,327,62,184,3,176,139,283,290,146,
86,281,98,175,124,318,1,241,132,27,242,237,
276,167,12,290,102,188,290,36,84,133,86,29,112,
319,135,
200,127,36,139,123,59,208,256,266,27,203,261,101,175,290,93,179,181,196,160,24,100,107,207,254,110,158,175,11,120,261,90,301,
138,45,60,117,129,212,222,101,280,26,91,294,260,317,28,234,92,114,321,290,316,129,
79,107,305,333,42,0,165,315,291,81,139,235,287,120,126,175,76,233,150,145,90,116,133,288,251,333,263,
128,29,114,59,309,
53,105,198,110,253,285,167,275,324,
234,37,28,6,142,271,209,332,29,144,328,5,142,233,95,261,220,49,195,234,10,36,255,278,21,91,192,227,172,253,78,166,172,333,88,106,202,289,5,165,305,101,92,180,
24,153,8,149,29,42,147,113,316,
202,136,159,160,233,141,214,318,217,112,105,328,
311,10,77,98,72,166,109,120,188,213,194,325,29,83,307,318,245,96,59,114,289,107,126,235,84,10,
26,45,138,228,
140,171,98,104,95,143,255,124,
276,290,98,46,270,9,121,256,
112,93,96,268,29,21,103,198,281,93,206,48,47,221,228,229,251,292,262,299,246,311,184,230,263,
77,16,282,227,92,290,312,237,118,60,83,112,311,183,241,51,95,78,22,46,316,196,109,105,230,311,101,118,244,142,75,161,266,221,
181,296,219,217,94,215,88,300,
185,302,234,175,231,25,87,93,77,95,83,89,76,166,286,
45,305,49,212,83,47,52,104,217,101,138,258,37,37,69,91,137,117,270,236,26,229,312,149,85,100,247,19,72,161,193,243,308,264,48,
89,313,137,328,179,168,140,12,74,189,185,63,261,
30,200,180,
103,112,219,83,94,241,318,
203,291,88,256,
318,16,131,187,214,53,64,54,273,105,17,30,145,71,80,312,57,234,127,278,120,79,191,7,286,240,327,178,254,318,222,299,6,18,278,86,115,125,
290,253,200,4,26,102,175,70,96,93,150,172,284,
228,163,97,26,
238,92,289,291,321,194,50,134,268,330,139,20,146,178,192,226,262,311,56,151,327,240,6,10,2,198,27,110,192,260,319,103,334,261,270,205,309,273,
19,116,192,77,121,245,16,170,2,324,98,214,170,217,222,265,62,123,259,165,291,232,329,83,280,319,83,120,105,55,312,254,
264,296,136,
232,188,19,92,147,245,
43,158,80,252,
130,10,189,103,38,200,7,69,52,158,44,177,49,1,32,73,121,225,226,107,167,267,199,191,224,21,135,9,
105,53,202,219,301,128,287,161,188,149,
37,45,108,63,70,844,171,178,123,202,230,258,75,10,121,24,124,
299,145,84,64,101,17,195,91,253,
290,24,74,276,10,15,171,138,7,310,48,121,174,141,151,328,
219,55,63,230,125,202,293,103,181,163,196,229,72,41,179,237,246,124,292,113,180,295,332,
318,86,202,288,157,73,177,
119,253,32,4,167,64,136,277,133,165,333,51,238,187,30,172,57,251,272,
170,145,19,253,62,297,61,239,65,310,
8,48,70,10,205,18,251,24,203,262,286,0,39,237,
61,170,25,120,3,
328,175,5,10,129,272,39,89,56,93,51,50,310,245,250,320,55,320,287,56,311,106,333,198,215,92,227,
287,328,315,105,123,287,
197,230,92,
56,108,35,85,58,47,38,260,218,47,30,324,82,108,230,265,240,225,153,54,111,30,331,105,18,19,152,44,200,322,
57,8,180,136,273,
135,332,173,42,107,316,99,240,258,321,172,133,43,34,123,74,87,118,120,84,109,89,200,270,280,302,
282,14,121,210,4,28,4,25,271,54,73,328,237,319,114,30,243,76,183,143,178,327,219,185,87,109,64,172,199,205,319,119,113,303,
84,285,109,21,103,299,319,160,45,192,319,285,288,311,244,301,68,122,273,95,
194,268,181,99,45,31,211,194,32,241,200,135,28,286,93,46,34,204,293,
114,200,320,93,14,128,272,114,
180,101,319,108,298,86,104,12,30,11,223,309,157,176,12,214,97,162,
272,328,194,
188,88,107,320,33,11,203,44,93,75,161,12,134,204,121,307,109,113,261,328,132,324,224,203,318,130,265,31,276,211,238,261,299,25,99,219,265,
79,141,145,101,
100,291,137,156,7,183,246,322,264,4,
233,202,79,10,227,250,181,180,235,296,162,96,90,258,
48,109,128,293,295,135,124,35,45,92,30,296,226,26,245,302,61,113,173,257,333,275,183,72,152,294,113,256,309,204,9,72,200,212,234,160,8,257,277,307,119,315,120,64,320,323,223,212,326,170,332,
54,14,146,91,328,316,
100,55,204,140,244,187,201,267,303,284,252,301,320,134,239,61,
162,315,304,327,11,120,131,187,135,89,104,325,102,172,
135,327,19,101,196,83,106,
227,312,71,107,112,310,80,123,155,248,277,124,190,216,36,182,178,236,200,21,14,321,162,45,315,329,107,110,289,
278,321,1,14,225,328,182,184,296,287,315,143,29,157,277,198,
178,145,37,162,238,212,192,95,51,68,174,
212,313,179,408,243,12,5,104,73,233,159,81,43,212,274,319,
333,93,88,216,334,281,189,261,98,
160,93,126,262,289,220,204,
208,319,13,167,137,75,225,333,179,
200,315,79,30,227,300,261,156,135,113,269,
158,141,240,306,86,159,25,182,251,170,88,84,44,269,178,49,111,207,69,43,
6,234,246,146,6,102,154,328,19,272,78,36,156,159,230,182,26,82,206,24,86,152,115,318,128,132,113,114,
170,179,19,48,315,55,297,67,179,112,256,
295,48,101,268,178,53,30,316,185,80,109,156,211,60,115,140,35,120,174,175,52,85,185,289,269,
204,127,86,7,149,198,119,224,305,151,291,101,8,130,331,18,228,300,15,72,134,207,231,
137,6,315,100,208,4,221,3,84,332,
62,258,19,
271,234,93,37,315,78,57,227,112,146,217,92,318,158,161,216,251,306,13,117,175,193,243,332,
210,305,8,68,162,99,11,104,318,321,269,334,202,
88,103,208,167,262,238,264,155,280,295,206,13,
141,266,202,194,101,79,252,272,107,138,290,309,154,231,
172,234,194,45,229,287,118,61,63,200,48,318,96,10,231,258,248,183,237,59,272,286,138,21,32,231,104,
29,219,88,118,101,101,80,119,
122,84,285,136,292,
209,70,106,49,266,310,366,
127,149,19,184,65,242,237,241,260,241,204,243,180,70,200,269,85,152,257,234,23,247,329,236,293,296,111,37,208,278,194,
54,198,8,69,105,287,92,82,63,198,
24,181,295,125,271,113,95,
2,331,123,
315,233,55,25,85,5,59,185,285,154,86,121,46,50,287,14,
208,200,107,19,101,
86,287,57,246,162,289,11,158,130,184,60,102,318,189,113,314,207,292,5,8,206,
113,137,304,24,81,2,
123,37,45,91,12,251,207,325,
89,153,200,
100,200,89,165,71,162,272,
4,110,290,14,83,37,292,
101,279,181,168,304,208,299,29,102,
93,324,147,160,112,59,162,238,275,188,40,129,214,138,95,133,129,242,115,161,71,200,84,136,327,285,200,198,240,236,
229,219,172,241,203,
89,299,324,20,25,145,16,82,314,66,175,63,308,150,227,21,145,319,4,173,293,14,100,157,159,310,233,14,160,192,310,175,145,155,162,24,27,239,135,249,218,
237,3,76,204,185,
200,48,325,129,45,273,140,315,114,150,120,48,113,177,294,328,298,233,284,89,26,20,
68,214,83,7,
194,101,167,141,272,136,94,84,137,16,208,85,
14,93,167,318,
166,181,236,72,306,39,
83,185,19,215,311,
101,174,101,194,138,325,178,180,194,322,1,13,258,138,297,187,270,199,
34,198,19,265,194,86,114,186,
208,6,212,152,88,5,152,112,161,177,113,204,18,262,101,194,7,198,302,317,106,
665,844,92,98,223,161,164,12,152,323,19,266,195,110,245,
2,291,305,192,
290,113,230,212,150,255,316,184,88,130,180,276,213,0,75,284,209,261,
104,138,110,303,
10,66,101,128,219,322,334,250,181,130,299,311,6,115,249,251,137,240,289,180,77,49,219,69,109,118,77,61,87,55,51,5,283,
140,295,15,199,287,45,156,
323,145,6,
214,45,57,0,68,222,160,198,277,180,249,314,79,
313,25,212,312,28,89,324,333,308,6,291,186,49,128,180,140,284,301,62,57,223,165,315,87,326,147,135,212,209,119,101,146,153,285,143,35,3,287,143,42,328,214,83,186,87,
334,238,102,6,82,
64,318,327,94,34,135,299,97,136,225,
93,256,287,121,321,221,238,176,278,146,323,141,176,242,
0,328,310,137,13,
109,188,295,81,228,79,
328,54,202,24,313,
136,14,138,315,180,272,64,283,103,122,29,
121,290,136,291,117,226,309,315,
112,203,8,202,20,148,211,332,
81,174,315,320,244,54,172,177,240,78,
162,96,178,59,148,204,11,
305,247,191,10,231,91,203,296,2,147,79,257,78,297,281,6,314,54,120,171,45,210,285,115,6,123,210,120,43,173,36,48,77,166,
143,146,327,156,246,101,140,269,
265,188,41,19,317,34,128,143,182,308,72,219,262,211,
180,14,99,128,274,136,61,332,285,136,260,83,
241,286,291,204,259,
192,281,115,115,323,102,6,269,83,102,167,322,290,5,19,242,129,141,220,74,2,42,42,
302,137,278,73,69,226,185,134,191,317,68,236,66,133,332,320,195,235,140,103,
150,289,290,297,138,29,119,229,
272,6,114,67,333,37,
318,253,210,167,
280,138,253,308,
157,318,180,
101,70,138,310,57,184,235,25,105,3,152,42,
156,237,307,60,143,92,204,281,206,314,107,135,98,
284,290,290,
194,45,366,243,46,233,98,172,33,328,162,17,309,21,334,94,96,285,315,
79,173,318,12,95,36,136,202,231,192,118,184,192,200,305,234,333,167,52,182,332,
76,181,325,238,320,83,146,325,1,137,237,301,58,1,90,111,262,122,178,
186,96,40,152,153,63,91,167,325,35,63,187,181,28,47,174,165,115,313,
135,48,313,92,303,62,91,116,46,319,111,178,150,172,64,188,206,182,295,14,
315,281,11,53,124,162,184,204,244,195,16,256,200,192,27,110,81,200,137,261,313,7,90,303,170,136,117,171,287,206,63,109,24,272,
192,84,19,332,48,92,198,
261,238,200,165,259,
8,133,100,91,137,206,223,176,278,112,175,54,57,28,167,9,
104,281,258,210,116,198,172,
69,130,194,
102,334,286,34,162,290,107,68,166,101,
233,33,194,110,92,
123,179,42,26,2,255,19,220,8,287,126,8,30,98,247,287,290,186,
46,152,77,260,304,38,0,211,98,15,240,
55,4,123,247,25,307,212,280,26,37,154,2,91,219,247,587,25,252,195,246,160,176,195,100,315,317,48,180,322,32,65,75,290,149,111,270,91,246,296,50,
13,101,308,70,208,162,201,216,113,214,295,280,320,325,
71,227,13,89,28,193,253,221,326,99,204,
86,180,98,167,320,42,59,156,
27,171,137,311,287,189,313,42,332,11,
6,200,6,20,168,208,60,221,250,278,201,334,192,119,15,315,146,17,294,8,326,94,323,51,
180,281,57,293,191,230,22,5,205,334,247,
287,123,278,107,280,315,266,
273,137,107,218,317,57,87,81,141,229,213,209,39,
200,172,194,45,217,175,195,194,289,133,96,233,270,
152,6,328,286,116,307,15,170,322,309,
298,45,84,224,30,201,200,76,278,216,224,259,127,218,30,134,38,116,128,75,47,117,184,
107,213,68,41,326,268,163,16,87,188,258,79,5,28,106,38,149,236,11,163,128,150,104,4,208,100,211,34,227,185,119,151,167,273,200,151,334,180,19,128,311,249,181,102,21,
45,74,48,167,7,84,204,150,159,322,184,194,22,75,153,146,90,0,0,301,214,57,163,298,236,328,172,122,314,123,164,293,206,146,319,150,
296,278,8,272,181,200,313,333,254,81,264,29,313,56,100,
3,2,145,
154,50,145,147,230,89,253,141,218,
142,32,255,307,117,244,263,90,27,112,28,330,110,145,151,308,5,147,248,21,179,261,301,208,143,108,293,168,122,97,
291,19,204,241,261,2,27,121,134,
327,5,100,172,408,138,225,121,296,8,185,162,181,135,115,235,2,179,64,143,161,246,128,148,158,224,291,215,
295,174,173,135,147,
112,173,208,65,287,320,261,
108,180,
25,293,
204,208,48,156,237,219,71,
180,290,127,234,
132,188,86,6,98,146,285,
268,112,107,101,
109,174,84,
74,98,308,192,
83,19,103,4,
288,268,244,318,281,
268,82,82,288,
30,174,298,
64,285,19,214,
46,
160,214,202,
212,48,212,297,
115,192,
120,200,19,61,
8,210,6,
10,121,233,137,
313,296,33,
24,37,290,
94,64,194,
86,98,34,303,
320,291,328,
147,232,93,295,24,167,
203,274,
107,4,156,
294,200,332,230,306,
108,37,297,
320,112,92,14,
20,238,167,158,
289,238,227,173,
103,84,332,
62,170,
3,286,70,153,
26,6,287,123,36,200,
167,86,
182,265,135,
129,75,533,105,200,187,180,328,258,138,254,
164,45,291,
195,95,250,302,184,76,101,179,4,
238,88,119,35,
163,198,
130,70,244,
154,280,
206,88,182,
281,156,14,
59,86,128,
118,79,135,
105,308,54,101,213,
334,333,194,
145,110,240,
97,180,280,322,224,
280,13,287,
148,112,332,246,
147,320,92,91,
57,295,214,
133,310,276,
214,19,137,64,313,
156,285,118,
183,100,256,
83,167,68,
138,141,245,
273,84,246,
134,100,
310,91,366,101,
131,318,162,252,
115,88,6,2,81,
20,146,89,33,200,149,
198,92,214,
223,92,182,75,312,114,
133,181,200,135,332,
211,112,46,265,
255,332,140,
254,179,318,296,129,19,
178,318,101,
143,278,
69,302,246,
287,112,27,
237,172,156,
161,118,92,
298,798,
103,238,50,
96,200,290,
41,2,17,265,
281,291,112,181,
315,278,182,11,
321,238,308,
215,181,181,328,
99,145,188,
325,13,123,
9,276,8,
255,290,92,
309,128,121,
98,175,86,149,328,132,
34,135,93,
58,136,233,
7,208,100,
65,14,55,101,170,
11,293,137,
231,172,308,213,
227,328,233,
100,296,327,
73,285,318,
206,156,319,
56,182,296,
175,95,89,290,
306,266,233,
63,186,315,
253,253,74,63,170,181,53,
249,118,308,
113,290,13,
296,233,55,
323,92,91,221,
159,174,202,
12,180,279,
202,308,280,
149,238,173,130,
228,204,112,
313,103,292,
251,8,
315,194,55,
210,167,
182,306,79,
36,291,305,
6,305,137,
65,3,
89,162,
138,319,101,
182,230,274,
117,198,121,298,
199,140,101,
246,272,112,
13,0,
20,112,308,285,
309,141,152,
263,110,79,
255,98,
201,13,86,
307,152,275,319,
213,290,18,231,105,
39,153,291,10,273,
158,200,327,324,
242,93,86,
13,93,5,88,
174,186,178,
29,296,276,
6,297,142,
317,258,175,
141,290,238,
221,137,77,
92,54,234,232,
135,14,246,
274,212,88,
301,76,121,
14,227,89,216,4,320,315,
55,319,19,
310,209,170,
151,290,238,
328,290,152,
84,137,310,
219,265,
171,290,121,
259,241,261,
92,192,328,
103,181,328,
185,315,295,
87,0,145,313,
257,174,33,
57,313,167,286,
272,172,141,100,
321,278,92,
117,293,315,
71,282,93,
297,108,101,
91,299,186,
177,318,81,
139,5,3,
209,258,291,
283,230,136,
277,110,366,
195,299,234,181,
128,265,291,107,
206,112,315,
311,181,280,185,
96,112,172,
180,121,107,
240,138,46,
12,212,276,
119,303,29,
263,112,145,
149,105,
37,272,4,246,
217,233,270,
270,276,135,
48,172,305,
312,101,227,223,
29,136,24,
137,167,0,
24,295,315,328,
14,93,173,135,50,
198,93,204,
203,188,
135,295,294,
230,181,19,
192,79,178,
332,219,112,76,
278,3,93,318,
106,209,208,
333,208,79,272,
172,81,5,
8,319,310,
287,140,161,287,
29,128,150,
225,208,64,
325,200,2,
129,319,192,9,
55,170,286,315,
241,194,127,243,
262,208,88,265,
129,5,97,181,
11,210,315,
85,258,285,
42,27,24,313,
270,200,101,
28,186,8,
251,79,319,
0,214,8,
27,291,286,171,
185,282,327,286,
260,
160,291,88,
286,198,185,
332,180,167,146,208,192,
315,798,286,
179,208,219,
48,112,192,
75,298,77,223,
301,84,45,
21,194,107,
302,135,208,
264,45,88,
208,98,14,332,296,
16,315,194,
102,86,
202,234,79,319,194,
166,185,19,67,14,
240,81,
154,55,
316,138,24,
251,123,119,
103,302,185,
33,194,0,
9,230,146,
258,14,37,
198,93,110,
333,79,328,
290,141,123,
164,17,86,
203,319,
101,195,136,
304,246,17,219,
103,174,181,
176,180,320,
324,246,86,
311,3,328,
288,198,
300,245,200,
205,180,320,
134,291,204,
125,318,24,
123,135,286,
252,43,95,
170,103,158,
78,81,19,
79,109,214,
285,19,194,
52,79,130,
266,287,209,
198,192,54,
96,174,
188,232,137,
30,56,
176,230,171,
247,45,180,
112,170,276,
21,153,289,
244,233,84,
89,304,167,
162,180,181,
237,86,324,
242,181,127,
41,222,92,
217,202,198,
98,333,156,
312,96,19,
269,200,295,
186,123,34,
165,261,100,
316,54,
187,119,101,
332,79,137,
277,2,233,
150,200,45,
256,170,276,
206,98,86,
130,188,324,149,
206,135,45,
280,19,137,
124,219,97,
121,136,
277,278,106,
313,27,296,
104,107,180,
253,154,299,
283,10,244,
214,295,332,
119,150,332,
231,172,14,
52,118,295,
31,121,279,
12,123,180,
113,24,200,
89,118,154,
252,308,798,
42,86,194,192,
37,137,286,
219,10,188,
167,53,45,
205,137,101,
11,27,306,
311,83,112,
16,19,258,
309,238,282,181,
223,96,180,
155,89,88,
105,56,19,
332,27,271,
246,100,175,175,
209,332,273,
179,2,195,
106,167,328,
184,278,101,
222,318,
77,185,19,
287,313,10,
45,303,
46,276,315,
141,273,
156,86,140,
90,137,233,
204,241,160,
251,17,
