307,238,164,53,318,257,6,182,142,94,329,94,171,163,288,
64,203,322,153,41,131,171,275,50,72,147,322,197,91,208,109,28,146,159,265,326,141,310,
325,133,73,164,
167,217,288,228,313,212,102,199,240,
326,198,130,12,294,255,300,136,246,263,28,170,5,131,314,310,109,25,302,330,
288,62,14,174,266,120,160,141,247,97,291,240,45,81,100,135,172,66,4,197,167,241,74,133,148,185,169,63,228,
181,35,100,19,10,
291,288,298,207,324,132,240,139,208,312,320,141,36,
181,144,105,147,274,17,74,239,259,85,270,203,168,255,37,4,128,10,172,77,191,197,130,
130,35,197,177,
170,92,206,12,235,37,166,294,142,8,144,254,175,307,101,233,
69,211,10,292,213,213,173,172,278,23,
220,253,191,308,111,11,71,
137,305,249,73,320,41,159,131,181,203,111,
45,66,157,164,178,
11,142,303,190,275,19,52,98,301,292,
269,30,286,211,197,101,77,147,139,254,325,82,130,199,210,20,13,69,100,192,106,328,243,17,19,66,126,19,143,245,190,180,192,
157,252,33,107,275,164,130,217,70,263,110,241,
53,10,149,23,233,271,222,179,4,
64,202,108,108,224,
150,141,175,229,61,146,10,186,198,42,147,206,282,114,
318,36,81,110,
304,258,56,101,106,63,19,219,289,
159,266,6,33,184,194,29,37,45,228,305,133,329,199,65,47,131,199,123,109,261,211,154,305,287,236,277,26,127,
79,311,133,268,
143,186,270,
303,329,302,262,110,277,326,283,115,233,152,
184,94,325,92,155,94,
187,178,257,244,193,236,3,48,116,259,195,269,1,237,60,300,188,293,314,6,219,16,17,315,41,129,287,274,235,295,229,157,
113,163,326,235,272,207,118,
140,270,202,49,94,185,269,168,181,
170,267,65,171,8,193,197,
116,213,262,76,81,184,273,251,319,211,241,
73,288,151,64,325,287,72,48,106,289,82,
101,165,31,304,28,324,315,97,72,210,63,136,235,257,304,151,164,219,290,332,326,133,22,
102,280,137,114,123,
58,206,310,61,0,182,
74,174,33,251,287,90,27,112,275,152,174,319,24,125,
193,232,197,261,55,132,213,269,25,66,100,158,192,174,175,193,138,9,1,142,250,166,113,173,177,73,13,78,98,255,272,242,280,293,24,135,32,235,324,167,
330,125,101,73,99,71,48,133,334,4,317,119,216,8,171,175,222,61,164,2,
300,206,326,328,197,47,69,73,100,331,270,132,98,101,68,144,289,238,50,334,316,146,192,
131,313,137,
208,124,74,19,16,101,51,206,131,273,323,136,242,97,285,20,38,283,201,153,173,220,152,154,109,124,207,267,290,169,278,222,293,47,11,111,135,249,83,69,80,124,55,141,264,47,98,302,217,205,59,220,220,302,118,289,64,188,273,172,50,92,310,67,186,
291,303,328,314,223,70,221,27,284,96,199,308,303,35,129,
202,151,127,71,139,38,64,115,178,37,14,73,297,54,321,235,262,298,120,214,35,210,
251,188,45,168,3,22,42,213,265,185,132,269,189,252,43,161,320,183,286,114,27,205,109,202,20,318,233,112,296,21,61,12,
331,313,30,302,149,122,324,168,110,74,
286,31,113,33,116,33,177,80,12,298,99,160,280,106,173,251,37,263,288,135,105,193,291,39,175,265,225,137,239,92,
41,275,203,187,32,13,282,300,325,44,175,118,92,18,244,148,291,262,206,67,92,34,
121,102,200,217,
253,276,197,190,142,34,79,220,318,306,176,314,292,
261,147,80,175,178,10,281,61,
254,129,256,204,291,190,139,297,313,223,250,293,284,316,334,
142,253,144,149,208,293,78,13,170,66,286,174,231,279,179,89,
18,91,231,47,265,37,188,50,280,302,165,3,284,51,46,80,117,163,135,308,124,2,170,85,90,201,299,254,255,228,47,33,72,267,239,
33,93,298,294,1,287,131,215,146,224,281,295,109,18,192,220,228,192,269,287,
244,156,102,204,
164,81,147,233,265,300,253,11,125,173,309,186,194,30,265,262,106,45,89,276,
44,272,161,9,173,287,109,296,98,273,167,45,242,329,36,158,2,112,164,185,
99,159,8,162,250,248,15,33,212,22,
42,197,262,22,159,49,28,285,264,265,15,41,111,198,23,115,48,
188,160,128,117,59,318,59,317,119,213,247,
235,193,88,229,
105,168,272,61,171,157,314,280,297,208,
241,170,251,217,50,162,133,318,213,45,102,271,259,233,333,221,106,301,303,22,324,169,177,230,23,114,272,325,61,
160,26,205,310,332,256,215,125,136,280,30,110,201,221,330,213,172,34,325,211,
253,99,268,192,165,7,264,
294,212,180,
137,167,265,102,286,148,12,42,194,220,
189,168,324,261,310,137,229,305,19,288,
181,86,31,77,
178,141,206,292,62,0,121,45,165,147,40,126,156,20,
30,261,195,71,141,74,152,262,80,145,147,78,208,295,6,144,157,76,120,203,331,71,195,45,151,179,75,323,123,206,31,126,129,
100,40,18,48,41,206,15,293,329,256,262,179,202,29,214,270,254,165,173,
262,152,231,70,197,212,
10,42,41,299,6,16,10,4,27,201,33,175,259,303,308,190,289,177,216,110,181,299,96,163,214,334,57,226,294,81,68,259,289,16,56,19,332,257,216,162,118,50,203,114,206,302,255,40,231,17,154,
117,300,136,6,28,221,139,149,
149,163,133,117,287,
217,119,7,40,64,173,203,27,167,324,238,276,71,62,77,184,128,139,
2,90,191,75,157,110,215,18,269,235,160,234,251,131,141,264,194,228,90,266,279,25,6,
69,48,190,82,144,218,5,204,311,153,133,
197,276,244,211,289,298,32,277,193,123,8,64,14,57,70,79,36,37,44,143,45,326,149,302,70,142,
184,16,104,228,
206,259,288,162,287,57,318,58,47,115,274,304,77,148,14,100,
75,117,167,85,158,310,65,91,24,42,312,213,224,324,229,316,6,90,
270,272,
168,181,213,307,258,113,204,48,94,189,192,129,81,199,
174,212,200,244,225,308,304,96,145,297,315,190,231,334,157,310,190,71,93,40,72,219,84,92,142,196,65,177,81,120,264,
8,246,141,22,23,105,192,189,165,
111,42,274,325,214,204,331,165,306,225,
184,116,131,250,
64,284,217,95,206,1,160,192,303,73,177,41,91,193,206,5,45,
314,23,60,197,2,248,272,186,292,159,90,131,307,226,
169,275,29,249,249,60,289,64,284,303,51,258,213,310,139,108,205,165,203,254,323,29,
248,152,56,313,265,272,163,
186,164,60,201,87,140,143,8,72,311,85,131,120,333,202,191,214,311,157,292,
302,78,126,182,308,
255,302,157,47,
144,324,69,120,127,183,281,42,
189,311,212,218,203,269,
299,109,300,292,15,175,85,197,5,67,229,287,
123,159,176,241,137,193,59,201,277,69,30,
132,148,193,178,21,310,206,67,80,92,78,36,237,11,295,195,223,142,204,309,319,233,311,307,153,78,164,
81,28,284,78,33,119,256,118,170,71,221,168,123,169,174,120,133,56,254,172,177,
6,228,30,17,93,211,147,238,300,7,33,45,71,244,192,279,315,229,
314,121,3,12,81,
279,17,155,24,209,219,149,105,132,176,292,117,231,13,299,226,6,256,302,204,
313,193,190,263,323,202,175,131,89,114,75,331,37,110,216,121,110,3,23,197,248,333,
254,107,255,149,158,162,124,313,187,81,
164,96,36,289,47,159,263,230,287,179,272,154,65,124,158,157,90,122,326,
49,197,18,102,59,18,168,126,255,24,334,77,120,319,
175,76,94,217,259,
299,273,203,15,
322,56,246,290,162,319,227,19,77,
262,88,219,326,241,68,268,272,41,
60,314,212,144,311,243,85,62,86,4,295,112,78,298,6,277,188,
14,36,282,77,92,89,58,258,
21,134,23,27,
291,44,228,187,83,64,154,248,147,278,52,192,301,14,49,202,303,254,92,111,173,301,192,303,277,231,
192,275,326,56,64,97,177,
88,262,313,92,284,0,197,290,
272,200,193,54,5,105,178,84,280,284,239,270,205,315,91,
303,10,185,110,295,197,7,278,293,42,228,12,108,222,264,254,132,228,76,33,266,11,251,324,105,291,64,146,
69,110,14,
23,175,104,42,80,208,315,27,311,
90,129,314,147,263,297,152,286,225,321,
283,267,261,22,49,96,
11,46,163,319,
56,322,195,162,311,67,18,185,142,65,
110,248,88,19,156,259,47,56,240,160,319,68,213,288,106,328,100,116,303,98,206,331,157,318,
160,32,265,66,97,139,241,220,112,154,116,81,145,68,149,140,
77,89,206,102,332,56,
302,105,118,163,51,172,201,274,55,327,233,16,100,310,1,47,84,331,331,80,303,151,26,66,197,102,
298,185,227,294,231,316,292,192,34,147,95,
129,153,164,78,3,29,154,28,88,208,217,256,254,77,171,286,0,90,148,215,185,208,295,30,
235,192,102,194,275,82,47,251,197,313,45,133,302,263,183,332,212,197,256,240,113,160,231,91,243,285,
259,273,198,134,59,181,51,267,74,247,309,93,151,260,23,104,143,213,
313,162,270,88,103,76,259,4,114,213,105,
270,164,240,150,295,258,317,171,147,138,113,299,216,200,277,140,86,66,268,250,332,63,110,0,9,242,129,202,300,243,162,154,16,
81,91,48,20,25,3,321,167,239,47,60,225,134,95,326,148,121,113,206,2,93,163,292,215,18,105,324,173,280,
113,265,80,135,247,51,
33,283,184,139,130,318,20,94,315,130,329,95,322,297,157,325,168,303,175,19,263,64,6,324,66,147,286,324,147,99,126,
78,132,102,58,108,236,334,36,206,156,317,135,265,278,318,165,222,119,163,217,207,329,80,199,287,214,285,283,142,167,14,275,213,302,88,295,100,12,292,
179,164,100,151,34,81,184,83,133,196,205,53,238,88,
275,28,192,144,145,41,30,326,141,247,300,83,259,260,117,66,83,
141,32,64,272,326,83,318,
26,319,295,193,317,122,26,99,11,160,183,291,175,114,207,201,305,49,284,158,259,90,61,227,9,258,210,159,267,269,131,140,254,136,216,288,2,42,164,209,135,74,323,56,310,8,165,118,126,94,322,317,184,296,
321,144,305,117,246,305,224,217,218,164,201,113,231,249,190,244,159,9,282,
49,101,30,22,265,256,326,67,238,72,282,275,68,23,47,94,259,200,82,35,42,53,68,278,105,27,9,176,
21,56,16,33,292,54,129,147,166,93,18,3,
256,260,86,307,163,23,292,102,129,139,230,291,217,254,85,201,64,149,297,73,294,81,244,313,332,96,217,259,108,
131,124,326,42,21,272,94,30,32,68,204,32,144,139,314,136,203,168,203,218,
256,273,306,133,290,30,300,164,3,25,39,258,115,260,151,71,66,12,334,79,109,232,181,230,31,111,294,7,45,4,203,45,179,314,168,184,221,53,32,100,21,25,237,107,186,121,152,274,216,
8,81,76,233,133,158,300,88,
76,292,168,175,44,68,120,154,46,93,
295,27,60,326,13,187,281,26,78,
250,148,99,154,215,34,301,184,
5,127,101,292,273,190,224,64,287,
280,193,137,258,102,322,179,261,
206,0,180,291,327,265,284,333,236,59,232,295,71,230,132,235,318,328,176,251,114,178,32,158,208,119,256,265,118,20,315,94,52,178,140,100,250,273,284,325,97,187,144,
131,251,33,3,137,64,132,326,
206,108,100,157,279,25,135,286,22,64,75,118,43,145,161,227,235,
108,244,46,168,249,333,263,310,244,
90,164,25,56,301,
101,174,282,35,138,325,255,157,194,322,1,62,258,143,290,187,259,180,185,189,322,22,198,312,144,234,292,92,330,287,153,162,212,80,49,89,271,188,328,325,68,
144,29,218,73,275,288,158,75,142,239,58,98,194,38,306,132,137,287,243,272,
262,42,33,147,308,207,313,122,303,299,121,106,264,249,
28,34,101,264,320,53,213,129,
134,310,25,147,86,118,251,80,21,331,278,298,32,136,176,299,
135,16,309,38,288,198,198,208,59,260,312,87,158,33,35,129,25,26,99,54,126,177,145,204,244,333,113,106,
300,31,179,308,35,
310,1,117,176,53,128,134,284,99,31,35,77,219,58,17,200,92,174,225,214,100,287,
201,156,123,
107,154,24,115,119,287,324,170,254,328,265,218,
165,265,253,250,126,316,
283,141,3,126,
14,31,291,202,255,288,81,82,292,332,81,
70,16,107,64,315,239,29,60,219,139,55,121,151,262,122,167,
16,86,70,94,135,177,128,72,302,161,94,106,186,184,39,9,179,
302,106,32,204,67,177,289,97,201,109,170,46,78,268,132,224,273,110,333,
277,26,197,262,281,303,211,24,
80,119,72,63,301,190,17,150,7,92,168,134,261,218,92,284,244,129,136,55,36,256,97,312,32,51,101,137,222,322,
176,261,253,68,
297,5,159,66,122,48,230,37,33,
98,242,61,59,48,258,
248,284,62,284,129,76,98,
331,324,134,55,
73,5,49,137,246,96,307,311,148,22,
270,181,288,45,198,209,308,34,66,294,256,147,244,334,299,315,294,72,143,59,190,23,
133,330,311,235,69,8,
186,16,28,73,295,
179,256,30,280,300,36,33,314,
244,290,5,
147,181,91,70,157,34,80,270,275,58,32,85,268,33,163,
284,273,81,58,16,64,152,98,176,151,78,301,181,149,88,
311,324,36,206,239,157,0,226,74,207,254,252,61,329,79,85,239,107,295,86,154,26,84,298,331,45,0,314,169,117,
31,101,39,73,282,309,0,46,47,189,113,238,12,88,235,181,324,314,326,306,191,291,282,
47,142,49,298,303,308,192,306,297,18,178,243,69,68,
117,283,296,172,204,254,172,310,321,142,260,75,163,220,238,203,203,17,242,258,183,311,252,309,188,270,
244,197,214,66,30,88,170,32,5,81,212,
20,277,251,33,218,318,121,179,287,168,
41,268,42,96,31,111,
227,322,298,221,331,81,66,
12,154,31,137,48,249,
275,78,170,157,44,11,171,284,49,300,147,182,291,
203,64,92,117,154,131,251,
121,51,100,251,55,314,327,71,313,192,308,115,328,156,
198,326,124,165,133,107,182,310,310,
319,32,107,324,51,246,
261,233,76,77,196,189,28,287,115,30,
262,63,288,202,64,268,311,26,296,
141,243,173,276,168,286,20,150,8,86,283,154,
107,175,6,311,171,313,179,275,184,172,20,280,122,154,60,324,194,157,17,1,
270,103,168,117,3,203,266,303,
160,251,3,110,60,
8,73,239,308,154,80,102,198,94,287,306,99,325,259,307,41,30,75,
204,135,131,222,45,222,276,
139,254,194,290,291,290,165,318,70,108,306,213,
31,84,283,315,281,25,190,234,91,332,42,300,38,
293,193,16,178,180,276,
192,269,100,170,291,62,177,92,301,237,148,71,147,
207,189,314,78,32,31,141,142,260,125,146,302,283,15,160,100,291,302,296,273,92,53,160,189,247,109,330,279,56,67,
147,43,7,162,224,291,321,174,327,79,82,75,59,166,152,270,161,273,212,312,32,0,334,166,213,141,238,31,49,18,60,185,117,90,173,40,246,273,81,208,49,
242,117,204,289,293,324,306,57,
261,229,203,265,165,170,213,66,185,18,80,193,300,112,58,21,16,175,320,95,204,48,285,4,5,253,62,252,278,227,264,80,91,289,302,126,307,181,128,125,33,15,117,84,129,193,6,264,326,69,222,279,141,283,176,311,260,106,
5,272,101,69,172,255,3,47,289,315,
109,148,174,251,219,83,198,15,302,233,252,159,21,218,308,35,290,53,229,259,273,
295,273,200,181,198,38,281,332,167,235,298,153,157,252,317,107,313,332,167,295,251,302,304,149,270,114,67,317,24,192,150,132,12,123,198,121,314,
3,128,217,313,159,21,10,283,302,
231,290,10,265,
314,251,37,290,68,143,274,103,270,305,150,97,194,226,
274,47,314,35,187,167,81,111,186,57,102,129,202,206,232,284,273,158,178,199,
62,327,288,262,53,9,172,57,248,56,69,56,178,292,240,
300,275,290,53,
120,76,186,42,
163,294,228,113,79,23,248,223,92,139,18,203,306,150,11,167,172,78,150,54,293,149,315,332,
201,290,296,241,15,198,323,84,81,263,57,51,291,309,188,124,188,22,242,114,105,121,101,64,229,112,19,303,244,69,317,
283,36,128,191,177,264,248,210,9,19,23,31,327,115,243,276,66,36,303,
291,178,161,328,268,197,182,311,147,48,83,85,291,7,59,206,318,232,319,116,309,192,61,
102,4,36,272,133,302,77,197,244,306,
21,286,56,187,177,76,82,
4,292,313,302,2,
212,70,39,80,147,315,60,262,
211,175,159,32,183,206,213,298,267,309,53,210,50,235,272,
206,30,170,151,4,24,161,52,78,229,77,110,119,233,61,118,200,243,311,268,45,25,320,235,146,179,
324,247,53,219,190,66,121,334,165,215,11,100,218,54,22,143,7,73,218,180,270,268,143,172,97,154,123,78,94,282,33,291,209,45,193,64,173,253,331,55,
310,302,75,169,159,20,291,328,64,246,165,112,9,286,
89,101,59,239,288,102,117,119,73,120,
13,117,102,302,90,18,12,
326,49,69,109,47,252,282,194,245,32,217,66,274,332,68,306,234,236,269,295,275,21,282,160,76,127,192,113,289,202,162,297,
151,202,151,
219,70,14,111,326,
70,197,76,52,107,
3,113,160,325,315,287,152,173,298,206,41,230,221,166,31,147,263,41,113,188,92,50,296,264,100,313,112,56,285,100,304,227,81,214,313,129,162,244,250,247,210,60,334,87,291,21,87,90,306,135,278,307,331,118,235,134,297,284,
248,166,181,334,99,110,2,36,93,314,222,326,332,84,113,142,313,235,303,48,
84,42,31,238,223,116,237,161,181,9,219,137,112,20,242,
318,291,190,296,203,
65,290,159,310,170,201,131,105,
251,235,131,121,101,315,16,0,314,50,213,160,199,235,113,100,284,
287,144,154,73,323,5,149,146,177,
199,162,127,16,168,228,
154,10,36,311,70,250,129,51,22,198,179,8,286,203,107,324,9,276,12,37,229,110,313,270,48,141,213,202,187,31,
58,175,284,30,148,5,213,321,254,231,147,221,144,151,249,
159,137,64,10,310,
269,33,27,159,189,
151,169,275,242,279,334,176,151,172,101,166,179,311,75,70,
101,80,49,63,47,36,144,187,297,269,193,285,290,196,331,5,300,161,102,57,91,196,179,142,199,
265,168,321,169,206,160,317,265,42,46,251,165,233,299,
68,76,38,59,112,160,281,231,176,
309,288,272,
78,12,81,284,60,114,
110,199,4,328,157,
25,31,38,267,26,90,58,20,295,325,205,81,98,248,
267,283,130,170,180,7,24,236,247,37,25,50,
302,27,31,269,206,255,34,249,122,144,227,272,86,156,323,
266,32,56,215,108,155,221,328,160,189,206,270,74,213,40,122,
213,60,116,28,69,297,110,267,
2,81,185,39,146,26,64,139,214,239,44,188,326,294,
154,160,107,123,298,324,287,84,169,
44,147,
104,23,162,178,254,8,44,92,201,224,208,319,240,71,173,184,139,206,319,298,213,321,
329,10,111,78,57,145,19,276,198,275,288,303,181,173,118,
273,100,117,79,147,136,24,274,183,184,201,217,30,28,333,276,301,123,30,313,229,215,9,0,309,233,73,5,152,
228,163,140,221,180,194,288,282,219,199,252,208,26,
6,117,74,91,64,
0,256,197,249,46,33,94,147,45,224,227,182,108,328,184,92,176,54,131,175,48,121,247,276,314,92,130,175,92,102,113,34,147,195,292,167,210,45,224,274,56,77,179,202,168,70,106,204,316,
151,302,168,313,
175,39,288,23,29,313,326,261,
26,157,48,75,78,107,295,151,302,
3,175,202,144,10,247,80,283,160,245,314,219,170,207,
289,53,130,20,12,12,185,24,80,127,191,223,192,269,21,172,150,185,163,8,232,237,190,151,14,310,225,308,20,216,3,45,287,131,58,72,18,49,149,40,251,32,164,201,19,189,183,250,98,24,317,328,333,32,113,74,242,334,117,
38,202,68,44,330,25,178,282,28,137,100,206,38,292,160,
47,235,110,54,309,191,183,324,212,80,255,71,
290,151,139,231,171,151,216,88,322,
290,294,159,334,300,88,139,36,146,113,208,
157,299,35,253,313,96,125,316,145,203,228,310,8,311,161,253,222,83,241,114,54,126,255,244,295,227,120,145,220,230,257,132,147,46,139,45,38,164,167,194,
334,290,87,143,217,
79,129,256,60,203,101,313,242,142,220,273,268,213,242,313,288,159,73,292,47,70,267,86,225,112,140,36,212,267,218,183,221,324,246,
221,132,249,140,101,220,99,161,288,170,11,129,73,118,233,174,273,226,8,12,324,32,115,164,256,332,71,117,84,228,266,291,199,105,227,91,287,168,324,
110,5,154,268,6,313,157,264,319,52,112,237,127,303,6,94,270,125,27,9,83,75,69,296,
215,266,33,60,200,45,225,160,136,97,250,286,260,
10,261,181,3,264,
199,159,32,73,92,110,52,124,221,155,51,274,294,131,
48,284,98,105,69,26,69,170,136,114,100,295,265,291,314,1,168,
90,75,131,133,13,236,85,322,13,77,
308,95,174,260,8,61,27,300,264,72,162,246,300,263,
177,192,241,281,103,21,
152,66,111,326,334,157,44,221,72,120,104,281,148,248,262,296,273,124,283,
64,143,197,326,304,298,159,131,143,70,220,333,
136,213,38,
92,203,199,52,
288,10,144,206,151,264,265,321,29,326,175,170,36,73,210,309,250,316,76,252,105,140,196,
159,32,79,3,
174,242,142,229,87,110,
12,78,328,171,213,118,0,78,261,314,74,
36,44,7,318,283,61,
60,28,113,215,9,84,151,170,189,167,233,213,301,166,172,241,191,
76,328,69,30,70,327,109,258,14,210,309,170,70,87,107,29,11,330,147,319,261,116,272,131,37,280,84,8,292,106,
119,44,126,193,31,89,257,322,136,202,42,175,228,52,133,324,78,251,253,46,224,261,233,39,192,159,217,321,149,104,169,271,63,0,
19,81,11,321,23,117,
92,328,283,87,208,42,245,173,262,33,0,90,257,64,218,79,311,324,137,41,6,334,63,204,132,147,254,302,174,269,
244,48,313,225,161,62,324,95,285,221,151,321,108,
276,153,190,63,273,204,197,248,253,328,129,53,210,9,92,182,5,220,50,267,289,293,164,101,
61,36,
324,260,254,284,26,33,277,229,11,72,284,144,311,7,189,290,286,43,31,241,
12,13,200,324,154,21,
161,224,16,291,158,324,165,
248,294,326,292,224,124,290,
35,185,49,310,274,130,181,106,152,184,220,254,304,151,142,92,240,261,
325,81,
66,152,83,324,92,155,148,197,211,113,71,105,45,241,247,
233,15,278,231,241,51,147,80,206,61,261,14,255,66,69,
49,73,140,283,300,82,147,
168,49,240,299,102,151,311,146,270,12,15,303,20,
47,156,15,57,166,272,79,159,189,13,20,274,282,305,5,322,
263,229,226,168,203,188,294,328,150,135,90,
318,78,149,167,81,70,307,204,145,4,77,248,310,205,334,254,277,321,6,
21,5,131,322,283,43,77,247,164,
302,113,207,13,224,170,84,185,152,269,30,168,149,4,156,
185,25,141,47,149,166,243,299,22,168,140,111,310,103,79,133,96,199,147,274,9,16,61,258,331,287,140,15,273,90,21,323,61,103,169,171,29,288,118,327,137,201,284,129,165,37,267,
168,256,132,0,231,148,69,4,21,59,9,88,
294,301,290,84,152,55,127,178,191,26,133,260,177,208,185,162,184,11,119,62,131,143,11,93,256,279,23,292,33,298,245,171,236,302,172,248,62,155,2,
165,185,139,111,333,161,
32,123,126,232,82,139,18,113,270,278,302,319,107,60,306,308,212,266,199,106,197,290,77,15,235,19,141,159,253,302,
208,23,30,
279,13,64,297,246,38,56,37,294,136,168,266,27,2,84,302,21,334,273,230,291,207,73,
288,110,228,49,262,47,129,
133,27,102,198,79,101,149,200,181,325,303,167,
212,101,265,252,165,9,189,95,88,294,81,66,194,
324,101,244,207,53,154,241,331,326,191,
204,254,0,73,217,125,14,188,255,
250,61,228,243,143,
127,326,200,50,279,298,51,50,39,202,329,10,108,5,139,76,191,11,116,7,78,0,263,
52,206,57,142,159,325,320,70,292,92,
112,107,191,216,18,312,68,80,201,141,32,
218,80,324,18,36,144,133,8,332,122,69,117,86,
311,168,60,238,73,103,133,195,262,189,
121,256,313,113,178,106,
92,266,240,36,11,270,52,309,289,31,38,147,170,250,303,326,78,279,99,114,239,258,14,151,168,248,280,111,141,289,284,43,101,41,50,66,246,162,221,212,180,186,298,271,8,77,65,0,88,190,255,80,80,96,178,192,319,99,191,19,57,14,
56,110,71,192,248,44,162,118,
325,220,265,241,152,10,28,111,234,313,52,184,61,234,71,
159,42,178,140,297,297,272,214,88,63,42,45,10,14,241,108,62,96,119,176,214,207,
19,32,181,238,
203,32,333,41,215,172,222,252,53,299,71,318,
100,302,287,76,279,206,121,181,110,197,227,281,77,
32,41,158,134,18,125,200,155,88,326,59,82,
86,242,29,331,60,129,125,273,16,160,26,265,134,122,187,146,183,105,73,43,317,181,103,292,128,280,231,143,85,
124,51,18,308,151,194,180,131,290,304,13,198,318,296,36,231,23,248,
255,254,280,284,258,323,149,216,228,156,122,270,27,254,284,41,79,244,109,
61,233,150,276,250,58,209,98,179,199,261,
284,292,248,
287,292,100,150,48,292,299,37,
94,16,307,183,191,
171,243,129,73,240,200,22,62,36,256,170,
313,23,159,86,
200,154,295,212,14,188,270,316,268,128,2,166,208,174,44,8,121,281,166,206,217,38,58,256,330,49,129,181,269,91,206,12,4,76,272,215,15,160,32,171,118,247,269,
76,313,59,288,
195,279,20,95,288,30,302,220,56,307,
298,25,31,311,276,47,11,128,291,32,333,165,245,182,257,305,57,124,220,154,104,296,287,134,
175,150,318,23,240,208,40,107,5,149,58,283,142,3,317,75,160,211,13,44,100,299,294,170,197,45,23,304,
28,258,56,60,275,62,243,186,173,10,320,323,
180,36,267,293,294,298,
59,168,56,76,88,228,98,55,326,
228,151,252,18,184,167,24,250,298,312,134,
229,235,299,174,2,
64,2,310,56,1,279,233,
324,31,242,319,53,172,253,
265,201,48,331,41,288,154,156,325,147,29,118,281,113,212,39,213,109,64,122,78,321,248,231,326,
53,307,109,9,193,300,296,
94,307,206,184,168,302,175,168,214,140,59,129,154,140,70,
197,69,172,159,4,292,236,254,239,277,295,123,36,42,30,150,49,206,315,221,139,130,222,128,91,292,252,197,253,241,
185,187,56,7,129,179,88,35,54,298,95,2,297,199,224,40,164,302,41,69,14,113,187,204,
327,113,121,318,278,277,257,
14,185,159,
41,137,8,185,64,
219,38,304,300,306,176,11,63,
326,156,284,31,197,141,203,192,265,196,
38,135,96,197,22,140,286,325,70,127,136,279,94,23,235,288,278,144,70,257,167,308,57,310,271,292,219,16,77,145,31,
73,204,144,201,86,313,308,199,273,65,281,281,81,248,221,
219,235,63,230,125,202,136,203,162,163,196,135,257,41,179,237,246,124,292,113,180,295,233,215,3,176,271,209,272,117,107,156,262,230,274,50,168,50,120,33,176,90,27,328,209,10,21,170,109,317,234,101,35,200,260,67,255,
151,290,49,124,213,290,166,43,66,60,73,89,84,58,255,292,250,249,
31,5,221,256,292,67,97,283,42,45,36,145,216,286,207,65,298,101,188,308,211,264,139,41,284,302,62,36,3,30,305,41,55,75,
9,82,14,212,
81,321,179,97,325,8,166,206,147,
159,24,189,282,290,196,211,99,29,266,46,100,249,69,165,165,169,313,56,273,321,70,
254,324,100,
71,306,147,284,26,56,290,49,120,33,202,56,36,221,166,30,180,221,251,332,104,50,281,286,217,153,34,203,66,203,325,47,
16,284,320,141,38,270,52,251,175,
242,156,151,162,174,98,
174,310,231,74,5,64,276,
213,265,120,266,257,268,202,136,102,278,200,280,106,97,
48,109,128,293,209,124,35,92,30,296,226,26,245,302,61,113,257,333,275,307,183,72,152,294,113,256,309,138,9,72,218,212,234,160,257,277,307,119,109,311,315,120,64,27,334,323,223,186,326,61,332,234,197,56,9,119,258,284,10,157,73,150,334,206,251,297,78,261,246,
56,56,253,41,54,175,290,27,285,262,94,46,256,182,93,303,179,258,70,270,264,304,266,306,28,274,21,187,59,52,228,90,
328,129,42,20,92,76,222,21,106,89,160,141,214,45,254,328,269,9,291,139,286,106,132,55,71,105,200,283,181,231,136,193,201,131,303,306,14,322,68,155,291,12,5,83,125,310,318,110,
123,81,4,81,
81,164,76,134,320,33,54,19,233,316,148,287,208,200,274,62,163,259,43,95,146,247,297,9,123,30,217,272,191,10,115,67,150,156,303,
313,262,254,154,55,131,167,24,200,151,278,244,
249,108,137,184,128,187,332,151,
136,215,117,102,204,313,
36,28,74,101,3,164,154,310,191,299,290,122,282,180,14,24,226,27,317,169,291,117,
66,244,288,15,137,212,300,267,297,314,212,
164,101,221,325,21,
281,33,73,31,177,165,273,
14,138,151,191,101,106,269,9,219,65,69,234,237,210,
307,195,314,126,99,
292,287,294,314,40,270,81,298,1,52,252,123,290,253,51,91,11,
10,155,14,127,69,109,53,175,180,325,285,329,70,70,159,98,66,180,330,313,
272,126,164,271,109,44,177,284,118,141,169,36,187,136,128,269,102,192,217,309,113,248,140,302,140,151,
229,273,150,61,251,201,167,140,187,246,189,6,
162,225,104,273,322,199,310,118,7,120,99,208,267,326,197,286,258,136,
140,229,206,114,9,
147,186,92,25,187,199,159,137,15,329,261,323,195,185,124,83,205,148,109,92,65,309,1,262,318,164,44,275,75,250,
131,294,64,65,184,17,66,150,161,90,314,315,313,
252,106,31,324,212,5,103,228,185,157,205,80,
0,19,273,
292,147,194,23,130,208,151,156,135,287,23,143,76,128,139,286,196,249,151,4,12,137,299,284,329,128,86,297,76,5,278,
167,253,196,57,195,179,318,7,67,93,184,42,253,294,176,65,141,308,317,186,167,245,264,317,124,286,154,78,56,274,120,60,229,281,330,
297,279,292,32,12,18,282,309,
278,233,292,63,177,
126,272,269,206,172,243,33,323,283,
23,299,8,65,313,219,330,21,
159,147,52,148,143,269,
75,213,233,234,304,17,291,31,29,280,312,72,114,208,
106,241,126,183,267,304,72,174,121,32,50,110,227,261,213,113,
217,243,267,3,241,121,22,0,48,261,237,128,32,152,183,315,277,23,253,9,76,80,164,93,172,3,161,245,328,10,93,256,181,
314,66,31,48,131,311,31,96,8,264,
296,152,110,
284,202,206,132,326,142,75,240,305,98,225,226,71,19,50,274,288,255,288,48,78,333,74,314,20,197,248,326,154,327,208,137,223,254,163,3,237,251,
5,46,5,297,239,287,37,268,278,244,21,174,118,
168,70,141,263,279,176,37,177,226,172,94,274,262,
167,0,0,142,199,75,241,79,163,137,308,101,40,150,133,
328,289,219,132,152,307,
72,186,106,95,146,73,203,
156,47,255,57,109,152,312,201,242,49,326,34,23,43,107,232,244,125,135,
111,329,152,
81,14,116,164,160,314,239,318,
27,308,302,295,9,277,326,277,279,36,310,133,246,294,167,21,128,269,
213,168,58,69,211,133,154,148,249,279,266,
113,19,158,55,123,107,0,246,331,276,75,141,193,189,24,70,119,245,221,189,333,134,68,35,311,60,79,210,322,295,121,327,75,106,326,
213,251,75,78,13,174,139,
15,147,19,278,213,53,288,47,211,185,261,264,77,7,225,315,3,323,207,61,255,160,299,256,32,168,13,299,186,
88,29,78,273,234,171,118,112,235,95,60,106,83,242,267,88,110,144,322,171,1,159,9,133,7,122,307,56,238,253,59,179,8,
31,314,324,181,
326,165,241,248,266,103,237,284,261,64,184,193,97,262,272,295,96,64,113,101,219,
26,311,25,295,228,
45,197,311,265,273,156,252,16,
231,174,116,174,7,193,301,262,305,235,262,58,86,
207,262,113,
121,295,70,20,
277,291,327,
13,213,
77,181,261,100,90,288,
52,56,199,
143,86,334,250,
287,221,
148,137,132,250,
168,131,302,
146,64,290,
97,192,206,
115,261,42,
53,91,61,183,
235,202,248,251,
87,334,174,
140,288,272,
152,284,90,
73,31,300,
117,218,19,56,
3,31,270,
77,49,181,217,
288,329,89,77,
222,203,261,53,
244,255,6,80,80,
61,330,325,291,
29,129,75,333,169,
274,168,256,
149,175,284,197,
99,92,253,
168,331,221,
148,58,73,
278,313,69,
118,41,200,
63,262,154,
200,127,133,
84,151,154,
107,198,156,70,
316,254,0,300,165,
72,270,
56,62,159,117,
291,275,
60,160,186,
203,137,270,
98,11,110,144,
208,105,290,147,
218,107,131,189,
83,141,275,
197,299,170,262,
247,3,113,
194,137,212,
102,121,136,
82,21,49,32,73,
306,111,102,
323,126,185,302,
23,69,19,175,
308,124,220,
80,47,212,
249,12,213,302,
177,302,64,130,
108,256,139,64,
323,28,169,287,
43,206,151,237,
320,28,28,
264,253,28,
6,60,279,
103,86,311,
241,324,324,
41,255,31,
258,168,162,
296,53,298,318,
321,318,265,104,
97,215,160,213,
192,291,298,
326,32,175,303,
277,20,159,60,
24,228,
22,42,171,
18,41,218,13,
171,290,
240,168,324,254,
162,242,
268,253,41,79,
4,123,102,
34,28,250,41,
74,331,
292,52,78,186,
225,310,286,
315,101,70,
63,119,288,
111,220,41,219,
165,8,212,
88,168,244,
190,5,318,
55,70,59,331,
158,274,
306,139,219,
254,104,169,240,
96,174,41,
124,254,152,
34,298,71,302,
246,308,
253,324,
113,185,290,
179,16,101,
224,64,302,248,
141,16,112,
84,302,279,174,
36,218,197,179,
271,53,
305,47,31,
309,291,211,
147,298,178,
280,75,105,
208,129,
333,64,302,165,
225,111,90,
12,78,251,78,
118,329,113,5,
216,256,290,
48,98,12,
295,26,186,
168,76,140,
140,94,272,160,
240,35,167,
92,286,35,
114,75,102,
267,213,66,
246,319,79,48,
40,266,
199,101,61,
194,314,157,
63,278,219,
81,25,73,
68,101,47,
258,14,98,
170,3,275,
187,21,
6,110,318,2,
71,220,192,
20,195,47,178,
260,308,215,
204,279,136,
237,284,43,
11,219,220,
276,204,174,
217,121,
142,101,11,35,
70,159,212,
92,80,41,
233,273,303,
252,228,117,
164,330,44,
169,311,36,
201,186,
333,203,313,29,
158,161,8,
91,64,272,31,
179,206,20,
4,53,110,
25,298,134,
332,77,249,
75,30,113,
136,131,
89,164,142,
81,212,244,
307,328,8,
206,266,126,
47,288,
43,251,324,
57,298,
244,201,41,
91,147,
26,262,
148,206,41,159,
56,21,207,
98,248,25,
107,112,
45,64,0,
82,9,269,
261,280,35,
315,131,5,
318,327,141,
155,199,
142,52,197,
95,195,298,
136,134,162,
302,3,279,
35,300,202,
106,302,76,
160,38,175,
309,273,297,
211,116,
120,162,89,
334,49,248,
50,211,
13,142,
100,251,206,
