12,319,113,93,297,175,81,58,22,139,280,224,124,255,290,247,36,114,265,291,315,
126,308,150,132,196,284,150,71,140,181,278,147,192,176,95,16,139,284,125,
280,168,206,
45,33,58,122,178,
109,87,48,114,113,128,192,311,39,75,40,246,106,
278,166,176,172,
116,99,126,156,226,20,76,176,202,53,295,104,237,91,192,241,315,273,123,
241,116,51,273,276,170,222,155,126,
94,26,311,95,283,297,207,185,2,125,49,
287,292,87,282,150,148,48,328,227,37,212,87,305,77,266,86,261,131,58,321,97,173,121,179,151,193,69,231,82,149,
46,256,132,72,273,
306,76,53,75,58,134,113,155,175,141,214,89,246,226,126,240,
66,244,116,181,101,227,270,196,285,205,154,249,
211,25,238,98,40,79,
136,64,297,
110,197,121,128,106,66,201,146,158,294,135,
312,81,72,317,100,320,172,204,
281,103,43,39,7,317,205,
285,38,91,284,272,3,136,220,319,5,5,166,310,
228,276,213,267,320,48,87,123,211,303,25,300,
13,117,13,102,319,90,18,301,72,64,276,154,2,258,52,323,136,29,196,273,136,1,220,201,99,
329,290,280,299,53,50,296,52,260,333,122,216,237,59,146,99,144,333,235,274,197,
277,42,201,219,229,52,67,131,166,216,303,259,82,
104,324,148,188,248,17,22,
131,294,21,182,17,66,150,161,90,40,133,288,216,313,168,21,182,223,36,282,310,304,178,123,132,260,334,44,109,277,296,31,12,259,139,113,61,265,
147,117,107,52,225,219,334,127,289,133,303,42,50,250,69,235,74,106,227,64,227,243,259,140,111,
254,250,42,161,226,261,295,127,264,33,94,95,12,131,148,259,44,302,130,145,174,
214,48,276,30,79,250,154,166,187,74,239,173,81,150,238,143,116,212,36,151,
23,313,123,147,105,311,
39,86,119,3,287,227,11,21,178,291,251,281,331,120,37,310,186,141,
107,178,110,131,169,302,188,60,192,81,232,203,285,124,304,63,254,250,78,278,193,272,
270,103,226,178,203,147,303,276,29,260,243,48,174,134,98,15,40,187,217,289,79,240,182,192,41,247,329,
237,311,141,175,259,265,322,15,86,212,179,162,44,192,288,148,303,136,
155,309,249,160,276,59,
140,334,202,124,195,185,269,138,181,153,147,181,302,7,110,46,292,16,37,98,286,305,238,301,108,14,254,140,19,66,200,176,
231,272,119,35,275,27,257,54,164,16,127,202,14,273,282,167,208,244,132,43,99,3,266,287,193,
92,121,239,176,185,276,106,
49,20,238,85,91,24,153,155,122,188,262,69,326,129,234,60,149,181,301,304,8,139,331,112,192,295,241,
27,308,179,295,9,277,326,277,107,36,310,133,246,294,167,88,231,128,329,10,251,147,43,140,145,5,292,201,164,29,156,220,313,150,224,8,3,246,91,45,17,
194,137,14,308,146,32,44,316,191,320,6,16,123,309,311,178,192,171,206,21,26,323,288,209,144,142,73,
143,239,206,
121,227,240,287,284,246,22,123,178,327,132,317,111,275,84,143,
260,308,175,325,47,93,236,248,268,261,16,308,134,152,96,238,252,230,169,238,333,67,131,280,188,33,301,
212,70,39,31,32,301,315,45,31,128,173,51,177,245,221,85,210,313,274,90,7,66,155,136,274,286,
34,294,121,285,97,277,42,108,297,298,252,303,76,41,260,7,192,142,274,207,294,193,293,25,117,132,
329,303,91,190,122,153,123,50,92,38,150,269,241,293,320,130,220,245,56,271,186,221,86,147,270,277,295,
203,1,122,300,91,197,104,29,284,248,
308,95,174,260,17,61,27,300,264,72,162,246,155,263,276,300,38,203,298,11,126,311,248,147,228,135,75,140,226,78,64,8,297,192,85,39,111,
273,271,231,13,262,291,332,0,253,
259,116,75,121,114,189,290,56,270,29,126,334,
304,199,95,85,
284,199,248,23,145,29,224,333,41,314,143,217,45,265,189,285,36,186,281,116,213,314,330,93,226,225,135,
111,311,109,31,310,280,218,316,308,303,
40,81,218,7,291,259,187,201,211,224,248,253,72,113,75,
235,200,203,26,128,329,35,
77,56,168,76,178,325,216,250,
35,231,145,44,297,328,317,127,99,248,82,
85,209,123,123,97,176,259,130,317,190,140,128,273,289,86,172,304,66,36,291,285,
331,39,100,230,37,
190,112,292,239,177,
265,308,95,221,237,153,48,
212,44,287,231,139,44,
320,329,328,197,77,199,42,268,219,211,123,
144,159,53,120,127,183,281,42,45,25,275,119,212,58,36,136,301,30,86,272,10,97,302,320,124,52,168,215,
80,119,72,63,301,190,17,150,7,44,168,241,268,5,135,284,58,129,136,55,36,256,97,312,32,51,101,137,222,322,186,14,123,70,204,307,183,309,220,82,219,148,143,
73,291,105,79,215,288,181,44,217,194,332,
6,228,17,93,211,147,238,300,7,33,45,71,247,192,279,315,161,184,137,274,295,227,131,233,333,314,187,249,194,97,42,48,117,43,108,162,6,207,297,142,
86,26,35,295,112,245,38,128,235,220,
255,248,73,41,286,296,206,8,279,333,288,323,260,97,171,
303,146,292,274,81,269,8,68,260,268,123,140,334,
295,89,291,239,206,205,208,79,86,30,103,290,136,112,17,149,311,251,292,137,
39,16,81,273,93,90,104,127,292,235,
202,215,116,193,305,219,42,132,99,34,
317,138,56,295,206,30,99,132,139,46,108,
83,121,175,286,43,333,282,90,186,7,168,332,100,329,329,176,
228,153,150,215,123,31,330,167,
325,220,0,266,152,120,28,111,234,313,96,17,228,234,83,12,154,170,293,111,222,318,205,155,57,311,3,109,185,27,237,145,101,73,123,323,
157,9,
166,93,18,187,143,230,119,98,179,218,278,117,129,
219,33,66,153,187,277,13,153,291,51,311,121,242,147,236,243,4,134,68,219,183,313,47,75,320,147,213,165,288,145,284,103,135,60,
286,290,255,272,149,252,11,3,128,297,
77,290,127,222,202,220,254,126,
2,94,79,58,125,
266,98,73,
168,49,123,280,133,51,216,274,252,73,188,223,182,225,
168,326,160,307,307,113,204,205,135,98,192,129,251,19,230,131,8,222,21,285,210,257,276,310,126,205,194,42,83,117,243,
73,288,190,323,18,84,267,82,148,287,170,216,204,304,15,153,249,111,227,305,31,189,285,180,
83,51,3,332,
48,214,98,96,237,
205,248,97,168,213,31,281,
327,171,222,18,42,324,250,
271,215,165,311,
83,64,156,213,157,265,123,63,209,95,296,222,203,241,11,179,123,200,274,54,86,281,
118,176,94,311,137,277,154,50,67,
147,219,96,308,
116,252,66,64,55,256,2,32,295,141,51,330,95,264,127,241,87,333,123,0,293,0,259,
279,255,2,197,198,300,316,173,258,
146,238,291,30,245,218,33,208,145,
129,238,49,134,73,100,273,
218,324,130,77,124,40,210,241,146,325,50,165,39,319,
109,82,171,230,120,64,74,228,238,233,137,54,49,180,188,315,
33,205,31,296,64,122,197,21,289,84,69,250,
51,116,168,39,172,190,241,219,132,260,319,280,
43,148,214,254,281,300,188,
166,55,318,21,264,319,234,317,245,22,226,333,324,332,272,316,74,
307,238,164,301,164,306,257,6,182,142,91,329,171,163,288,85,278,51,278,95,142,235,57,83,118,221,65,278,135,230,227,197,110,103,164,19,85,297,222,
114,109,259,12,268,60,
250,277,295,318,84,29,230,104,134,
330,228,111,135,323,254,
31,248,297,174,304,140,56,
121,64,333,219,110,224,83,229,288,7,92,151,116,28,246,
137,4,167,265,211,42,251,291,42,194,220,70,143,138,290,111,225,226,192,85,282,11,30,36,33,288,203,292,124,29,213,295,327,
86,8,311,73,83,
242,322,225,303,247,182,330,307,75,146,
228,254,273,
17,147,166,295,189,312,59,85,39,
309,104,194,271,293,238,
82,80,161,64,86,20,92,160,279,3,31,
197,69,172,159,4,292,236,254,156,239,277,295,123,36,5,42,30,150,49,206,315,221,139,224,222,128,91,292,252,197,253,241,295,92,138,321,276,51,18,35,33,327,110,170,325,310,209,232,
77,138,320,333,293,
58,68,60,185,0,182,24,304,265,80,100,160,287,92,263,303,43,45,208,21,130,131,102,2,36,117,123,
3,131,99,177,151,264,76,50,168,190,312,109,237,177,204,35,
276,228,
164,262,334,90,231,99,94,187,91,156,229,232,259,93,263,159,252,286,
66,176,8,27,100,179,
215,88,310,131,271,7,314,
123,167,230,240,97,284,27,243,85,156,172,220,73,228,311,228,51,202,174,189,
310,39,171,215,284,
20,116,264,315,232,204,
65,137,323,308,141,
261,124,13,26,304,73,38,
236,101,240,225,164,131,295,
326,137,247,147,69,55,128,
71,43,110,169,89,45,68,114,156,196,
27,206,325,207,96,35,73,49,260,
203,32,333,310,215,172,222,252,53,262,324,318,135,43,93,217,66,301,159,98,277,220,320,81,183,235,16,
322,237,288,
182,242,101,168,159,
206,55,324,123,52,7,140,198,188,231,5,33,239,316,
174,111,62,225,243,247,123,
7,45,81,282,50,137,128,317,115,203,281,72,
116,10,284,190,237,212,
284,79,288,62,
27,288,45,157,116,197,79,189,145,17,23,290,237,259,
90,176,18,131,133,13,236,85,322,13,37,292,202,63,215,231,33,21,99,164,222,109,232,178,113,330,298,256,
150,33,175,14,155,146,10,186,198,42,147,206,282,114,72,195,126,24,121,301,199,38,298,124,133,242,196,330,201,313,333,131,320,
172,23,282,291,321,84,125,155,244,12,153,322,243,222,261,139,297,304,228,278,
130,183,222,54,132,214,319,137,66,78,218,98,81,103,272,95,329,39,57,130,35,262,175,237,193,132,49,237,94,193,209,
274,115,295,87,42,81,111,186,57,102,129,202,1,232,284,273,158,178,199,104,53,256,264,324,46,153,256,66,221,302,31,83,315,326,15,119,95,168,216,313,6,84,
260,51,27,209,79,
137,121,79,125,326,132,244,277,
228,94,222,140,11,180,194,288,282,219,199,9,208,275,254,6,329,177,308,50,115,95,293,291,201,119,178,112,272,
170,289,301,12,235,37,166,294,72,8,144,254,175,307,101,233,75,318,208,84,222,325,136,31,267,76,100,59,150,157,226,282,231,222,241,23,
39,324,160,169,226,175,321,67,218,149,222,62,
199,310,119,332,259,144,304,52,124,125,155,51,274,294,131,43,196,244,274,36,139,202,268,151,256,75,318,60,206,249,328,101,195,8,265,124,105,233,
148,175,73,95,43,104,
146,197,49,323,95,
104,330,278,117,
64,284,33,95,239,1,160,33,286,18,193,206,330,45,321,46,321,183,14,116,213,329,45,151,112,175,186,191,156,290,213,246,
60,199,212,51,1,49,213,256,
89,32,49,295,288,37,123,71,99,65,264,
64,55,13,56,113,121,169,253,134,126,128,248,254,166,152,11,64,303,73,311,
176,116,198,153,106,137,315,285,48,235,184,99,66,293,79,118,3,25,140,259,278,81,140,
311,292,73,238,210,94,133,195,118,11,132,232,94,324,42,308,11,219,123,206,237,87,71,251,35,194,200,106,209,31,216,
132,133,121,298,82,130,196,
206,295,311,186,168,56,255,194,217,135,123,155,50,208,280,192,158,268,320,
328,31,63,132,152,200,125,137,207,95,49,240,97,20,35,66,80,190,68,200,
35,26,59,201,109,50,132,161,3,
99,184,317,33,158,174,231,149,216,177,89,145,
282,83,278,215,
25,8,297,19,149,219,3,211,206,27,122,179,303,282,303,247,253,305,
116,0,157,176,259,307,150,147,
95,301,148,265,87,70,323,
295,4,254,181,286,11,247,325,31,190,332,273,209,260,273,
248,294,292,205,209,290,207,260,107,246,256,69,161,123,282,291,46,209,233,221,325,327,109,14,14,31,205,220,323,104,13,42,
111,42,274,325,214,204,331,94,306,48,271,301,137,258,84,124,205,142,115,140,322,266,302,112,40,212,296,62,257,121,139,234,306,141,82,237,330,206,174,333,164,314,121,
315,176,41,97,274,318,197,289,200,257,191,146,176,185,25,109,199,188,
290,301,173,323,8,235,235,
239,322,22,162,146,90,125,141,143,25,132,175,
160,155,310,83,
162,197,6,72,303,239,237,80,231,171,311,135,141,212,
72,197,215,287,83,103,22,
288,10,55,135,151,264,265,321,29,326,29,170,36,93,210,218,250,316,76,252,105,295,196,246,286,212,292,178,85,102,170,282,186,219,322,26,76,134,296,302,
173,142,320,213,76,88,319,269,269,50,315,144,334,302,26,288,311,
250,243,231,135,1,98,231,294,278,294,104,159,62,129,168,133,159,89,318,226,252,292,136,
88,262,134,149,163,158,165,81,174,189,182,215,195,27,300,88,186,
84,39,227,172,63,1,31,258,6,
113,129,235,55,278,22,62,6,98,235,52,96,215,123,8,79,324,146,237,297,153,306,
30,323,132,192,111,178,
292,213,147,194,23,130,208,151,156,311,135,287,23,143,148,128,139,286,196,249,151,176,12,137,186,156,316,329,128,86,86,253,5,144,303,190,23,136,288,250,97,
176,180,14,126,298,
109,321,97,90,313,291,142,257,59,262,275,3,218,175,126,193,206,16,301,
227,249,290,133,109,134,306,39,121,262,72,109,156,207,297,208,84,307,239,142,16,22,185,197,
127,254,230,206,145,231,93,77,35,200,122,299,39,64,65,212,
117,300,136,41,28,240,139,190,19,249,143,127,171,32,283,294,90,332,246,294,253,195,89,305,71,174,104,147,31,99,125,34,310,22,301,
328,129,42,20,92,211,222,21,106,89,160,141,214,45,254,328,220,9,139,286,106,132,266,55,71,105,200,283,181,231,136,193,237,201,131,303,306,14,322,68,155,12,67,5,83,125,212,318,109,214,315,35,70,188,199,257,53,190,271,187,
9,298,231,51,145,8,13,161,157,84,291,323,
16,194,231,188,247,111,213,112,
8,230,168,66,83,221,222,288,23,311,143,8,298,222,249,100,145,204,9,126,42,177,140,
146,322,303,297,50,
175,150,318,23,240,208,40,203,5,238,141,283,142,148,317,75,160,214,13,44,100,294,294,170,197,45,260,304,12,205,30,17,43,128,130,75,321,230,8,83,112,8,109,132,294,80,28,
206,27,286,195,165,319,58,88,312,
200,152,235,311,25,155,192,248,58,26,142,330,304,128,138,59,
197,174,291,211,289,298,17,118,193,123,8,14,57,237,79,240,37,44,143,45,133,267,11,70,142,328,146,238,288,21,159,96,146,162,72,50,279,307,26,146,183,17,227,203,83,329,62,264,212,320,
26,157,295,48,75,78,107,143,151,316,7,23,157,236,106,72,274,127,161,235,86,87,126,19,0,227,279,288,173,123,26,132,197,182,192,236,22,
97,248,205,144,123,160,171,123,278,
288,44,140,49,267,190,57,44,136,331,310,141,
140,32,206,25,224,326,
7,78,140,281,
259,176,242,40,300,131,100,290,293,
149,49,286,295,124,198,75,79,196,218,110,183,
128,85,280,178,91,227,330,110,328,86,290,235,327,150,53,326,
99,116,329,202,13,
313,
73,253,255,35,233,54,164,266,168,184,163,86,90,187,86,181,272,302,29,
225,242,236,65,50,191,64,104,6,291,220,
39,109,84,22,11,179,100,282,
299,42,45,308,215,138,208,175,242,245,75,84,297,212,
226,39,55,178,201,
305,277,50,242,135,179,188,203,220,
192,200,109,30,55,56,49,149,261,
313,60,1,55,237,156,24,200,278,207,207,78,122,156,202,93,318,104,105,124,13,30,212,184,35,
110,171,140,307,107,71,50,217,248,169,
86,140,82,73,
188,12,155,172,265,261,32,131,178,284,236,307,245,260,107,14,126,184,151,201,203,
332,310,255,26,252,41,315,273,194,60,85,166,203,83,66,
332,70,178,117,282,16,73,332,331,295,45,235,83,56,285,86,151,
199,320,57,59,326,282,
188,305,49,104,253,3,274,
30,295,313,87,317,239,88,291,237,326,61,226,327,
183,112,143,
212,203,327,43,251,311,262,116,324,202,60,151,198,62,226,327,
250,212,254,107,119,
16,213,87,137,284,207,39,314,226,203,
318,166,203,189,239,5,78,309,136,181,35,29,51,136,213,225,310,90,135,103,303,280,265,16,
33,283,184,139,130,318,83,94,315,130,329,95,322,60,72,325,168,146,175,19,263,64,6,275,66,147,186,49,147,126,219,267,291,109,87,99,23,134,146,179,290,193,85,45,146,123,71,27,
83,123,178,84,165,197,114,160,285,
84,132,83,299,
252,277,17,221,285,148,124,118,174,162,287,1,138,215,156,173,
314,111,31,
94,123,264,170,140,204,117,118,323,23,108,315,146,
215,72,87,282,138,
233,254,284,131,
14,62,282,77,265,89,58,181,123,248,71,228,249,125,80,16,20,176,143,
147,118,185,163,70,180,34,80,304,275,202,32,85,268,33,163,331,18,226,5,224,49,196,131,17,255,178,23,35,126,79,217,
330,90,242,200,3,104,
138,71,212,77,
293,34,204,77,
145,99,127,8,9,140,111,
69,313,33,287,326,181,222,
37,89,191,64,157,168,150,317,262,
300,55,43,203,259,240,
222,203,130,125,91,62,285,155,228,187,119,34,269,100,74,202,97,61,197,109,0,249,75,35,55,143,208,215,39,
93,254,127,109,235,60,133,228,
254,333,185,68,320,56,166,
131,254,3,233,171,108,303,34,304,
66,332,
35,227,318,324,5,301,67,303,80,86,161,288,259,4,268,275,
183,231,298,167,80,219,205,327,109,197,163,261,235,147,285,
70,288,212,137,295,306,277,25,47,137,138,332,14,203,221,24,59,60,85,207,286,82,27,136,316,
29,73,58,333,166,284,224,278,299,73,181,45,62,290,185,14,22,66,141,177,137,203,285,64,
305,289,51,5,0,286,0,
277,152,189,279,174,161,187,305,244,193,201,318,62,266,
303,185,212,34,329,318,309,331,115,70,152,233,78,111,201,225,252,192,99,147,199,172,131,237,
123,257,113,12,85,156,183,308,83,156,65,94,116,83,267,89,243,23,154,222,76,273,326,161,
63,83,236,90,216,316,127,327,67,48,241,226,47,125,203,6,225,51,333,180,197,235,
101,260,26,289,56,209,98,178,85,75,301,333,236,39,188,30,202,32,43,182,98,155,197,285,136,
201,40,277,174,
136,132,117,144,237,313,207,234,284,217,92,328,273,122,238,153,297,0,4,140,70,256,295,64,17,127,95,20,192,188,
126,152,116,239,172,243,33,323,237,128,235,334,328,281,293,20,91,111,19,59,286,311,147,180,192,116,310,77,131,132,109,192,
235,332,86,175,
136,90,170,333,228,69,214,192,212,67,
187,72,111,143,184,
171,148,243,269,73,240,56,296,62,36,237,256,59,143,271,256,109,159,314,310,136,1,327,299,140,89,100,31,
156,191,278,21,237,
49,146,89,235,181,286,292,
124,89,56,22,163,276,331,34,305,62,169,
231,96,170,123,113,10,38,242,
298,150,299,9,333,8,155,48,89,132,18,328,183,291,
49,288,254,
7,212,34,215,84,288,
226,283,170,308,30,318,166,135,156,21,187,141,273,306,237,
62,327,284,262,53,9,172,57,8,56,69,56,79,292,240,251,18,123,234,96,97,180,92,164,136,180,183,89,26,328,171,321,250,86,280,46,174,140,264,106,329,
185,92,132,159,94,56,
98,296,8,48,166,276,74,99,266,185,211,310,16,28,117,55,122,133,
231,178,204,212,206,
60,168,186,328,237,183,57,276,310,313,292,171,323,14,151,49,246,326,142,160,107,40,63,75,27,208,220,214,111,135,320,298,280,
99,98,35,84,298,313,
209,101,248,238,85,97,235,136,287,83,194,156,260,176,99,
25,87,282,207,204,76,7,171,307,239,10,288,
220,107,311,149,
264,274,178,3,73,189,128,312,315,236,181,199,222,299,166,327,156,58,255,62,145,279,124,197,
87,4,175,180,225,297,311,109,8,63,
13,189,13,202,100,139,193,162,81,167,199,72,77,81,233,99,261,189,152,312,134,9,228,291,216,294,
96,233,112,44,260,172,257,100,315,5,101,60,157,231,145,298,48,87,137,147,305,
159,144,46,171,2,313,
19,273,168,290,307,142,56,
234,12,49,5,109,
85,11,121,102,169,102,297,228,72,0,220,133,92,58,
181,73,264,329,280,334,22,54,60,281,325,69,325,
179,178,25,112,269,283,273,
323,126,50,38,149,301,167,225,93,283,27,221,205,290,106,141,242,94,161,285,30,65,198,315,253,
53,305,152,
280,128,204,311,113,51,
297,25,14,299,131,
135,110,305,24,330,111,
178,226,51,317,258,107,12,198,88,179,292,297,234,72,124,231,332,196,
56,332,192,259,144,
193,291,321,
230,166,8,109,127,260,78,21,116,125,325,257,192,41,52,171,217,168,74,209,251,
235,192,102,194,275,82,245,197,313,45,133,302,263,183,332,212,197,256,240,113,160,231,91,243,285,135,258,209,310,25,173,73,308,43,116,7,321,286,102,115,195,203,14,327,102,22,174,
154,66,297,
310,316,103,
237,197,265,171,216,278,214,58,70,168,180,116,251,316,220,140,
304,172,261,31,200,55,97,321,330,
291,109,193,1,199,51,13,310,257,248,
333,203,226,29,44,156,164,327,5,132,227,90,248,254,298,237,201,187,289,83,99,111,311,77,134,
277,51,23,236,70,252,281,281,329,17,269,283,152,203,133,181,234,153,250,333,328,149,
273,160,136,99,203,228,300,190,19,147,167,39,0,179,23,77,46,
203,203,270,333,170,276,208,225,247,136,17,75,164,120,35,176,63,197,213,30,208,273,46,329,
151,121,3,82,74,
152,278,29,140,312,323,154,200,13,234,94,64,53,191,
186,172,60,201,87,140,36,8,140,311,85,131,261,333,202,191,214,311,157,98,201,80,202,141,206,284,191,100,268,287,304,138,170,
303,25,228,
133,27,68,37,121,117,58,181,325,303,324,290,227,161,219,263,179,334,4,250,256,189,200,290,330,74,200,313,152,54,250,221,305,
256,46,308,90,
132,130,127,185,84,126,231,305,3,131,46,330,248,137,30,178,32,68,55,101,289,
113,90,306,
55,272,288,320,274,37,325,165,239,113,
127,147,34,45,318,308,332,203,152,100,223,91,294,75,45,260,127,54,107,
172,312,294,119,
3,132,179,83,254,89,188,330,
100,66,331,59,126,229,40,263,240,
122,265,33,178,174,95,49,110,45,
150,243,214,131,2,118,244,286,280,296,64,128,5,163,238,
281,284,226,4,7,41,289,
137,109,133,118,124,65,158,123,
100,8,127,35,40,11,5,
27,286,123,281,144,321,147,33,30,311,31,317,81,275,240,112,214,178,
26,305,319,295,193,317,122,26,99,11,58,183,291,175,114,207,201,305,49,284,158,259,90,61,227,9,258,210,75,267,269,131,140,254,178,136,216,288,2,164,266,42,164,209,130,74,323,56,310,8,165,118,126,94,322,317,184,42,296,110,300,66,256,133,94,297,318,124,89,35,120,4,94,203,26,290,184,332,305,
8,188,15,233,133,158,300,190,3,195,328,276,299,125,290,25,98,204,175,86,196,138,106,255,109,79,179,325,
290,26,12,221,290,77,64,
298,99,295,125,90,329,176,
176,116,173,92,317,60,297,51,87,231,
49,197,18,102,59,18,297,126,255,24,334,120,319,14,175,10,230,240,151,216,165,124,92,234,8,208,79,70,75,168,47,52,45,252,35,236,125,216,27,202,64,
174,14,99,31,303,
112,205,27,157,107,241,80,190,183,31,254,265,
220,278,203,32,24,50,168,225,
95,48,274,0,136,304,146,
251,123,75,42,143,237,205,220,285,130,230,
329,39,191,76,108,116,47,101,150,135,295,203,181,239,290,298,
12,172,63,212,114,234,
75,101,42,216,134,303,170,221,142,11,88,190,119,251,259,193,133,161,230,299,242,233,251,326,
84,33,86,250,27,99,274,141,265,177,
128,7,121,82,47,148,193,
204,158,182,36,243,217,125,14,188,255,163,186,270,317,132,80,126,317,8,197,204,
180,147,125,195,27,25,87,206,111,9,212,176,195,250,
288,73,228,49,73,30,129,245,248,313,261,227,278,281,319,197,97,187,36,96,312,103,119,27,333,121,163,251,217,255,315,205,232,20,284,250,23,136,208,258,109,56,311,
238,214,175,321,142,146,129,273,109,281,127,291,212,211,
164,81,73,236,64,265,
1,56,209,212,274,328,171,203,129,57,181,166,233,177,203,
297,275,235,277,250,159,275,254,278,212,281,319,147,104,26,110,33,199,286,
43,45,106,6,7,101,159,
87,26,274,116,127,287,89,161,208,9,29,59,228,260,63,215,101,176,160,18,141,231,96,252,
286,206,295,155,150,77,279,305,
289,270,147,333,71,258,305,135,216,210,134,83,
169,260,64,39,154,71,229,124,286,254,
4,204,24,139,87,191,245,213,179,170,307,219,210,281,307,322,
240,247,275,265,123,236,276,279,186,
45,33,15,49,89,7,333,318,23,215,234,7,32,52,110,299,300,231,232,162,231,75,66,32,128,22,334,131,279,86,155,284,34,147,281,
56,40,284,49,298,77,214,190,220,314,32,55,316,10,6,122,160,197,133,147,297,53,131,288,298,321,320,
325,133,234,82,135,322,327,248,165,119,105,181,183,281,314,204,303,133,260,41,330,218,
294,301,235,84,152,55,127,178,191,26,133,260,177,208,185,162,184,11,119,62,131,143,11,93,124,244,23,128,172,66,245,171,236,302,172,248,62,155,162,117,222,293,3,90,301,256,81,38,24,296,310,6,39,83,179,92,264,
265,286,83,221,291,13,170,0,225,250,308,56,157,129,92,164,
291,193,146,33,22,199,295,294,137,219,287,321,124,174,195,40,238,27,185,178,215,73,212,282,12,46,253,266,133,184,212,
299,264,55,237,225,32,13,155,254,
135,80,318,162,219,85,
73,86,64,261,
81,302,285,118,204,309,312,7,164,230,148,217,331,261,79,114,235,125,287,222,42,
284,273,214,76,110,64,235,98,299,176,151,314,301,181,230,8,301,81,138,280,215,197,291,116,214,325,211,319,9,149,233,35,139,219,
64,121,236,305,165,136,147,178,32,266,194,97,49,
59,324,126,35,50,68,89,280,10,100,78,280,294,
242,96,174,282,107,192,180,44,3,120,233,259,73,57,180,4,24,36,140,301,323,237,176,
79,147,8,149,211,23,
322,141,174,11,275,69,18,239,172,146,55,331,
259,52,277,35,79,7,27,158,260,
237,329,30,156,27,69,48,
105,73,248,
112,107,191,216,18,312,175,94,80,167,32,17,34,0,133,314,96,22,265,64,178,61,240,86,164,178,305,217,266,241,222,254,
21,131,31,39,209,314,224,0,58,15,103,2,319,156,
42,197,260,29,150,75,28,285,264,306,15,103,111,198,215,32,48,227,248,329,185,96,257,254,175,299,207,85,166,209,311,6,260,321,320,8,251,241,
52,149,277,43,13,183,259,291,
141,65,323,324,29,322,97,62,96,209,29,34,57,
49,60,324,190,94,221,6,42,279,
205,325,112,133,142,94,13,188,115,202,272,171,214,
79,136,270,73,199,284,27,2,274,110,18,28,130,260,
310,203,32,168,14,70,179,225,43,98,111,180,160,291,117,145,
92,85,146,182,142,192,
130,58,301,295,58,262,312,
280,59,181,
178,39,160,128,231,45,130,
45,197,239,300,265,273,156,252,16,285,102,324,280,182,330,180,3,294,103,224,29,274,127,316,175,315,314,161,7,117,49,186,43,332,266,
124,150,140,261,12,281,106,76,137,214,83,274,
133,235,311,124,235,192,8,334,146,39,79,56,265,314,86,100,79,169,208,304,153,262,129,104,289,66,82,322,168,333,272,137,29,24,190,132,93,85,98,291,89,
56,62,8,155,64,3,1,177,101,164,8,24,218,317,52,237,280,56,138,89,124,215,333,19,185,
14,235,188,248,174,297,213,
174,212,105,244,225,308,304,203,145,297,315,190,244,334,157,310,190,71,93,40,72,219,138,184,142,196,65,177,122,120,264,198,149,118,274,62,276,114,254,4,277,312,300,108,268,201,317,
43,244,326,237,92,326,121,314,83,34,333,127,175,151,100,132,128,274,258,76,211,52,253,45,71,231,27,180,
3,325,27,285,58,232,238,151,129,324,292,82,164,208,276,151,323,128,
7,45,26,82,213,271,72,39,
326,199,123,168,
125,137,222,123,298,2,126,
212,288,313,131,291,110,257,138,250,46,161,173,238,197,108,333,48,
305,202,91,129,110,271,238,123,289,133,
182,41,161,
124,149,11,137,107,218,199,
202,243,13,226,310,146,179,228,57,129,89,40,231,77,319,89,
134,12,35,270,219,178,64,70,83,218,293,333,
301,165,235,176,1,294,117,153,224,160,176,139,71,95,313,290,130,101,
247,207,121,326,110,281,203,138,242,206,47,174,105,82,59,107,164,244,3,46,290,6,
25,315,200,123,254,120,222,281,178,
321,267,167,202,286,97,215,294,70,79,173,34,98,108,119,42,
297,34,0,12,23,193,35,158,321,52,61,136,91,41,75,173,303,328,
308,265,123,116,295,313,140,274,330,94,256,299,311,319,81,65,210,227,
275,27,109,33,63,117,64,
201,277,35,226,13,
235,164,297,208,313,118,196,26,234,219,178,265,307,39,297,205,81,0,232,18,57,196,207,213,243,183,49,274,56,290,192,
136,162,318,1,252,79,232,238,269,97,127,316,325,108,123,243,220,118,300,250,237,
123,290,288,329,168,206,152,26,97,311,246,251,231,206,228,25,210,89,103,125,116,274,140,320,317,31,
285,134,66,178,44,269,224,251,332,85,
296,98,33,288,240,245,
108,244,46,168,76,333,263,310,329,213,225,94,64,178,165,329,114,282,64,71,94,170,61,
192,30,107,270,136,133,26,179,106,221,224,126,
233,248,96,72,41,118,93,311,43,132,144,218,185,285,73,112,295,1,23,
324,228,274,113,170,97,161,122,237,104,198,44,254,311,42,18,
35,235,73,27,313,311,131,169,247,
78,318,75,281,58,57,220,4,278,301,230,170,51,7,
313,149,27,308,109,133,69,282,150,177,221,313,164,319,99,147,48,76,318,248,
72,227,48,162,138,226,58,67,46,85,103,242,69,334,
27,66,79,
102,220,45,121,145,13,278,294,221,
295,27,70,13,325,281,35,295,197,317,33,149,222,316,37,298,18,42,250,308,207,313,116,277,116,329,109,128,30,57,129,318,264,49,46,159,233,288,329,
86,242,29,331,60,129,125,273,28,160,26,265,134,122,187,146,183,105,279,219,43,317,119,84,292,128,280,196,135,85,110,39,72,301,108,101,279,54,85,285,304,75,10,253,141,243,27,320,235,319,
44,316,161,9,173,287,109,296,98,273,167,45,74,242,329,163,158,196,112,123,185,321,333,168,288,205,165,194,228,96,271,83,212,105,76,216,168,217,285,188,318,
140,110,27,191,142,269,123,29,47,288,202,231,186,308,109,63,320,308,259,147,25,198,323,51,171,8,264,119,
179,287,237,310,150,278,294,76,197,68,
48,108,72,329,299,245,109,222,269,34,9,95,60,322,124,265,107,
241,329,324,116,54,233,138,272,42,112,181,215,223,234,81,220,49,
57,189,208,321,141,33,0,211,327,
60,86,179,209,298,214,255,210,212,320,235,271,204,33,85,48,263,109,9,300,0,133,102,36,45,151,176,45,
173,279,161,321,21,114,106,149,176,162,217,65,74,290,233,153,77,
38,200,12,44,330,200,178,282,28,137,100,206,38,292,160,306,212,239,323,308,231,204,219,131,162,141,189,323,285,102,95,
146,288,329,197,255,92,152,129,
282,107,288,25,124,95,210,189,12,60,221,248,74,225,192,88,172,29,170,242,29,109,136,53,27,304,189,39,199,
221,8,248,252,170,265,290,282,329,207,147,
232,1,136,140,120,205,152,143,177,19,232,270,321,312,69,104,
316,248,136,97,215,7,
324,242,12,67,53,172,253,218,138,49,311,189,64,239,318,260,124,59,241,206,154,39,96,218,278,276,72,134,272,20,224,143,2,314,
305,207,140,132,289,64,89,206,135,253,48,297,53,283,
55,18,115,64,71,222,69,166,263,305,148,303,51,226,206,299,207,93,139,
290,151,73,227,269,268,324,4,213,41,181,56,248,251,15,30,104,33,104,329,273,87,266,41,295,170,244,48,109,290,
235,176,248,102,216,238,43,44,93,234,41,
311,126,8,108,123,27,139,308,86,172,74,333,111,188,162,313,271,64,15,220,280,
297,87,82,98,24,176,177,130,308,141,222,31,303,207,96,170,
264,140,20,
31,30,22,295,314,244,117,111,205,40,228,113,
12,134,318,291,102,
141,297,237,111,122,162,183,199,
57,86,60,222,63,119,248,199,295,60,313,300,
278,78,29,156,16,220,104,112,72,282,126,
274,43,308,21,55,154,1,50,247,22,213,89,315,188,
165,271,83,219,28,33,316,
248,43,255,224,102,67,163,145,309,159,14,284,86,53,235,97,258,67,316,35,132,155,168,105,254,114,
318,44,250,86,125,64,249,147,19,244,166,194,74,176,204,57,87,334,296,178,262,11,12,138,150,66,209,
121,34,102,196,103,103,111,137,85,137,64,100,332,94,26,58,128,139,327,259,128,297,
55,300,192,
76,47,301,288,63,66,268,295,101,87,274,201,111,306,25,189,103,44,331,135,187,
204,73,318,231,1,197,293,204,113,
51,178,83,176,11,305,292,
22,45,291,12,318,31,146,231,235,39,166,11,237,72,104,143,
254,38,314,43,93,31,233,1,17,49,156,310,25,13,228,140,96,327,155,215,234,322,
131,107,150,212,127,117,242,177,255,
140,126,61,327,69,27,85,145,196,140,48,194,
284,16,188,121,
193,277,287,231,
288,160,149,132,198,214,321,248,190,137,146,116,219,
178,65,134,90,288,235,236,39,122,110,25,95,112,59,254,194,132,83,147,285,
298,96,98,140,
113,131,231,40,204,
53,328,
261,192,254,
11,124,39,100,
333,121,212,
212,180,291,12,127,
3,247,231,
32,220,310,299,140,
141,84,306,
230,75,331,
87,30,16,
161,82,9,149,
214,255,288,27,
117,168,131,98,
271,305,309,
155,306,101,308,241,
245,86,
103,72,72,219,295,
143,251,183,255,80,
117,166,58,
31,84,21,125,123,
192,230,308,237,
321,232,175,
27,140,139,70,
316,279,44,
197,320,63,
141,226,
126,278,204,306,
50,197,218,
295,130,49,
288,173,194,25,123,
297,85,305,6,
82,128,277,
26,200,62,235,
75,149,109,
107,112,242,
123,116,97,58,
157,112,116,
222,170,307,
103,310,281,
67,124,
300,136,88,
256,15,163,
166,254,277,
321,193,56,291,
327,128,212,30,
161,173,182,
167,228,321,
284,126,123,
249,155,66,
274,79,212,
273,295,226,129,
56,254,235,
114,108,12,248,
265,84,112,
191,225,4,
175,49,87,
41,270,
155,212,286,254,
274,303,235,329,
333,166,63,133,
18,90,263,235,
60,93,332,96,
231,183,176,9,
147,183,326,221,
285,83,183,
130,79,178,251,
303,174,64,111,
312,206,130,
64,164,
169,35,110,
244,137,172,
314,324,16,
163,150,256,
142,227,92,
191,37,
135,305,76,284,
285,34,107,
213,14,173,
260,295,259,
214,43,205,
8,290,87,
149,39,192,220,161,
98,298,
196,149,71,
140,237,232,31,
252,250,116,332,
328,297,277,
156,71,
312,17,264,232,
313,159,57,
293,309,134,
213,60,137,64,
101,87,43,
177,3,
310,197,332,
108,6,321,
104,133,309,232,39,250,
194,64,332,140,
257,
251,212,285,
276,3,
324,166,45,
303,297,242,
297,172,307,146,154,
268,114,206,80,
142,6,321,66,239,
196,147,140,
143,187,22,
30,192,
286,164,49,
227,35,308,
212,299,1,162,
157,27,37,
56,31,
109,8,111,234,
100,39,171,
77,173,273,
119,140,172,
316,70,165,
8,284,
262,37,130,
41,235,281,
259,116,27,
34,141,321,202,
50,146,220,
240,100,306,
55,304,132,
254,299,178,169,
265,122,237,
235,301,86,
213,64,290,
204,280,94,
0,95,273,305,
272,73,107,231,
321,304,
278,97,
131,297,35,
68,179,
301,260,109,
215,7,228,
3,82,286,
209,1,130,
31,27,82,171,
5,234,206,305,
57,288,
64,82,275,
234,152,241,
199,315,
143,214,324,121,
263,164,100,
84,9,121,
111,147,187,30,
33,165,260,
6,49,6,
316,111,166,
329,48,83,
243,202,174,
124,178,324,67,
128,43,200,
281,83,45,
270,259,
140,62,
110,305,
179,8,39,192,
112,16,49,
164,62,27,
265,199,318,
225,108,203,299,
1,301,60,
137,
16,109,318,
140,86,303,
170,186,297,
176,83,242,
62,39,
274,124,123,
