222,217,297,
3,59,169,90,333,117,153,75,
26,202,92,190,2,149,311,262,269,
328,59,102,11,104,217,7,42,195,36,99,89,217,
122,174,79,171,76,8,319,
103,3,201,260,325,245,174,249,
46,112,232,
105,311,119,224,258,168,106,38,252,171,180,274,49,104,
175,192,106,51,190,50,102,60,118,20,181,21,
224,128,189,21,314,40,107,324,83,209,311,96,223,294,280,93,124,198,160,
18,90,66,
114,121,202,122,321,202,78,270,100,172,252,281,54,1,172,95,122,33,211,280,264,320,113,126,24,107,163,185,
285,128,103,3,26,238,291,0,281,61,13,0,188,15,86,179,251,
137,226,92,334,66,147,274,36,299,223,37,259,6,107,34,217,169,307,237,114,20,270,303,85,287,267,28,220,285,214,300,204,102,188,144,100,102,20,266,263,121,242,192,324,12,
78,215,30,202,125,232,282,
0,116,303,41,51,240,76,302,
88,121,96,273,
104,4,328,244,74,326,
209,256,241,212,15,249,52,25,152,48,81,219,61,144,248,36,81,157,68,91,
122,227,69,270,282,157,52,25,7,
72,177,187,56,96,45,49,
243,101,211,76,35,120,244,30,175,231,309,116,20,114,45,151,205,
310,256,202,164,173,162,151,324,267,247,163,248,48,29,220,322,303,292,293,
294,140,220,142,200,194,
68,88,45,113,273,291,195,209,158,
14,278,216,89,49,205,242,145,208,104,310,35,120,316,264,265,204,21,
180,273,281,312,293,191,230,221,22,5,205,334,247,221,53,54,194,22,42,194,81,113,13,334,144,216,27,296,199,205,326,309,313,198,110,24,33,167,
285,20,117,160,253,146,196,111,256,255,293,53,117,279,33,258,200,214,219,172,271,
135,288,139,38,288,198,198,208,
179,88,242,145,113,28,244,322,240,266,
21,126,185,224,14,137,252,
32,186,213,232,82,139,205,18,
298,60,161,241,212,39,268,161,325,231,182,
44,265,195,80,261,115,327,168,191,276,303,30,40,215,217,140,290,333,73,153,51,181,310,148,
113,179,172,56,16,53,136,194,
304,219,166,141,225,269,57,329,240,269,145,199,136,295,
147,322,103,327,128,254,300,148,15,96,33,234,222,
103,286,16,73,141,176,285,78,31,22,183,330,136,153,155,2,260,297,120,259,
71,311,280,161,254,246,118,
94,202,30,199,221,226,65,140,244,305,99,
35,138,55,267,246,54,235,123,14,262,260,
101,136,304,167,30,70,78,
78,219,103,78,186,130,273,60,97,131,215,
288,38,202,128,237,212,49,135,200,97,295,143,310,
167,101,326,175,281,48,124,33,248,295,276,205,
25,217,76,28,
203,2,105,122,155,191,286,
123,100,242,79,92,4,298,
256,260,54,307,163,23,292,299,129,139,
100,8,99,292,307,286,
117,163,283,96,172,
204,279,1,7,149,316,119,224,305,151,291,238,8,130,331,18,228,300,15,72,131,207,231,143,306,317,202,307,319,95,241,242,287,123,56,32,98,257,
54,213,180,69,287,248,82,63,198,219,170,124,95,162,150,130,122,219,316,256,216,245,92,242,122,
2,90,130,157,110,215,149,235,160,234,251,102,167,264,
96,325,290,88,92,168,224,22,9,217,
321,16,92,184,130,330,31,74,153,166,34,97,66,139,48,176,65,111,176,270,151,45,120,217,158,211,260,84,
114,129,192,196,177,297,74,231,229,27,29,237,253,319,270,70,
129,221,286,114,311,274,29,68,11,
149,112,16,113,1,
328,0,215,16,179,42,175,
198,329,224,
262,26,30,64,
30,99,44,94,71,78,74,152,326,80,6,147,78,304,
192,281,115,115,323,164,102,187,269,83,102,167,322,290,5,19,242,129,141,220,74,18,42,42,2,130,175,45,275,182,127,214,276,207,15,222,9,301,
234,202,177,147,294,56,91,228,303,
130,189,103,38,200,7,144,158,44,177,49,1,32,73,121,225,226,107,167,151,267,199,191,183,21,67,248,244,5,65,219,111,286,281,144,54,172,93,33,
194,75,132,241,207,219,233,294,126,
103,49,298,183,205,197,25,153,
172,81,189,263,333,103,172,111,159,293,177,308,234,184,54,63,77,116,25,3,64,288,154,
74,57,102,192,42,188,291,45,89,286,269,32,275,286,319,59,227,271,95,185,186,4,125,216,297,334,127,206,250,167,
244,70,184,161,259,26,136,75,79,157,295,69,258,275,267,94,
152,80,244,116,39,307,18,15,170,322,96,309,203,24,140,138,150,150,6,67,32,233,199,2,332,98,284,206,102,83,
296,156,2,180,145,52,181,132,40,298,275,279,
225,72,30,
149,2,331,240,188,116,162,306,178,207,70,
33,157,303,130,130,
284,202,206,132,326,152,75,240,
240,145,81,117,194,0,8,266,99,285,205,266,47,192,219,132,304,331,121,
186,147,92,24,118,32,157,292,
312,97,127,
77,138,79,248,113,192,186,68,227,298,167,257,307,173,
269,112,71,249,229,234,88,4,78,72,285,1,248,26,312,118,
247,45,180,158,158,233,8,127,59,147,330,283,281,307,78,300,
55,4,123,247,25,307,212,280,26,37,154,2,91,219,247,587,25,252,154,195,246,160,176,195,100,275,317,48,180,322,32,65,75,290,170,149,111,270,91,246,302,148,50,121,320,195,318,24,144,157,284,258,117,315,35,
269,30,121,260,197,8,156,139,254,113,45,77,
208,124,74,19,16,101,51,206,131,273,323,136,242,70,285,14,38,283,201,153,173,220,227,154,109,124,207,267,290,169,278,222,293,267,
242,264,168,250,179,118,50,94,88,331,301,72,123,69,285,183,185,
167,246,248,101,15,99,318,
87,236,129,
177,294,104,50,277,244,116,31,234,203,132,
329,
292,227,127,82,23,
280,293,196,147,148,331,316,78,
163,193,105,
270,45,330,150,118,298,228,217,14,314,131,223,224,3,104,134,148,319,116,210,199,36,147,153,164,99,60,276,114,5,193,217,236,160,233,237,178,117,
88,129,109,5,91,231,
185,156,199,164,21,282,117,228,254,12,165,289,143,119,
99,77,30,302,236,113,250,266,112,272,30,253,62,88,9,39,267,127,161,334,198,254,268,326,87,267,240,251,94,149,167,182,
206,279,180,3,327,265,284,333,236,184,232,295,176,230,132,
248,257,136,297,79,296,4,174,
184,130,272,129,152,310,241,31,
194,268,99,3,45,31,211,194,32,241,325,28,286,93,46,204,293,18,313,101,79,240,74,172,146,83,138,
113,277,158,55,123,107,0,246,331,276,75,168,
64,19,214,291,201,118,26,11,187,237,113,216,228,152,159,158,254,94,144,94,262,36,50,314,172,26,121,302,
279,58,206,79,309,78,190,237,164,101,281,163,297,280,138,128,
116,319,253,28,69,303,252,0,273,15,42,269,71,213,
24,311,182,7,156,246,150,39,143,99,157,186,
100,55,191,204,140,244,187,201,267,303,222,284,252,301,208,320,134,239,61,81,317,231,272,324,80,215,250,174,113,22,113,181,261,178,48,142,190,271,223,1,130,248,
82,50,297,95,273,72,227,292,195,145,
2,315,327,163,49,4,177,292,212,332,103,146,179,179,312,234,277,3,133,108,26,321,120,114,120,149,80,296,26,26,
153,224,46,44,237,195,
46,150,77,46,209,164,181,64,153,78,110,169,271,
291,100,33,62,236,27,62,257,151,21,48,222,281,242,8,203,48,301,136,139,323,326,270,178,87,68,241,165,42,170,314,102,285,93,246,329,293,129,110,151,244,323,142,
41,241,247,0,218,22,30,122,218,
133,63,93,19,299,66,
330,99,301,
190,175,142,321,25,101,39,149,169,315,
15,147,15,278,254,53,288,105,211,296,
50,130,242,291,35,181,45,153,82,197,186,213,69,134,279,299,27,92,34,
329,178,3,260,198,92,308,
104,307,319,320,26,244,291,299,8,144,145,332,
114,279,270,212,130,146,43,315,50,
113,149,297,222,
77,31,224,
0,310,178,12,21,98,67,118,223,138,86,112,58,232,210,285,279,247,193,224,230,185,105,59,
120,200,211,8,129,147,299,159,172,10,14,224,40,110,161,155,331,40,4,
227,82,77,
129,4,104,94,102,
182,291,156,99,
282,280,112,185,296,246,55,4,122,15,202,189,22,327,246,
15,26,203,276,209,206,299,120,265,209,157,27,2,207,65,24,
177,19,26,133,53,202,88,72,183,156,197,6,168,
286,81,269,292,81,
246,17,289,292,60,196,231,21,47,100,142,27,272,136,272,174,330,35,163,111,227,179,85,270,282,
323,202,136,309,236,13,279,
224,21,105,266,268,153,150,80,4,77,94,293,
103,67,50,50,260,279,171,181,19,139,147,92,219,222,153,179,44,78,324,303,150,242,277,295,77,143,239,10,48,297,90,303,
201,64,296,145,15,323,84,263,57,51,
116,81,113,
303,116,42,142,202,334,260,33,310,4,
10,42,41,299,6,16,10,4,27,201,175,259,303,308,190,20,177,227,216,110,99,217,96,163,214,334,6,57,
266,117,665,5,49,52,39,137,10,184,245,181,64,87,61,285,95,73,93,306,13,168,248,90,230,90,120,241,256,57,160,162,119,280,246,9,53,224,96,161,205,161,214,256,226,304,37,196,116,
99,260,311,10,49,95,21,96,100,299,330,56,190,222,
320,255,332,188,238,157,85,
51,297,0,
136,19,130,265,118,326,180,46,177,23,41,46,227,
200,48,112,45,273,140,150,120,48,113,177,76,328,61,49,246,233,284,294,257,331,20,82,73,1,104,309,172,125,226,134,202,179,303,321,285,227,
202,16,88,25,177,333,234,48,177,34,26,323,114,323,177,114,310,242,281,
5,25,308,254,88,15,319,148,72,302,313,333,
200,59,295,212,14,188,313,316,151,128,280,166,208,
333,44,200,151,209,26,273,126,265,
3,113,160,325,315,311,152,173,298,206,41,230,221,166,329,147,263,41,113,188,92,50,296,264,100,313,97,56,285,100,304,227,81,214,313,129,
314,79,83,45,232,224,64,203,204,141,174,
287,99,313,209,224,72,
160,326,147,129,73,
20,30,4,200,324,204,79,285,10,145,71,6,321,18,149,220,217,
159,45,26,33,
99,270,328,234,21,
150,103,293,270,265,250,221,
310,95,75,230,69,162,128,63,82,40,0,195,85,8,330,301,129,168,174,178,256,237,271,139,27,
88,49,157,160,155,203,53,148,102,203,5,285,138,32,172,253,149,160,241,189,89,235,80,91,183,123,140,127,4,149,320,94,59,
116,326,221,251,143,64,81,
202,206,280,94,64,4,49,85,285,288,220,101,69,169,292,330,195,289,102,
76,328,69,200,25,327,109,258,14,210,309,170,122,
59,47,138,253,126,150,114,200,284,328,188,3,159,121,270,
217,42,270,3,126,222,10,190,46,81,
197,198,172,159,147,
42,200,328,116,303,175,328,49,
295,273,200,181,147,38,281,279,167,235,298,153,157,252,260,107,234,313,332,330,295,304,
217,25,328,79,191,63,108,134,174,
57,100,304,78,17,186,175,251,249,
209,189,164,41,71,85,
79,279,256,60,203,101,122,142,220,273,268,266,242,313,
12,272,186,152,137,
278,8,270,132,88,332,108,9,83,19,
127,130,192,161,10,249,290,292,312,84,139,291,88,
3,2,111,69,93,126,206,1,319,157,234,52,54,285,90,126,307,298,112,
21,149,324,99,42,175,14,
120,15,243,35,106,275,237,34,232,227,17,
232,64,249,255,19,95,174,206,73,140,189,217,247,289,173,129,23,47,59,152,162,207,46,152,306,250,268,49,150,296,
141,24,134,314,128,
93,270,178,297,133,195,16,70,153,272,239,69,
311,244,39,71,82,31,243,88,224,164,318,38,49,
110,244,0,83,180,80,157,174,
279,158,147,24,209,127,219,149,
121,279,179,305,24,99,137,73,161,269,88,180,240,163,36,55,
289,53,130,20,12,12,185,24,80,127,191,223,192,269,21,172,150,185,163,8,232,237,190,151,14,310,225,308,20,216,3,287,131,58,
153,178,270,189,286,324,117,16,45,88,331,
107,224,79,132,4,124,78,11,
259,26,244,285,106,97,16,
273,45,185,8,82,333,132,29,126,148,68,193,
254,99,17,77,92,190,255,71,147,94,
90,140,269,158,3,18,
45,305,49,280,212,83,47,52,104,217,101,109,258,186,37,69,137,117,270,236,26,229,312,149,85,100,247,19,72,161,193,243,308,67,86,175,48,310,45,39,304,156,21,192,251,58,138,135,292,268,288,164,300,261,100,269,73,249,
181,81,315,49,253,50,242,215,24,297,174,213,311,304,44,214,319,313,
195,134,234,153,
303,138,116,127,306,
269,286,74,120,117,303,147,148,278,
167,88,149,
17,92,57,208,
261,229,203,265,165,170,66,185,18,80,193,300,309,21,52,175,320,95,204,100,285,4,5,253,130,252,278,227,264,80,91,289,302,89,307,181,
138,327,13,69,26,31,67,202,207,172,233,260,88,327,106,220,227,102,38,101,135,75,147,260,305,152,112,10,54,85,236,59,332,321,241,157,88,194,6,88,113,311,279,115,6,255,57,
39,58,189,128,133,180,208,
138,178,119,290,77,113,133,211,303,172,319,113,124,216,
241,194,39,173,243,281,298,257,55,37,41,311,103,171,164,184,158,267,71,101,236,147,114,194,233,222,112,
251,72,111,22,42,213,265,99,
168,289,52,6,182,71,145,180,177,155,
187,178,244,193,236,304,72,116,259,195,1,237,
233,150,109,81,37,218,265,306,26,58,217,262,81,244,277,112,288,87,227,42,298,328,60,96,262,274,100,64,39,237,319,68,249,183,
56,56,100,246,41,54,175,290,27,285,94,46,256,182,93,303,
115,124,215,
109,88,95,269,166,235,94,185,4,89,294,
92,113,328,283,87,208,42,245,173,132,0,150,90,50,136,95,186,
265,271,44,91,317,132,83,168,2,115,72,97,262,3,330,223,254,321,331,298,143,316,316,
66,58,113,18,104,92,
313,49,200,24,169,182,130,99,181,
149,26,2,321,311,
220,202,224,157,294,326,269,310,75,74,167,119,
216,279,293,285,74,117,250,102,196,145,
79,20,29,269,301,332,133,132,279,140,252,314,331,222,77,215,217,78,136,123,
117,195,266,216,55,269,285,150,18,44,84,
79,107,130,279,97,64,180,36,146,156,34,193,
36,79,230,283,289,77,16,54,
306,232,78,38,251,303,
274,215,129,86,168,191,
304,105,187,46,157,327,
80,2,319,63,301,190,17,150,
57,153,168,158,58,0,13,226,313,252,147,6,221,16,190,300,218,72,96,256,281,35,54,
206,291,0,257,288,234,37,153,256,29,227,195,204,152,218,
237,288,120,187,119,151,161,174,72,273,270,222,
97,3,270,106,299,
31,5,221,256,166,292,67,97,283,42,177,77,
31,249,105,94,
19,91,111,308,249,1,26,64,226,93,159,285,64,157,175,157,259,334,7,174,121,25,28,219,322,181,150,39,47,104,289,177,198,133,292,234,222,175,81,263,30,278,
81,39,147,20,286,3,209,167,285,47,116,
294,301,69,177,55,127,178,30,26,133,81,177,208,185,162,184,234,190,296,77,125,11,109,
291,228,187,206,64,154,248,147,278,52,182,301,
95,265,49,92,193,
241,213,331,149,
288,269,206,
54,92,57,116,73,55,29,129,94,131,9,289,329,169,224,
286,170,6,44,140,302,84,103,47,24,25,265,280,
147,98,264,295,24,77,149,184,89,38,102,290,197,215,279,246,59,81,186,279,293,241,207,234,144,
174,130,297,123,121,331,311,60,67,122,326,21,192,275,314,
186,50,12,98,39,13,72,92,
193,95,29,163,56,
164,192,241,181,209,45,188,203,310,7,188,117,198,77,86,286,78,39,323,
230,293,279,200,108,278,168,276,142,202,116,36,278,331,206,323,144,
198,92,91,197,318,327,276,34,91,166,325,204,257,191,289,17,41,41,215,292,71,264,84,174,174,277,
81,164,76,134,320,244,54,172,116,240,316,160,181,157,208,200,92,62,163,259,43,95,146,217,297,9,52,76,267,
311,174,36,239,157,0,241,69,207,254,15,61,329,149,
167,53,67,164,50,318,65,234,60,283,74,
180,327,130,24,67,215,0,323,198,59,81,191,280,
100,137,246,36,323,234,54,91,233,297,176,
0,78,293,285,233,280,147,25,267,118,266,18,3,
129,232,177,287,88,39,87,66,253,327,
102,16,249,277,25,67,30,
179,112,93,200,48,246,121,62,282,
147,92,25,187,199,137,15,329,198,164,185,
130,21,233,33,50,79,262,94,108,261,136,83,298,313,292,213,33,
101,174,207,35,138,325,255,157,194,322,1,62,258,202,134,187,171,180,185,189,322,167,198,312,243,234,
8,269,158,25,257,312,73,150,
70,209,208,199,10,66,172,307,
134,166,101,291,326,222,195,141,223,282,171,
213,43,258,112,32,124,32,194,318,241,119,
293,216,323,248,280,230,246,269,330,172,220,258,188,235,
248,89,269,234,321,167,
217,233,270,220,95,148,161,48,103,118,11,213,236,86,194,118,169,253,199,18,154,294,288,96,74,20,
113,147,190,88,245,27,55,45,38,66,293,196,312,
311,3,314,119,81,306,32,4,236,7,99,180,39,103,227,258,26,183,
219,19,70,121,144,286,85,228,78,124,1,92,106,218,89,304,180,36,64,292,118,232,126,179,125,300,108,169,165,240,229,262,136,127,156,239,240,53,191,
166,5,119,67,14,189,213,279,277,36,120,269,329,134,150,304,161,199,69,133,94,331,81,323,
145,38,240,142,227,256,88,231,290,254,276,20,296,201,274,269,216,
297,149,297,26,301,54,97,279,200,297,302,
310,228,224,259,25,16,103,324,200,260,321,56,247,7,302,247,39,288,
296,65,290,208,24,54,236,47,214,225,296,1,282,290,297,174,109,102,248,207,101,259,232,274,
219,55,63,230,125,202,136,203,163,196,319,257,41,179,237,246,124,292,113,180,295,233,215,176,271,209,272,117,107,156,262,230,274,168,50,120,33,176,
94,231,285,232,325,69,132,134,228,326,129,86,197,83,31,244,190,
242,279,14,54,279,315,108,206,204,25,64,198,54,175,270,202,
75,232,138,34,110,194,169,126,65,58,321,318,334,88,158,3,
239,103,157,
18,194,231,47,37,188,50,280,244,302,165,3,284,51,46,80,117,326,0,
306,266,233,49,311,139,192,15,93,18,140,150,236,169,13,28,26,287,333,320,
279,216,79,147,96,23,114,14,212,285,65,273,135,127,53,280,0,200,
285,120,39,56,219,156,49,187,215,239,5,51,157,14,284,259,133,92,179,40,48,116,240,149,134,20,150,158,84,153,24,298,111,172,167,279,78,152,66,173,46,291,70,83,
297,113,103,260,103,319,15,82,133,253,40,221,119,118,233,222,118,
25,0,52,220,25,259,102,
324,247,53,293,219,190,66,121,334,165,215,11,100,21,54,22,88,143,7,73,218,270,
105,53,121,219,301,275,128,153,161,188,149,122,57,206,273,273,20,118,66,156,189,26,228,50,156,324,5,136,288,9,247,302,0,88,98,
116,303,116,325,270,69,23,266,
94,64,130,132,312,212,8,150,273,257,
118,211,269,220,323,65,223,322,190,66,275,319,71,331,289,
183,62,161,157,234,167,173,263,112,249,38,250,174,221,
292,291,168,80,247,171,245,130,118,310,4,100,163,105,
4,311,176,202,104,256,149,129,144,244,180,290,88,16,173,
221,132,249,101,220,99,76,288,170,11,129,144,118,116,129,183,21,
265,111,222,95,161,28,18,92,318,
152,64,64,205,169,299,113,180,121,100,329,41,321,46,189,205,332,
25,286,59,127,59,311,151,303,57,305,184,104,102,202,327,131,59,61,280,229,147,178,207,236,134,5,150,8,
270,164,240,150,116,278,258,317,97,147,138,113,299,216,321,122,327,158,242,
58,25,233,57,269,114,323,107,0,150,282,286,239,27,49,69,82,116,66,316,32,99,178,177,
4,20,2,113,150,132,175,26,269,282,155,175,303,
244,91,110,130,243,212,81,311,278,283,289,39,223,29,222,174,298,257,46,26,80,92,18,70,104,36,156,309,286,197,257,286,277,302,
2,92,275,203,156,238,326,165,265,108,175,304,226,155,
132,278,193,194,321,206,86,80,179,78,36,237,190,66,
293,172,324,210,119,0,150,251,269,275,285,37,255,238,193,
281,257,84,106,124,192,81,149,207,198,167,239,274,244,95,63,212,219,83,69,138,148,180,36,170,203,181,217,295,121,46,5,316,125,157,65,96,8,33,331,279,293,
26,78,181,64,60,169,213,56,259,324,306,17,111,246,159,247,106,206,
70,219,244,129,149,
267,260,35,287,
297,88,248,312,334,3,
113,209,100,180,152,269,116,23,202,216,68,293,334,138,265,
38,135,306,
45,112,117,35,212,321,68,273,4,159,268,326,115,178,
326,220,99,160,
49,291,58,288,150,94,17,259,78,93,
151,310,227,147,321,69,200,285,319,288,
227,120,233,144,81,10,208,147,145,151,319,96,69,179,29,317,267,323,
263,183,291,190,8,
69,116,49,320,129,153,38,271,313,271,294,206,206,227,297,164,11,202,93,
217,205,267,241,121,22,321,48,261,
246,100,303,54,145,206,87,21,204,328,152,227,56,112,106,234,319,277,256,46,50,71,281,
157,24,138,141,162,49,13,33,111,146,213,300,
309,243,244,31,13,
150,220,280,303,32,296,264,232,117,327,334,263,4,92,31,308,86,94,234,
52,261,209,75,25,129,61,81,168,202,126,38,63,265,326,326,169,
55,54,241,173,
14,217,20,150,166,187,143,94,306,319,166,57,113,194,131,274,330,175,330,327,286,253,103,259,90,78,106,181,60,74,273,50,18,248,
260,278,297,111,120,174,290,269,293,302,218,329,36,183,320,
205,158,217,320,273,267,39,313,32,
188,149,320,99,
158,247,93,92,41,129,203,41,329,225,226,205,8,277,272,120,176,94,206,68,309,279,134,
136,244,92,103,158,101,323,310,271,286,299,304,
178,49,126,16,278,161,106,33,95,51,68,174,91,319,133,263,246,254,108,251,160,138,93,153,25,167,321,329,131,
246,280,24,12,167,40,
102,328,241,209,291,25,154,238,30,295,11,184,303,
132,303,98,116,149,154,148,90,244,280,225,177,261,185,265,108,142,145,59,268,153,294,
185,25,141,47,149,243,299,22,140,111,310,103,79,133,96,199,147,274,9,273,175,109,287,
157,35,253,313,96,125,316,145,203,228,77,8,311,161,239,222,83,
227,189,326,289,331,193,122,156,
100,291,60,123,156,25,246,322,264,168,234,257,56,258,326,193,241,205,261,57,74,277,206,
126,3,92,191,114,255,333,180,
203,291,88,108,256,83,267,303,13,289,278,217,66,278,319,4,162,282,256,270,270,156,271,209,
324,186,265,26,20,251,37,293,105,40,95,178,313,275,302,
121,184,88,77,
291,100,49,204,315,261,277,24,9,76,263,63,90,127,64,135,281,13,225,201,134,292,171,20,68,13,107,126,
260,295,35,99,133,110,267,57,19,154,50,26,329,245,17,95,290,
249,209,19,183,250,96,31,278,75,162,45,
291,178,104,328,13,197,
285,19,91,81,30,232,94,203,297,44,114,197,142,9,73,330,252,151,
191,180,203,13,274,
222,265,88,237,99,
78,164,14,306,72,54,216,107,77,266,5,
171,291,168,198,
112,169,192,259,65,45,261,205,0,200,188,269,1,138,314,107,268,33,302,246,154,149,29,3,102,250,297,99,
16,238,218,56,215,197,266,149,328,328,153,310,164,
175,42,57,242,240,
111,3,265,73,126,251,86,286,81,42,48,277,185,11,211,216,329,295,
200,230,310,107,145,266,131,248,
108,39,152,57,85,178,34,150,33,248,48,275,286,30,27,196,306,
190,50,78,161,132,263,173,94,206,
88,99,202,177,73,167,297,54,58,209,222,92,
77,172,157,250,244,46,231,136,207,227,321,103,254,45,164,312,36,294,121,
161,183,154,178,45,316,99,157,189,26,327,244,121,21,318,256,71,63,169,190,160,40,35,
139,287,135,26,12,256,281,310,
126,21,59,23,22,30,327,276,274,69,186,301,306,186,246,244,328,72,139,175,153,156,
286,100,111,8,116,33,177,12,
78,132,102,269,108,78,190,334,36,0,79,57,135,46,278,318,280,54,222,101,119,
321,200,132,248,
53,105,193,253,285,167,275,324,45,49,155,272,270,243,104,282,130,156,255,196,266,313,162,187,17,167,
247,158,119,268,200,17,127,85,105,296,30,
227,91,246,50,176,122,189,130,192,292,296,120,246,65,299,194,271,136,
69,58,128,122,276,3,
244,233,264,130,113,265,30,26,285,190,187,213,177,309,325,4,300,233,292,
95,28,110,107,154,310,170,181,186,59,201,40,51,185,116,290,65,294,322,65,83,149,283,209,194,107,133,249,141,105,74,227,184,76,309,268,227,54,290,27,136,108,0,107,
198,275,54,24,155,270,326,279,135,191,197,171,214,211,51,72,
60,234,258,167,
149,183,16,21,178,4,167,227,85,181,99,147,176,297,271,333,
86,75,206,150,141,132,144,274,198,
273,116,279,79,147,136,68,237,183,184,205,69,94,
258,55,260,31,164,303,247,60,285,181,116,
0,57,110,114,105,251,328,254,
331,200,327,149,249,110,88,8,109,181,279,120,153,198,227,240,213,59,127,129,71,39,279,
105,304,205,145,50,332,235,31,158,40,53,104,132,326,163,292,
15,309,120,109,313,311,9,12,158,282,313,
49,79,88,202,113,119,123,99,257,309,313,123,105,231,72,
181,46,26,156,
49,30,200,95,256,326,42,
249,102,59,72,172,232,132,255,154,296,289,33,96,269,61,156,214,274,
146,84,114,176,282,
287,112,27,97,139,51,71,80,82,316,134,
164,72,78,24,269,
119,44,126,193,31,297,257,322,185,202,42,175,228,52,133,324,78,
166,321,64,89,14,297,
280,92,55,312,179,195,98,322,22,286,22,202,331,282,173,21,99,95,59,113,168,128,279,324,98,128,238,150,186,109,23,194,106,334,215,6,109,106,71,37,327,267,25,64,15,41,219,183,143,224,13,
307,152,275,101,0,53,72,203,14,42,249,81,223,173,221,329,216,89,296,216,
269,58,0,193,288,187,109,90,287,172,31,43,304,199,
321,77,178,138,206,213,219,
205,152,124,125,100,105,138,95,284,72,103,271,308,35,162,60,
177,172,132,129,308,
147,120,7,162,224,291,113,174,327,79,75,59,166,227,270,160,273,173,171,330,303,334,166,
106,219,280,97,268,125,265,278,205,306,92,331,
88,113,15,68,138,121,324,75,297,69,278,18,279,286,328,269,179,
72,205,57,186,287,11,169,71,56,198,
119,293,230,247,3,112,311,66,269,138,104,251,253,202,83,88,213,54,78,210,267,220,
309,261,200,251,303,25,67,70,159,323,179,34,4,158,161,
156,269,105,181,132,144,322,163,
279,130,198,79,325,142,124,158,249,138,121,66,331,
104,66,200,256,332,258,129,208,273,31,7,322,
112,203,233,3,148,121,30,227,28,112,242,318,94,129,173,291,262,226,85,282,140,127,145,179,162,46,160,250,279,241,
128,45,310,322,97,39,148,9,129,168,216,272,88,288,224,141,69,275,81,31,201,277,125,294,
184,266,244,132,25,54,61,292,147,267,258,270,38,227,99,235,307,275,241,97,238,249,295,299,57,172,72,14,
130,81,2,104,156,184,279,180,63,303,19,84,125,127,173,68,107,118,70,295,
113,244,64,92,49,68,100,34,309,22,193,278,
234,18,183,9,68,295,60,195,334,206,187,246,0,248,147,167,83,200,332,99,217,249,132,318,130,150,
142,145,
72,277,251,177,161,301,53,225,164,237,80,
277,274,254,311,113,191,15,236,283,313,244,191,119,313,189,185,246,72,209,254,53,185,250,133,160,12,
175,254,167,126,34,47,185,72,168,299,
193,232,0,261,55,132,213,269,66,100,158,192,174,175,193,138,9,1,142,250,
308,279,94,303,121,173,267,
270,286,93,199,188,
70,12,62,212,63,2,130,200,206,261,267,58,157,229,128,266,313,5,102,327,62,222,176,139,283,246,110,244,208,262,222,289,267,317,167,234,130,309,108,71,114,
326,30,136,52,174,98,150,18,
319,178,34,126,104,207,74,38,80,89,207,219,54,298,151,197,5,164,176,
132,4,92,107,278,
93,179,306,333,320,130,23,
92,266,240,36,11,270,52,309,126,198,38,147,54,250,303,326,78,279,321,186,239,258,219,14,151,168,248,280,111,141,289,284,43,101,41,50,66,246,244,221,212,180,186,298,26,254,77,65,0,17,106,123,
164,147,175,207,69,204,
235,109,215,135,188,35,293,
279,295,103,230,306,276,163,127,308,263,304,242,1,
48,109,128,293,124,35,92,30,296,226,26,245,302,61,113,257,333,275,307,183,72,152,294,113,256,309,138,9,72,200,212,234,160,257,277,307,119,109,311,315,120,64,27,334,323,223,186,326,332,234,197,56,310,119,258,
6,106,129,57,245,166,138,158,221,168,281,285,20,276,149,310,188,228,
8,87,310,286,278,101,106,174,242,299,239,68,273,100,127,122,
30,294,162,225,262,132,128,133,251,19,130,
202,282,119,169,2,
256,273,203,133,290,209,300,164,3,25,39,310,260,151,71,66,12,79,109,181,230,31,111,
129,146,54,160,3,
96,117,99,190,28,262,50,
257,8,248,
236,327,25,323,36,87,135,
158,57,130,64,85,147,58,232,7,71,321,54,152,78,229,
189,274,39,105,226,277,153,227,229,140,261,127,18,224,241,209,227,291,96,307,19,282,294,
157,19,81,110,209,152,185,183,16,251,327,233,
68,129,234,77,220,
303,10,246,150,0,197,7,278,293,42,228,12,108,222,264,254,
26,45,319,295,193,177,122,26,99,11,183,291,175,114,207,201,305,49,284,158,259,90,260,233,9,258,210,269,267,269,131,140,254,136,
129,128,184,81,95,238,70,211,331,225,14,
330,293,147,295,77,
102,202,129,2,
184,206,102,108,121,78,85,
254,185,178,160,145,277,175,5,99,313,196,223,61,320,171,132,272,19,
150,200,108,3,99,131,244,306,91,24,313,19,268,46,303,326,280,25,49,
297,31,174,325,76,51,281,297,7,260,329,235,180,146,69,66,185,93,88,277,74,
303,147,308,269,89,
0,256,197,249,46,33,94,147,206,224,227,182,269,328,184,92,176,307,131,175,48,121,247,276,314,92,130,15,92,102,113,
81,227,294,130,54,24,
272,246,128,9,184,238,292,44,304,
307,70,104,170,176,77,100,
24,239,207,114,196,147,113,316,235,123,72,70,280,141,276,40,59,319,285,58,118,15,273,121,180,290,32,286,71,313,
127,8,299,
130,70,225,244,326,194,299,218,54,158,237,134,174,45,97,178,307,256,2,18,40,234,297,53,301,93,171,
120,2,64,158,179,24,
327,94,172,408,138,225,121,296,8,264,90,181,236,115,235,2,60,179,14,159,246,128,148,158,274,291,215,188,331,33,130,267,47,92,328,70,293,205,270,306,
215,293,142,326,78,274,265,328,35,37,108,235,
172,73,325,166,246,77,287,167,195,63,48,318,96,10,186,258,248,183,172,59,304,286,138,21,32,231,226,177,114,200,218,223,129,248,205,75,247,285,
158,134,327,223,152,274,19,295,172,90,99,24,272,302,105,
328,129,42,20,92,76,222,21,106,89,160,141,214,45,254,328,16,9,291,139,286,
168,105,128,230,100,198,127,287,276,292,37,171,282,327,181,113,
97,71,297,28,265,251,182,13,63,239,312,128,154,325,
267,0,208,227,81,
173,4,147,77,
296,307,294,15,
299,184,50,133,
94,49,54,
162,30,205,
18,88,234,117,14,
132,156,234,
69,311,310,273,
179,132,227,120,
92,81,329,88,
0,234,279,
39,81,244,190,
143,24,288,
12,246,139,
166,31,307,
192,227,240,
155,2,103,4,
299,256,104,22,
54,158,36,78,
156,227,182,126,
127,279,331,
318,78,311,167,
259,25,49,
218,57,16,206,
94,64,30,327,88,
126,217,291,
308,5,329,
144,221,147,156,
279,88,285,64,323,
23,279,
272,158,12,
311,181,
206,230,86,190,
169,52,46,3,202,
207,296,194,
250,112,77,
176,149,206,321,158,
334,213,75,
167,2,220,
78,184,49,158,
163,156,117,
153,132,
280,200,279,
269,26,145,164,
278,113,269,260,
76,243,0,
282,212,143,61,203,27,297,86,148,235,320,206,208,213,233,239,14,78,
29,129,112,
286,244,136,
325,97,
46,304,246,
152,184,157,
13,186,306,191,
289,54,168,118,
190,99,294,
219,321,
150,232,
71,306,269,116,
319,114,227,
140,94,294,152,
186,126,57,
327,168,180,
76,81,221,21,
31,269,128,
17,254,120,
15,277,147,
254,15,0,
213,334,130,
71,331,209,
302,0,244,64,
314,168,
211,15,
96,72,249,
31,309,104,
326,49,104,116,
99,112,313,
136,110,113,
158,270,279,
72,269,175,
241,55,184,217,
15,88,0,
157,2,186,
153,206,331,3,
119,237,
289,36,185,
178,58,149,45,
151,243,237,
217,328,234,
180,168,105,
73,54,8,160,
25,122,103,
89,261,328,307,
39,233,129,
198,331,147,
130,114,234,81,30,
292,272,244,
146,129,157,
125,128,78,294,
83,110,234,
83,224,205,
176,146,
207,101,149,
50,175,190,96,
13,291,309,
293,215,224,310,
278,132,
84,146,117,321,
21,224,221,76,
30,101,112,
199,304,269,
37,215,293,
257,94,77,
173,308,55,
77,330,269,
168,175,274,314,
332,320,152,
74,104,217,
41,136,209,
331,153,241,106,
28,96,25,
57,184,
327,129,157,
91,88,209,
80,287,110,72,
132,30,184,177,
149,241,190,
8,94,104,263,
206,232,26,
108,2,278,
56,72,72,193,
126,194,
66,279,132,
219,209,285,
240,219,284,
169,190,54,
105,203,15,
312,269,
49,103,311,
40,296,161,
127,74,303,
175,126,2,328,
251,306,157,
230,0,119,
188,235,293,
250,112,150,
60,175,100,
292,286,246,
31,297,311,184,
274,249,105,145,
6,10,30,
304,272,30,
89,14,248,303,109,
195,68,206,82,
297,100,103,
94,166,109,
171,147,101,105,
304,101,2,
283,117,
175,19,185,
3,103,
275,120,2,
286,328,203,
46,136,152,
203,177,314,
53,219,324,
45,72,74,
266,79,179,
200,42,279,
15,15,167,
313,57,5,
265,333,106,
1,149,279,
103,311,297,
180,79,126,
14,129,184,
174,110,248,
94,254,224,
262,96,
226,2,189,
102,0,78,
85,209,246,
54,81,319,
145,304,179,
260,103,321,
322,104,
196,113,280,
276,69,15,
116,258,54,
160,81,224,
156,185,296,
271,149,285,
318,265,234,
320,306,205,
3,0,297,
