93,254,127,109,235,
180,147,125,195,27,25,87,206,111,9,212,
261,124,13,
101,300,26,289,56,209,98,178,85,75,301,333,236,39,188,30,202,32,43,182,98,
303,182,144,42,118,262,313,66,216,313,67,109,
277,42,201,326,219,229,52,67,131,133,216,322,259,
1,56,109,274,328,171,203,129,57,181,166,177,203,
291,178,94,328,5,268,197,182,311,147,94,83,85,291,7,59,89,318,232,319,243,116,245,176,297,265,126,322,78,225,45,184,140,131,92,180,235,259,13,272,66,192,150,286,7,300,67,193,
144,159,120,127,183,281,42,45,25,275,119,212,58,36,136,301,30,86,272,10,97,302,320,52,
77,59,127,222,220,254,126,
282,107,288,25,124,95,210,189,12,60,221,248,74,225,192,88,172,29,170,242,29,109,
149,49,286,295,124,107,
112,107,191,216,18,312,175,94,80,201,167,32,17,34,0,133,314,96,265,64,178,61,240,86,164,178,305,225,266,241,
113,129,235,207,278,22,62,6,98,235,52,96,215,123,8,79,324,146,237,297,153,306,
30,295,313,117,317,275,88,291,237,326,61,226,
259,204,294,228,35,
156,300,278,21,237,
150,243,214,131,2,64,244,286,296,64,
179,178,25,112,269,283,
195,109,137,178,300,12,185,223,35,
136,215,117,144,237,313,207,234,284,217,92,328,273,122,238,153,297,0,4,140,70,256,295,64,17,127,95,
332,201,179,198,255,26,181,41,315,273,194,
18,90,59,263,235,
49,197,18,102,59,18,297,126,255,24,334,77,120,319,14,64,10,230,240,151,216,165,124,92,234,8,208,79,60,70,75,168,47,52,45,252,35,236,125,216,27,202,
271,207,215,165,311,
145,131,127,8,9,140,
166,93,18,187,143,230,119,98,152,179,
331,39,100,239,37,
225,108,64,299,
31,5,221,247,24,292,67,97,283,42,292,45,36,145,216,286,65,55,101,188,308,211,264,139,107,284,239,171,62,36,264,139,95,39,55,187,116,87,216,137,190,27,67,
35,231,145,179,297,328,317,127,99,248,
46,132,72,
281,284,316,4,7,
128,102,274,75,89,245,71,227,326,
260,308,215,325,47,93,236,248,268,261,16,308,134,152,96,238,252,230,169,238,333,67,131,280,188,207,
255,248,67,73,41,77,286,296,206,8,279,333,288,323,260,
73,288,190,323,18,84,215,82,148,287,170,216,204,304,15,153,249,111,227,305,31,189,285,180,
137,4,167,265,211,286,251,291,42,194,220,70,143,138,290,111,225,226,192,116,85,282,11,30,36,33,288,203,292,124,29,
242,225,314,247,182,307,
203,32,333,310,215,172,222,252,53,262,324,318,135,43,93,217,66,301,159,98,172,277,220,320,81,234,235,
102,220,45,121,145,13,278,128,294,76,
123,219,329,168,206,152,26,97,311,246,251,231,206,228,25,210,89,103,125,116,110,140,
278,78,29,156,16,220,104,112,72,
12,172,291,
227,249,290,133,109,134,306,39,11,121,262,72,109,156,207,297,208,84,307,239,309,16,22,185,197,
83,227,123,178,84,165,197,
72,227,48,162,138,226,58,67,234,46,85,103,242,
124,89,56,22,163,276,331,251,305,
137,121,79,100,125,326,132,
92,121,64,176,
328,129,42,20,92,211,222,21,106,89,160,141,214,45,254,328,220,9,291,139,286,106,132,266,55,71,105,200,283,181,231,136,193,127,201,131,303,306,14,322,68,155,12,67,5,83,125,212,318,109,214,315,35,70,188,199,78,41,42,190,271,
325,220,0,152,120,28,111,234,313,96,17,228,234,83,12,154,170,293,111,222,318,205,155,57,311,164,3,109,185,27,237,145,101,73,123,
199,225,53,331,231,
39,324,160,169,226,175,321,
150,33,175,14,155,146,10,186,198,42,147,206,282,114,72,195,126,24,121,301,199,38,298,124,133,242,153,196,330,201,313,333,100,
244,197,214,34,30,88,170,32,25,81,212,167,280,86,124,53,67,233,227,287,213,257,117,125,59,254,71,12,
33,283,184,139,130,318,83,94,315,130,329,95,322,60,72,325,168,225,175,19,263,64,6,275,66,147,286,49,147,126,219,267,291,109,87,99,23,134,146,179,290,193,85,45,146,123,71,27,215,179,
164,101,126,325,288,105,118,42,41,148,297,122,71,39,60,250,273,48,71,206,282,2,176,121,53,258,186,325,141,26,215,
228,151,333,204,207,330,250,298,312,134,18,49,201,303,332,262,57,32,47,60,210,179,220,158,318,116,27,
76,47,59,288,63,66,268,110,101,87,274,201,111,77,300,306,25,189,103,44,331,107,135,
6,60,286,180,91,46,298,
292,213,147,194,23,130,208,151,156,311,135,287,23,143,128,139,286,196,249,151,176,12,137,186,316,329,128,86,253,5,144,303,190,23,136,288,
307,238,164,53,164,306,257,6,182,142,91,329,262,171,163,288,85,278,51,278,95,142,235,57,83,118,221,65,278,135,230,227,197,110,103,164,19,
287,292,87,282,150,148,48,328,227,37,212,87,305,77,266,86,261,131,58,321,97,173,121,179,151,193,69,
202,215,116,81,305,219,42,132,
85,116,32,100,152,275,185,148,285,146,47,310,178,15,
48,81,193,180,98,237,142,253,
6,228,17,93,211,147,238,300,7,33,45,71,192,279,315,161,184,137,81,295,227,131,233,333,314,187,249,194,97,42,48,117,43,108,162,
212,70,39,31,32,301,315,45,31,128,173,51,177,245,221,85,210,313,274,90,7,41,
147,117,52,225,326,219,334,127,289,133,303,42,50,250,69,235,74,106,227,64,227,243,259,140,
203,1,122,300,91,215,29,
76,148,180,147,227,
27,288,159,31,116,197,79,189,145,17,23,290,237,
228,94,222,140,11,180,194,288,282,219,199,9,208,275,254,6,329,177,308,286,50,115,95,293,291,201,119,178,
55,272,288,159,274,37,325,165,239,
78,108,291,183,6,328,304,44,82,36,140,
176,116,153,106,291,137,315,285,48,235,184,184,99,66,293,127,79,118,3,140,259,
78,117,318,179,75,281,58,57,220,4,278,301,230,170,51,
46,100,254,43,54,165,85,
31,30,22,295,314,244,117,111,
58,68,60,185,0,182,24,304,265,80,100,160,287,92,263,303,43,45,208,21,130,
108,244,46,168,76,333,263,310,329,213,225,94,64,178,29,165,329,67,114,282,64,71,94,170,239,
66,244,116,181,101,227,270,196,285,
8,15,233,133,158,300,190,3,195,328,276,299,125,290,25,98,204,175,86,196,138,106,255,152,
184,140,302,233,291,205,262,320,160,285,286,33,297,162,289,239,
63,83,236,90,216,316,127,327,67,48,241,226,47,117,125,203,6,225,
237,311,141,175,259,168,322,15,86,212,179,162,110,192,
162,197,6,72,303,239,237,80,231,
231,127,119,35,199,275,27,257,54,164,16,127,202,14,273,282,167,208,244,132,43,99,
45,33,15,49,89,7,333,102,318,23,215,234,7,32,52,110,299,300,231,232,162,231,75,66,32,128,22,334,131,279,127,155,284,
100,40,18,158,41,51,15,293,329,256,262,206,202,29,214,270,210,165,173,190,92,169,274,289,158,252,315,43,43,67,79,150,237,
173,326,141,56,321,169,114,106,149,176,217,65,74,290,233,
83,64,213,157,265,123,63,209,95,296,222,241,11,179,123,200,274,54,
273,160,136,99,179,228,300,190,19,147,167,39,278,
29,73,58,333,166,284,224,278,299,286,181,45,62,290,198,185,14,22,66,141,177,137,203,
291,109,115,193,1,
190,29,31,116,288,
300,229,34,308,35,101,244,30,235,37,45,12,81,10,180,195,249,308,329,49,206,156,158,131,166,
316,247,284,183,118,73,86,233,21,68,113,281,98,251,298,
215,55,119,60,143,45,225,160,136,286,260,39,128,188,162,53,298,44,303,73,122,85,116,310,130,80,226,320,60,236,296,320,203,
188,12,155,172,265,261,32,131,178,284,236,307,245,260,107,14,126,184,151,
202,331,13,226,310,146,179,228,57,129,89,40,231,77,319,89,311,
7,45,41,18,82,291,213,271,72,
138,70,212,
121,64,333,157,219,110,224,83,229,288,7,92,151,116,
286,255,6,149,252,
226,86,284,43,109,52,135,6,82,
180,288,326,315,258,278,300,6,230,76,
49,60,324,190,
240,326,247,275,157,123,236,276,279,
27,286,123,1,144,321,147,33,30,311,228,317,81,275,240,
225,159,217,21,124,27,318,33,5,208,111,123,112,254,
305,207,140,132,289,64,89,206,135,253,35,297,53,
110,197,121,128,
136,318,1,252,79,232,238,269,127,316,325,108,123,243,
26,157,295,48,75,78,107,143,151,316,7,23,157,236,106,274,127,161,235,86,87,126,19,0,227,279,173,123,26,132,197,
64,97,49,108,257,88,90,312,174,146,27,130,79,103,289,239,21,240,221,114,225,267,298,98,75,
122,164,33,178,174,95,49,110,
140,126,157,61,78,69,27,85,145,
128,85,29,291,178,117,91,227,330,110,86,
270,103,226,117,178,203,147,303,276,29,260,243,48,174,134,98,309,15,40,187,217,289,79,240,
140,110,27,191,142,269,123,184,47,288,202,231,186,308,109,63,320,308,259,147,
112,205,27,109,107,241,80,190,
332,70,168,117,282,16,300,332,331,295,45,
43,314,172,291,254,46,281,300,
42,197,260,29,150,75,28,285,264,15,103,111,198,215,32,115,48,227,248,329,185,96,257,254,175,299,207,157,85,166,209,311,6,260,321,320,251,241,
310,203,215,168,14,70,179,225,43,
175,150,318,23,240,208,40,203,5,238,141,283,142,148,317,75,160,214,13,44,100,294,294,170,197,45,263,304,12,205,201,30,17,43,128,130,75,208,230,8,83,112,8,132,294,80,
97,248,205,144,123,160,171,
116,0,176,259,307,150,
38,200,12,44,330,200,178,282,28,137,100,206,38,292,160,306,212,239,42,308,231,204,219,131,162,141,189,323,285,
300,76,332,180,239,
7,45,81,314,50,137,128,317,115,203,281,
81,244,285,118,204,309,312,7,164,230,148,217,331,261,79,114,235,125,287,
263,126,14,260,146,44,218,84,81,
67,316,108,255,79,157,
288,10,55,135,151,264,265,321,29,326,29,170,36,93,210,218,250,316,76,252,105,295,196,246,286,212,292,178,85,102,170,282,186,219,322,
102,45,17,
305,202,91,129,110,
127,254,230,206,145,231,93,77,35,219,122,299,
116,126,85,156,226,20,227,176,202,295,104,237,91,192,241,315,273,
311,292,73,238,210,94,133,195,118,11,132,232,94,324,42,308,11,219,123,206,237,87,71,251,35,194,200,106,209,229,
230,166,8,109,127,260,78,21,116,125,257,192,41,52,171,180,168,
132,130,127,201,84,126,231,305,3,131,46,330,248,137,
168,323,132,156,231,148,59,69,4,21,59,9,88,78,162,274,244,324,22,17,92,28,332,124,194,209,139,167,150,237,
273,271,231,13,262,291,332,
174,212,105,244,225,308,304,145,297,315,190,244,334,157,310,190,71,93,40,72,219,138,184,142,196,65,177,122,120,264,198,149,118,274,62,276,114,254,4,277,312,300,108,268,208,
218,324,130,77,124,40,210,241,146,
109,87,48,114,113,128,192,311,39,
179,287,237,310,
297,34,164,233,12,23,193,35,158,303,321,52,61,136,91,41,75,304,
140,159,308,333,45,208,270,279,233,97,181,314,35,234,180,87,132,331,322,
60,199,212,
285,134,66,178,44,269,284,185,
207,271,295,178,300,296,89,228,286,260,206,
124,150,140,261,12,281,106,76,137,
3,131,99,177,151,264,76,50,168,190,312,109,237,
286,206,295,207,150,77,
81,101,2,322,210,239,318,1,92,48,314,127,258,202,205,236,45,
95,48,31,274,198,290,136,
41,164,312,26,148,271,212,27,226,
328,31,63,132,152,200,125,137,207,95,49,240,97,20,35,66,80,233,68,200,
233,133,303,221,247,174,193,329,74,217,297,202,163,232,56,147,308,4,199,316,146,57,15,266,319,
133,27,68,37,121,101,58,181,325,303,324,290,227,161,219,263,179,334,4,250,256,189,200,290,330,74,200,313,
320,329,328,227,248,199,42,268,219,
95,301,148,265,246,70,
259,116,75,121,114,
17,147,325,166,295,102,189,
199,310,119,332,259,144,52,124,125,155,51,274,294,131,43,196,244,274,36,139,202,268,256,75,318,60,206,249,328,101,195,
64,55,13,56,113,121,169,253,134,126,128,248,254,166,152,11,90,189,
264,274,31,100,3,73,189,128,315,236,181,199,222,299,166,327,156,58,255,62,
179,158,35,219,332,126,70,119,0,286,273,78,286,115,241,33,
23,313,123,147,
265,286,83,221,291,55,13,170,0,250,308,56,157,129,
194,116,66,34,295,184,212,140,274,
330,228,111,228,135,323,
312,81,72,317,41,100,26,172,204,
254,208,314,46,43,93,31,233,1,17,49,156,310,25,13,228,
117,170,298,277,169,128,
248,294,326,292,205,209,290,207,260,107,246,256,159,116,69,161,123,282,181,46,209,233,221,325,327,109,272,14,14,31,205,220,323,104,13,
290,151,73,227,269,268,324,4,88,41,181,56,248,262,15,30,104,33,104,329,273,87,266,41,295,170,244,88,109,
34,294,121,285,97,277,42,108,297,298,252,303,76,41,260,7,192,142,274,207,294,193,
204,158,182,36,243,217,125,14,198,188,255,163,88,270,317,132,80,259,317,8,197,
123,257,113,12,85,156,183,308,83,156,65,94,116,83,267,89,243,23,154,222,76,
197,69,172,159,4,292,236,254,156,239,277,295,123,36,5,42,30,150,49,206,315,221,139,224,222,128,91,292,252,197,253,241,295,92,138,321,276,51,18,35,33,327,110,170,325,260,
117,300,136,41,28,240,139,190,19,249,143,127,171,32,141,294,90,332,246,294,253,195,89,305,71,174,104,147,31,99,125,
277,152,117,189,6,279,174,161,187,305,117,244,193,
86,242,29,331,60,129,125,273,28,160,26,265,134,122,187,146,183,105,279,43,317,119,84,292,128,280,196,135,85,110,1,39,72,301,108,101,279,54,85,285,304,75,10,253,141,243,27,
155,262,133,160,276,
239,212,295,331,108,184,
116,248,278,137,31,322,320,144,253,110,209,302,169,174,321,
128,7,121,47,
252,302,190,303,141,76,133,0,93,271,188,
309,104,194,
182,303,
288,44,140,49,267,190,180,77,136,331,
322,76,277,77,64,240,326,
117,326,283,296,172,204,143,254,172,54,25,142,260,329,163,220,238,44,41,203,17,277,258,183,30,178,309,31,270,78,30,264,323,5,264,181,44,310,317,158,
26,305,319,295,193,317,122,26,99,11,58,183,291,175,114,207,201,305,49,284,158,259,90,61,227,9,258,210,186,267,269,131,140,254,178,136,216,288,2,164,266,42,164,209,130,74,323,56,310,8,165,118,126,94,322,317,184,42,296,110,300,66,101,133,94,297,318,124,152,35,120,41,4,94,26,290,184,332,305,
324,77,
297,275,235,277,250,159,275,254,278,212,281,319,
205,325,112,133,142,94,13,188,115,202,272,171,
186,172,60,201,87,140,36,8,140,311,85,131,261,333,202,191,214,311,157,98,201,80,202,141,206,284,191,100,268,287,304,
321,227,52,97,215,294,79,173,98,108,119,42,
126,116,239,172,243,33,323,237,128,235,334,328,281,164,20,179,111,19,59,286,311,147,180,192,116,310,77,131,132,198,
110,140,307,107,71,50,217,248,
25,292,315,200,123,254,120,
11,227,
266,185,25,37,159,159,261,74,
133,235,311,124,235,8,334,146,39,79,56,265,314,86,100,157,79,169,208,304,153,262,129,104,289,198,60,82,322,168,2,272,137,24,190,132,
210,44,29,12,60,53,211,161,227,235,224,
60,143,215,9,84,83,170,189,189,233,15,301,166,172,241,191,41,218,255,32,210,302,133,279,295,49,313,192,241,6,94,29,
16,194,231,233,188,247,111,
136,90,170,333,228,214,
87,4,180,225,297,311,109,265,63,
324,228,274,113,170,97,161,122,237,104,198,44,254,311,
206,233,56,35,122,127,
219,152,33,66,153,187,277,13,153,291,51,311,121,242,147,236,243,4,134,68,219,183,313,47,75,320,147,213,165,
107,178,117,110,131,169,302,188,60,192,81,232,203,285,124,304,
70,159,212,137,295,306,277,25,47,137,138,332,14,203,221,24,59,60,85,207,236,82,18,
143,251,255,
44,161,9,173,287,109,296,98,273,167,45,74,242,329,163,158,196,112,123,185,321,333,168,288,185,165,210,194,228,96,271,83,212,117,76,216,168,217,285,188,
29,108,123,138,70,287,257,133,40,51,128,62,99,178,190,310,127,281,188,235,210,3,
64,248,77,85,69,245,27,170,325,150,128,233,66,92,231,
291,12,43,255,
306,76,53,198,75,58,134,
72,115,219,197,215,287,83,103,251,
329,70,191,76,108,116,47,101,178,135,295,215,203,181,
1,214,249,86,64,27,231,64,124,
226,283,170,308,30,318,166,
274,115,295,18,87,42,81,111,186,57,102,129,202,1,232,284,273,158,178,199,104,53,256,264,324,46,153,256,66,221,302,31,83,315,326,15,119,95,331,216,313,77,84,
90,176,18,131,133,13,236,85,322,13,37,292,202,63,215,231,33,21,99,164,222,109,232,178,
20,116,264,232,
329,70,280,299,53,50,296,52,260,333,122,216,237,59,146,144,333,
225,242,236,65,199,
169,260,64,116,39,154,71,
152,278,29,140,312,323,154,200,13,94,64,53,191,
241,329,324,116,54,233,138,272,42,112,181,
318,291,166,203,189,239,5,78,309,136,181,35,29,110,136,213,225,310,90,135,
290,301,173,323,
86,26,35,295,262,112,245,81,77,128,
84,33,86,250,27,99,274,
18,274,286,7,15,257,184,70,
49,20,238,85,91,24,153,208,122,188,262,69,326,129,52,60,149,181,301,304,8,139,331,169,
208,297,225,120,174,
295,4,254,181,286,11,247,325,31,332,
168,49,123,280,133,51,216,233,252,73,
277,51,23,236,70,252,281,281,17,269,283,152,203,133,181,153,250,333,
171,148,243,269,73,240,56,296,62,36,237,256,143,271,256,109,314,310,136,1,327,299,
198,204,133,95,16,41,183,258,29,306,10,126,99,310,332,95,44,
52,277,43,13,
313,149,27,308,109,133,69,282,150,177,221,313,164,319,99,
178,329,39,238,108,286,214,268,225,118,
238,214,81,175,321,142,146,129,273,109,178,127,291,212,211,
169,94,173,75,60,52,49,117,174,
298,150,299,9,333,8,155,48,64,132,18,328,183,291,
184,205,131,103,90,184,157,315,32,28,18,176,321,228,253,
51,212,301,29,157,222,3,189,312,276,
299,264,55,77,225,
4,204,24,139,87,245,213,179,170,307,219,210,281,307,
176,116,173,92,317,90,
284,273,214,76,110,64,235,98,299,176,151,314,301,181,230,88,301,81,138,280,215,197,291,116,214,325,211,319,9,149,233,139,
248,294,62,280,187,183,279,142,326,236,303,320,3,173,57,31,118,145,170,160,
300,160,53,253,243,133,55,280,260,274,161,71,82,80,141,271,
226,39,55,
130,183,222,54,132,214,319,137,66,78,218,98,81,103,272,95,329,39,57,130,35,262,175,237,193,132,
98,296,8,48,166,74,99,266,48,185,211,
80,119,72,63,301,190,17,150,7,44,168,241,5,135,284,58,129,136,55,36,256,97,312,32,51,101,137,222,322,186,14,123,70,204,307,183,309,220,82,
88,168,244,134,149,163,158,165,81,174,189,182,215,195,27,
94,169,26,311,95,283,297,207,
254,333,185,68,320,229,
3,325,27,285,58,232,238,129,324,292,
292,253,25,31,271,8,113,133,196,130,100,165,238,
57,228,60,222,63,119,248,199,295,
51,100,116,168,50,172,190,241,219,132,
317,138,56,295,206,30,99,132,139,46,
235,192,102,194,275,82,245,197,313,45,133,302,263,183,332,212,197,256,240,113,160,231,91,243,285,135,258,209,310,25,173,73,308,43,116,7,321,102,115,195,203,14,52,102,22,
297,291,87,82,98,208,177,130,308,141,222,31,303,207,
40,81,218,7,291,259,187,
51,178,11,305,
178,219,134,90,288,235,236,39,122,195,272,112,59,207,194,85,29,83,147,285,
85,209,123,123,97,176,259,130,317,190,140,128,273,289,86,172,
286,31,113,33,116,33,177,80,12,298,99,160,280,106,173,71,37,263,288,135,105,193,291,39,175,265,228,137,239,52,30,273,134,149,173,125,99,164,68,326,29,62,55,232,136,68,296,140,37,
171,265,31,205,
76,322,45,87,331,89,237,331,322,212,102,296,214,
22,45,291,12,318,31,146,231,235,39,166,
174,111,169,62,
237,197,53,171,216,278,214,58,70,181,168,303,180,116,251,316,
109,82,171,230,195,120,64,226,74,265,228,238,233,137,
70,52,107,61,208,239,29,60,155,192,138,197,122,167,329,261,36,8,157,329,86,33,102,64,112,3,107,310,
115,323,42,308,206,224,319,27,214,72,313,292,213,166,66,86,40,245,312,123,271,
77,64,56,322,76,178,325,216,250,
39,86,215,178,287,227,11,21,178,291,251,281,331,120,37,310,141,
235,164,297,208,74,313,118,196,26,234,219,178,265,307,208,297,205,81,0,232,18,57,196,207,213,
242,96,174,282,115,107,192,180,44,3,120,233,259,73,57,180,4,24,
114,109,81,259,
116,262,66,64,55,256,2,32,295,141,51,194,95,264,127,241,290,333,123,0,293,
254,250,42,226,101,295,127,264,33,94,12,131,148,259,44,
12,319,113,93,297,300,175,81,58,22,139,280,195,210,124,255,290,247,36,244,114,265,
294,301,235,84,152,55,127,178,191,26,133,260,177,208,185,162,184,11,119,62,131,143,11,93,124,23,128,172,66,245,171,236,302,172,248,62,155,162,117,222,293,3,248,301,256,81,38,259,296,310,6,39,83,
288,100,160,149,132,198,214,321,248,190,137,146,116,
288,73,228,49,73,30,129,245,248,313,261,227,278,281,319,197,97,187,36,96,312,103,119,27,333,121,163,251,217,255,315,205,232,20,284,250,23,136,208,
141,323,29,322,97,62,96,209,
109,97,90,313,291,142,257,59,262,275,3,218,
215,88,311,131,271,164,
239,74,322,22,162,146,90,300,141,143,88,
326,165,241,248,266,103,237,284,147,94,184,193,97,262,272,295,96,216,113,101,173,231,181,7,228,278,277,33,286,232,155,65,180,47,209,27,141,260,200,266,227,240,266,220,325,
297,16,184,289,
66,303,
2,140,133,79,41,160,286,
37,89,266,64,286,
300,207,43,291,203,259,
115,141,242,144,28,304,76,211,291,257,190,151,
276,201,228,51,
101,165,31,254,57,181,97,72,210,63,136,235,257,304,26,164,147,290,332,326,133,22,219,218,77,259,127,281,21,74,143,294,177,320,
52,49,321,181,50,219,80,129,263,217,300,192,197,235,315,326,85,237,
172,23,318,282,291,321,84,125,155,152,12,153,322,243,222,261,
325,133,234,164,135,327,248,165,119,105,181,183,281,331,314,204,303,133,260,41,330,
219,105,218,300,35,176,62,57,179,181,142,127,80,234,101,178,204,123,52,8,11,76,72,333,
173,142,320,185,76,88,269,269,50,315,144,334,302,26,
291,193,146,33,22,199,295,294,137,219,287,265,124,174,195,40,238,27,185,178,215,73,212,282,
318,44,250,86,125,64,249,147,19,244,225,194,74,55,176,204,57,87,334,296,
143,239,
110,66,121,292,318,237,125,310,
100,248,250,182,273,22,157,114,264,288,54,279,236,237,239,95,180,46,186,5,122,179,279,137,11,333,187,195,
305,277,50,242,135,
208,262,301,49,127,245,175,311,180,254,68,235,220,250,253,36,192,82,
212,44,287,231,
265,35,109,291,87,235,171,
209,101,248,238,85,97,235,168,136,287,83,194,156,
3,132,157,29,
35,219,318,324,5,301,67,303,80,86,161,288,259,259,
134,270,219,178,64,70,83,218,
289,270,147,333,71,297,305,
315,176,41,97,274,318,197,289,200,257,146,176,185,25,
185,85,44,62,125,266,333,173,285,
14,62,282,77,265,89,58,181,123,248,71,228,249,263,80,16,20,143,
56,62,159,155,64,3,1,177,101,164,8,218,317,52,237,280,56,138,89,124,215,333,
299,42,45,308,215,138,208,175,242,
205,248,97,168,
129,238,49,52,73,100,
73,253,255,35,233,54,164,266,168,184,
53,307,224,9,193,165,300,237,118,282,296,95,53,181,299,64,244,281,199,39,44,46,11,
55,115,64,71,69,166,263,305,148,303,51,226,206,299,207,
75,101,42,216,134,303,170,221,64,11,88,190,119,251,259,193,133,
228,153,184,259,123,207,330,308,
280,59,181,
59,324,126,35,50,68,89,280,100,
73,291,316,79,215,288,181,44,
25,87,282,207,204,76,7,171,
235,176,248,216,238,43,210,29,93,
229,86,254,311,
181,73,59,264,117,329,280,334,54,60,281,325,
35,206,73,27,313,311,
7,212,34,172,84,
262,88,219,326,212,241,68,268,272,89,105,247,260,290,321,290,14,116,208,225,68,99,253,38,88,111,303,215,62,203,155,
25,8,19,149,219,266,211,26,27,122,179,
79,136,270,73,199,284,67,2,
322,237,288,
153,150,311,27,150,
96,233,112,44,260,172,257,42,100,315,5,101,157,231,145,298,48,137,147,
13,117,13,102,319,90,18,301,72,64,276,154,2,258,52,323,136,29,196,273,220,
172,43,278,203,7,
16,41,137,284,198,39,297,226,
252,277,74,17,221,285,148,124,118,174,162,287,1,138,215,
284,199,248,23,145,29,316,333,314,143,226,45,265,189,285,36,186,281,116,213,314,330,
21,131,225,39,209,314,0,58,15,103,2,319,156,
88,262,204,312,284,0,197,290,46,172,53,143,20,175,221,180,293,120,276,152,317,
140,334,202,124,195,185,269,138,181,153,147,181,302,110,46,291,292,16,37,98,286,305,238,301,108,2,
250,100,228,243,231,135,1,98,231,294,278,294,104,159,62,129,168,133,159,
228,276,314,267,320,48,87,123,211,
295,89,291,239,206,207,208,79,86,30,263,290,136,112,17,149,311,251,
231,96,170,123,1,
19,273,168,290,307,
147,118,181,163,70,180,34,80,304,275,202,32,85,268,33,163,101,18,226,5,224,49,131,17,255,178,23,35,76,126,
133,77,277,155,130,61,
227,116,321,66,0,320,20,281,178,83,319,90,76,170,
99,98,35,84,298,313,
170,289,301,12,235,37,166,294,72,8,144,254,175,307,101,233,75,318,208,84,222,325,136,31,267,76,100,59,150,157,226,117,282,231,
85,11,121,102,169,102,297,52,72,46,
203,203,270,333,170,276,208,225,247,136,17,75,164,120,35,176,63,262,213,30,208,273,329,110,
303,228,297,237,78,43,179,
214,48,314,30,79,250,154,166,187,1,239,173,81,150,238,116,212,36,
121,34,102,196,103,110,111,137,85,137,64,100,332,26,58,128,139,327,259,128,
206,164,295,311,186,300,56,255,194,217,135,123,155,50,208,280,
285,38,91,284,85,3,136,220,319,5,5,166,
13,189,13,202,100,139,193,162,81,167,199,72,77,81,233,99,261,189,152,312,134,
127,177,305,328,140,176,208,77,69,131,202,231,281,324,327,110,289,164,
62,327,284,262,53,9,172,57,8,56,69,56,79,292,240,251,18,123,234,96,97,180,92,248,136,180,183,89,185,286,328,171,321,250,86,280,46,174,140,264,106,
82,80,300,78,
233,136,318,184,62,171,65,103,328,59,
74,266,235,132,36,163,111,125,252,192,198,99,233,135,57,257,239,43,99,179,197,136,290,
43,100,6,
118,176,94,311,137,277,154,
131,294,21,182,184,17,66,150,161,90,40,291,133,288,216,313,168,21,182,223,36,282,310,304,178,123,132,260,334,44,109,277,296,12,
83,121,175,43,333,90,186,7,168,
141,276,117,333,93,173,196,217,114,40,115,277,153,272,
181,144,105,147,274,17,74,239,259,85,268,203,168,255,37,4,128,172,77,191,197,130,326,247,1,212,320,266,248,
314,214,126,199,117,155,243,96,44,8,264,59,126,159,246,241,84,264,274,68,43,7,231,228,294,155,226,220,264,211,118,28,242,49,325,178,324,
183,316,298,167,80,219,78,327,109,197,
194,137,308,146,32,44,316,191,320,6,16,123,309,311,178,192,171,206,21,26,323,127,209,144,
231,178,204,212,206,
251,123,75,42,143,237,
146,197,49,85,233,323,
212,203,327,43,51,311,262,76,324,60,151,198,239,226,
247,207,121,326,110,281,203,138,242,206,47,174,105,82,59,107,164,244,
274,43,128,308,300,55,154,1,50,247,22,213,
35,140,26,59,201,
221,8,248,252,325,170,265,290,282,
39,109,84,22,
303,59,212,34,329,309,331,115,233,152,233,78,111,201,225,252,192,99,147,199,172,
94,123,264,170,140,318,117,118,323,23,108,315,
232,1,136,286,120,205,152,143,177,19,232,270,321,
33,246,31,296,64,122,197,21,289,84,69,250,
14,235,188,248,174,
308,95,174,260,17,61,27,300,264,72,162,246,300,263,276,300,38,203,298,11,126,311,248,233,228,135,75,140,226,78,64,8,297,192,85,
48,108,72,233,299,245,109,222,269,34,9,95,60,
323,126,50,38,149,301,167,225,93,283,27,221,205,290,106,141,115,94,161,
301,165,318,176,51,294,208,153,224,176,139,95,313,290,130,
27,308,179,295,9,277,326,277,107,36,310,133,246,294,167,88,231,128,329,10,251,147,43,140,145,5,292,201,115,29,156,220,313,150,224,8,3,246,91,45,
178,131,128,231,
325,16,48,4,304,185,286,218,279,84,9,3,152,134,225,40,136,17,187,221,236,327,293,
333,203,226,29,140,44,156,164,327,141,5,132,227,90,248,254,298,237,201,187,289,83,99,111,311,
164,59,90,231,99,94,187,91,156,229,232,127,
311,236,243,208,280,334,215,276,304,212,202,214,
148,175,73,95,76,104,260,
197,291,244,211,289,298,17,118,193,123,8,291,14,57,237,79,240,37,44,143,45,133,267,11,70,142,328,146,238,288,21,159,146,162,72,52,279,307,26,146,183,17,227,83,
64,121,322,305,165,136,147,178,32,266,194,
89,32,49,295,207,37,123,
111,42,274,325,214,204,331,94,306,48,271,301,137,258,84,124,205,142,115,140,322,266,302,112,40,212,296,62,257,121,139,234,306,262,82,237,330,206,174,333,
178,226,51,317,258,107,12,198,88,179,292,297,
159,278,24,189,282,248,196,322,147,29,266,46,100,249,69,165,165,169,156,56,273,47,70,255,27,297,225,242,73,117,247,55,154,104,318,
318,319,81,223,69,157,162,208,193,172,234,306,233,136,184,301,233,94,56,172,317,220,
41,8,328,58,64,234,321,16,316,246,85,3,276,303,7,166,174,81,
200,152,235,311,25,155,192,248,58,
222,203,130,125,91,62,285,155,228,187,119,34,269,100,74,202,97,61,197,109,0,249,75,
142,248,321,
295,27,70,326,13,325,281,35,295,197,317,33,149,222,316,37,298,18,42,308,207,313,116,277,116,329,109,128,30,57,129,194,264,50,46,239,233,288,186,
56,40,284,49,298,77,214,190,220,314,32,55,316,10,206,122,160,197,133,147,297,
236,101,240,225,
207,215,113,143,74,122,142,295,134,204,43,0,9,194,
303,292,81,81,269,8,68,260,268,123,
109,112,1,287,54,150,
331,202,325,199,224,332,64,147,220,274,228,
127,147,81,45,318,308,332,203,152,100,223,261,290,75,260,127,
201,290,296,241,15,198,323,84,81,263,57,51,291,309,188,124,188,22,242,114,105,121,101,64,309,112,19,303,77,69,317,171,123,129,213,225,207,132,226,32,164,87,160,271,310,276,332,102,292,304,175,69,125,
146,238,291,30,263,218,33,208,
313,60,1,55,237,156,24,200,278,207,78,122,156,202,93,318,104,105,124,13,30,212,184,35,
233,248,96,41,118,93,206,43,132,144,218,185,285,73,112,295,
206,27,286,195,
27,225,64,206,325,207,96,35,73,49,
131,127,280,50,145,178,287,
181,143,140,145,188,150,237,206,99,262,56,275,79,332,304,
45,197,239,300,265,273,156,252,16,285,102,76,280,182,330,180,3,294,103,291,224,29,274,127,316,175,315,314,161,7,117,49,186,43,332,
43,244,326,237,92,326,121,314,303,83,34,333,127,175,207,100,132,226,274,258,76,211,52,253,45,71,231,
121,227,240,287,284,246,22,123,178,327,132,
57,189,208,321,56,33,0,211,327,
126,308,150,132,196,284,263,71,140,181,278,147,192,236,95,16,
8,230,168,66,83,221,222,288,23,311,143,55,8,298,222,249,100,145,219,204,9,
157,168,3,42,121,240,140,133,289,221,311,
56,173,248,57,241,320,169,181,273,228,
66,176,194,291,8,110,100,179,186,
77,49,181,309,225,320,2,261,240,133,279,111,289,313,82,127,299,220,288,315,262,249,86,7,243,
87,26,274,116,127,287,89,161,208,9,29,59,228,260,63,215,
123,167,230,240,97,27,243,85,156,172,220,73,228,311,228,51,202,
233,318,140,329,16,6,328,248,279,244,168,48,
135,81,305,24,330,111,
77,255,76,324,108,274,36,
279,255,233,197,198,
60,168,186,328,237,183,57,276,310,313,292,171,323,14,151,49,246,326,142,160,107,40,63,75,208,220,214,
81,91,48,20,25,6,321,167,239,47,60,225,134,68,95,326,148,121,113,206,303,93,163,98,215,18,105,324,173,280,153,182,127,105,212,12,131,238,167,217,296,300,51,243,135,10,114,86,
144,120,167,246,235,327,108,
50,51,39,57,75,273,139,295,
263,52,295,179,168,175,
324,242,12,67,53,172,253,218,138,49,311,189,64,239,318,260,168,59,241,206,154,39,96,218,52,276,72,134,272,
308,265,123,116,295,313,140,274,330,94,299,311,319,
152,88,219,172,166,9,65,111,199,
329,233,303,91,190,122,153,123,50,38,150,269,233,241,293,320,130,220,245,56,271,186,86,147,
131,107,150,212,127,
204,73,318,231,1,
84,39,227,172,63,
298,96,117,316,
64,284,33,95,239,1,160,286,41,193,206,330,45,321,46,321,183,14,116,1,329,45,151,112,175,186,191,156,
99,184,317,33,158,174,231,
212,288,313,131,262,110,257,138,250,46,161,173,238,261,
322,141,174,11,275,69,18,239,172,
60,86,179,209,298,214,255,210,212,320,235,271,204,33,85,48,263,169,9,300,0,133,
59,168,119,76,167,228,310,3,326,303,122,257,181,192,77,260,164,14,18,85,330,139,196,211,244,320,46,10,29,251,284,
248,43,255,56,102,163,145,100,309,159,64,284,86,53,235,97,258,67,316,35,132,155,
168,181,160,307,307,113,204,205,135,98,192,129,251,19,230,131,8,222,21,157,285,210,257,276,310,126,205,194,42,83,
311,126,8,108,123,27,139,153,308,86,172,74,333,111,188,313,271,
6,194,233,277,
206,55,324,123,52,7,140,198,207,231,
166,55,318,21,264,319,234,317,245,22,226,
237,329,30,156,27,
313,303,
314,140,31,
159,144,266,
86,8,311,229,
291,130,197,128,
241,116,51,
151,121,115,
199,320,57,152,
39,16,81,273,93,50,
316,248,136,
211,25,210,238,98,
310,39,171,29,
100,66,331,59,
124,149,1,137,107,218,
140,206,
187,100,31,
326,137,247,128,69,
127,136,101,131,127,
146,288,329,197,
188,29,49,181,104,
281,53,43,39,
141,297,237,164,
108,6,321,144,
79,181,259,
9,298,152,236,145,8,
69,313,33,64,287,326,
192,200,109,
262,307,86,
296,98,33,
327,171,127,
17,254,136,197,
236,70,311,126,9,
136,74,64,
214,76,178,288,
272,141,202,178,248,
215,33,329,
55,265,318,8,
192,208,291,107,
250,277,318,84,
71,43,110,169,
321,116,232,
49,122,33,
305,289,51,
104,324,148,188,248,
137,195,109,133,118,124,
284,16,188,121,
66,64,29,
286,184,2,18,
31,248,248,297,174,
297,85,305,
140,62,194,
130,58,301,
234,203,72,
1,181,313,
309,227,270,
188,252,205,
42,328,38,96,
304,78,311,107,
131,254,3,233,
32,45,85,
26,25,312,
45,33,58,
310,201,316,
100,8,127,
266,98,73,
290,26,12,221,
259,277,35,79,
194,207,6,64,332,
280,168,206,
220,278,203,
164,286,
117,63,107,
132,133,121,298,130,
264,20,
160,201,155,
278,172,273,
182,242,101,
235,200,203,
132,140,
290,116,74,127,95,
260,148,59,197,
111,311,152,31,
193,291,48,
261,127,212,
116,284,190,237,
259,176,242,40,300,
333,121,100,
110,127,305,
265,308,95,221,
35,265,305,
275,27,109,33,
164,81,73,
292,110,3,
245,115,86,
107,27,
49,288,254,
107,112,242,
275,181,30,
253,208,73,292,86,48,
233,254,284,131,
75,128,297,
304,297,181,
127,45,194,206,
160,39,248,
308,115,228,
103,72,72,
96,141,
67,303,291,
172,312,294,
107,149,76,
220,318,326,
49,146,89,
90,176,64,
228,254,273,56,
26,164,
147,219,96,
318,159,226,
88,290,239,
157,67,100,
165,271,83,219,
53,305,152,88,
250,212,254,
84,132,83,
64,150,
141,86,300,
36,208,214,77,
285,34,107,
327,183,
189,51,64,
212,180,291,
27,88,41,86,
193,277,287,291,
190,115,112,
135,305,76,
152,26,8,
298,99,295,
174,14,99,31,
278,237,180,
246,33,95,
104,159,133,309,
120,208,25,
251,59,124,72,
186,26,66,295,
86,60,226,
135,80,318,
192,230,308,237,
110,203,76,123,
125,137,222,123,
201,277,35,
27,153,140,
215,72,87,
223,127,195,
48,214,98,96,
104,278,117,
30,101,31,
114,108,12,
257,115,
52,235,324,
167,273,244,
15,18,233,
284,79,288,62,
273,56,203,
82,109,208,
42,168,
155,248,45,
271,273,300,
237,100,116,
115,228,179,
284,285,59,
209,141,
