109,149,293,251,219,83,198,15,302,233,26,159,21,218,308,290,
294,301,290,84,152,55,127,178,191,26,133,260,177,208,185,162,184,11,119,62,131,143,11,93,256,279,23,292,33,298,245,171,
200,59,295,212,14,188,313,316,113,128,2,166,208,174,44,8,232,281,166,206,217,38,58,256,330,2,49,129,181,269,91,206,12,4,76,272,215,15,
16,195,284,320,
251,188,45,168,3,22,42,213,265,99,132,269,189,111,177,84,320,183,286,114,27,205,109,20,318,
256,273,141,133,290,209,300,164,3,25,39,258,115,260,151,71,66,12,334,79,109,232,181,230,31,111,294,7,45,4,203,45,206,314,168,184,221,53,32,21,25,
137,300,74,249,73,320,0,
0,256,197,249,46,33,94,147,206,224,227,182,108,328,184,92,176,54,131,175,48,121,247,276,314,92,130,15,92,102,113,34,147,195,292,167,210,45,224,274,56,77,179,202,168,70,106,204,
208,299,88,68,208,261,322,44,132,199,127,271,169,143,14,130,168,230,201,42,322,220,282,62,222,42,312,158,
275,28,144,93,41,30,326,141,247,300,83,259,81,117,
171,35,129,
194,105,166,311,31,
21,58,56,224,47,
74,137,309,188,210,303,33,284,
233,251,95,31,5,177,292,21,44,287,262,229,140,
101,174,282,35,138,325,255,157,194,322,1,62,258,143,290,187,259,180,185,189,322,22,198,312,88,234,292,92,330,287,153,162,212,80,89,271,
272,126,164,271,109,44,177,284,118,277,169,36,95,136,128,269,102,144,217,
16,86,70,94,135,177,123,72,302,161,
291,288,298,229,207,324,132,240,139,
26,223,35,107,109,
253,276,152,190,142,79,
75,117,167,85,158,310,65,91,24,42,
132,91,92,225,221,234,198,214,4,9,88,199,304,
329,10,49,78,217,81,145,183,276,
219,235,63,230,125,202,136,203,162,163,196,135,257,41,179,237,246,124,292,113,180,295,233,215,176,271,209,272,117,107,156,262,230,274,50,168,50,120,33,176,90,27,209,10,21,170,109,
113,200,56,188,151,167,105,70,116,258,295,279,
114,121,202,122,321,202,78,257,270,100,172,252,281,54,1,95,122,33,211,280,297,264,320,113,140,24,107,238,163,185,30,219,18,285,158,60,194,20,42,65,96,112,61,
230,76,187,
227,91,91,50,176,197,148,130,292,296,296,142,65,299,194,271,175,27,203,319,214,45,328,316,92,333,100,122,191,313,251,197,224,195,
54,33,302,28,
151,169,275,334,176,141,
41,275,203,75,187,32,13,282,300,325,44,
92,283,75,332,
258,174,86,150,115,136,145,297,131,
150,141,175,229,61,146,10,
56,322,162,311,6,18,
80,119,72,63,301,190,17,150,7,58,168,262,261,218,92,284,3,129,136,55,36,256,224,
113,19,158,55,123,107,0,246,331,276,75,141,193,189,24,70,119,245,221,189,333,134,245,311,60,79,210,
301,30,70,188,72,277,191,314,19,291,
111,328,217,60,
198,76,147,259,52,116,326,330,135,128,69,283,195,
233,293,188,6,144,241,51,147,80,206,61,261,
27,187,214,256,319,132,187,215,281,94,330,122,272,
127,296,326,116,50,279,298,51,50,39,202,329,10,108,139,76,191,
277,272,183,112,54,81,
300,206,326,34,197,47,69,139,100,331,270,106,
314,79,192,83,45,232,73,179,133,211,204,3,0,0,312,312,317,114,43,195,309,49,191,321,188,320,321,332,240,
181,144,105,93,147,274,17,74,239,259,85,270,203,168,94,37,4,128,10,192,
75,302,197,252,191,322,327,41,64,228,93,167,92,179,276,44,
142,284,250,
151,286,113,49,124,213,290,166,180,66,60,73,89,132,321,
117,163,283,296,172,204,274,254,172,310,321,142,260,75,163,220,238,331,6,130,17,242,258,183,199,58,309,188,
187,178,27,244,193,236,3,48,116,259,195,230,1,237,60,300,188,293,314,6,219,16,17,54,315,41,129,287,274,
101,87,32,168,
92,262,168,
20,321,251,33,
313,49,200,24,169,182,51,240,37,7,328,46,39,99,152,17,193,291,101,66,328,44,
195,124,290,170,112,254,41,32,97,290,108,43,58,244,333,41,16,175,218,89,79,199,107,121,292,23,94,314,
324,101,244,24,
88,101,132,52,162,189,302,
179,164,100,151,34,81,184,
224,267,230,268,150,176,80,4,196,94,113,206,311,297,247,0,309,21,
76,44,198,321,230,261,131,248,227,
269,229,71,119,229,234,197,312,78,156,285,1,26,312,259,56,307,197,27,246,102,92,16,322,169,235,307,254,
142,253,144,149,208,293,78,170,
93,75,218,181,112,146,81,
209,269,122,260,291,149,50,212,195,262,
263,226,168,203,
157,299,35,253,313,96,125,316,145,203,228,310,8,311,161,253,222,83,227,114,54,126,0,244,295,227,120,145,220,230,257,132,147,
164,96,287,36,289,47,159,230,287,179,272,154,65,
286,151,265,
71,306,269,284,26,56,290,49,120,33,202,56,36,221,166,30,7,221,114,332,104,
100,291,179,52,156,25,53,322,264,112,234,257,56,258,326,193,241,275,261,144,74,277,206,211,326,311,138,18,186,21,115,311,83,
280,193,8,137,198,
81,91,20,25,3,209,167,239,47,60,225,65,221,95,326,148,121,113,206,2,93,163,292,215,18,34,
263,206,156,53,79,
152,66,311,326,334,157,221,72,120,
204,254,269,0,73,
331,147,117,15,131,38,66,
304,323,114,56,101,106,54,132,63,19,
65,81,334,16,156,33,221,52,188,211,7,110,90,0,152,116,149,
286,31,113,116,33,177,80,12,298,99,160,68,106,173,251,37,263,288,135,105,193,291,
177,88,38,5,273,26,93,308,154,251,249,37,49,10,211,88,159,242,251,296,153,40,167,188,142,332,
287,292,18,100,
104,162,178,227,8,44,92,201,224,208,319,240,71,
100,302,265,287,279,2,206,
321,19,66,323,308,14,160,5,214,237,70,174,207,310,33,281,105,183,256,37,56,241,
133,35,185,188,270,165,
102,16,141,84,277,25,67,30,93,94,311,132,227,235,261,195,251,217,58,
235,105,261,135,188,35,102,237,244,307,302,10,47,121,110,230,20,199,274,64,265,267,162,299,327,
163,294,228,170,79,23,248,291,92,139,18,203,306,150,11,167,172,78,150,287,54,
250,164,47,159,142,280,117,317,
49,131,97,115,14,62,94,17,259,150,93,161,237,319,119,110,18,134,229,241,247,
326,49,69,109,47,252,282,194,245,32,217,66,274,332,68,306,234,2,236,269,295,275,63,282,306,
299,149,285,300,292,15,175,
86,156,41,40,258,130,84,238,175,224,
88,99,141,204,73,193,297,54,58,209,148,153,153,162,302,104,194,195,158,67,176,307,250,48,6,186,244,174,96,
221,132,249,140,101,220,99,161,288,170,11,129,144,118,233,174,273,226,8,12,324,32,115,149,256,332,71,117,84,228,266,291,
327,172,408,225,121,296,8,264,90,181,295,115,235,219,60,179,14,159,246,128,148,36,159,274,291,215,188,41,33,130,267,47,92,328,70,293,205,270,306,18,168,96,43,212,14,88,327,89,123,238,73,286,
160,26,60,332,256,215,125,136,280,30,110,201,221,330,213,
5,321,233,287,
223,144,81,
105,113,272,61,
218,80,324,209,266,144,133,93,332,122,69,
217,119,327,40,64,173,203,27,167,
327,303,225,217,287,49,60,
306,121,229,38,251,303,203,198,169,300,25,326,192,293,286,126,163,118,122,
202,151,127,71,289,38,323,115,178,37,14,73,212,
272,200,193,54,5,105,178,84,280,
310,117,176,53,52,128,134,284,99,317,35,77,219,
79,3,29,250,269,301,332,133,132,27,140,252,314,331,222,263,215,159,78,136,235,35,298,88,73,122,84,190,260,329,256,
52,88,79,266,168,121,81,
33,283,184,139,88,318,20,94,173,130,329,210,132,297,157,325,168,303,175,19,58,74,6,324,66,
58,175,284,30,195,5,213,
36,28,74,101,3,164,154,310,191,299,82,122,282,180,14,
186,164,100,88,87,140,266,8,72,311,85,131,151,
279,17,155,24,209,102,219,149,105,132,176,292,117,231,13,299,226,166,129,113,
217,243,267,3,241,121,22,321,48,261,237,128,32,152,183,315,277,23,210,144,253,9,76,80,164,93,172,
293,253,279,3,130,124,92,233,326,183,89,216,333,229,254,109,171,139,314,13,168,276,92,
132,101,193,21,206,67,80,92,78,36,237,11,295,195,223,142,204,309,319,233,311,
106,219,285,197,268,125,265,278,205,306,92,72,314,157,307,54,189,46,73,306,272,101,48,139,51,129,300,199,98,
255,254,284,258,323,149,216,228,156,122,
231,174,116,215,7,193,301,262,305,
94,307,206,168,302,175,
296,156,285,180,145,52,181,132,317,298,275,279,333,231,124,6,291,90,127,74,190,177,332,113,26,12,136,
229,324,217,145,244,187,201,167,291,66,
311,324,36,206,239,157,0,226,74,207,254,15,61,329,149,85,239,107,295,194,154,84,298,331,45,0,
64,284,217,95,206,
100,25,18,48,41,206,15,293,329,256,262,179,29,214,270,
169,275,249,249,60,208,64,284,303,51,258,285,213,310,
209,256,241,270,212,192,263,12,25,2,152,48,81,123,61,144,248,36,81,227,68,183,211,251,218,170,17,321,230,
262,306,80,183,93,122,272,277,197,313,292,7,52,109,92,156,147,
141,243,153,173,276,168,286,20,150,8,86,
264,144,262,39,92,158,218,284,112,254,109,333,
318,78,311,167,81,70,307,204,172,4,77,248,310,205,
101,132,18,168,69,298,133,327,241,45,322,
15,115,107,237,41,269,156,163,87,175,203,237,163,54,184,
60,35,135,81,218,56,284,160,114,295,14,
265,10,248,81,205,286,178,27,6,151,60,146,100,
259,273,49,198,134,261,181,51,267,247,309,198,300,
47,235,49,298,308,192,306,291,18,
108,195,170,
33,215,289,294,300,1,54,131,215,146,224,281,295,109,
303,10,185,110,197,7,278,293,42,228,12,108,222,264,254,132,327,33,266,11,251,74,105,291,
149,168,132,285,123,288,65,
49,197,25,314,59,18,168,210,255,24,229,
192,48,115,115,323,76,102,187,269,83,102,167,322,290,5,19,242,129,141,220,181,18,42,42,2,130,269,45,275,182,222,214,276,207,15,222,9,301,314,174,330,198,293,234,65,332,
288,41,144,206,151,264,265,321,29,326,175,170,149,73,258,
7,262,324,71,116,254,317,
22,165,12,150,292,262,78,53,137,81,273,290,105,
321,235,15,32,132,44,161,243,193,268,124,229,4,17,155,228,273,20,159,228,285,151,
145,38,223,297,229,227,256,88,202,231,290,276,281,296,201,191,41,159,69,242,307,89,287,78,162,251,266,276,269,123,
159,325,24,189,282,290,196,211,99,142,266,46,100,
325,119,265,208,152,10,234,313,
56,56,100,287,41,54,175,290,27,285,262,94,46,256,182,93,303,179,258,70,270,264,304,266,306,28,274,21,187,60,59,
285,117,160,253,146,196,111,256,255,272,53,183,279,33,180,334,214,260,180,268,25,330,197,49,274,305,8,169,43,81,149,34,240,299,321,110,117,321,329,
213,265,104,120,266,257,268,202,
160,32,265,66,271,241,220,112,154,
25,59,127,59,311,151,303,57,305,93,104,102,179,327,131,59,61,287,229,147,76,207,134,97,0,288,246,301,282,277,320,328,128,228,199,
81,164,76,134,320,33,54,19,233,316,148,60,287,208,200,274,62,163,259,43,95,146,247,297,9,30,217,272,191,10,41,67,150,
167,253,196,57,195,99,318,7,67,93,184,42,253,294,176,65,141,308,317,186,167,245,264,317,124,286,154,229,78,56,274,
314,23,60,197,144,248,272,186,292,159,90,268,307,
116,292,240,127,332,21,208,241,214,28,22,314,147,7,159,176,
211,175,159,32,
262,233,314,326,
126,272,
322,227,75,56,139,
5,92,38,119,334,185,203,170,270,71,
18,315,69,66,168,100,301,101,13,39,261,162,271,111,206,195,5,219,287,284,114,322,
112,3,191,216,289,312,119,93,80,219,
156,263,65,147,158,265,262,244,46,185,179,307,272,
27,308,265,144,277,326,277,279,36,310,133,246,
265,201,106,331,41,288,154,156,325,2,29,118,281,113,212,213,109,
133,63,93,231,0,66,159,144,291,13,274,185,19,123,228,168,184,76,302,253,329,85,327,
14,208,210,239,275,182,24,287,152,
65,8,159,232,208,
63,326,235,131,
89,99,68,59,239,
12,166,328,296,171,213,
292,262,294,314,40,270,81,227,1,
275,84,330,106,59,192,197,227,
21,287,116,131,322,283,43,269,
269,46,204,120,292,48,147,148,73,48,25,193,21,81,157,199,220,30,239,242,59,135,206,185,199,
304,153,26,247,119,101,184,8,
283,322,210,99,177,264,248,92,9,19,23,31,327,115,243,276,66,
168,81,141,263,149,279,176,37,177,
326,165,114,248,266,103,237,284,261,64,184,193,97,262,
215,31,103,33,79,284,62,98,162,149,187,14,211,267,4,16,152,85,262,168,
330,101,73,71,48,275,334,317,119,216,
6,30,17,211,147,300,7,33,45,34,
87,185,26,244,101,118,48,82,300,311,
207,189,314,78,32,31,141,142,260,125,146,302,283,15,88,100,291,49,
159,42,140,227,297,272,214,88,63,42,45,71,116,241,132,
252,150,173,212,5,103,228,185,157,205,
124,321,18,132,151,105,194,180,228,131,290,304,296,13,198,318,
188,235,304,77,219,233,253,91,41,329,9,57,65,324,62,162,284,177,223,292,106,18,
66,152,83,18,104,153,92,155,300,197,211,113,247,105,281,241,
1,55,103,90,88,127,122,5,227,197,30,199,86,4,204,110,251,161,
14,138,321,151,191,101,
168,181,213,232,130,42,204,224,94,189,192,
172,77,318,150,53,132,276,
110,5,268,180,49,157,264,319,52,112,237,127,303,6,94,270,321,27,9,
210,303,30,24,201,283,163,217,323,116,245,274,277,323,159,70,14,245,66,78,30,267,280,291,142,153,326,33,238,
288,62,206,174,266,120,160,141,247,97,291,240,45,81,100,135,172,66,4,197,167,113,
8,141,22,23,105,192,
310,302,75,169,321,20,291,328,103,64,
287,99,313,146,209,224,241,221,189,217,92,164,156,274,295,130,29,192,107,145,308,
314,285,37,68,238,143,274,
32,123,232,82,139,18,113,270,278,302,319,242,107,101,306,308,212,266,199,106,
229,306,81,318,103,273,44,203,125,49,65,228,
206,149,288,162,287,57,42,318,
325,159,300,
206,291,0,257,288,304,37,153,256,29,227,256,204,14,5,57,332,285,280,312,111,156,108,
180,273,109,312,293,191,230,221,22,5,205,334,60,221,53,91,194,22,42,194,81,89,13,334,144,216,27,296,199,205,326,309,313,198,110,24,270,33,167,251,20,68,189,285,323,238,151,220,
291,100,33,62,236,27,62,257,151,163,21,48,222,281,242,8,47,48,301,136,139,323,326,270,178,87,68,241,165,42,170,314,146,285,93,246,329,293,129,66,110,151,193,244,323,142,191,327,265,228,313,203,50,283,10,
135,16,309,38,288,198,198,208,59,260,312,87,158,33,35,129,25,26,99,54,126,177,145,
113,229,112,92,49,68,100,34,309,22,193,193,51,309,51,248,59,209,330,120,104,96,15,192,8,237,178,271,328,288,
108,30,168,249,333,
195,314,18,76,288,30,209,220,
270,164,240,150,295,258,317,171,147,138,113,299,216,321,277,327,140,86,66,114,250,332,63,110,0,9,242,94,202,327,300,198,258,
302,105,118,163,51,172,201,274,55,54,327,16,100,310,1,47,84,331,331,80,
281,133,27,35,280,
274,235,242,123,101,179,286,226,152,259,332,
193,232,197,261,55,132,213,269,25,66,100,158,192,174,175,193,138,9,1,142,250,166,113,173,177,73,113,13,78,98,255,272,242,280,293,24,195,32,
270,209,328,92,173,45,246,24,77,180,
107,175,6,311,171,313,78,179,275,184,287,20,280,24,122,154,60,195,
168,49,101,52,92,311,146,270,289,
308,95,174,287,8,61,27,300,264,72,
69,18,261,190,82,144,218,5,204,
132,270,74,304,39,37,331,183,240,91,26,78,
215,69,252,231,60,211,53,
47,156,15,57,166,272,242,79,159,189,13,274,
92,266,240,36,11,270,52,309,289,31,38,147,170,250,303,326,78,279,321,114,239,258,270,14,151,168,248,280,111,141,289,284,43,101,41,50,66,246,162,221,212,180,186,298,271,8,77,65,0,88,106,255,80,80,96,178,192,
242,32,145,13,198,89,274,287,107,217,125,293,21,225,244,36,134,33,95,293,47,161,297,
8,88,261,285,280,65,330,
21,233,16,33,
131,251,33,3,
10,58,177,311,
206,0,180,291,327,265,284,333,236,59,232,295,71,230,132,235,318,328,176,251,114,178,32,208,119,256,265,118,263,238,94,52,178,281,100,
15,30,234,309,20,275,109,313,311,9,12,158,122,313,60,105,287,74,209,198,207,26,279,140,53,190,
30,99,94,71,141,74,152,262,80,6,147,78,304,295,6,144,157,76,120,203,331,269,71,195,45,151,
35,138,44,257,54,235,123,60,262,263,212,332,227,93,132,281,283,26,44,276,101,171,284,281,314,113,201,
256,260,86,307,163,23,292,102,129,139,230,27,217,254,85,201,64,297,73,294,81,244,
175,195,86,288,29,
156,47,255,57,109,
185,49,5,287,244,271,240,
284,202,206,132,326,142,75,240,305,98,225,114,71,19,50,274,288,255,48,78,333,74,314,
314,262,302,284,154,195,
141,151,256,302,162,157,
291,44,228,187,206,64,154,248,147,278,52,192,301,14,202,303,254,92,111,
159,266,6,33,184,194,29,37,45,228,305,133,329,250,65,47,84,199,123,109,261,211,
304,193,30,183,132,38,201,65,88,279,
192,269,132,71,242,177,92,
123,274,159,99,241,193,
153,88,66,141,54,256,233,99,49,274,293,226,304,310,143,
76,328,69,30,25,327,109,258,14,210,309,170,70,87,107,29,11,330,147,319,261,116,272,131,37,280,
81,269,269,189,203,168,324,84,74,263,93,280,228,
291,178,161,328,13,268,197,182,311,147,301,83,85,291,7,206,
119,44,126,193,31,4,257,322,136,202,42,175,228,52,133,324,78,251,253,46,224,261,233,39,192,94,217,49,149,104,169,271,
128,45,255,322,289,148,9,170,216,176,88,169,276,76,275,81,201,277,25,294,12,248,133,
95,233,272,162,10,264,11,212,
144,221,100,264,84,191,114,255,217,91,298,305,24,32,13,
81,28,284,78,33,119,256,223,118,170,71,
62,288,53,9,172,
201,290,296,145,15,198,323,84,81,263,57,51,291,309,188,124,188,22,242,114,105,121,35,64,
228,75,163,140,221,180,
287,308,25,68,21,155,216,127,314,233,56,304,163,154,
331,313,30,132,302,6,
131,124,326,41,21,272,94,30,32,183,
244,197,87,66,185,34,170,
198,326,124,88,165,133,
270,299,71,248,256,274,278,
59,47,169,253,298,150,114,200,284,87,188,157,159,121,270,8,276,152,305,131,153,90,79,105,185,328,317,334,
3,192,41,232,112,295,
31,84,283,215,
199,117,132,271,106,
298,144,31,311,276,47,128,291,32,333,165,245,182,257,305,42,
303,111,306,210,308,123,157,158,271,
73,60,269,137,96,307,312,
94,49,270,205,119,30,320,48,65,276,181,173,173,64,39,70,286,154,
265,156,168,291,169,206,160,317,26,42,46,251,
302,113,332,207,13,314,141,170,84,185,
64,183,94,75,326,304,
215,266,33,60,200,45,225,
104,66,200,256,332,258,332,208,273,186,7,322,253,50,270,26,217,173,76,300,213,132,218,297,317,258,
166,181,31,307,75,270,13,154,201,255,236,115,289,307,134,12,229,194,31,244,142,
164,147,265,300,253,250,125,173,309,186,194,30,265,262,106,
8,73,239,308,154,80,102,198,113,287,306,99,325,228,259,304,
261,229,203,265,165,170,213,66,185,18,80,193,300,112,58,21,16,175,320,95,204,100,285,4,5,253,62,252,278,227,264,80,91,289,302,126,307,181,128,208,33,15,117,84,25,193,6,264,326,69,44,
139,254,106,290,291,
168,256,208,0,119,148,215,101,4,42,59,
170,108,132,195,165,11,163,219,
35,74,79,134,134,280,
211,314,215,325,174,
278,181,270,26,133,
185,56,87,133,179,88,35,54,298,95,2,297,199,224,40,164,302,
321,88,117,246,305,41,217,218,164,201,113,231,314,
53,22,163,99,263,226,
60,28,113,215,9,84,151,
274,47,314,35,187,167,
48,284,98,88,87,26,69,170,136,114,100,
323,51,150,39,226,13,279,36,275,255,63,135,291,165,235,226,248,282,1,327,202,166,184,304,126,274,175,226,308,287,266,60,
24,239,207,114,196,14,321,113,316,235,228,123,72,70,280,276,40,59,319,59,58,47,118,58,273,19,324,111,315,290,32,107,71,313,209,
110,248,88,19,156,259,47,56,240,15,65,
2,81,185,39,146,324,64,
328,129,42,20,92,76,222,21,106,89,160,141,214,45,254,328,269,9,291,139,286,106,132,313,55,71,105,200,283,181,231,136,193,270,201,131,303,306,14,322,111,3,291,12,5,83,125,310,318,113,
42,197,262,208,159,49,28,285,264,265,15,41,
273,88,117,79,147,136,68,274,183,184,201,217,30,28,333,276,301,123,30,313,229,215,274,9,255,
269,30,211,197,101,77,147,139,254,325,45,81,199,210,13,69,100,192,106,328,243,17,19,
325,13,88,52,211,144,
101,80,49,63,47,36,144,187,297,269,193,285,290,196,331,5,
38,135,306,96,197,22,140,286,325,70,127,5,279,94,23,235,288,278,144,70,257,76,308,331,
45,305,49,280,212,83,47,52,104,217,101,109,258,186,37,69,137,117,53,236,26,229,312,149,85,100,266,19,72,161,193,243,308,67,86,175,48,310,45,39,304,156,21,192,251,58,138,135,289,292,268,288,258,300,261,100,269,73,166,303,136,154,143,144,270,26,85,222,136,6,142,
6,10,30,233,46,276,102,154,195,61,69,88,207,327,165,57,129,98,301,308,41,
170,92,206,12,235,37,144,294,142,
311,84,86,39,203,82,127,243,88,125,164,318,38,49,321,26,152,270,46,301,129,162,138,186,102,10,56,91,189,224,
86,311,29,331,60,129,125,16,160,26,265,134,122,187,146,183,105,73,43,317,
31,233,149,114,166,282,309,0,46,47,189,113,238,12,88,194,
3,113,160,325,315,287,152,173,298,206,41,230,221,166,31,147,263,41,113,188,92,50,296,264,100,313,293,56,285,100,304,227,95,81,214,313,129,162,244,250,247,210,60,334,87,291,21,87,90,306,135,278,307,331,
60,314,114,144,311,111,85,62,86,
174,212,200,244,225,308,211,56,145,297,315,190,231,334,157,258,190,71,93,40,88,219,84,92,142,196,
15,215,0,64,321,5,205,94,247,11,110,
123,303,16,169,20,149,154,198,244,
144,324,69,19,
58,80,14,232,58,33,44,308,95,122,21,10,196,178,57,71,256,117,225,325,324,
129,153,164,78,3,183,154,88,88,208,217,256,254,77,171,286,0,90,
34,285,6,300,
208,124,74,19,16,101,51,206,131,273,323,136,242,97,285,20,38,283,201,153,173,220,152,154,109,124,207,267,290,169,278,222,293,47,11,111,135,249,83,69,80,124,55,141,264,98,302,217,205,59,220,220,302,
26,45,319,295,193,317,122,26,99,11,160,183,291,175,114,207,201,305,49,284,158,259,90,61,227,9,258,210,269,267,269,131,140,254,136,216,2,42,164,209,135,74,323,56,310,165,118,126,94,322,
93,239,214,216,177,133,195,16,70,153,272,239,133,151,122,6,241,279,308,259,55,151,35,205,266,57,66,
92,113,328,283,87,208,42,245,173,262,132,0,238,90,257,64,183,79,324,137,293,6,5,63,204,132,147,254,302,174,
279,13,285,64,323,293,38,56,37,294,136,168,266,27,2,84,302,
144,27,233,132,170,272,279,314,
114,231,192,196,119,177,297,74,231,229,27,29,237,253,105,270,199,321,284,122,10,108,326,304,242,31,162,60,274,105,169,71,270,11,66,165,201,
235,192,102,275,82,47,251,313,45,63,302,263,269,332,212,197,256,321,
56,174,161,17,17,333,41,330,24,76,164,129,185,49,268,9,
139,300,322,150,190,
14,291,215,255,288,81,82,332,81,
82,86,36,77,9,228,223,137,
84,251,112,159,8,205,53,103,158,210,81,183,272,41,277,
319,32,27,38,
297,88,248,312,334,3,13,230,261,33,163,299,322,187,0,330,191,311,260,216,122,94,35,134,
71,5,192,159,
49,101,30,22,265,256,326,132,282,275,68,23,47,94,259,200,82,35,42,327,68,81,
20,123,179,227,97,
41,195,327,81,86,112,328,51,111,252,29,
88,201,92,38,331,252,33,
11,15,303,96,
162,88,18,188,148,226,168,145,130,66,132,95,
119,325,112,168,267,304,158,129,98,
147,186,92,25,187,199,137,15,329,198,323,195,185,124,83,148,109,156,92,65,309,1,262,318,164,
322,283,324,58,208,
289,53,130,20,12,12,185,24,80,127,191,223,192,269,21,172,150,185,163,8,232,237,190,151,14,310,225,308,20,216,3,45,287,131,58,45,72,18,49,149,40,251,32,164,201,19,189,183,250,98,24,317,
134,166,310,132,35,86,118,251,
84,42,31,238,223,116,237,161,181,
49,79,194,329,113,119,123,32,257,309,313,123,184,231,285,26,148,303,86,223,144,203,118,228,140,123,62,
266,145,56,215,155,221,
317,217,104,310,22,262,
242,117,221,232,285,289,
183,129,74,87,257,262,176,109,198,216,304,293,277,64,162,206,224,145,131,
326,198,99,12,294,255,300,136,246,263,28,170,5,131,314,310,109,129,
122,227,79,
251,235,131,101,315,227,233,
107,154,26,115,119,287,324,170,254,328,
117,255,6,28,221,
10,42,41,299,6,16,10,4,27,201,33,175,259,303,308,190,289,177,216,110,181,299,96,163,214,334,6,57,226,294,81,68,259,289,16,56,19,332,257,216,265,50,203,114,206,302,255,40,
247,304,66,49,
221,292,81,282,151,78,115,2,192,242,98,84,220,124,
276,59,190,273,204,197,248,253,328,129,53,210,9,92,75,182,172,220,
149,109,70,304,215,162,206,221,321,65,299,219,313,82,299,27,246,253,246,284,246,8,
2,200,221,326,265,289,155,124,155,137,321,100,
228,25,252,18,321,167,
300,66,306,0,73,114,290,137,284,33,325,61,271,259,
302,31,183,
188,113,74,133,117,
154,177,36,311,70,94,129,51,166,22,198,179,8,286,271,107,324,9,276,6,308,12,90,305,
149,215,2,321,311,227,177,19,248,156,11,38,145,14,38,31,216,232,183,75,238,313,323,283,
76,292,104,175,44,
116,99,65,76,81,286,
44,256,197,154,195,78,229,171,272,261,13,313,
203,306,41,215,81,311,53,
285,128,75,3,26,238,291,65,281,61,13,151,188,15,86,179,251,324,212,306,106,221,314,241,264,270,164,51,242,70,208,105,230,151,
13,291,249,209,91,77,107,325,124,286,
150,139,226,258,241,22,37,78,106,172,86,90,261,203,130,194,252,168,38,248,
295,273,200,181,41,38,281,332,167,235,298,153,157,252,317,107,60,313,332,167,295,251,302,304,149,270,114,67,317,24,192,287,132,
289,112,93,2,206,273,168,
132,28,254,102,96,49,303,327,104,33,124,176,321,27,159,60,280,145,18,170,314,144,207,134,192,149,140,120,162,309,151,330,
44,272,161,35,173,287,109,296,98,273,167,45,54,242,329,
2,90,191,75,157,110,215,18,149,235,160,234,251,131,141,264,194,93,90,266,279,
111,251,302,192,48,268,24,289,
48,109,128,293,209,124,35,92,30,296,226,26,245,302,61,113,257,333,275,307,183,72,152,294,113,256,309,138,9,72,218,212,234,160,257,277,307,119,109,311,315,120,64,27,334,323,223,186,326,61,332,234,197,56,9,119,258,284,10,157,94,150,334,206,251,
96,325,290,88,92,168,109,22,9,240,84,226,72,11,180,49,133,78,301,155,169,114,6,
160,305,24,74,
302,88,32,235,67,111,289,97,201,109,170,78,268,
185,25,141,47,149,166,243,299,22,168,140,111,310,103,79,133,96,199,147,274,9,61,258,287,140,15,273,90,133,56,61,103,169,29,288,156,118,327,
78,144,107,44,105,
54,7,15,217,187,58,44,193,304,277,
313,193,263,323,262,89,114,75,331,37,110,
167,0,0,142,199,75,241,79,163,137,
175,150,318,23,240,208,40,107,5,227,58,283,142,3,317,75,323,211,13,44,100,299,294,
88,1,273,41,129,123,122,264,325,24,321,207,198,213,3,
292,227,147,194,23,130,221,208,151,156,22,135,287,23,143,76,128,139,286,196,249,195,12,137,299,214,284,329,
248,223,136,297,79,219,4,34,146,248,149,220,279,323,150,240,168,154,258,
227,292,111,36,3,159,
88,29,96,273,234,171,208,112,153,95,60,106,103,242,267,88,110,144,322,8,171,1,159,9,133,7,122,307,
248,248,166,181,265,113,110,2,36,93,314,222,326,76,332,84,113,142,313,
217,99,287,143,229,69,274,110,112,306,136,241,6,243,250,214,131,317,111,151,26,
238,86,163,206,243,
66,229,244,173,114,288,8,137,212,300,331,
68,89,104,113,273,180,71,209,92,7,121,32,42,119,133,93,102,162,314,247,286,62,287,131,110,160,
13,166,18,302,293,208,12,
307,145,269,166,318,88,6,182,142,94,329,
162,149,104,114,322,199,310,118,7,141,99,
93,2,275,262,
30,108,17,15,301,71,98,11,19,175,
99,77,30,302,236,113,250,266,112,272,30,253,62,88,9,39,267,127,43,334,198,161,268,326,87,267,116,251,200,197,285,167,10,217,238,283,89,26,170,223,32,53,239,123,26,79,331,
144,29,218,73,275,288,158,75,142,78,223,38,306,132,89,
12,13,200,
254,129,256,4,204,291,190,139,297,
313,261,227,103,322,
52,310,10,267,320,128,283,12,
261,127,259,8,80,69,102,8,139,150,303,313,134,331,322,
64,322,153,41,131,171,275,50,72,147,15,197,214,
147,95,181,243,70,157,
79,59,99,
290,300,294,159,8,88,139,
289,202,166,32,33,123,43,76,61,
69,211,10,292,198,215,173,172,
197,276,285,244,211,289,298,277,193,123,227,64,
74,33,251,132,287,35,27,112,275,152,174,183,24,125,
105,124,270,215,7,194,321,45,22,223,
197,172,159,4,292,236,254,75,239,277,295,123,42,44,150,49,206,315,221,227,
73,204,144,327,86,313,308,199,
274,323,114,56,151,
47,235,110,
28,258,56,60,275,
0,297,157,25,103,4,137,
227,258,218,326,289,331,193,122,14,236,209,157,51,93,72,78,297,299,78,95,104,163,322,20,9,34,317,
173,94,147,102,33,231,65,157,55,96,324,179,208,244,136,235,102,13,51,155,200,23,252,185,66,
262,42,264,147,308,245,
274,117,306,147,46,156,192,285,144,217,182,273,81,151,
291,303,328,314,223,70,221,
10,155,235,127,69,109,53,175,52,180,325,285,329,70,95,
241,170,251,217,50,162,133,318,150,45,102,271,259,233,333,221,106,301,303,324,330,177,230,
25,252,76,100,218,285,175,242,73,192,209,7,243,49,197,196,15,261,4,89,
267,215,224,52,119,180,301,
81,31,84,275,277,49,230,
35,185,49,310,274,
79,129,256,60,203,101,313,242,142,220,273,268,213,242,313,288,215,52,292,47,70,267,86,225,112,140,36,212,267,
41,40,228,247,152,193,218,22,30,122,218,286,7,83,174,58,88,266,211,155,38,148,297,288,295,218,221,131,85,188,321,7,129,32,29,317,256,187,
304,149,116,182,243,274,55,310,196,246,177,
243,321,25,112,183,147,
271,154,28,160,197,253,306,113,199,22,256,199,
269,21,235,
321,16,92,184,130,330,31,74,153,59,34,97,66,139,48,176,65,111,204,270,267,77,120,217,305,211,260,84,93,64,262,66,111,188,24,110,276,211,
102,11,6,273,279,224,95,169,
18,91,231,47,265,37,188,50,280,132,302,165,3,284,51,46,80,117,163,135,308,124,2,170,85,90,201,49,299,254,255,228,47,
131,294,64,63,68,17,66,
253,271,133,38,
15,147,19,278,213,53,288,47,211,185,261,321,77,7,225,315,3,323,207,130,25,160,299,256,
90,65,296,89,301,154,112,
152,274,59,65,22,215,14,
284,273,81,58,16,64,18,
31,5,221,256,166,292,67,97,283,42,45,36,145,216,286,207,65,298,101,188,308,211,264,139,41,284,81,302,62,
147,7,162,224,291,321,174,327,79,82,75,59,166,152,270,116,273,173,312,32,0,334,166,213,141,238,31,49,18,60,185,117,331,173,262,
32,41,289,259,
206,30,170,151,4,24,52,78,229,77,110,119,233,61,289,200,243,311,268,232,
3,175,314,144,10,79,
130,208,267,229,117,116,334,15,168,212,165,
179,213,275,159,48,142,38,210,62,282,25,323,222,4,275,314,20,49,171,270,53,75,262,271,
305,144,208,315,66,160,119,191,285,21,137,161,154,
270,181,133,45,198,209,308,34,105,66,294,256,244,334,299,315,
206,100,157,279,25,135,286,22,64,
106,241,126,183,267,304,72,238,188,32,
89,327,90,144,25,
101,165,31,304,28,324,106,72,210,63,155,235,257,
78,132,102,269,108,236,334,36,206,79,145,135,232,278,318,165,222,119,163,96,207,329,80,199,227,214,285,283,142,167,221,14,275,
244,173,229,225,161,324,285,
162,68,235,88,291,179,
183,92,132,302,
38,202,44,
232,206,78,200,72,58,66,237,311,190,134,250,242,156,168,65,252,104,
208,208,107,233,45,13,132,137,184,123,325,239,285,100,65,196,242,
261,233,76,76,
163,53,117,162,323,267,297,153,238,268,329,66,297,292,
324,247,53,285,219,190,66,121,334,165,215,11,100,218,54,22,229,143,7,73,218,180,270,268,143,172,173,154,123,78,94,282,33,291,209,
324,7,284,26,142,277,229,11,72,284,144,311,7,189,58,
262,215,179,209,317,
177,304,192,241,
266,218,186,
70,16,301,94,
322,328,
213,168,58,
142,159,324,62,
52,206,325,
18,24,
327,270,
214,292,132,64,
8,149,66,290,
199,159,32,73,269,271,
254,107,255,7,
47,21,250,
298,185,59,294,
293,193,242,
81,22,179,
53,179,172,
228,124,8,
151,217,202,285,
112,277,243,
61,233,150,
210,84,49,
229,273,150,233,
302,235,
281,33,35,
11,46,163,114,
199,162,1,
312,73,208,
332,302,177,
323,210,
59,
102,311,272,133,
212,101,265,252,
4,254,119,
1,33,
113,265,296,
129,279,326,119,
95,147,242,3,
301,267,6,90,
154,123,248,314,
291,286,
133,27,102,198,
15,200,
3,80,328,88,161,
252,41,88,
246,149,270,
137,2,
201,88,
45,101,311,105,
97,25,288,
330,241,8,132,
4,321,200,68,
308,323,154,6,
249,108,137,
273,177,102,
6,117,45,
222,192,208,
19,321,144,
56,110,71,
195,198,193,227,
270,5,168,
157,252,141,33,
286,94,116,13,
118,134,185,
259,274,32,
23,195,8,
86,134,82,60,
166,13,279,
155,101,287,
245,262,113,
26,278,132,
41,3,42,195,31,
272,44,84,
307,156,314,
324,2,322,
175,76,30,94,
103,88,310,
224,102,311,168,80,
332,71,274,92,
12,154,52,31,
315,270,305,
53,10,23,
49,179,207,185,59,
32,131,49,
60,73,215,
311,168,60,87,
75,285,179,
42,168,206,
140,270,15,
110,1,68,
152,253,125,
117,273,250,285,
238,92,314,106,
26,99,265,
99,159,8,162,
242,114,192,
161,56,16,291,3,
26,304,217,
167,217,288,228,
240,314,185,291,
277,84,197,
198,270,280,
60,327,265,323,
42,168,208,298,
154,160,107,287,
11,170,95,
27,217,
261,235,18,
94,16,195,
64,2,310,
190,15,139,
78,132,22,81,
184,49,304,
165,133,130,
242,44,208,
258,288,104,270,
213,160,
189,168,324,
325,58,
14,36,227,
5,272,101,69,
183,329,243,
219,170,112,
151,186,274,274,
107,
226,150,53,
322,261,313,
59,168,56,49,
289,242,111,128,
275,78,14,
34,81,244,
284,314,292,
281,66,206,
252,215,232,
161,84,305,
268,56,314,
223,132,
81,274,329,
180,36,267,
91,13,311,
6,117,56,331,
19,81,30,321,
66,131,163,33,
140,132,
286,274,
262,22,
57,6,58,
72,186,106,232,
90,129,314,
143,153,314,
159,210,321,
84,302,279,174,
178,58,206,
217,329,
76,195,38,
248,128,326,
28,54,101,
19,301,304,
212,95,202,
170,244,5,
137,280,82,
13,44,41,
84,272,221,
97,326,20,
313,325,
73,288,151,
174,221,41,
38,253,319,
81,14,116,
146,168,265,
256,271,235,
29,144,265,
255,273,117,
4,215,168,
235,101,79,
161,1,242,
