5,272,101,69,172,255,3,47,289,95,315,82,
241,170,251,217,50,162,133,318,213,45,102,271,259,272,333,221,106,301,303,22,324,169,177,230,23,114,229,272,325,72,61,6,295,72,197,
333,64,302,165,320,285,
297,87,266,14,250,
41,137,8,64,234,321,16,316,246,290,
262,231,70,212,279,143,86,
315,101,70,260,
277,26,197,262,281,303,211,55,24,295,
309,288,272,198,
136,134,162,117,
168,256,132,0,231,148,59,69,4,21,59,9,88,68,326,162,
206,108,100,157,279,25,135,286,22,64,75,118,43,145,161,227,235,262,284,
101,174,282,35,138,325,255,157,194,322,1,62,258,143,290,187,259,180,185,189,322,22,198,312,144,234,292,92,330,287,153,162,212,80,49,89,271,188,328,325,68,101,321,219,24,306,
250,100,228,243,143,231,1,
313,262,254,154,55,167,24,200,151,278,207,30,122,156,202,
318,187,12,36,176,
264,65,253,153,
174,217,246,314,87,110,258,
36,28,74,101,3,88,154,310,191,299,290,122,282,180,14,24,226,27,317,169,291,117,208,45,53,93,
176,288,313,
84,42,238,223,116,237,161,181,9,219,137,113,112,20,242,295,43,
10,42,41,299,6,16,10,4,27,201,33,175,259,308,190,289,177,216,110,181,299,96,163,214,334,57,112,226,294,81,68,259,289,16,56,19,332,257,216,162,118,50,203,114,206,302,255,40,231,17,298,154,48,303,169,213,
197,69,172,159,4,292,236,254,156,239,277,295,123,36,42,30,150,49,206,315,221,139,130,222,128,91,292,252,197,253,241,295,92,118,321,68,241,
42,197,262,22,159,49,28,285,264,265,15,41,111,198,215,23,115,48,227,248,329,151,
147,17,298,178,326,
275,218,157,44,171,171,284,49,290,300,147,182,44,
56,62,159,3,121,177,101,
113,235,272,207,118,293,6,98,235,60,96,215,
283,267,58,22,49,96,18,264,
266,32,56,215,108,155,164,328,160,189,206,270,74,213,40,122,68,3,297,249,73,23,
203,137,270,333,170,276,141,
328,289,132,152,200,
162,225,104,273,322,199,310,118,7,104,99,208,267,197,286,258,136,147,33,
327,113,121,318,278,277,257,255,57,8,242,
99,92,253,90,329,118,188,
35,49,310,274,130,181,106,152,184,220,254,304,151,142,240,261,109,
217,243,267,3,241,121,22,0,48,261,237,128,32,152,183,315,277,23,189,279,253,9,76,80,164,93,172,3,161,245,328,10,93,256,181,36,179,
159,266,6,33,184,194,29,37,45,228,305,133,329,199,65,47,131,199,123,98,261,211,154,305,287,236,277,26,127,172,246,209,284,192,
45,66,157,164,178,242,333,247,318,36,215,234,
167,253,196,57,195,179,7,67,93,184,42,253,294,176,65,141,308,317,186,167,245,264,317,124,286,154,219,78,56,274,120,60,290,281,330,
81,91,48,20,25,6,321,167,239,47,60,225,134,68,95,326,148,121,113,206,2,93,163,98,215,18,105,324,173,280,153,
17,81,281,147,244,113,
47,235,54,309,191,183,324,212,80,255,71,143,
179,256,30,323,300,36,33,314,214,279,
71,306,147,26,56,290,49,120,33,133,56,36,221,166,30,180,6,251,332,104,50,281,286,217,153,34,203,66,203,325,47,295,103,58,
27,308,302,295,9,277,326,277,279,36,310,133,246,294,167,88,21,128,247,251,147,43,140,41,
41,268,42,36,31,153,145,323,308,
208,23,30,301,31,63,
318,36,81,299,70,157,267,
177,302,64,130,295,208,
219,38,304,300,306,176,62,63,179,101,142,
321,144,305,117,246,305,224,217,218,164,201,113,231,249,190,159,9,282,263,66,321,179,
331,313,30,64,302,149,122,168,246,74,
80,47,212,137,56,61,
265,168,321,169,160,317,265,42,46,251,165,233,299,147,97,151,
301,208,
36,318,44,7,318,283,61,109,160,265,
91,64,272,234,262,286,
213,175,77,
117,326,283,296,172,204,143,254,172,310,321,142,260,75,163,220,238,44,136,203,17,242,258,183,311,252,309,188,270,78,205,
168,181,213,307,258,113,204,48,94,189,192,129,81,199,233,131,
49,73,140,283,300,82,147,6,90,228,204,75,
193,232,197,261,55,54,213,269,25,66,100,158,192,174,175,193,138,9,1,142,250,166,113,173,177,73,250,13,78,98,255,272,242,64,293,24,135,32,235,324,167,253,
192,291,298,314,40,121,197,251,
316,254,0,300,165,81,31,151,257,3,
314,251,328,37,290,68,143,274,103,270,305,150,97,194,226,
297,5,159,122,48,230,37,33,107,231,
90,129,314,147,263,297,286,225,321,112,
154,10,36,311,70,250,129,51,290,22,198,179,8,286,107,324,9,276,196,12,37,229,256,313,270,48,86,213,202,187,31,175,52,41,23,
288,10,144,206,151,264,265,321,29,326,175,170,36,210,309,250,316,76,252,105,140,196,246,286,
49,101,30,22,265,256,67,238,72,282,275,68,23,47,94,259,200,82,35,42,53,68,278,105,27,9,176,64,
165,185,236,111,333,306,190,
73,52,300,284,
254,107,255,149,158,162,124,313,187,81,124,246,
279,17,155,24,209,300,219,149,105,132,176,292,117,231,13,299,226,103,256,302,14,112,
164,81,147,233,265,300,253,11,125,173,309,186,194,30,265,262,106,45,277,276,313,254,266,320,206,
192,71,56,202,64,97,177,249,95,
8,213,290,45,72,
107,154,24,115,119,287,324,170,254,328,265,236,266,73,284,
208,124,74,19,16,101,51,206,131,273,323,136,242,97,285,20,38,283,201,153,173,220,152,196,154,109,124,207,267,290,169,278,222,293,47,11,111,135,249,83,69,80,124,55,141,264,47,98,302,217,205,59,220,220,302,118,289,64,188,273,172,50,92,310,67,186,36,177,149,
6,228,30,17,93,211,147,238,300,7,33,45,71,192,279,315,161,184,137,81,295,
3,128,130,217,313,159,21,204,283,302,38,68,54,183,316,
113,19,158,55,123,107,0,246,331,276,75,141,193,189,24,70,119,245,221,189,333,134,68,35,311,60,79,210,322,295,196,327,75,106,326,204,267,
75,322,282,214,213,233,234,304,17,291,31,29,280,312,72,114,208,132,
38,135,273,96,197,22,140,286,325,70,127,136,279,94,23,235,288,278,144,70,257,167,308,57,310,271,292,219,271,130,77,145,61,
228,151,252,167,24,250,298,312,134,81,49,201,
302,27,31,269,206,255,34,249,122,144,227,272,86,156,323,200,175,113,195,285,128,71,275,279,
222,203,130,53,91,62,285,
114,75,102,68,90,208,176,
187,178,257,244,193,236,3,48,116,259,195,269,1,237,60,300,188,293,314,6,219,16,17,318,315,41,129,287,274,235,295,149,157,
171,290,
22,42,171,27,26,
77,181,261,90,288,213,273,224,318,15,304,
140,288,272,201,
137,305,323,249,73,320,102,41,181,203,111,80,288,
178,141,172,292,62,0,45,165,147,40,126,156,20,156,326,319,329,
324,247,53,168,219,190,66,121,334,165,215,11,100,218,54,22,17,143,7,73,218,180,270,268,143,172,97,154,123,78,94,282,33,291,209,45,193,64,173,253,331,55,81,6,
44,272,161,9,173,287,109,296,98,273,167,45,74,242,329,36,158,2,112,164,185,275,333,
218,80,324,36,144,133,8,333,332,122,69,86,16,183,255,114,163,23,
323,126,185,302,
76,313,59,288,66,
254,324,100,240,3,211,94,165,1,
175,76,154,94,217,259,258,91,
274,47,314,35,187,167,81,111,186,57,102,129,202,206,232,284,273,158,178,199,104,53,256,264,324,
120,76,186,42,156,201,
32,41,158,134,18,125,200,155,88,326,59,82,97,220,107,
94,16,307,173,183,191,
201,123,6,
148,206,41,296,179,
136,313,147,296,
107,198,17,70,86,305,310,
48,98,105,69,26,69,170,136,114,100,295,265,291,314,1,168,15,77,315,331,314,
324,260,254,284,26,33,277,229,11,72,284,144,311,7,189,290,286,43,149,241,236,233,316,5,218,
219,70,14,60,326,76,92,265,189,120,230,
14,138,321,151,191,101,106,269,279,9,219,65,237,234,237,210,
289,53,130,20,12,12,185,24,80,127,191,223,192,269,21,172,150,185,163,8,232,237,190,151,14,310,225,308,20,216,3,45,287,131,58,228,72,18,49,149,40,251,32,201,19,189,183,250,98,24,317,328,333,32,113,74,242,334,117,261,205,91,
206,259,288,162,287,57,318,58,47,115,274,304,77,148,14,100,98,4,209,219,
217,7,40,64,173,203,27,167,324,238,276,71,62,77,184,128,139,213,75,295,93,231,320,31,
87,130,174,297,334,44,313,
221,110,211,
76,292,168,175,44,68,120,154,46,93,77,
241,324,
8,81,76,233,133,158,300,190,0,195,328,276,299,
20,277,251,33,218,318,121,179,287,10,72,264,
23,324,65,298,
130,35,197,177,157,
70,197,76,52,107,164,285,159,103,267,
131,251,33,3,137,64,132,326,47,326,256,19,233,142,
101,80,49,63,47,36,144,187,297,193,285,290,196,331,5,300,161,102,57,91,196,179,142,199,5,101,96,
302,105,118,163,51,172,201,274,55,327,233,16,1,47,291,331,331,80,303,151,26,66,197,252,
206,30,170,151,4,24,161,52,114,229,77,110,119,233,61,118,200,243,311,268,45,25,320,235,146,179,77,191,228,63,164,68,298,236,270,
64,49,108,224,
277,20,159,160,
194,248,102,263,
41,255,31,140,27,211,
330,125,101,73,99,71,48,133,334,4,317,119,216,8,171,175,222,61,164,2,7,214,
72,241,270,148,8,
81,14,116,164,160,314,239,318,
63,56,83,291,
170,92,206,12,235,37,166,294,72,8,144,254,175,307,101,233,
201,290,296,241,15,198,323,84,81,263,57,51,291,309,188,124,188,22,242,114,105,121,101,64,112,19,303,244,69,317,246,123,129,213,225,120,
261,76,77,196,189,28,287,115,53,30,
228,94,140,11,180,194,288,282,219,199,252,208,254,6,329,
94,313,254,268,
185,25,141,47,149,166,243,299,22,168,140,111,310,103,79,133,96,199,147,274,9,16,61,258,331,287,140,265,273,90,21,323,61,103,169,171,29,288,328,118,327,137,201,284,129,165,37,267,39,
219,167,33,73,206,
181,144,105,287,147,274,17,74,239,259,85,270,203,168,255,37,4,128,10,172,77,191,197,130,326,181,212,
78,134,12,81,284,291,114,121,256,167,
137,4,167,265,102,286,148,12,42,194,220,70,168,75,290,
73,5,107,49,137,246,96,307,181,311,148,22,219,165,280,
77,49,181,217,320,
171,148,243,129,73,240,200,22,62,36,237,256,170,
296,171,243,311,289,320,41,148,136,
60,160,186,
254,129,256,159,204,190,267,297,313,223,250,293,316,334,185,293,
8,246,47,22,23,105,192,189,165,302,
11,46,319,177,112,
288,62,14,174,266,120,160,141,247,97,291,240,45,81,100,135,172,174,4,197,167,241,74,133,148,185,169,319,228,137,331,184,
157,299,35,253,313,96,125,316,145,203,228,310,8,311,161,253,222,83,241,114,54,126,255,244,295,227,120,145,220,230,257,132,147,46,139,45,130,38,164,167,194,139,231,234,
34,298,71,302,174,250,
265,201,48,331,41,288,154,156,325,179,147,29,118,281,113,212,39,213,109,64,268,122,53,321,248,231,326,25,135,239,
332,77,249,99,
143,86,209,250,295,303,221,268,123,
2,81,297,39,146,26,64,139,214,239,44,188,326,294,63,
23,69,4,175,82,28,154,
14,36,282,77,92,89,58,258,123,172,
225,253,192,32,
204,254,0,243,217,125,14,188,255,
86,242,29,331,60,129,125,273,16,160,26,265,134,122,187,146,183,105,279,43,317,181,103,292,128,280,231,143,85,110,313,
90,99,75,131,133,13,236,85,322,13,77,
212,101,265,252,165,9,95,88,294,81,278,194,12,30,156,292,152,
164,101,126,325,21,105,118,
291,178,94,328,5,268,197,182,311,147,48,83,85,291,7,59,318,232,319,243,116,309,192,61,
311,238,73,103,133,195,262,132,232,92,324,148,
41,154,203,90,187,32,13,282,300,325,44,175,92,244,148,291,262,206,67,34,
249,12,213,302,
129,153,164,78,86,29,154,88,208,217,256,254,77,171,286,0,90,148,215,185,208,295,30,108,325,45,233,75,
21,56,16,33,292,54,129,147,166,93,18,3,189,191,311,331,125,269,
321,170,265,104,267,231,321,121,21,
126,272,116,206,172,243,33,323,283,128,235,334,328,281,164,
0,19,13,273,101,290,254,8,62,
65,290,159,310,170,201,131,105,23,96,264,309,311,
21,134,23,27,53,269,178,280,321,
137,294,58,123,
55,277,69,64,
248,62,254,129,76,98,41,51,14,28,
174,212,200,244,225,308,304,34,145,297,315,190,231,334,157,310,190,71,93,40,72,219,288,92,142,196,65,177,81,120,264,198,149,118,
293,193,289,16,178,180,276,113,
318,327,86,125,263,
64,143,197,24,326,304,298,159,131,143,70,220,333,167,313,53,251,
117,300,136,6,28,240,139,190,19,249,143,
56,81,71,192,248,44,162,118,94,
320,28,288,270,217,333,133,321,65,
292,147,194,23,130,247,208,151,156,135,287,23,143,76,128,139,286,196,249,151,4,12,137,329,128,86,319,76,5,278,
66,113,83,208,196,324,92,155,148,197,211,113,71,105,45,241,247,117,212,331,
208,129,
255,254,280,258,323,149,216,228,25,122,270,27,254,284,41,79,109,136,289,69,64,166,
199,159,296,144,110,52,124,125,155,51,274,294,131,
325,16,81,75,304,185,286,
305,47,31,290,314,162,188,
174,310,231,74,5,64,312,332,0,
45,197,311,300,265,273,156,252,16,8,102,
20,195,47,178,237,
81,164,76,134,320,33,54,129,233,316,148,316,287,208,200,274,62,163,259,43,95,146,247,297,9,123,30,217,272,191,10,115,67,150,156,303,271,309,16,102,324,
144,29,218,121,307,288,158,75,149,239,18,194,38,306,132,137,287,243,272,312,49,237,289,236,
180,255,113,249,69,
13,117,13,102,319,90,72,64,
186,16,28,73,305,
324,242,242,319,53,172,253,23,138,177,311,189,141,239,318,
189,168,324,261,310,137,326,305,19,288,219,
21,249,5,323,322,283,43,77,247,164,
47,142,49,298,303,308,192,306,297,302,178,243,69,68,213,294,70,271,
75,160,311,
184,116,131,250,246,184,157,302,288,
121,51,251,55,314,327,71,313,192,308,115,328,156,179,290,317,192,56,117,59,111,
157,252,33,107,275,130,217,118,70,263,97,241,
131,294,64,65,184,17,66,150,161,90,314,315,313,216,299,168,
136,213,38,65,
64,2,56,1,279,233,294,23,153,313,
133,330,311,124,235,69,8,334,146,39,79,267,265,
59,168,56,76,167,228,121,55,326,298,
250,148,99,154,215,34,301,184,196,334,173,3,
160,32,265,66,97,139,241,220,112,276,116,81,145,68,149,140,77,318,12,241,13,
256,273,306,133,290,30,300,164,3,25,39,258,115,260,151,71,66,12,334,128,109,232,181,230,31,111,294,7,45,4,203,45,179,314,168,184,162,53,32,100,21,25,237,107,186,164,152,274,216,329,188,78,140,261,198,
300,179,308,35,101,244,30,
47,248,71,57,166,272,274,216,159,189,13,20,274,282,305,5,322,70,
81,212,244,141,
213,265,6,120,266,257,268,202,136,102,278,200,280,264,8,106,97,
262,88,219,326,61,241,68,268,272,41,105,247,260,
140,94,272,160,333,166,208,
101,300,0,289,56,
75,30,113,313,144,53,
160,26,205,310,332,256,215,125,136,280,30,110,201,221,330,213,172,34,325,211,322,56,98,156,187,193,
283,36,128,191,177,264,248,210,9,19,23,327,115,243,276,66,36,303,214,267,168,97,170,81,
287,144,303,288,323,5,146,177,181,165,119,
99,159,8,162,250,248,15,33,212,22,282,8,51,332,156,
179,206,20,219,217,256,148,
52,73,57,142,325,320,70,292,140,2,76,88,
240,35,167,
110,221,199,4,328,157,249,181,
53,60,193,306,133,91,61,183,
116,247,262,76,81,184,273,251,319,211,241,171,
331,324,134,55,258,48,288,
298,268,88,294,231,316,139,192,34,147,95,214,302,10,
115,261,42,281,206,224,
29,129,75,333,166,284,224,
136,215,117,144,313,207,234,
281,33,57,177,165,273,17,88,331,
288,73,228,49,262,30,129,245,248,313,261,
263,229,226,168,203,188,32,294,328,150,135,90,205,307,324,194,
181,35,19,313,2,110,
147,186,92,25,187,199,137,329,261,323,195,185,124,83,205,148,109,317,92,65,309,1,262,318,164,44,275,75,234,250,
314,23,197,2,248,272,186,159,90,131,226,4,35,322,193,211,
278,292,63,177,33,218,297,91,
5,259,101,292,273,190,224,64,287,127,
16,86,70,94,135,177,128,72,302,46,94,106,186,39,9,179,298,206,11,
149,175,284,197,17,235,
283,333,3,126,12,
188,215,160,128,117,59,318,59,317,119,213,247,7,262,
25,38,267,51,90,58,20,295,325,205,81,98,248,247,207,
207,262,113,143,177,
214,298,283,64,295,179,
306,163,219,78,241,53,
81,28,284,78,33,119,256,17,118,170,71,221,168,123,169,174,120,133,56,254,172,177,228,28,21,298,
220,253,87,191,308,211,181,71,192,256,8,298,
62,327,288,262,53,9,172,57,248,56,69,56,178,292,240,247,18,123,234,96,97,180,289,
213,168,69,211,133,154,148,249,279,266,93,266,10,
144,324,69,120,127,183,281,42,45,25,275,75,166,58,87,136,
181,86,124,77,72,62,127,181,
6,117,57,74,91,64,115,217,268,286,213,39,
100,40,18,48,41,206,15,293,329,256,262,179,202,29,214,270,254,165,173,190,92,169,
112,107,191,216,18,312,68,94,80,201,141,32,17,289,0,314,
270,181,288,45,198,209,308,34,227,66,294,256,147,244,334,299,315,294,72,59,190,23,36,62,271,297,
26,305,319,295,193,317,122,26,99,11,160,183,291,175,114,207,201,305,49,284,158,259,90,61,227,9,258,210,159,267,269,131,140,254,136,216,288,2,164,42,164,209,135,74,323,56,310,8,165,118,126,94,322,317,184,296,110,300,
53,108,149,23,233,287,222,179,4,29,172,37,261,75,
253,276,197,190,34,79,220,318,306,176,225,314,235,
159,278,24,189,282,290,196,211,99,29,266,46,100,249,69,165,165,169,313,56,273,321,70,5,95,297,61,242,73,117,
92,266,240,36,11,270,52,309,289,31,38,147,170,250,303,326,78,279,99,114,239,258,250,14,151,168,248,280,111,141,289,284,43,101,41,50,66,246,162,221,212,180,186,298,271,8,77,65,0,88,190,255,109,80,80,96,178,192,319,99,191,19,57,14,222,
28,258,56,60,62,243,186,173,10,320,323,222,214,43,224,218,
80,119,72,63,301,190,17,150,7,168,134,261,218,92,284,129,136,55,36,256,97,312,32,51,101,137,222,322,186,
29,69,53,251,72,
103,86,311,53,71,109,212,331,
123,157,159,176,311,241,137,193,59,201,277,69,30,79,230,143,
123,81,230,81,78,137,262,27,243,
308,220,92,
203,32,333,41,215,172,222,252,53,299,71,318,267,
262,63,288,294,123,66,64,268,311,182,296,
55,70,59,331,
159,42,178,140,297,297,272,214,63,42,45,10,241,108,62,96,176,214,207,138,
141,81,112,309,
295,273,200,181,198,38,281,332,167,235,298,153,157,252,317,107,277,313,332,167,295,251,302,304,149,270,114,67,317,24,192,150,60,12,123,198,121,314,143,84,260,293,
94,307,56,168,302,175,168,214,140,59,129,154,140,70,98,277,247,313,
240,324,254,208,299,
13,0,13,202,160,
272,126,271,109,44,177,284,118,169,36,187,136,128,269,250,192,217,309,224,113,248,140,302,140,151,107,
186,164,60,201,87,140,36,8,72,311,85,131,120,333,202,191,214,311,157,292,201,80,
286,31,113,33,116,33,177,80,12,298,99,160,280,106,173,251,37,263,288,135,105,193,291,39,175,265,225,137,239,52,28,273,134,149,207,270,99,325,
165,8,212,287,30,
274,168,256,49,60,253,
255,302,157,47,96,180,91,329,292,104,129,8,
97,215,160,213,324,
303,329,302,262,329,277,326,283,115,233,152,291,78,
5,46,5,297,239,287,37,268,278,244,21,174,118,3,159,317,45,107,313,326,285,
260,308,215,315,57,
192,51,100,170,178,62,177,92,301,237,148,71,147,97,325,299,220,225,159,
328,200,185,314,179,310,
235,193,253,278,74,313,
309,291,211,
151,156,169,275,42,279,334,176,329,151,172,101,166,179,311,75,70,
68,101,47,197,168,95,
246,319,52,48,184,201,100,
70,177,318,61,
270,103,117,203,266,303,276,260,
294,212,180,229,
48,109,128,293,209,124,35,92,30,296,226,26,245,302,61,113,257,333,275,307,183,72,152,294,113,256,309,138,9,72,218,212,234,160,257,277,307,119,109,311,315,120,64,27,334,323,223,186,326,61,332,234,197,56,47,9,119,258,284,10,157,150,334,206,251,297,78,310,246,10,72,46,
197,276,291,244,211,289,298,17,277,193,123,8,64,14,57,70,79,36,37,44,143,45,326,149,302,70,142,192,
279,13,262,64,246,38,56,37,294,136,168,266,27,118,262,302,21,334,273,230,291,207,73,179,316,
296,53,298,318,199,151,
0,256,197,249,46,33,94,147,45,224,227,182,108,328,184,92,176,54,131,175,48,121,247,276,314,92,130,175,92,102,113,34,147,195,292,167,210,45,224,274,56,77,179,202,168,70,106,204,316,115,233,276,314,166,203,263,266,
148,137,141,250,128,208,277,72,
198,326,132,216,165,133,107,182,310,310,256,
177,324,11,70,207,
19,181,238,113,83,271,97,97,4,
92,311,328,283,87,208,42,245,173,262,33,0,90,257,64,218,79,311,324,137,41,6,334,63,204,268,147,254,302,174,269,308,247,8,190,
77,89,206,67,332,56,206,78,
146,64,290,206,290,
100,248,250,246,
90,25,56,301,21,218,
200,262,133,
333,203,313,29,140,44,164,
268,253,41,79,143,94,
89,252,101,59,239,288,35,102,117,151,73,70,269,
60,28,113,215,9,84,170,189,167,233,15,301,166,172,241,191,41,
168,70,102,263,21,279,176,37,177,226,172,94,274,262,
61,36,103,265,290,
69,211,292,213,173,172,278,23,55,258,101,255,180,
200,154,295,212,14,188,270,316,268,128,2,166,208,174,44,8,121,281,166,206,217,38,58,256,330,79,49,129,181,269,91,206,4,76,272,215,15,160,240,32,171,301,247,269,328,323,
64,284,217,95,206,1,160,192,177,41,91,193,206,5,45,214,46,68,183,14,193,
9,82,14,212,72,70,
251,188,45,168,3,22,42,213,265,185,132,269,189,252,43,161,320,183,286,114,27,205,202,20,318,233,112,296,21,61,12,304,29,118,43,109,
311,324,36,206,239,157,0,226,74,207,254,252,61,329,79,85,239,107,295,86,154,277,84,298,331,45,0,314,169,117,306,10,75,33,137,65,4,
233,273,303,
170,267,65,171,156,8,193,321,155,
104,23,162,178,254,8,44,92,201,224,208,319,240,71,173,139,206,319,298,213,321,181,314,15,105,244,29,
295,27,70,326,13,187,281,35,197,217,71,222,214,
211,175,159,32,183,206,213,298,267,309,53,210,50,235,272,221,88,314,289,330,
4,292,313,18,2,96,103,29,254,
97,192,19,35,75,323,
247,3,113,92,110,179,
176,15,253,68,245,318,211,269,114,
175,39,302,288,23,29,313,326,261,19,
262,42,33,147,308,207,313,122,303,299,121,106,264,249,5,308,1,122,200,91,
199,162,127,16,168,228,15,178,248,
83,287,30,157,265,321,63,
270,164,240,150,295,258,317,171,147,138,113,299,216,200,277,325,140,86,66,268,250,332,63,286,0,9,242,129,202,159,300,243,162,154,311,269,
26,157,295,48,75,78,107,270,151,302,7,274,215,157,236,
167,0,0,142,199,75,241,79,137,308,101,40,150,133,224,184,106,299,
76,328,69,30,70,327,109,258,14,210,309,170,70,87,107,29,11,330,147,319,261,116,272,131,37,280,84,8,292,106,92,278,
75,117,167,85,158,302,65,91,24,42,312,213,224,324,229,316,6,90,155,113,
328,129,42,20,92,76,222,21,106,89,160,141,214,45,254,328,220,9,291,139,286,106,132,266,55,71,105,200,283,181,231,136,193,201,131,303,306,14,322,68,155,291,5,83,125,212,318,214,
107,175,6,311,171,313,136,179,275,184,172,20,280,204,122,56,60,324,194,157,17,1,291,106,45,32,
253,99,268,192,165,7,264,14,69,78,99,281,248,219,310,
106,241,126,183,267,304,72,174,170,0,50,227,282,213,113,221,167,
17,107,124,149,306,
319,329,107,252,324,51,28,246,219,334,292,57,
290,151,297,227,231,171,216,88,8,275,0,248,
135,16,309,38,288,198,198,208,59,260,312,87,158,33,35,129,25,26,99,54,126,177,145,204,244,333,113,106,143,143,7,
180,36,267,293,294,298,274,208,224,134,91,
299,273,203,193,281,45,
256,260,86,307,163,23,292,102,129,139,230,291,217,254,85,218,201,64,149,297,73,294,81,244,313,332,96,217,259,183,264,179,
133,27,68,198,79,101,200,181,325,303,167,290,227,161,219,320,179,
134,78,310,25,147,86,118,251,80,21,331,278,298,32,136,176,299,288,301,288,
81,321,179,97,325,8,166,206,147,66,
141,69,324,203,
173,249,94,160,
130,38,222,87,
69,48,190,82,144,218,5,204,19,141,311,153,29,133,
231,174,116,174,7,193,301,262,305,321,235,278,262,297,86,
118,329,113,5,197,279,17,
290,295,294,159,305,300,88,98,36,146,113,208,126,
244,290,135,149,5,189,
70,16,107,64,315,239,29,60,219,192,55,121,151,262,122,167,329,261,36,8,26,157,
329,251,284,57,328,145,19,276,198,275,288,303,181,173,118,
111,42,274,325,214,204,331,165,306,225,121,
302,106,205,204,67,177,289,97,201,184,170,46,78,268,132,224,273,110,333,22,143,
3,88,5,64,
121,295,70,20,78,125,179,201,321,
79,311,133,268,179,11,119,219,147,291,
215,266,33,60,200,45,225,160,136,97,250,286,260,128,
148,257,73,311,10,317,203,
326,165,241,248,266,103,237,284,147,64,184,193,97,262,272,295,96,64,113,101,219,231,181,7,
326,32,175,303,31,168,
280,75,
248,93,166,181,334,99,28,2,36,93,314,222,326,131,332,84,113,142,313,235,303,48,314,
88,168,244,134,113,52,298,
314,214,126,48,117,311,96,44,8,264,59,126,159,246,
147,43,7,162,224,291,321,174,327,79,82,75,59,166,152,270,161,273,212,312,32,0,334,166,213,141,238,31,49,18,60,185,117,90,173,40,246,273,81,208,49,136,102,172,79,
53,307,224,9,193,103,300,296,237,36,118,287,
3,175,202,144,10,247,80,283,160,245,314,207,256,326,129,
72,186,106,95,146,166,203,328,45,81,121,260,241,29,
244,201,41,160,285,
49,144,140,
165,265,253,250,126,316,34,135,
284,273,81,110,64,235,98,159,176,151,78,301,181,149,88,291,
12,154,318,155,137,171,119,249,188,
313,23,159,86,75,94,99,254,
261,147,80,175,178,297,281,13,
207,189,314,32,31,141,142,260,125,146,25,283,286,160,100,291,302,296,273,92,53,160,189,247,109,330,279,56,45,67,280,43,
140,224,114,9,288,49,214,
68,76,38,59,112,160,281,231,176,200,266,
307,238,164,53,164,306,257,6,182,142,94,329,94,171,163,288,85,278,
252,106,31,324,207,212,5,103,228,185,157,205,80,23,327,
231,290,10,265,46,209,307,
244,197,214,34,30,88,170,32,5,81,212,17,280,
23,299,8,65,313,219,330,21,289,64,74,
326,198,130,12,294,255,300,136,246,263,28,170,5,277,314,310,109,131,25,302,330,199,233,5,
23,175,104,42,80,208,315,27,311,252,109,
4,53,110,285,19,
151,302,313,319,146,223,270,
167,217,288,228,313,212,102,199,240,306,77,202,
34,250,41,97,277,
208,290,147,240,87,
14,31,198,202,255,288,81,82,292,332,81,0,256,297,134,201,331,
225,310,286,225,
318,291,190,296,203,189,95,5,78,215,136,
204,135,334,222,45,222,179,
160,251,3,75,60,173,1,36,39,182,
248,294,326,292,224,290,194,260,268,
31,5,221,256,326,292,67,97,283,42,45,36,145,216,286,207,65,298,101,188,308,211,264,139,41,284,217,302,62,36,264,30,305,41,55,75,
88,262,313,92,284,0,197,290,3,172,211,143,
30,261,195,194,71,141,74,152,262,80,145,147,78,208,295,6,144,157,76,120,203,331,83,71,195,45,151,179,75,323,123,206,31,313,126,129,310,
153,64,264,
71,220,192,47,163,
74,44,235,132,36,
212,70,39,31,80,147,315,45,262,128,173,51,
25,298,134,
310,1,117,176,53,61,128,134,284,99,31,35,77,219,58,17,200,92,174,225,214,100,287,240,147,269,328,92,30,
304,258,57,56,101,106,178,60,63,19,154,219,289,317,
287,292,150,148,48,37,268,
298,25,31,311,276,47,11,128,291,32,333,165,245,182,257,305,57,124,220,85,104,296,287,134,194,21,223,293,59,
113,265,180,80,135,247,51,232,302,164,151,165,245,
251,235,131,121,101,315,164,0,314,50,213,160,199,235,113,100,85,34,64,
272,200,193,54,5,178,84,280,284,239,270,205,315,91,155,290,76,67,
24,104,228,60,
276,153,190,63,273,204,197,248,253,328,129,53,210,9,92,160,182,5,282,220,50,267,289,293,164,101,212,330,
235,192,102,194,275,82,47,251,197,313,45,133,302,263,183,332,212,197,256,240,113,160,231,91,243,285,135,149,106,310,25,173,73,
63,262,154,
291,288,298,302,207,324,132,240,284,208,312,320,141,85,36,305,239,
101,165,31,304,315,97,72,210,63,136,235,257,304,151,164,147,290,332,326,133,22,
58,206,310,137,0,182,24,304,265,
325,220,265,241,152,120,28,111,234,313,52,61,234,71,12,154,170,293,298,
175,150,318,23,240,208,40,107,5,149,141,283,142,3,317,75,160,211,13,44,100,294,170,197,45,23,304,12,205,213,30,17,
82,3,49,32,
179,16,101,321,328,
248,43,56,313,265,272,163,145,100,309,159,64,284,
63,278,219,163,
242,117,87,204,322,289,293,324,306,57,
313,162,270,88,103,76,259,4,114,213,105,164,79,98,7,181,184,75,
190,5,318,11,152,
33,283,184,139,130,318,20,94,315,130,329,95,322,297,157,325,168,175,19,263,64,6,324,66,147,286,324,147,99,126,219,267,311,162,325,
74,174,33,251,200,287,90,27,112,275,152,174,319,24,125,43,136,
43,206,237,92,326,121,314,207,3,34,299,84,
70,159,212,137,295,
300,206,326,328,197,47,69,73,100,331,270,132,98,101,68,144,289,238,50,334,270,316,146,192,206,300,305,
49,197,18,102,59,18,126,255,24,334,77,120,319,14,64,106,230,240,151,216,
300,275,290,53,253,
60,53,24,209,317,
273,100,117,147,136,24,274,183,184,201,217,30,28,333,276,301,123,30,313,215,9,132,0,309,233,5,213,
314,121,3,81,121,63,192,305,
325,133,164,327,314,
147,118,181,91,70,157,34,80,270,275,32,85,268,33,163,101,310,
195,279,20,95,288,30,302,220,260,164,12,
64,260,322,153,41,131,171,275,50,72,147,322,197,91,208,109,28,146,10,265,326,237,310,288,284,
150,175,14,146,10,186,198,42,147,206,282,114,72,
267,283,130,170,180,7,24,236,247,37,25,50,
8,73,239,308,154,80,102,198,94,287,306,99,325,259,41,30,75,81,
177,65,192,241,281,103,212,177,
225,111,90,196,
102,189,137,114,123,194,250,
140,270,202,49,94,185,269,168,181,61,147,181,302,41,110,
308,95,174,260,8,61,27,300,264,72,162,246,300,263,276,300,38,
56,56,110,253,41,54,175,290,27,285,262,94,46,256,182,229,93,303,179,258,70,270,264,304,266,306,28,274,188,187,15,59,52,228,90,63,222,
249,108,137,184,128,187,332,173,283,266,180,
61,330,325,291,262,264,80,
179,100,151,34,81,184,83,133,196,205,53,238,168,206,
313,193,190,263,323,202,175,131,89,114,75,331,37,110,216,110,3,23,197,248,333,136,143,263,149,273,5,
291,328,314,223,70,136,27,284,96,199,308,197,303,35,129,280,107,124,303,61,185,282,179,
288,329,89,77,176,173,
38,200,68,44,330,25,178,282,28,137,100,206,38,292,160,306,212,248,308,
213,251,75,13,142,174,287,162,
108,244,46,168,249,333,263,310,53,101,136,
33,93,298,294,246,1,287,131,215,146,224,281,295,109,192,220,228,192,301,287,247,
36,218,197,179,
44,74,147,333,
326,3,254,197,209,203,192,265,196,70,229,53,286,
294,301,290,84,152,55,127,178,191,26,133,260,177,208,185,162,184,11,119,62,131,143,11,93,256,279,23,128,33,298,245,171,236,302,172,248,62,155,2,137,222,293,
292,52,65,186,255,
265,219,83,
151,89,265,
314,248,192,325,
299,192,318,131,
281,253,115,
282,276,99,291,
106,302,76,
100,251,206,
95,195,298,
290,41,146,61,
212,103,66,276,
164,330,44,315,
194,137,212,
242,327,45,
298,325,206,23,
206,16,179,
313,235,64,94,
16,218,41,
81,72,56,
268,287,248,
133,71,53,
78,123,77,239,
289,296,255,112,62,
127,5,181,
235,248,251,
263,0,318,
227,270,290,133,
311,21,296,
274,180,47,26,
116,126,
291,79,78,63,60,
168,76,140,
315,131,5,
91,180,147,
60,113,274,291,
40,192,
178,192,21,304,199,
166,144,0,
258,168,162,
252,228,117,
169,311,36,
285,302,70,333,244,4,
321,83,101,320,
86,129,107,262,
303,287,
237,144,53,171,
95,159,318,
278,212,235,
188,12,256,
68,3,64,114,
101,108,69,
193,299,53,
247,292,45,
229,56,
253,274,324,
61,140,310,
78,253,306,
98,206,94,
329,70,256,
239,291,78,
202,167,13,
166,255,140,
284,107,248,73,64,
258,14,331,175,
325,286,270,33,
27,22,123,
90,114,49,
15,199,77,
61,159,291,200,
118,53,99,70,
8,92,220,327,
204,49,3,
168,137,179,
165,113,254,73,
264,283,61,
172,178,14,
322,75,314,
45,5,72,
106,235,49,107,
19,175,131,
107,291,5,
234,147,91,
136,107,108,
63,208,314,
329,99,303,
170,203,
256,14,220,
47,8,
75,97,325,
216,256,290,
79,313,200,
70,47,89,118,
172,53,147,
224,64,248,167,
270,272,197,
206,266,126,146,300,
247,25,27,62,
12,251,78,
182,160,262,
237,64,14,20,
164,256,113,333,
248,199,38,
78,117,318,
134,14,180,
179,247,291,
124,17,181,
317,60,304,
233,326,168,
32,225,263,
87,208,144,
264,274,31,
4,23,206,311,
267,318,70,
71,302,192,
299,43,167,
103,70,279,
88,36,
3,43,82,250,
136,74,318,
205,263,117,302,
58,144,283,
64,55,13,
91,175,262,
324,263,97,274,
26,22,70,
307,144,263,231,
214,28,314,
75,137,49,313,
224,140,53,
313,86,87,176,
57,260,304,319,
277,164,311,
56,21,207,
271,38,81,19,
109,251,103,23,
221,106,143,
140,256,27,52,
73,288,266,
65,320,292,
219,79,253,
113,88,66,17,
267,203,254,
297,2,261,290,
143,47,302,
102,81,45,
270,151,26,
28,23,248,
155,170,12,
208,148,180,
28,319,286,
264,213,20,
215,188,26,318,
64,248,49,3,
267,113,321,133,
162,305,168,
143,88,117,
173,250,288,
1,250,254,
279,302,
171,296,275,
333,44,
326,189,178,
287,53,83,
236,26,206,
288,320,134,
272,241,
302,75,47,
62,222,
