49,197,59,18,168,255,24,229,77,
284,202,206,132,326,142,75,240,305,98,225,114,71,19,50,274,288,255,288,48,78,333,74,314,20,197,248,326,154,327,208,
214,292,132,64,242,56,
132,270,74,39,37,331,0,240,91,26,78,266,195,204,
269,30,286,211,197,101,77,147,139,254,325,45,222,130,199,210,20,13,69,100,192,106,328,243,17,19,66,126,56,143,245,
198,326,124,165,133,193,310,
60,73,25,327,
64,203,322,153,41,131,171,275,50,72,147,15,197,214,208,109,28,146,159,265,326,141,310,
228,124,8,244,84,254,118,
5,272,101,69,172,
168,256,132,0,231,148,4,59,9,313,
229,273,150,61,251,201,167,140,187,
209,194,269,122,260,291,187,149,50,212,195,262,104,
104,66,200,256,332,258,332,208,273,186,7,322,253,50,270,26,217,173,76,300,213,132,218,297,116,224,195,
286,31,113,33,116,33,177,80,12,298,99,160,280,106,173,251,37,263,288,135,105,193,291,39,175,265,225,
267,283,224,52,170,180,7,24,236,247,37,25,
251,235,131,121,101,315,16,0,314,50,213,160,199,235,
31,5,221,256,166,292,67,97,283,42,45,36,145,216,286,207,65,298,101,188,308,211,264,139,41,284,145,302,62,36,3,30,
132,28,254,102,96,49,303,327,104,33,124,176,235,159,60,280,145,18,314,207,134,192,140,319,120,154,309,151,330,
248,248,166,181,145,99,110,2,36,93,314,222,326,76,332,84,113,142,313,235,303,
265,201,48,331,41,288,154,156,325,2,186,29,118,281,113,212,39,213,109,64,
270,168,117,3,203,
206,0,180,291,327,265,284,333,236,59,232,295,71,230,132,235,318,328,176,251,114,178,32,158,208,119,256,265,118,263,315,94,52,178,140,100,250,273,284,325,
111,42,274,325,
133,27,102,198,79,15,149,173,181,
11,15,303,190,275,19,52,98,
199,117,132,271,80,55,244,168,157,292,328,
253,276,197,190,142,34,79,220,318,306,176,327,
56,110,71,192,248,44,
73,204,144,86,313,308,199,273,
14,228,189,239,275,182,177,287,152,
47,156,15,57,166,272,242,79,159,189,13,30,274,
3,175,202,144,10,79,80,283,160,245,314,219,
5,321,5,297,239,287,37,268,278,275,
289,112,93,2,206,273,168,122,42,24,95,
0,256,197,249,46,33,94,147,224,227,182,108,328,184,92,176,54,131,175,48,121,247,276,314,92,130,15,92,102,113,34,147,195,292,167,210,45,224,274,56,77,179,202,168,70,106,204,
25,31,38,267,
76,292,104,175,44,68,120,129,
298,185,294,231,316,
287,292,18,100,150,274,48,292,
142,253,144,149,208,293,78,95,170,66,286,
327,303,53,225,217,287,49,60,259,304,97,318,316,105,
157,252,141,33,107,275,164,130,217,
281,33,35,31,177,
175,150,318,23,240,208,40,107,5,58,283,142,3,317,75,211,13,44,100,299,294,170,
127,296,326,50,279,298,51,50,39,202,329,10,108,5,139,76,191,11,116,7,78,
111,251,302,192,48,268,172,289,183,111,233,64,12,24,195,
231,174,116,174,7,193,301,262,305,211,235,229,
49,131,97,115,14,62,128,17,259,150,93,161,237,319,119,110,18,134,229,241,247,36,124,
70,16,107,315,239,29,60,219,
271,154,28,160,197,253,306,199,22,256,199,241,41,249,204,69,
137,300,74,249,73,320,0,41,159,131,181,203,
302,113,30,207,13,314,141,170,84,185,152,269,30,168,
180,273,109,312,293,191,230,221,22,5,205,334,60,221,53,91,194,22,42,194,81,89,13,334,144,216,27,296,199,205,326,309,313,198,110,24,33,167,251,20,68,189,285,323,238,151,220,39,299,265,
21,287,131,322,283,43,
263,229,226,168,203,188,129,294,328,
274,117,306,147,46,156,192,285,144,217,182,273,81,22,287,227,23,250,
161,56,16,291,3,
247,304,66,49,182,242,185,100,
36,163,44,88,283,
242,117,221,204,285,289,293,324,5,214,
11,235,329,
175,195,86,288,23,29,313,
119,44,126,193,31,241,257,322,136,202,42,175,228,52,133,324,78,251,253,46,224,261,233,39,192,159,217,49,149,104,169,271,
68,76,38,114,112,160,
330,241,132,170,
13,18,302,90,12,
289,53,130,20,12,12,185,24,80,127,191,223,192,269,21,172,150,185,163,8,232,237,190,151,14,310,225,308,20,216,3,45,287,131,58,45,72,18,49,149,40,251,32,164,201,19,189,183,250,98,24,317,328,333,32,113,
213,265,104,120,266,257,268,202,102,278,200,280,211,
313,262,254,154,55,131,167,
159,42,178,140,297,297,272,214,88,63,42,45,10,241,132,62,287,119,
59,168,56,88,
76,44,247,321,230,261,131,248,227,241,306,22,
11,46,163,114,
48,284,98,88,26,69,170,136,114,100,295,265,291,314,
295,27,60,326,13,187,
287,308,81,21,28,216,127,314,30,56,304,163,154,322,68,167,176,
304,26,247,101,304,8,217,
219,235,63,230,125,202,136,203,162,163,196,135,257,41,179,237,246,124,292,113,180,295,233,215,3,176,271,209,272,117,107,156,262,230,274,50,168,50,120,33,176,90,27,328,209,10,21,170,109,317,
54,204,7,217,187,58,44,193,304,3,108,
235,193,95,
306,121,229,38,251,203,198,169,165,300,25,326,192,293,286,126,163,118,122,
244,197,66,30,34,170,32,
159,266,6,33,184,194,29,37,45,228,305,133,329,199,65,47,84,199,123,109,261,211,154,305,287,
275,84,330,106,59,192,197,227,31,73,
285,128,75,3,26,238,65,281,61,13,151,188,15,86,179,251,324,212,306,323,221,314,241,264,270,164,51,242,70,208,105,230,151,
101,174,282,35,138,325,255,157,194,322,1,62,258,143,290,187,259,180,185,189,322,22,198,312,88,234,292,92,330,287,153,162,212,80,49,89,271,188,
164,81,147,233,265,300,253,11,125,173,309,186,194,30,265,262,106,45,
275,28,192,144,41,30,326,141,247,300,83,259,260,117,224,
200,154,295,212,14,188,313,316,113,128,2,166,208,174,44,8,281,166,206,217,38,58,256,330,2,49,129,181,269,91,206,12,4,76,272,215,15,160,274,32,171,118,247,
12,13,200,324,154,
14,291,255,288,81,82,332,81,
310,302,75,169,321,20,291,328,64,246,165,112,195,286,
14,138,321,151,191,101,106,269,274,9,219,
64,2,310,
90,65,296,134,154,112,4,8,1,
229,324,4,3,244,187,201,167,291,66,
76,328,69,30,70,327,109,258,14,210,309,170,70,87,107,29,11,330,147,319,261,116,272,131,37,280,84,8,292,
241,170,251,217,50,162,133,318,213,45,102,271,259,233,333,221,106,301,303,22,324,330,177,230,23,114,152,272,
167,0,0,142,199,75,241,79,163,137,308,
324,260,254,284,26,216,277,229,11,72,284,144,311,7,189,58,286,35,
276,190,63,273,204,197,248,253,328,129,53,210,9,92,75,182,5,172,220,50,
38,135,306,96,197,22,140,286,325,70,127,279,94,23,235,288,278,144,70,257,76,308,57,310,271,292,219,16,54,77,145,
168,141,263,279,176,37,177,226,172,94,
13,291,249,209,91,77,107,325,124,134,178,
331,313,30,132,302,122,
274,47,314,35,187,167,81,111,186,57,102,129,202,206,232,230,
186,16,28,
75,302,197,252,191,322,327,41,64,228,93,167,78,179,276,44,180,307,73,
314,23,60,197,248,272,186,292,159,90,27,307,
328,129,42,20,92,76,222,21,106,89,160,141,214,45,254,328,269,9,291,139,286,106,132,313,55,71,105,200,283,181,231,136,193,201,131,303,306,14,322,68,3,291,12,5,83,125,310,318,110,
86,242,29,331,60,129,125,273,16,160,26,265,134,122,187,146,183,105,73,43,317,181,79,292,128,280,
181,35,100,19,
310,1,117,176,53,52,128,134,284,99,31,35,77,219,58,200,92,174,225,
203,32,306,41,215,172,222,252,53,
279,13,285,64,297,38,56,37,294,136,168,266,27,2,84,302,21,334,273,
122,209,79,112,283,107,232,307,275,
152,241,65,22,90,14,50,185,244,241,300,
212,101,265,252,140,9,189,
326,156,284,31,
302,88,32,235,67,111,289,97,201,109,170,46,78,268,132,224,
259,175,
81,28,284,78,33,119,256,223,118,170,71,221,168,123,169,174,
144,324,69,120,127,183,
139,254,194,290,291,290,165,318,
132,193,178,21,310,206,67,80,92,78,36,237,11,295,195,223,142,204,309,319,233,311,307,153,
199,159,32,73,269,271,110,52,124,221,321,51,140,
133,35,185,188,270,165,36,240,15,121,189,198,200,42,
100,302,287,76,279,2,206,121,181,110,139,288,247,
325,13,52,211,144,151,189,192,120,
235,192,102,194,275,82,47,251,197,313,45,63,302,263,183,332,212,197,256,240,113,
84,42,31,238,223,116,237,161,181,9,219,137,288,175,
215,266,33,60,200,45,225,160,136,
137,2,167,265,
192,269,100,132,204,177,92,301,
287,99,313,146,209,224,241,221,189,92,164,156,274,295,130,29,192,107,308,
63,326,235,131,13,234,197,123,142,42,77,326,
221,292,81,282,151,78,115,2,192,242,98,84,220,124,
6,117,45,74,
116,65,76,81,184,273,
64,183,197,75,326,304,298,159,131,
203,64,263,117,
78,132,102,108,236,334,36,206,79,317,135,278,318,165,222,119,163,217,207,329,80,199,227,214,285,283,142,167,221,14,275,213,302,88,6,
131,313,137,
117,163,283,296,172,204,274,254,172,310,321,142,260,75,163,220,238,203,203,17,242,258,183,199,58,309,188,270,
113,200,56,188,140,151,167,105,70,116,258,295,279,206,199,206,
132,91,92,225,322,221,234,198,214,4,9,88,299,199,304,94,197,29,31,
313,270,103,
88,101,132,35,189,302,
179,164,100,151,34,81,184,83,
298,144,31,311,276,47,11,128,291,32,333,165,245,182,257,305,124,220,154,
251,188,45,168,3,22,42,213,265,132,269,189,111,177,84,320,183,286,114,27,205,109,202,20,318,233,112,296,21,61,
88,141,204,73,193,297,54,58,209,148,153,153,32,302,104,194,195,158,67,176,307,250,48,36,6,186,21,244,174,96,
233,15,6,241,51,147,80,206,61,261,114,14,255,66,34,
97,327,
303,10,185,110,295,197,7,278,293,42,228,12,108,222,264,254,132,228,327,33,266,11,251,74,105,291,
270,181,133,45,198,209,308,34,105,66,294,256,147,244,334,299,315,294,72,143,59,
95,147,242,3,110,148,153,
248,294,326,
113,19,158,55,123,107,0,246,331,276,75,141,193,189,24,70,119,245,221,189,333,134,245,35,311,60,79,210,322,295,121,327,
326,49,69,109,47,252,282,194,245,32,217,66,274,332,68,306,234,2,236,269,295,275,63,282,306,160,76,127,192,113,289,202,162,
189,168,324,261,310,
319,32,107,51,132,
227,258,218,326,289,331,193,122,14,236,157,51,93,72,78,297,299,78,95,104,163,322,20,9,34,317,240,276,288,203,243,90,
47,235,49,298,303,308,192,306,297,18,
293,193,242,16,178,
259,273,49,198,134,59,181,51,267,74,247,309,93,300,151,327,23,104,143,
108,244,173,168,249,333,263,
230,76,187,322,250,274,101,80,
73,288,151,
30,195,95,71,141,74,152,262,80,6,147,78,295,6,144,157,76,120,203,331,269,71,195,45,151,179,283,323,123,206,31,274,
144,221,100,105,84,191,114,255,217,91,298,21,184,24,32,13,168,195,
18,315,69,66,168,100,301,13,39,275,64,271,111,206,195,5,219,287,284,114,322,258,
313,200,159,169,182,51,240,37,7,328,46,39,99,152,17,193,108,101,66,328,148,168,
291,288,298,229,207,324,132,240,139,208,211,
124,51,18,132,151,105,194,180,228,131,290,304,296,13,198,318,296,36,231,23,
109,148,251,219,83,198,15,302,233,159,21,218,308,35,290,53,229,259,
254,129,256,228,204,291,190,139,297,313,223,
141,151,256,302,162,157,97,133,9,111,72,88,284,229,
20,251,33,218,318,
284,273,81,58,16,64,18,98,72,176,151,78,301,
75,117,167,85,158,310,65,91,24,42,240,213,224,324,229,
262,42,147,308,245,313,122,303,299,
284,314,292,
318,78,149,167,81,70,307,204,172,4,77,248,310,205,334,254,277,
265,156,168,321,169,206,160,317,265,42,46,251,165,233,
15,299,234,309,20,275,109,313,311,9,12,158,122,313,60,105,287,74,209,198,207,26,279,140,53,190,193,60,
160,26,205,60,332,256,215,125,136,280,30,110,201,221,330,213,172,34,119,
324,247,53,285,219,190,66,121,334,165,215,11,100,218,54,22,229,143,7,73,218,180,270,268,143,172,97,154,123,78,94,282,33,291,209,45,193,64,173,253,
204,254,269,0,73,217,125,
16,86,70,94,135,177,128,72,302,161,94,106,186,184,39,
263,206,156,53,79,158,203,306,294,
102,323,36,272,133,88,77,
221,132,249,140,101,220,99,161,288,170,11,129,144,118,233,174,273,226,8,12,324,32,115,164,256,332,71,117,84,228,266,291,199,105,
100,296,179,52,156,25,53,322,264,112,234,257,56,258,326,193,241,275,261,144,74,277,206,211,326,311,138,18,186,21,115,311,83,317,49,104,
3,113,160,325,315,287,152,173,298,206,41,230,221,166,31,147,263,41,113,188,92,50,296,264,100,313,56,285,100,304,227,95,81,214,313,129,162,244,250,247,210,60,334,87,291,21,87,90,306,135,278,307,331,118,235,134,
213,168,58,69,211,133,154,
187,178,257,244,193,236,3,48,116,259,195,230,1,237,60,300,188,293,314,6,219,16,17,54,315,41,129,287,274,235,295,229,
3,192,41,232,88,112,227,295,121,253,
166,181,31,307,75,270,13,154,201,255,236,115,77,307,134,12,229,31,244,142,3,126,302,
285,301,117,160,253,146,196,111,256,255,272,53,183,279,33,180,334,214,260,180,268,330,197,274,205,169,43,81,240,299,321,110,117,329,
47,235,110,54,309,191,183,
300,66,306,0,73,114,65,290,137,284,33,325,61,271,15,259,170,110,
102,16,141,84,277,67,30,93,94,311,132,227,235,195,251,86,217,58,
272,126,164,271,109,44,177,284,118,141,169,36,95,136,128,269,102,217,309,
270,164,240,150,295,258,317,171,147,138,113,299,216,321,277,140,86,66,114,250,332,63,110,0,9,242,202,327,300,243,162,154,16,
162,225,104,114,322,199,310,118,7,141,99,208,267,326,
92,266,240,36,11,270,52,309,289,31,38,147,170,250,303,326,78,279,321,114,239,258,14,151,168,248,280,111,141,289,284,43,101,41,50,66,246,162,221,212,180,186,298,271,8,77,65,0,190,255,80,80,96,178,192,319,99,191,19,57,14,
156,47,255,57,109,152,312,201,242,49,326,34,
206,108,100,157,279,25,135,286,22,64,
74,33,251,132,287,90,27,112,275,152,174,183,24,125,
81,91,48,20,25,3,167,239,47,60,225,65,221,95,326,148,121,113,206,2,93,163,292,215,18,34,105,324,173,280,
206,30,170,151,4,24,52,78,229,77,110,119,233,61,289,200,243,311,268,45,25,320,235,
211,175,159,32,183,206,213,298,267,
112,3,191,216,289,312,68,93,80,201,141,32,
201,290,296,241,15,198,323,84,81,263,57,51,291,309,188,124,188,22,242,114,105,121,35,64,229,112,303,
147,95,181,91,70,157,34,80,270,275,
185,25,141,47,149,166,243,299,22,168,140,111,310,103,79,133,96,199,147,274,9,16,61,258,331,287,140,15,273,90,133,56,61,103,169,171,29,288,156,118,327,137,201,284,129,165,37,267,
52,206,325,159,325,
242,156,151,68,
279,17,155,24,209,102,219,149,105,132,176,292,117,231,13,299,226,256,113,30,
207,189,314,78,32,31,141,142,260,125,146,302,283,15,100,291,302,296,273,92,53,
56,56,100,287,41,54,175,290,27,285,262,94,46,256,182,93,303,179,258,70,270,264,304,266,306,28,274,21,187,60,59,52,228,
64,284,217,95,206,1,160,192,
0,297,157,329,103,4,137,
3,80,328,161,273,193,287,259,272,
101,165,31,304,28,324,315,97,72,210,63,136,235,257,304,151,164,
164,96,287,36,289,47,159,230,287,179,272,154,65,124,158,157,
292,212,147,194,23,130,221,208,151,156,22,135,287,23,143,76,128,139,286,196,249,151,195,12,137,299,214,284,329,128,86,297,76,
324,101,244,207,53,154,
28,54,101,193,
283,36,128,177,264,248,210,9,19,23,31,327,115,243,276,66,
154,160,107,287,298,324,
291,44,228,187,83,64,154,248,147,278,52,192,301,14,49,202,303,254,92,111,173,301,
304,61,116,182,243,274,55,310,196,246,177,206,168,17,261,290,
254,107,255,149,158,162,
167,253,196,57,195,318,7,67,93,184,42,253,294,176,65,141,308,317,186,167,245,264,317,124,286,154,229,78,56,274,120,60,229,281,
154,177,36,311,70,132,129,51,166,22,198,179,8,286,271,107,324,9,276,6,308,12,90,229,110,313,270,48,141,213,
197,276,285,244,211,289,298,32,277,193,123,8,64,14,57,70,132,36,37,44,
163,294,228,113,79,23,248,223,92,139,18,203,306,150,11,167,172,78,150,287,54,149,
53,307,109,9,193,229,
134,166,310,132,147,86,118,251,80,
69,18,48,190,82,144,218,5,204,224,308,311,271,
16,195,284,320,141,38,270,52,251,
81,164,76,134,320,33,54,19,233,316,148,60,287,208,200,274,62,163,259,43,95,146,247,297,9,123,30,217,272,191,10,67,150,
248,223,136,297,79,219,4,34,146,248,289,220,279,240,168,294,154,258,
261,233,76,76,196,189,28,287,
49,101,30,22,265,256,326,67,238,132,282,275,68,23,47,94,259,200,82,35,42,327,68,278,105,
150,141,175,229,61,146,10,186,198,42,147,206,282,
13,15,63,295,
314,262,302,284,154,195,43,125,66,244,
31,101,39,114,166,282,309,0,46,47,189,113,238,12,88,181,324,314,326,306,
84,251,112,159,8,205,53,103,158,72,183,272,41,277,
192,275,326,56,325,64,
311,324,36,206,239,157,0,226,74,207,254,15,61,329,79,85,239,107,295,154,84,298,331,45,0,314,
45,305,49,280,212,83,47,52,104,217,101,109,258,186,37,69,137,117,53,236,26,229,312,149,85,100,266,19,72,161,193,243,308,67,86,175,48,310,45,39,304,156,21,192,251,58,138,135,289,292,268,288,258,300,261,100,269,73,166,303,136,154,143,144,26,85,222,136,6,142,140,57,55,207,
36,28,74,101,3,164,154,310,191,299,290,122,282,180,14,24,226,241,
152,66,111,326,334,157,44,221,72,120,104,281,148,248,
106,241,126,183,267,304,72,32,50,110,
141,243,173,276,168,286,20,150,8,6,86,283,154,
229,22,306,81,318,103,273,53,203,125,49,65,228,231,240,91,141,
65,159,170,201,
294,301,290,84,152,55,127,178,191,26,133,260,177,208,185,162,184,11,119,62,131,143,11,93,256,279,23,292,33,298,245,171,236,302,172,248,
208,124,74,19,16,101,51,206,131,273,323,136,242,97,285,20,38,283,201,153,173,220,152,154,109,124,207,267,290,169,278,222,293,47,11,111,135,249,83,69,80,124,55,141,264,47,98,302,217,205,59,220,220,302,118,289,64,188,273,172,
64,202,111,
42,197,262,159,49,28,285,264,265,15,41,111,198,211,23,
88,29,78,273,234,171,118,112,95,60,106,83,242,267,88,110,144,322,171,1,159,9,133,7,122,307,238,253,59,
180,36,267,
56,174,161,17,17,333,41,330,24,76,164,129,185,49,322,9,171,325,269,66,3,307,
41,3,42,195,31,271,
107,175,6,311,171,313,179,275,184,287,20,280,240,122,154,60,195,194,157,17,1,
302,27,31,269,
105,113,272,61,171,
26,45,319,295,193,317,122,26,99,11,160,183,291,175,114,207,201,305,49,284,158,259,90,61,227,9,258,210,267,269,131,140,254,136,216,288,2,42,164,209,135,74,323,56,310,8,165,118,126,94,322,317,184,
99,159,8,162,250,248,
15,215,0,64,321,5,205,94,247,11,110,292,321,291,133,1,112,
94,307,206,184,168,302,175,168,214,140,59,129,
160,32,265,66,271,139,241,220,112,154,321,222,145,68,
86,156,40,258,130,84,88,175,224,82,
80,119,72,63,301,190,17,150,7,58,168,134,261,218,92,284,3,129,136,55,36,256,224,312,32,288,230,
188,113,74,133,117,59,318,59,317,
159,325,24,189,282,290,196,211,99,29,266,46,100,249,69,5,165,169,313,
133,63,168,231,0,66,159,144,291,13,274,185,19,123,228,168,184,76,302,253,329,141,85,327,40,117,310,297,121,198,264,
114,231,192,196,119,177,297,74,231,229,27,29,237,253,105,270,99,199,321,284,122,10,108,326,304,27,31,162,60,274,105,169,71,270,11,233,66,165,201,226,278,68,264,
163,53,117,162,323,267,297,153,268,329,66,297,292,36,92,
292,287,294,314,40,270,81,1,52,252,15,290,
242,32,100,13,198,89,287,107,217,125,293,21,225,244,36,134,33,95,293,47,161,297,84,160,
269,46,204,120,292,48,147,148,73,48,25,193,21,89,157,199,220,30,239,242,59,135,206,185,199,249,27,220,
307,238,53,166,318,88,6,182,142,94,329,94,171,163,
235,101,79,187,
113,265,296,
53,10,23,
262,314,326,28,241,68,268,272,
92,328,283,87,208,42,245,173,262,132,0,90,257,64,218,79,311,324,137,41,6,63,204,132,147,254,302,174,269,
206,259,288,162,287,57,318,58,47,115,274,304,77,148,
273,177,102,3,279,
26,304,161,
44,272,161,35,173,287,109,296,98,273,167,45,54,242,329,36,158,2,
52,310,10,267,320,128,283,12,52,53,112,171,262,4,187,
32,123,126,232,82,139,18,113,270,278,302,319,242,107,60,306,308,212,266,199,106,197,290,77,235,19,141,
35,138,44,100,257,54,235,123,60,262,263,212,332,227,132,283,44,256,276,101,171,284,281,314,113,201,324,
288,10,144,206,151,264,265,321,29,326,175,170,73,210,309,250,316,
224,267,209,230,268,275,150,176,80,4,196,94,113,206,311,297,247,0,309,21,39,
314,66,31,48,131,311,
183,129,74,87,257,116,176,109,198,216,64,162,206,224,145,131,121,111,
58,80,14,256,58,33,44,308,95,122,21,216,196,178,71,256,117,225,325,324,131,18,
2,81,185,39,146,64,139,214,239,44,188,326,
326,198,12,294,255,300,136,246,263,28,170,5,131,314,310,109,25,302,330,
53,22,163,263,91,61,183,
6,10,30,233,46,276,102,154,195,61,69,88,207,327,165,129,98,231,81,308,41,175,141,78,163,
299,109,285,300,292,15,175,79,180,292,186,15,
325,159,300,63,276,242,
6,228,30,17,93,211,147,238,300,7,33,45,71,
26,132,48,75,78,107,186,103,
45,311,105,265,273,
288,110,228,
186,164,100,88,87,140,143,8,72,311,85,131,120,333,202,
31,84,283,315,281,25,190,234,323,332,
94,16,307,132,
228,75,163,140,221,180,194,288,282,
32,41,158,88,18,125,200,
249,108,137,
147,43,7,162,224,291,321,174,327,79,82,75,59,166,152,270,273,312,32,0,334,166,213,141,238,31,49,18,60,185,117,90,173,40,246,
54,33,302,28,90,71,38,238,313,
330,125,101,73,99,71,48,275,334,4,317,119,216,8,171,
101,235,217,
10,42,41,299,6,16,10,4,27,201,33,175,259,303,308,190,289,177,216,110,181,299,96,163,214,334,6,57,226,294,81,68,259,289,16,56,19,332,257,216,162,118,50,203,114,206,302,255,40,231,
218,80,324,36,144,133,8,93,332,122,69,
89,101,59,239,288,269,
62,327,288,262,53,9,172,57,248,56,69,178,
15,147,19,278,213,53,288,47,211,185,261,77,7,225,315,3,323,207,61,255,160,299,256,74,168,13,
266,32,56,215,108,155,221,328,
107,154,24,115,119,287,324,170,254,328,265,212,
193,232,197,261,55,132,213,269,25,66,100,158,192,174,175,193,138,9,1,142,250,166,113,173,177,73,13,78,98,255,272,242,280,293,24,32,235,324,
100,18,48,41,206,15,293,329,256,262,179,202,29,214,270,254,165,173,
325,265,152,10,28,111,234,313,52,184,
101,80,49,63,47,36,144,187,297,269,193,285,290,196,331,5,300,161,102,57,91,
302,105,118,163,51,172,201,274,55,54,327,233,16,100,310,1,47,84,331,331,80,303,
74,318,137,309,188,210,303,33,284,15,177,242,272,
35,185,49,310,274,130,181,106,152,184,220,
275,78,14,157,44,11,171,284,
151,113,49,124,213,290,166,180,66,60,73,89,132,255,
123,159,176,241,137,193,59,201,129,69,30,
195,103,18,76,288,30,209,220,56,
261,229,203,265,165,170,213,66,185,18,80,193,300,112,58,21,16,175,320,95,204,100,285,4,5,253,62,252,278,227,264,80,91,289,302,126,307,181,128,125,33,15,117,84,129,193,6,264,326,69,222,279,141,283,176,
23,195,8,65,313,219,330,
179,256,30,280,
172,77,318,53,132,276,14,67,173,300,
151,325,169,275,242,279,334,176,141,151,172,101,166,
280,193,137,258,322,179,
202,151,127,71,139,38,64,115,178,37,14,73,54,321,235,262,
72,186,106,95,146,
177,88,38,5,273,26,93,308,154,251,249,37,49,253,211,88,159,242,251,296,153,40,167,142,288,117,
297,5,159,66,48,
81,14,116,164,287,
223,144,81,155,166,
168,181,213,307,204,224,94,189,192,129,81,199,
135,16,309,38,288,198,198,208,59,260,312,87,158,33,35,129,25,26,99,54,126,177,145,204,244,333,
73,60,269,49,137,246,96,307,75,
23,175,104,42,
217,243,267,3,241,121,22,321,48,261,237,128,32,152,183,315,277,23,60,144,253,9,76,80,164,93,172,3,161,245,328,10,
256,260,86,307,163,23,292,102,129,139,230,291,217,254,85,132,201,64,149,297,73,294,81,244,35,332,
322,227,75,56,139,246,287,162,319,
78,132,22,81,284,
66,229,244,114,288,137,212,300,187,297,119,314,56,
184,94,325,195,155,
93,75,218,181,112,146,185,
144,29,218,73,275,288,158,75,142,239,223,194,38,306,132,137,243,
329,10,111,78,57,81,145,19,276,11,275,288,303,3,
291,303,328,314,223,70,221,27,284,
66,152,83,18,104,92,155,300,197,211,113,247,105,45,241,
2,90,191,75,157,110,215,18,269,235,160,234,251,131,141,264,194,90,266,279,25,
169,275,29,249,249,60,64,284,303,51,258,285,213,310,139,108,
21,56,16,33,292,54,129,147,166,93,
21,58,56,224,76,
27,308,302,295,277,326,277,279,36,310,133,246,294,167,259,
170,92,206,12,235,37,294,142,8,144,254,175,307,
290,300,294,159,334,88,139,36,146,
140,270,15,49,94,
60,314,114,144,311,243,85,62,86,4,295,112,
132,256,12,319,290,
56,322,195,162,311,18,185,
79,287,303,333,302,308,97,332,
308,95,174,287,8,61,27,300,264,72,162,
288,62,14,174,266,120,160,141,247,97,291,240,45,81,100,135,172,66,4,197,167,241,74,133,148,
304,258,114,56,101,106,327,54,132,63,19,304,219,
244,229,225,161,62,324,95,285,221,151,321,
90,129,314,147,
22,165,12,220,292,262,78,53,137,186,81,273,290,105,217,238,161,128,76,66,197,264,
60,28,113,215,9,84,151,170,189,167,233,
131,294,64,63,184,17,66,150,161,90,
272,200,193,54,5,105,178,84,280,284,239,
60,35,135,81,218,56,284,160,114,295,14,222,329,69,15,45,217,
76,195,38,0,
217,119,327,40,64,173,203,27,167,101,238,276,71,
303,329,302,262,110,277,
69,211,10,292,213,173,172,60,
131,124,326,21,272,94,30,32,183,204,32,144,139,314,
326,165,114,248,266,103,237,284,261,64,184,193,97,262,272,295,64,113,
235,105,11,135,35,102,237,244,307,302,10,47,121,110,230,20,199,101,15,64,265,267,162,299,327,161,71,166,235,
8,246,141,22,23,105,192,
28,258,56,60,275,62,243,186,
195,124,290,112,254,32,97,290,144,43,58,244,333,41,16,175,218,89,79,199,107,121,202,292,23,94,314,310,141,184,
277,84,197,262,281,303,
174,212,200,244,225,308,211,56,145,297,315,190,231,334,157,258,190,71,93,40,88,219,84,92,142,196,65,177,81,
307,156,314,321,75,
300,206,326,197,47,69,139,100,331,270,132,98,101,289,238,172,
12,78,166,328,296,171,213,118,132,193,78,261,111,314,
48,109,128,293,209,124,35,92,30,296,226,26,245,302,61,113,257,333,275,307,183,72,152,294,113,256,309,138,9,72,218,212,234,160,257,277,307,119,109,311,315,120,64,27,334,323,223,186,326,61,332,234,197,56,9,119,258,284,10,157,150,334,206,251,297,
252,31,324,212,5,103,228,185,157,205,80,
313,193,190,263,323,202,175,54,89,114,75,331,37,110,216,121,110,3,
291,178,161,328,13,268,197,182,311,147,48,83,85,291,7,59,206,318,232,319,296,
71,306,284,26,56,290,49,120,33,202,56,36,221,166,30,180,221,114,332,104,50,281,286,217,153,
95,3,272,134,10,264,11,235,142,30,114,227,18,158,
147,186,92,25,187,199,159,137,15,329,261,323,195,185,124,83,205,148,109,156,92,65,309,1,262,318,164,
110,5,154,268,180,49,157,264,319,52,112,237,127,303,6,94,270,321,27,9,83,75,
8,73,239,308,154,80,102,198,287,306,99,325,228,259,304,41,
171,35,243,129,73,240,200,
65,81,334,16,156,33,221,52,188,211,7,110,90,0,152,116,214,229,253,153,
129,153,164,78,3,183,154,88,208,217,256,254,77,171,286,0,90,148,215,185,
258,174,86,36,115,136,145,297,131,131,304,275,202,18,
126,272,269,
102,11,6,273,279,224,95,169,62,63,216,305,
2,200,221,326,265,289,155,124,155,137,321,100,304,67,83,
90,296,54,131,133,13,
105,124,270,215,7,321,45,22,223,5,
156,263,65,147,158,265,28,244,46,185,179,307,272,
273,117,79,147,136,24,274,183,184,201,217,30,28,333,276,301,123,30,313,229,215,274,9,175,0,245,193,73,
41,275,203,75,187,32,13,282,300,325,44,175,118,92,
321,199,66,323,308,14,160,5,214,237,70,174,207,310,33,281,105,183,256,37,56,241,148,330,309,139,
117,300,136,6,28,221,
314,251,285,37,143,274,103,270,
104,23,162,178,227,8,44,92,201,224,208,319,240,71,173,184,206,
75,83,327,274,213,
157,299,35,253,313,96,125,316,145,203,228,310,8,311,161,253,222,83,227,114,54,126,0,244,295,227,120,145,220,230,257,132,147,46,139,45,
245,262,113,273,244,
177,304,192,241,281,
290,151,139,287,231,
295,273,200,181,38,281,332,167,235,298,153,157,252,317,107,60,313,332,167,295,251,302,304,149,270,114,67,317,24,192,287,132,12,123,198,
256,273,141,133,290,300,164,3,25,39,258,115,260,151,71,66,12,334,79,109,232,181,230,31,111,294,7,45,4,203,45,179,314,168,184,221,53,32,100,21,25,237,107,186,121,152,
199,162,168,228,
185,187,56,133,93,179,88,35,54,298,95,2,297,199,224,40,164,302,41,69,
181,144,105,93,147,274,17,74,239,259,85,270,203,168,255,37,4,128,10,77,191,
61,233,150,276,250,58,209,
274,14,287,200,75,30,
197,69,172,159,4,292,236,254,75,239,277,295,123,36,42,30,150,49,206,315,221,139,130,222,63,91,292,
296,156,285,180,90,52,181,132,317,298,275,279,333,231,124,6,291,90,127,74,190,177,332,113,26,12,136,15,233,291,
79,3,29,250,269,301,332,133,132,27,140,252,331,222,263,215,159,78,136,235,51,298,88,73,122,84,190,110,260,298,329,256,299,325,86,
121,183,100,251,55,314,327,
33,283,184,139,318,20,94,130,329,95,132,297,157,325,168,303,175,19,58,74,6,324,66,147,286,
321,305,117,246,305,224,217,218,164,201,113,231,249,190,244,
79,129,256,60,203,101,313,242,142,220,273,268,213,242,313,288,73,292,47,70,267,86,225,112,140,36,212,267,218,
34,81,244,233,
168,49,240,102,311,146,270,289,15,
178,58,206,292,62,
38,202,68,44,330,25,178,282,28,137,
154,248,314,
327,75,270,137,253,
321,16,92,184,130,330,31,74,153,59,34,97,66,139,48,176,65,111,204,270,267,77,120,217,305,211,260,84,93,64,262,66,111,188,24,110,276,211,247,160,10,307,65,332,67,66,
131,251,33,3,137,64,
10,155,235,127,69,109,53,175,52,180,325,285,329,70,95,98,66,180,321,
228,151,252,18,167,24,250,
253,271,133,192,165,7,264,
58,175,284,30,195,5,213,321,
18,91,231,47,265,37,188,50,280,132,302,165,3,284,51,46,80,117,163,135,308,124,2,170,85,90,201,49,299,254,255,228,47,33,72,239,
211,322,208,325,174,250,231,334,213,239,
81,22,179,97,325,8,
297,88,248,312,334,3,13,230,261,33,163,299,322,187,0,330,191,311,260,216,122,94,35,134,289,82,222,133,18,56,
255,254,280,284,258,323,149,216,228,156,122,270,27,254,284,
110,248,88,19,156,259,47,56,240,15,65,68,300,288,106,328,100,116,303,98,
33,93,298,294,300,1,54,131,215,146,224,281,295,109,18,192,220,
139,300,322,330,190,108,202,236,100,321,
184,144,16,104,
220,253,269,
123,81,63,81,
219,38,304,
283,267,261,
240,107,133,75,
12,154,52,31,
3,229,166,217,313,
262,209,202,222,64,
53,207,172,
170,244,330,
167,217,288,228,313,
49,73,140,
68,287,242,
297,279,292,
288,177,84,100,80,
140,229,206,
328,289,219,
241,76,271,119,36,
121,133,133,
302,78,79,
5,242,159,
52,52,56,199,
334,290,211,
113,163,326,235,
110,95,199,
66,131,163,33,
120,76,186,
318,291,327,
309,288,272,321,
159,147,52,
244,199,152,228,
100,242,256,
165,265,253,
204,135,54,131,
222,60,269,262,198,160,
58,206,310,61,
79,311,133,
252,
14,36,227,77,92,
190,15,139,
24,321,228,
301,285,159,
248,152,56,
101,31,5,
165,185,139,
36,49,218,197,
290,304,132,292,
19,81,11,321,
30,302,47,279,287,
248,284,62,
307,132,122,
311,168,60,238,
213,251,75,78,
67,49,172,
283,30,122,
181,86,31,
3,31,270,
177,14,74,308,
240,168,227,
5,105,127,101,
254,324,100,
41,137,8,185,
193,15,198,12,
166,151,223,
185,247,56,
136,215,117,
259,27,3,
60,70,
88,86,141,102,
159,137,64,
158,32,
211,291,42,
283,141,3,
72,141,270,
189,212,292,
18,297,95,
66,314,22,321,
70,197,76,
186,26,265,299,
244,245,314,
184,116,131,
212,292,107,
325,56,81,
81,274,329,
175,76,94,6,259,
72,84,284,
118,41,200,
233,60,111,158,
242,247,74,
91,229,147,
250,61,228,
129,123,76,263,
231,290,10,
141,16,112,195,
28,156,262,287,
201,156,123,
84,302,279,174,242,
168,302,
224,102,233,168,80,69,
151,202,285,151,
289,242,111,
19,32,181,
8,81,76,
327,113,121,
305,102,
83,2,75,
238,300,311,
171,307,275,
323,102,31,
146,72,
133,90,142,
158,95,
204,132,192,
251,229,
176,261,253,
141,32,64,272,
3,329,54,
314,121,3,12,
216,58,324,
98,11,110,
235,202,248,251,
225,310,286,
261,147,80,
45,66,157,164,
275,122,5,
174,310,231,
48,154,
170,267,65,
77,63,206,102,
140,199,212,
288,329,89,227,
315,101,70,
308,177,154,6,
193,3,273,28,
164,101,221,
146,64,290,
8,330,197,
313,23,159,
222,203,261,
143,186,270,
292,199,299,189,
116,104,110,
121,256,313,113,
119,66,160,
219,70,14,
142,63,133,
111,329,152,
29,70,
287,159,3,290,
308,69,79,
291,15,256,
9,141,14,212,
198,133,222,
145,248,31,
130,35,197,
77,49,181,
80,199,147,
324,31,242,
272,74,84,
0,132,273,
149,163,133,
187,66,52,
148,206,313,
245,269,3,
173,108,133,
160,251,3,
130,157,269,
326,2,63,
203,137,270,
154,284,200,
175,84,273,
95,289,72,
27,114,314,
253,177,324,
103,26,195,
1,90,107,
15,233,235,
139,202,
220,35,
246,147,
134,13,95,
277,318,
56,21,297,
302,207,166,
202,258,186,
104,100,209,
250,274,99,
69,62,
206,113,104,
5,5,
264,114,253,
91,101,197,
