844,665,193,215,328,75,128,195,96,110,13,222,207,86,37,25,307,313,208,308,47,231,129,101,298,133,328,92,197,152,
53,105,198,110,253,285,167,275,324,45,49,155,272,270,243,104,282,76,323,
212,270,298,41,103,105,
192,281,115,115,323,164,102,187,269,83,102,167,322,290,5,19,242,129,141,220,74,20,42,42,2,130,175,45,275,
135,332,50,42,107,316,99,240,258,321,172,133,43,56,123,74,87,118,120,84,109,89,64,200,26,280,328,35,1,149,76,101,234,68,52,
138,327,296,69,31,104,290,202,207,172,233,260,88,327,106,220,240,102,38,101,135,75,147,260,305,152,112,322,54,
33,181,245,187,163,140,233,58,137,289,20,149,35,172,320,191,54,290,93,66,322,274,
105,79,54,231,
246,100,303,145,206,87,21,204,328,276,
321,238,93,24,113,291,306,46,114,252,
139,5,3,65,266,107,132,159,283,292,234,295,
172,81,5,124,333,323,172,111,159,293,177,308,43,298,
27,311,287,189,313,42,201,69,167,46,235,294,
277,74,246,7,183,288,
46,152,77,260,277,38,0,39,140,15,240,18,125,311,165,29,258,3,227,307,321,15,169,
180,121,107,2,166,
200,48,112,45,273,140,315,150,120,48,113,177,76,328,61,298,233,284,89,257,331,20,82,73,115,104,309,
157,318,180,62,313,214,125,316,145,203,228,
29,311,216,160,202,57,334,261,34,38,152,106,
97,180,280,322,85,216,199,204,328,140,101,282,
213,290,18,276,1,86,219,9,95,245,
247,74,3,268,307,
255,180,6,81,190,300,37,263,251,186,212,
5,155,59,129,179,287,105,75,4,43,327,249,142,28,161,266,319,38,172,204,300,86,285,305,102,165,250,256,111,139,140,53,136,145,13,131,222,268,161,168,328,15,26,310,272,307,320,34,179,143,
203,319,127,54,30,22,
147,320,92,42,91,29,
37,45,108,63,70,844,171,178,202,230,258,75,10,121,24,32,124,226,149,296,5,11,288,308,46,315,
285,19,194,9,
76,181,325,142,320,83,146,325,1,137,326,301,58,1,90,111,262,122,178,128,220,56,317,18,
238,92,289,291,321,194,50,134,268,330,139,20,35,178,192,226,262,311,56,168,327,240,6,10,2,198,27,110,192,260,328,103,262,261,270,205,223,273,42,273,99,181,29,174,244,276,216,253,147,
63,230,315,93,175,199,286,206,301,250,4,
104,138,110,303,276,130,123,35,93,162,201,214,260,
150,200,45,4,20,131,244,240,
250,120,69,319,
127,149,19,184,65,242,237,241,260,241,204,243,70,269,85,152,257,140,234,23,247,329,236,293,296,111,37,208,278,179,194,66,18,131,8,
3,2,111,271,247,264,206,137,319,256,266,290,
95,28,4,107,154,310,170,181,186,59,201,40,51,185,116,290,65,294,322,83,149,283,209,194,107,133,252,105,74,227,184,
112,170,276,20,166,
77,16,282,227,92,290,312,237,60,83,112,311,183,241,51,95,78,22,46,316,196,109,105,230,311,57,118,244,142,191,4,198,266,221,276,7,163,185,209,310,
30,31,272,30,286,194,
115,88,2,81,200,65,36,178,260,58,78,
107,213,68,41,326,268,163,16,87,258,5,28,106,38,149,236,11,163,276,128,150,4,162,334,208,100,211,30,34,227,185,119,151,167,273,151,334,104,180,270,311,249,181,229,
226,219,90,242,92,
162,124,178,59,148,204,88,328,263,101,328,166,
39,138,46,251,128,
24,8,114,29,42,147,113,316,235,182,123,72,70,280,133,276,40,59,319,285,
57,168,158,58,156,226,252,
299,68,
284,72,290,290,75,270,105,150,310,86,323,179,72,81,292,
45,305,49,280,212,83,47,52,104,217,101,109,258,37,37,69,91,137,117,270,236,26,229,312,149,85,100,247,19,72,161,193,243,308,67,264,200,48,310,39,304,156,21,192,251,58,138,135,318,
58,30,310,293,
99,77,61,319,113,250,266,
233,89,109,81,37,218,265,306,4,58,217,262,81,244,277,112,288,87,227,42,132,328,
321,16,92,184,130,330,31,74,153,166,194,204,
241,194,127,173,243,61,298,257,
324,216,121,112,105,89,159,11,35,291,291,137,255,160,143,207,174,317,84,258,198,37,174,163,242,106,308,10,236,258,176,56,38,168,110,162,49,312,14,296,12,36,16,130,172,50,2,40,92,158,210,252,11,
152,240,64,
310,95,264,89,162,63,40,0,133,290,85,8,330,58,129,168,174,163,271,268,323,
194,238,106,280,5,202,127,42,51,180,
307,43,198,
4,95,211,99,70,63,70,256,188,89,187,262,236,109,137,244,48,233,3,9,86,169,227,83,247,262,51,228,42,260,100,147,25,171,257,
309,128,13,275,330,13,
45,74,48,167,7,84,204,150,159,322,184,194,22,75,146,42,90,0,0,301,214,57,163,298,236,328,172,122,314,194,293,12,149,206,146,319,150,19,171,322,114,54,26,139,206,48,64,
92,302,54,201,320,163,223,323,271,286,151,315,
181,194,9,301,184,76,329,43,292,101,105,165,242,56,108,133,285,213,316,107,149,307,129,116,311,312,258,306,190,114,147,206,303,189,173,
327,5,172,408,138,225,121,296,8,23,90,181,135,115,235,2,60,179,14,161,246,128,148,158,274,291,215,188,331,33,
249,102,59,61,172,232,132,255,154,296,289,
110,206,83,89,167,
315,233,55,25,85,5,59,185,285,154,86,46,50,287,14,277,295,146,222,318,20,133,311,
229,219,172,241,203,299,60,156,30,235,244,303,32,
290,177,230,212,150,34,316,184,88,92,130,276,213,0,75,209,284,209,261,296,180,318,199,210,33,91,183,260,
158,141,240,306,86,159,25,100,182,251,170,88,84,44,269,178,49,111,207,69,169,43,328,24,296,71,287,123,
102,89,276,291,29,43,
7,86,77,209,
142,32,255,307,117,244,263,90,27,112,28,330,110,145,151,308,5,147,248,21,179,261,301,208,143,108,168,122,97,64,107,318,48,
197,159,147,
285,181,258,56,156,49,187,215,239,5,51,157,14,284,212,133,92,179,40,48,116,149,268,20,150,158,24,
2,331,324,158,21,81,
311,46,19,203,
26,45,319,295,193,122,26,264,183,291,175,114,
248,128,83,120,174,107,140,
138,10,39,321,213,209,257,
128,246,240,322,20,39,148,
240,135,163,145,2,158,122,191,258,53,104,140,202,73,0,235,2,
163,198,310,115,178,321,311,
274,212,88,273,298,312,63,
10,121,85,137,64,216,244,14,307,39,
178,219,178,204,209,187,
108,231,37,70,96,29,279,185,
198,34,102,210,217,53,54,275,163,207,288,11,286,303,300,193,114,293,80,82,329,
61,10,172,191,252,297,164,199,67,30,
246,130,74,186,139,150,212,62,109,128,237,
20,231,89,33,200,324,204,143,285,279,
59,317,128,253,126,20,
158,327,324,223,152,274,
128,29,59,309,175,248,10,221,318,316,53,291,108,101,
279,295,103,230,
242,168,250,118,
311,3,314,119,81,273,306,32,4,236,261,
296,112,138,
250,45,298,256,195,291,82,95,15,257,63,109,
236,227,69,299,113,10,316,4,297,191,332,319,288,32,242,68,231,94,194,205,159,20,191,245,117,
71,227,13,89,28,193,253,221,326,99,204,129,149,334,
110,287,104,665,145,53,4,166,233,277,27,263,63,8,98,83,
144,303,318,227,132,
61,38,25,120,3,200,249,152,211,92,175,99,241,116,204,270,332,282,76,
34,198,19,265,194,227,114,186,281,260,232,56,283,
68,214,324,83,7,298,63,79,232,57,106,307,282,299,318,222,
133,310,276,187,264,210,116,267,92,
304,246,12,219,161,12,179,311,197,265,11,295,
209,256,290,113,15,249,52,
230,140,77,74,240,247,197,290,9,283,50,92,145,182,321,176,63,117,269,271,63,139,
203,291,88,212,256,83,267,303,150,289,278,
64,19,214,10,201,118,26,113,187,237,113,216,228,152,166,45,
320,48,205,70,285,176,51,147,81,25,162,63,22,308,
57,319,180,136,273,179,149,334,193,76,114,190,102,
303,92,315,209,58,283,45,95,95,104,119,170,192,227,214,245,229,284,40,178,94,230,180,144,151,
324,186,68,309,20,251,
296,65,127,208,135,236,91,225,
79,174,29,105,269,301,332,197,
75,182,284,283,
287,29,110,234,
325,100,81,89,38,
311,10,77,98,72,166,109,120,188,213,194,325,29,83,307,318,245,96,59,114,289,107,126,235,220,127,10,119,77,315,57,262,321,258,253,306,201,286,
208,107,19,16,101,51,206,131,273,323,136,242,70,280,14,
240,145,81,283,194,163,
150,284,220,280,303,
66,69,204,145,
310,91,366,13,25,16,103,324,260,
182,118,75,307,181,122,146,215,234,223,305,315,140,275,206,74,187,61,320,24,43,168,265,6,41,202,300,101,105,79,
72,279,25,58,216,17,161,292,267,241,219,270,76,148,269,171,105,213,219,30,284,52,
182,265,324,104,31,119,260,207,112,181,219,323,
112,169,296,259,65,287,320,261,205,200,79,269,1,138,182,314,
264,3,133,178,
154,280,330,26,85,45,48,319,140,
331,89,
276,290,80,46,306,121,99,142,102,306,188,0,29,63,204,
190,181,295,91,131,76,247,
166,185,67,14,189,213,279,36,120,269,329,112,134,150,304,
184,70,181,290,116,101,170,298,
135,194,130,296,155,244,46,170,67,101,235,258,318,11,83,195,
198,92,214,318,103,16,276,
270,284,
81,185,
219,19,29,7,144,286,85,228,204,124,304,92,178,218,89,304,182,
333,128,88,216,334,281,189,261,98,119,131,193,
183,100,256,262,97,243,102,297,9,38,
290,24,74,276,10,15,168,138,7,126,310,48,174,89,141,30,296,15,20,
212,178,290,29,285,69,96,205,327,155,202,47,52,
54,161,91,84,316,173,26,202,105,319,
10,236,8,138,6,10,287,27,201,175,259,303,308,
103,238,50,50,260,279,171,181,19,139,147,92,219,222,153,179,
3,113,160,325,139,311,152,173,264,206,41,230,221,166,61,147,41,113,46,92,174,296,
227,71,107,112,310,80,123,155,276,248,277,124,190,216,36,182,178,236,200,21,14,321,162,45,315,329,107,110,289,19,34,137,
276,19,221,301,228,246,
71,282,58,50,158,111,
19,34,111,308,249,26,64,226,93,159,285,64,157,175,157,259,276,334,7,174,121,25,28,219,322,280,
148,112,277,246,243,
203,311,119,53,314,318,205,304,15,105,267,261,
19,116,118,290,77,121,245,16,199,2,324,97,214,170,217,222,265,160,187,259,165,291,329,218,319,83,120,105,55,312,254,153,216,259,123,311,167,91,122,
182,230,98,185,114,116,258,19,113,332,285,
261,238,203,165,332,66,18,193,300,309,203,21,52,
4,25,256,150,
24,37,290,7,156,80,39,252,288,91,
130,70,225,244,326,194,299,218,54,158,237,
143,123,161,154,5,
120,276,96,131,158,258,82,265,
103,95,332,62,141,176,179,285,78,301,22,183,330,136,
310,200,107,116,212,227,328,132,136,124,237,258,
297,297,
147,120,177,162,224,
14,217,332,150,187,143,94,306,319,166,57,113,194,131,274,330,175,330,286,253,103,
284,112,303,
166,64,180,91,15,
100,291,325,137,156,7,183,246,322,264,4,234,257,56,258,326,
266,3,281,284,6,
168,184,29,
85,222,
83,19,25,4,110,74,274,37,170,301,110,133,
75,138,
179,38,5,28,331,94,263,17,81,126,274,96,223,212,277,138,38,246,296,297,143,38,91,254,27,72,170,47,127,75,149,249,76,298,301,91,138,95,255,151,323,144,178,253,287,304,295,136,73,178,234,
200,315,30,227,300,156,135,113,57,135,25,144,253,26,74,285,197,310,177,
221,137,77,169,220,99,79,288,170,
223,92,182,214,111,114,202,47,286,117,231,193,
332,219,112,76,14,
273,137,107,218,317,57,87,81,141,229,213,209,7,25,311,51,298,261,183,189,1,142,290,160,
265,44,19,317,34,182,72,97,262,297,330,240,223,216,321,
318,136,49,51,157,72,177,366,144,203,93,309,45,189,
197,230,92,99,79,79,233,59,82,159,320,
88,2,162,301,308,98,192,
181,265,33,182,281,162,193,264,297,103,159,210,21,103,177,189,274,84,259,
332,261,43,0,155,
31,121,279,49,
8,48,70,10,205,18,251,24,203,262,286,0,39,237,244,45,117,192,253,256,
798,107,366,3,317,282,91,122,92,163,185,65,85,127,129,304,29,288,207,303,228,127,228,164,222,257,298,114,90,58,
0,332,197,46,33,94,147,224,227,
96,322,
20,238,167,158,192,150,112,229,294,191,310,297,128,59,318,245,261,325,236,
200,289,45,319,
178,10,101,158,154,234,31,
104,240,323,
161,54,304,234,141,157,
268,285,118,310,180,124,
48,109,128,293,124,35,45,92,30,296,226,26,245,302,61,113,257,333,275,307,183,72,152,294,113,256,309,204,9,72,200,212,234,160,8,257,277,307,119,366,311,315,120,64,320,334,323,223,186,326,170,332,
102,86,249,185,25,67,
15,290,263,250,209,
287,33,315,105,323,155,130,89,241,197,218,
106,258,107,324,277,327,2,82,116,95,15,320,156,191,283,326,282,19,80,218,299,4,
96,844,81,150,51,7,263,311,114,184,261,52,291,242,246,12,88,102,
178,103,37,162,238,212,140,95,51,68,174,91,178,319,133,264,246,254,108,251,160,
319,252,19,8,63,203,251,206,261,306,325,99,26,176,10,304,92,97,223,209,320,
132,98,225,149,309,148,233,244,280,144,177,
137,324,226,92,334,66,147,274,36,299,223,37,259,6,107,34,217,169,307,237,273,20,270,303,85,287,28,220,285,214,300,204,102,188,144,100,102,
23,327,266,179,
287,112,27,35,115,177,195,
303,198,140,107,133,2,123,
306,266,233,89,311,139,192,15,93,
74,102,192,188,247,200,89,286,194,32,
81,325,315,134,320,244,54,172,177,240,78,295,181,157,208,288,2,175,163,259,317,137,146,279,
198,323,54,24,155,228,326,279,
10,66,101,128,219,322,334,250,181,241,130,299,311,6,115,249,251,137,240,289,180,77,49,219,69,109,118,77,61,87,55,120,51,9,5,283,251,
118,135,220,323,268,223,
89,41,125,236,165,281,238,
2,19,327,163,49,177,292,212,332,115,146,179,179,234,277,3,97,106,88,292,177,120,10,120,
167,313,27,137,194,20,83,263,23,210,147,118,19,277,102,189,
152,116,61,307,18,15,170,322,96,309,203,24,29,138,150,150,6,
195,287,250,206,
86,20,303,308,56,204,240,178,158,111,324,153,92,5,122,276,3,333,294,304,268,201,164,
319,178,57,200,
332,71,271,267,14,23,196,133,116,102,41,0,273,135,129,283,206,258,50,171,24,42,7,71,81,143,301,185,64,317,103,76,118,275,56,320,233,61,
30,290,229,43,30,11,299,226,
55,19,
270,101,212,167,334,105,112,234,128,332,
161,327,2,62,14,148,219,143,137,88,144,
276,119,12,290,102,290,36,84,133,86,112,120,77,114,173,50,85,239,124,10,159,137,
120,200,19,61,8,129,147,299,159,250,94,40,110,161,155,40,
240,138,46,265,226,327,270,128,152,37,180,150,43,197,
145,110,240,240,66,256,88,315,187,
665,844,92,98,223,161,164,12,152,323,19,266,195,110,245,84,
86,287,7,57,246,162,289,11,158,130,184,60,102,111,189,113,314,207,292,5,8,307,33,
244,10,245,116,
328,5,97,92,76,222,21,106,
108,39,180,3,85,178,34,150,102,
263,110,116,258,62,260,15,255,128,6,307,241,213,
234,244,291,161,126,48,231,291,287,
291,100,19,204,93,261,277,24,33,134,234,96,63,90,159,
202,16,25,231,150,
130,246,104,156,137,279,180,
193,140,272,261,55,132,213,269,275,223,
91,84,45,76,203,310,313,0,287,3,287,45,54,252,140,263,218,147,330,72,323,179,234,72,270,258,283,201,204,137,24,220,
0,214,8,240,
147,295,24,167,26,321,38,102,290,197,215,279,
114,170,96,321,202,78,270,100,172,252,281,245,54,172,
213,43,138,186,
204,127,86,7,149,316,119,224,305,151,291,238,8,130,331,18,228,300,15,72,134,207,231,143,306,317,307,319,95,
256,183,203,133,290,209,300,164,3,4,39,310,250,260,151,71,
280,201,61,211,264,216,57,168,282,12,328,
185,25,141,47,149,311,243,299,182,108,140,111,310,103,
172,73,194,45,246,229,287,167,61,63,48,318,96,10,43,258,248,183,59,304,286,138,21,32,231,226,177,114,
55,4,123,247,25,307,212,280,26,37,154,2,91,219,247,587,25,252,154,195,246,160,176,195,100,315,317,48,180,322,32,65,75,290,170,149,111,270,91,246,302,148,50,216,195,318,
279,12,214,124,287,2,171,296,221,144,321,88,161,83,101,94,295,142,331,31,77,151,174,55,10,314,72,116,173,227,260,68,218,317,82,186,213,12,39,15,72,36,121,46,
287,226,186,107,315,266,141,10,130,195,289,
29,219,88,168,101,287,80,119,79,211,3,290,84,199,147,180,
294,101,27,20,164,290,294,112,
181,88,219,217,94,88,115,300,305,221,116,275,334,235,199,26,223,
70,12,62,212,63,8,130,200,206,261,267,58,157,229,128,266,313,5,102,327,62,184,222,176,139,283,290,110,244,208,262,320,
297,181,150,76,6,281,297,260,20,235,180,
100,55,204,140,244,187,201,267,303,222,284,252,301,320,134,239,61,317,231,272,324,80,215,250,174,185,22,113,225,
121,19,366,334,10,269,80,301,304,37,31,279,180,101,140,256,311,82,8,169,
104,182,30,
245,19,323,254,138,92,300,233,216,285,334,171,244,114,
272,293,67,170,246,113,30,63,171,193,4,55,
304,86,203,190,
309,132,324,244,126,196,
62,332,244,103,117,279,220,219,157,299,103,
7,200,100,251,130,58,28,
194,268,181,99,45,31,211,194,32,241,135,28,286,93,46,34,204,293,18,313,101,79,240,325,74,172,146,212,
58,4,233,57,269,114,10,115,7,
176,180,320,156,106,
101,174,35,138,325,178,180,194,322,1,258,134,187,270,199,294,189,322,167,198,312,243,
219,55,63,230,125,202,136,203,181,163,196,229,72,41,179,237,246,124,292,113,180,295,332,215,226,176,271,209,
324,246,86,293,182,190,66,121,334,165,215,
112,203,233,284,3,148,43,332,227,28,112,192,318,129,173,291,294,226,
4,110,290,14,83,88,292,122,252,249,194,246,225,64,112,106,70,
312,19,97,
206,319,3,245,265,284,195,
258,107,75,84,332,263,109,253,35,319,146,285,19,285,263,147,327,85,16,68,329,97,106,310,192,311,220,312,90,36,
217,233,270,15,148,161,
176,230,219,204,313,323,143,112,266,
14,227,89,216,4,320,205,242,315,145,208,
206,133,182,196,251,181,110,273,232,133,282,
140,259,15,139,199,120,45,156,148,193,83,251,263,303,296,324,91,
366,798,131,5,21,300,194,53,281,325,224,310,179,36,225,139,161,121,330,269,309,169,277,48,215,299,318,331,
290,4,26,304,89,70,5,93,150,172,284,117,145,190,
184,266,244,25,54,61,292,168,8,
212,85,179,408,243,12,5,104,73,233,159,81,43,77,274,319,322,333,203,270,
92,266,77,36,270,52,309,303,198,38,147,197,250,303,326,78,279,321,233,239,258,219,14,151,168,248,280,111,141,289,284,43,101,50,
89,299,324,20,25,145,16,82,314,66,326,63,308,150,227,21,145,4,293,14,273,157,159,310,233,14,160,192,310,102,92,272,155,49,24,27,239,135,249,4,110,139,218,62,260,325,79,
137,167,0,203,161,130,163,81,250,276,
295,81,52,115,38,189,317,
251,7,100,137,
119,303,29,247,3,275,311,66,269,
177,318,81,2,287,147,332,200,294,37,
141,273,19,161,
204,321,48,66,224,219,71,176,273,32,41,66,178,62,290,222,83,21,
180,101,187,108,298,12,30,11,223,309,157,176,220,214,97,162,1,
244,91,315,130,234,212,81,62,278,283,289,8,223,309,288,174,298,46,26,
292,2,233,284,
123,127,143,210,97,83,
245,30,303,113,206,173,20,
282,212,89,143,61,71,27,297,86,148,235,320,206,213,
232,206,249,34,19,
30,200,180,58,313,245,301,314,317,222,72,19,203,
29,273,102,23,132,
244,233,130,113,94,157,
101,279,181,168,81,29,282,273,194,101,323,83,175,95,
291,100,324,62,236,27,62,257,151,48,222,281,242,8,203,48,139,323,326,270,178,57,68,241,165,42,314,316,102,128,
273,83,246,332,212,29,42,319,281,
69,212,27,320,47,66,250,38,271,313,271,294,
137,105,3,323,15,51,76,
185,234,175,231,25,87,93,77,95,28,76,166,286,81,77,13,16,231,274,
0,332,310,137,13,194,98,67,118,223,138,86,
137,190,315,100,4,221,3,175,332,90,227,213,91,113,156,188,251,
246,277,148,330,116,1,109,304,324,172,273,109,127,318,219,135,166,
298,204,45,237,84,224,30,201,200,76,278,216,224,259,127,218,30,134,38,116,128,69,47,210,184,250,155,0,77,212,53,77,172,
170,179,19,48,315,55,297,67,179,112,207,272,247,26,300,59,8,
180,273,281,57,293,191,230,221,22,5,205,334,247,221,53,54,194,22,42,194,
233,197,132,258,28,13,97,297,
295,273,179,147,149,190,279,167,235,
185,315,140,135,216,100,
210,113,242,68,162,99,11,47,5,285,321,269,334,202,231,86,49,113,
156,57,140,176,137,
133,181,319,135,332,24,223,80,
201,64,280,311,
89,71,282,56,60,130,
130,10,189,103,38,200,7,144,158,44,177,49,1,32,73,121,225,226,107,167,151,267,199,191,183,21,135,248,244,5,65,219,111,286,
264,45,241,310,3,297,273,
270,45,330,118,298,228,217,14,314,131,91,224,3,104,134,148,319,116,210,240,147,7,164,43,
334,333,194,207,190,256,259,309,71,81,203,
150,289,290,297,138,29,203,229,333,63,193,284,202,48,164,
331,200,327,
233,33,194,110,92,294,213,252,111,292,279,
179,23,103,91,148,233,
277,110,366,113,191,167,236,283,313,244,
291,250,321,
281,169,84,106,124,192,81,149,207,198,167,239,274,244,95,212,219,83,69,138,315,180,36,170,203,181,217,121,46,5,316,125,65,96,
18,194,46,47,168,37,
43,140,158,80,252,30,114,218,307,172,172,128,297,
222,19,3,229,85,158,119,54,254,92,180,289,
40,69,174,32,12,29,334,177,58,179,221,178,253,218,331,
93,104,63,291,318,
54,198,180,69,287,7,82,63,198,219,203,33,325,162,45,130,122,
323,92,91,221,176,101,137,307,172,284,104,310,92,56,93,288,279,53,
44,265,80,261,115,
214,45,0,68,222,160,127,198,277,180,249,314,79,86,8,68,193,88,
88,157,160,155,203,29,333,115,274,285,138,32,172,253,149,160,241,
199,140,101,54,101,
266,665,5,49,52,39,10,184,245,64,87,61,285,95,73,93,306,13,168,248,90,230,120,241,256,57,139,23,160,162,119,176,
74,135,230,266,292,264,246,11,192,277,83,146,251,191,283,256,3,
301,76,121,88,202,53,101,103,
320,112,92,14,236,106,71,73,183,290,
202,206,280,223,64,
138,185,245,194,287,243,234,324,
307,152,275,323,53,46,203,
280,92,55,312,179,195,154,322,22,286,22,202,331,282,173,21,99,95,311,113,168,128,97,324,98,128,238,150,186,23,194,106,334,322,6,109,178,
16,315,198,80,215,
289,53,150,130,20,12,12,185,24,80,127,191,223,192,269,21,172,150,163,200,232,237,151,197,310,225,308,201,216,273,
12,180,279,304,
111,3,223,
89,200,129,287,60,331,290,306,73,290,236,271,147,181,79,120,200,218,
194,45,366,243,46,233,98,172,33,328,162,309,81,334,94,96,285,315,81,0,46,174,274,61,190,133,296,23,
297,215,265,264,326,233,164,
25,185,59,61,320,59,311,4,303,57,305,184,104,102,202,327,
6,297,289,105,97,256,164,
246,254,17,289,327,60,196,231,21,47,100,
135,327,19,33,101,196,83,106,29,96,155,20,74,334,
105,53,270,219,301,128,287,161,188,149,122,6,206,273,20,118,66,79,
315,281,11,53,124,228,184,204,244,195,16,256,200,192,27,110,81,200,137,15,324,145,7,90,303,170,231,117,171,287,206,63,109,92,272,212,256,
29,128,150,321,46,251,301,25,214,
102,57,
228,198,276,164,
293,230,
277,148,46,224,
11,210,315,277,
157,244,
162,180,181,164,
247,45,180,
164,192,228,162,
188,276,137,
322,96,138,280,33,
46,276,315,307,
8,319,310,170,
175,192,128,
114,182,181,276,321,
216,19,55,
76,170,57,53,301,
325,194,54,20,
42,27,24,147,153,273,
231,202,234,185,
297,43,183,
56,56,100,
285,200,103,182,
15,106,217,137,315,
76,328,137,200,61,
158,2,222,92,41,
97,319,312,265,
130,287,287,
30,104,298,23,
103,181,91,
113,245,100,
26,319,64,
256,3,29,243,8,
125,89,
97,6,2,183,
167,53,45,
97,233,123,269,
43,102,112,
270,61,
251,8,39,
80,24,198,
243,138,
269,58,97,
4,58,272,77,
294,294,69,
317,295,59,81,
29,79,276,253,
214,303,157,
26,54,147,136,
113,209,64,
298,184,273,241,
79,112,29,105,
13,0,
258,120,46,233,
33,291,287,322,
279,62,108,147,
3,108,
113,277,210,137,
84,29,181,
260,115,182,
116,319,263,
12,212,276,
78,81,
301,30,76,
171,245,272,
286,198,185,6,
212,246,273,177,255,
288,81,24,277,
82,250,198,197,
290,273,19,
332,182,270,
92,113,133,323,226,
53,298,301,
54,314,138,
150,166,
189,318,167,
323,198,287,182,181,
241,266,287,
299,120,
103,198,178,62,
234,138,270,
255,249,
38,295,61,183,325,
324,138,315,
279,130,198,
82,120,
140,182,248,
159,172,
275,193,119,
7,54,
321,147,29,
327,246,240,
149,295,33,37,
140,43,178,
220,221,
285,20,
132,310,193,
16,19,258,185,
283,230,240,
289,238,227,289,290,92,
109,246,246,
105,182,203,
126,234,59,
127,203,
227,46,233,144,
303,10,246,
168,238,
316,291,128,169,
202,182,301,41,
25,200,
91,296,103,290,
330,154,
201,86,
231,210,108,246,223,
15,46,166,
230,293,279,
209,178,7,
187,145,180,178,
231,20,105,
116,133,310,
279,323,81,20,
281,266,273,
43,270,240,
4,63,311,
268,324,107,175,247,
252,43,95,321,
170,114,83,
321,163,265,
290,320,204,289,
179,40,
10,2,58,276,
175,63,81,
155,287,53,
29,24,
125,46,
322,101,45,128,147,
41,3,204,182,158,202,
48,154,234,45,
289,222,6,
216,238,265,166,
288,221,323,237,
181,81,182,323,
83,248,123,
8,121,184,
167,101,270,
269,112,230,
113,244,64,92,
252,24,4,319,
244,135,70,184,
243,101,183,256,
101,128,301,
117,223,62,
35,238,287,
254,246,
319,24,250,
9,285,183,
132,29,233,
186,287,213,
223,158,238,244,
296,290,290,
168,18,280,
311,181,280,185,
291,234,112,
79,89,221,
301,29,63,
91,178,179,166,
247,170,119,
197,287,289,200,
169,221,281,316,46,
256,334,121,6,
143,176,20,
261,
201,104,289,
289,287,289,249,
159,291,276,
304,219,166,
124,310,172,
183,290,277,
28,233,7,
174,79,3,
226,30,112,
260,104,290,
126,290,309,
284,266,206,
199,97,
49,318,
52,261,209,
47,223,69,
102,108,167,
134,166,101,
271,92,3,
269,119,
290,294,3,
180,29,130,
203,219,157,137,
6,10,286,266,
185,138,102,
15,203,
94,244,120,303,
175,61,101,137,
29,40,238,256,
293,172,324,
147,322,103,238,
194,74,321,
7,219,270,
265,120,304,
153,321,
93,323,306,
310,256,20,
163,240,92,
116,246,244,
6,255,152,
276,213,
136,179,318,310,103,
271,69,219,
57,29,77,291,
305,138,25,
26,135,181,
273,289,264,
70,108,208,4,
177,172,132,
280,19,208,
83,273,135,204,
242,226,14,
69,40,298,
224,147,277,
118,242,19,
214,104,29,
21,261,204,
265,206,
261,311,20,
158,57,130,
95,103,213,
295,304,139,
23,29,194,30,
222,30,328,
192,112,8,
7,273,277,
288,37,244,
156,285,142,50,130,
213,263,197,282,
209,138,219,
204,276,
286,311,30,
20,315,13,
13,310,
328,158,280,
249,209,19,
319,273,154,
320,5,197,319,
225,100,132,
6,182,263,
212,194,310,
259,81,140,
31,182,321,
218,219,130,89,
166,162,321,216,
120,2,140,
264,181,26,
13,20,5,15,100,
157,19,81,
173,54,
133,206,
93,33,321,
112,4,
106,29,280,
319,3,133,116,
49,89,31,
180,255,290,303,
308,37,
218,43,40,
327,212,25,
155,332,135,120,
100,137,246,
220,150,91,
96,120,
163,289,81,
134,291,204,
254,222,178,
85,108,10,
36,115,
59,249,197,
309,261,200,
178,280,179,
11,304,135,
109,280,250,
