86,86,
594,833,
833,594,
343,989,
918,526,170,676,461,255,322,
915,999,795,169,980,160,136,598,305,564,187,141,425,158,723,399,288,957,284,682,142,218,471,749,431,602,933,273,297,517,93,741,254,775,26,708,227,5,677,133,713,796,328,362,944,881,120,629,592,267,887,756,966,605,79,48,257,311,408,412,348,728,212,891,754,207,214,216,6,72,283,619,233,17,578,314,865,342,484,90,286,955,666,161,279,363,493,103,36,454,209,914,199,823,649,381,3,359,615,85,276,4,41,792,118,369,322,255,
989,343,
320,
401,
492,
879,
671,
571,
129,
66,
736,
101,
628,
724,
10,
181,
986,
400,
767,
913,
502,
98,
78,
294,
354,
371,
660,
47,
45,
150,
840,
962,
687,
82,
773,
973,
640,
329,
139,
861,
901,
743,
190,
562,
897,
927,
636,
948,
835,
579,
995,
476,
623,
281,
898,
432,
449,
221,
617,
998,
489,
991,
591,
164,
634,
397,
193,
794,
67,
553,
198,
584,
232,
929,
521,
295,
186,
315,
271,
42,
355,
459,
349,
910,
439,
331,
228,
353,
299,
490,
885,
422,
917,
115,
495,
263,
447,
974,
658,
235,
633,
719,
477,
975,
163,
734,
466,
889,
813,
583,
481,
856,
880,
510,
340,
951,
261,
507,
94,
595,
195,
769,
334,
46,
849,
920,
992,
853,
291,
859,
567,
313,
321,
532,
993,
382,
482,
601,
647,
245,
958,
153,
924,
904,
654,
89,
29,
561,
54,
272,
460,
450,
259,
274,
201,
243,
672,
768,
981,
410,
215,
68,
919,
558,
95,
539,
744,
834,
370,
799,
298,
888,
366,
97,
497,
246,
238,
270,
483,
347,
436,
511,
444,
40,
351,
457,
568,
673,
402,
780,
761,
332,
12,
894,
542,
473,
194,
781,
300,
679,
665,
292,
547,
667,
310,
464,
374,
208,
456,
512,
804,
151,
530,
714,
508,
119,
152,
548,
8,
854,
74,
345,
644,
905,
830,
926,
590,
683,
51,
417,
250,
621,
0,
732,
895,
534,
712,
296,
415,
587,
818,
657,
661,
784,
380,
420,
807,
222,
13,
790,
239,
932,
663,
34,
451,
266,
38,
737,
798,
810,
278,
242,
739,
566,
486,
976,
519,
717,
132,
909,
805,
475,
742,
383,
155,
175,
844,
668,
424,
249,
988,
191,
824,
172,
983,
282,
596,
641,
618,
111,
361,
102,
543,
71,
828,
930,
226,
130,
229,
433,
996,
55,
391,
763,
783,
642,
77,
907,
645,
841,
174,
896,
829,
285,
563,
680,
179,
123,
961,
197,
700,
407,
656,
203,
73,
494,
516,
560,
140,
803,
529,
735,
339,
851,
60,
22,
753,
582,
277,
80,
325,
968,
720,
997,
710,
609,
786,
550,
797,
576,
144,
116,
607,
302,
836,
650,
264,
131,
230,
776,
581,
515,
413,
524,
702,
892,
538,
316,
806,
869,
984,
44,
759,
624,
336,
573,
546,
846,
269,
740,
544,
499,
635,
146,
586,
877,
210,
91,
684,
63,
709,
479,
268,
575,
886,
138,
472,
470,
845,
327,
309,
395,
698,
426,
848,
699,
234,
873,
952,
124,
651,
772,
758,
748,
569,
819,
357,
30,
154,
337,
443,
262,
84,
145,
697,
638,
99,
890,
791,
365,
632,
950,
637,
535,
419,
730,
593,
488,
639,
788,
378,
435,
28,
21,
156,
504,
423,
217,
189,
726,
376,
503,
237,
945,
491,
549,
572,
49,
33,
196,
764,
757,
703,
755,
231,
319,
613,
137,
902,
480,
1,
25,
600,
248,
223,
326,
925,
801,
554,
705,
816,
177,
940,
908,
994,
109,
760,
701,
826,
430,
43,
616,
396,
693,
148,
990,
610,
147,
92,
831,
58,
409,
545,
655,
9,
738,
847,
603,
800,
398,
106,
2,
506,
358,
301,
15,
745,
528,
903,
11,
766,
868,
335,
675,
659,
162,
104,
452,
821,
652,
304,
225,
843,
970,
468,
350,
622,
942,
631,
166,
574,
809,
643,
765,
346,
184,
878,
852,
205,
