62,258,19,19,21,112,293,
108,39,180,3,85,178,
46,152,77,260,277,38,0,211,140,15,240,18,125,311,
290,24,74,276,10,15,168,138,7,310,48,121,174,89,141,30,296,15,20,
106,209,208,
76,181,325,142,320,83,146,325,1,137,301,58,1,90,111,262,122,178,128,220,320,317,18,
114,200,237,47,320,93,56,14,128,272,114,0,
104,138,110,303,276,130,123,
6,297,142,105,
115,88,6,2,81,200,
222,190,19,41,229,85,158,119,254,
264,45,88,310,3,
181,265,33,182,281,162,193,297,103,159,210,21,103,177,189,
200,48,325,112,45,273,140,315,114,150,120,48,113,177,294,328,61,298,233,284,89,20,82,73,115,104,
93,307,114,13,101,324,206,27,66,117,
266,200,665,5,49,52,10,184,245,272,64,87,61,285,95,73,93,306,13,168,248,90,230,120,241,245,
69,212,27,146,79,66,
246,6,277,148,330,69,1,109,304,324,172,273,318,219,
224,327,130,97,8,293,
328,278,95,248,0,103,97,161,106,252,142,324,135,
100,55,204,140,244,187,201,267,303,222,284,252,301,320,134,239,61,317,
274,798,315,25,203,17,182,38,
3,2,68,247,264,206,137,
53,105,198,110,253,285,167,275,324,45,49,155,272,270,286,
34,198,19,265,194,227,114,186,281,260,
18,194,46,17,
305,247,191,10,231,91,203,296,147,257,78,297,281,314,54,120,171,45,210,285,115,6,123,210,120,43,173,36,48,77,166,8,134,
246,100,175,135,
19,116,192,77,121,245,16,170,2,324,97,214,170,217,222,265,62,187,259,165,291,232,329,83,319,83,120,105,55,312,254,153,216,259,123,311,
242,93,69,
101,279,181,168,208,299,29,282,273,194,101,323,59,83,175,
190,222,24,
221,137,77,
175,136,246,317,92,
180,252,99,128,274,136,61,332,260,83,
89,162,
119,303,29,
844,665,193,215,328,75,128,195,96,110,13,222,207,86,37,25,307,313,208,308,47,231,129,101,298,133,328,
273,208,74,272,182,11,30,142,
272,6,114,67,170,246,113,30,63,171,193,
108,231,37,297,96,
273,137,107,218,317,57,87,81,141,229,213,209,25,311,51,298,261,
245,19,323,328,254,138,92,300,93,216,285,34,171,244,
310,209,170,19,
184,70,181,93,290,116,101,170,298,
208,200,107,19,16,101,51,273,131,273,323,
127,149,19,184,65,242,237,241,260,241,204,243,180,70,200,269,85,152,257,140,234,23,247,329,236,293,296,111,37,208,278,179,194,66,
41,222,92,8,265,185,
180,290,127,112,113,204,54,101,81,124,
283,230,240,
176,230,219,204,313,323,269,
79,139,190,12,95,36,136,202,231,192,118,184,192,200,305,234,69,52,36,332,253,287,0,
290,177,230,212,150,255,316,184,88,92,130,180,276,213,0,75,209,284,209,261,296,180,
311,10,77,98,72,166,109,120,188,213,194,325,29,83,307,318,245,96,59,114,289,107,126,235,84,10,119,282,57,262,321,258,
296,65,127,208,135,
86,287,7,57,246,162,289,11,158,130,184,60,102,111,189,113,314,207,292,5,8,307,206,33,
332,271,267,14,23,196,133,116,102,41,0,294,135,129,283,206,258,50,171,24,42,7,71,81,143,301,185,64,317,103,76,118,275,56,320,175,
297,181,150,6,281,297,108,235,124,
320,48,205,114,176,328,147,81,25,162,22,
192,84,19,332,48,198,213,25,
297,108,101,
29,311,278,160,202,57,193,261,
150,289,290,297,138,29,229,333,63,
71,227,13,89,28,193,253,221,326,99,204,
68,214,324,83,7,298,63,79,232,57,106,
9,121,281,130,129,142,75,293,164,202,
206,88,182,196,251,181,110,
182,265,135,324,104,295,
240,138,46,265,
27,137,311,287,189,313,42,59,69,93,167,46,235,294,237,
177,318,81,2,287,147,
310,91,366,101,25,16,103,324,50,
309,128,121,
278,3,93,189,76,
3,113,160,325,139,311,152,278,264,206,41,230,166,61,41,
140,295,15,199,287,45,156,148,193,83,251,263,303,296,
74,135,230,266,292,264,246,11,192,277,83,146,
161,54,135,304,234,101,
219,282,29,144,286,85,228,204,124,304,92,178,
146,238,4,324,271,270,160,226,332,165,175,70,289,132,286,
302,137,278,73,69,226,185,134,191,317,68,236,66,133,332,320,44,235,260,140,103,322,191,290,240,
24,181,72,125,271,113,95,197,253,3,220,
10,121,85,137,64,216,244,146,
29,128,150,321,
320,291,328,
84,285,109,21,103,299,319,160,45,192,319,285,288,311,244,301,68,122,273,95,176,15,
143,146,327,246,123,101,269,56,85,269,
137,27,11,113,205,90,137,
208,212,152,88,5,152,112,161,177,137,113,204,18,262,101,252,7,198,65,317,106,
185,308,141,47,149,311,243,299,182,103,140,310,103,
57,319,180,136,273,179,149,334,193,76,
192,281,115,115,323,164,102,269,83,102,167,322,290,5,19,242,129,141,220,74,42,42,2,130,175,45,
286,3,28,293,159,87,152,185,146,194,37,299,55,139,241,3,57,123,330,143,96,202,326,244,53,29,297,
6,246,146,102,154,328,19,272,78,36,156,159,230,182,82,206,24,86,152,115,128,132,113,114,210,137,328,85,
212,313,179,408,243,12,5,104,73,233,159,81,43,77,274,319,322,333,203,
61,10,172,191,252,297,
198,92,214,221,318,
132,188,6,98,146,313,309,148,233,
19,253,14,327,21,12,226,155,78,87,257,305,111,166,145,171,315,107,192,263,230,2,276,55,158,310,
81,325,315,134,320,244,54,172,177,240,78,295,176,157,208,
112,169,208,65,287,320,261,205,326,200,
43,140,158,80,252,30,114,218,307,
271,93,37,315,78,57,227,112,146,217,92,318,158,161,216,251,306,13,117,175,193,243,184,88,270,69,246,
17,194,209,145,158,304,18,164,251,33,143,249,283,
255,180,81,190,
120,200,19,61,8,129,147,299,
10,236,8,138,10,287,27,201,
71,282,93,158,
57,313,286,58,153,
14,227,89,216,4,320,278,315,
137,324,226,92,334,66,302,147,36,299,223,37,259,6,107,34,217,169,328,307,237,273,20,270,85,287,28,220,285,214,300,204,188,219,
232,188,19,68,147,245,299,319,
188,88,107,320,33,11,203,44,93,75,161,12,134,204,121,307,113,261,328,132,324,224,203,220,318,130,265,31,276,211,238,261,299,25,99,219,265,103,81,188,
37,45,108,63,70,844,171,178,123,202,230,258,75,10,121,24,32,124,226,149,296,308,5,11,288,308,90,
219,55,63,230,125,202,181,163,196,229,72,41,179,237,246,124,292,113,180,295,332,215,226,176,
263,110,258,62,260,15,
194,45,366,243,46,233,98,172,33,328,162,17,309,334,94,96,285,315,81,0,46,174,274,61,190,296,
307,152,275,323,
318,51,157,177,366,144,203,
198,93,204,
161,287,77,200,34,104,283,287,154,276,16,21,308,
163,198,310,115,178,
310,95,264,89,84,63,328,40,0,133,290,85,8,330,58,129,168,174,163,68,271,
258,107,75,124,332,263,109,253,35,319,146,285,317,285,62,147,327,85,16,68,329,106,192,311,220,312,36,
197,230,92,99,79,79,233,
323,92,91,221,176,101,137,307,172,284,
135,48,313,92,303,62,91,116,46,105,111,178,150,172,296,188,206,182,295,14,104,161,246,90,218,
183,100,256,262,
91,45,76,203,310,313,0,287,3,287,45,54,252,123,263,218,147,72,323,234,72,270,325,283,
10,66,101,128,219,322,334,250,181,130,299,311,6,115,249,251,137,240,289,180,77,49,219,69,109,118,77,61,87,55,51,9,5,283,
99,188,61,319,113,
142,10,182,6,122,196,50,314,18,
54,198,180,69,287,7,82,63,198,219,203,33,
54,161,146,91,316,173,26,202,105,313,
203,274,119,53,314,318,202,304,
238,92,289,291,321,194,50,134,268,330,139,20,146,178,192,226,262,311,56,90,327,240,6,10,2,198,27,110,192,260,328,103,262,261,270,205,223,273,42,273,
324,246,86,182,
24,153,8,114,29,42,147,113,316,235,182,123,72,
313,25,212,312,28,324,333,308,6,291,186,49,128,180,140,284,301,62,57,223,165,315,87,326,147,135,212,209,119,158,146,153,285,143,35,3,287,143,42,214,83,49,40,86,93,214,
665,844,92,98,223,161,164,12,152,323,19,266,195,110,245,
61,170,25,120,3,200,249,152,211,92,175,99,241,
199,140,101,
270,200,101,212,
138,10,121,321,
280,201,61,211,308,216,57,2,282,
14,217,19,150,187,94,306,319,166,57,113,194,274,330,175,330,
798,107,366,3,317,282,91,122,92,163,185,65,85,127,129,304,29,288,207,303,274,228,127,252,222,257,298,114,268,
105,53,219,301,128,287,161,188,149,122,6,272,
162,315,327,120,131,187,135,89,104,325,255,172,
244,91,315,130,234,212,81,62,278,283,8,223,309,288,174,
135,327,19,101,196,83,106,96,
279,12,214,124,287,2,171,296,221,144,321,88,161,83,101,94,295,142,331,31,77,151,174,55,10,314,72,116,173,227,260,68,218,317,82,186,213,12,39,15,72,36,121,
161,327,208,62,14,148,219,
223,92,182,75,114,202,221,286,
170,19,253,62,297,61,239,65,310,257,256,141,251,
233,89,109,81,37,218,265,306,4,58,217,262,81,244,277,112,288,328,326,
26,45,319,295,193,122,26,
123,37,45,91,187,207,173,
138,245,194,287,243,
160,93,126,262,289,220,78,204,274,285,319,163,66,195,118,206,
45,74,48,167,7,84,204,150,159,322,184,194,22,75,153,146,42,90,0,0,301,214,57,163,298,236,328,172,122,314,123,164,293,12,308,206,146,319,150,19,171,322,
123,143,
92,201,320,255,223,323,286,151,315,
103,84,188,332,62,141,176,179,
281,305,84,106,124,192,81,149,207,198,167,239,274,244,95,212,219,83,69,138,315,180,36,170,203,181,217,9,5,316,125,96,
135,194,130,296,155,244,46,67,101,
72,279,25,58,216,17,161,292,267,241,219,270,76,148,269,171,105,213,219,
142,32,255,307,117,244,263,90,27,112,28,330,110,145,151,308,5,147,248,21,179,261,301,208,143,108,168,122,97,
278,16,321,1,14,225,328,182,184,147,287,315,143,29,47,157,277,198,59,315,14,
229,219,172,241,203,299,60,156,30,235,
282,212,89,143,61,71,27,297,86,148,235,274,
143,278,
44,265,302,
79,105,269,301,332,197,
113,137,24,81,2,220,7,14,44,
5,155,59,129,179,287,105,75,4,43,327,249,142,28,161,266,319,328,172,204,300,86,285,305,102,165,250,256,111,139,140,53,136,145,13,131,222,268,161,168,328,15,26,310,
86,20,303,308,56,204,240,313,178,158,111,324,153,92,5,122,276,3,333,294,304,268,201,164,
246,143,130,74,186,139,
146,54,299,40,240,1,143,222,107,184,20,50,9,69,51,144,48,49,97,10,
69,130,194,65,314,316,
249,102,308,61,
291,100,19,204,241,261,24,121,134,234,96,63,
219,265,195,179,107,137,
55,4,123,247,25,307,212,280,26,37,154,2,91,219,247,587,25,252,195,246,160,176,195,100,315,317,48,180,322,32,65,75,290,170,149,111,270,91,246,302,148,50,216,19,318,237,
88,188,157,160,155,203,160,29,333,115,274,285,138,32,172,
241,286,291,148,204,205,213,235,125,122,38,88,
332,261,
295,48,101,268,178,210,53,30,316,185,80,156,211,60,115,140,35,120,174,175,52,85,185,289,269,260,
178,37,162,238,212,140,192,95,51,68,174,178,319,133,264,246,254,108,
114,282,96,321,202,78,270,100,
48,109,128,293,295,135,124,35,45,92,30,296,226,26,245,302,61,113,257,333,275,183,72,152,294,113,256,309,204,9,72,200,212,234,160,8,257,277,307,119,366,311,315,120,64,320,323,223,186,326,170,332,
143,248,313,107,144,158,261,254,10,245,168,279,39,300,265,26,184,58,197,14,
295,81,52,
204,208,48,219,71,176,320,32,41,66,
0,328,310,137,13,194,98,67,118,324,
285,181,258,56,156,49,187,215,239,5,51,157,14,284,212,92,179,40,48,116,149,268,20,
214,45,57,0,68,222,160,127,198,277,180,249,314,79,86,8,122,68,
262,208,88,265,
102,86,249,
256,183,203,133,290,209,300,164,4,39,170,250,77,
89,153,200,129,287,60,331,290,306,73,236,271,147,181,
13,101,308,70,301,201,216,16,214,295,54,320,10,61,120,104,202,
180,101,108,298,12,30,11,223,309,157,176,220,214,97,162,1,
121,19,366,9,334,10,269,80,301,304,37,31,279,180,101,
118,79,135,323,268,223,
16,19,258,278,96,
213,290,18,1,257,
30,200,180,58,313,245,301,314,317,69,
97,180,280,322,224,204,328,
64,19,214,10,201,118,26,113,187,237,
33,181,245,187,163,140,233,137,91,289,20,149,35,172,320,191,54,
287,112,27,319,115,177,
236,227,69,299,113,10,316,4,297,191,332,319,288,32,242,68,231,94,194,205,159,191,93,117,
261,238,203,200,165,332,66,
244,233,84,130,
43,
59,77,128,
291,100,324,62,160,27,62,257,154,164,48,222,281,242,36,203,48,320,128,323,326,178,68,241,165,42,69,316,102,128,
70,12,62,212,63,8,130,200,206,261,267,58,157,229,101,209,313,5,102,327,62,184,3,176,139,283,290,146,244,208,262,
145,110,240,240,329,
152,6,286,116,61,307,18,15,170,322,96,309,203,24,
284,72,290,290,75,270,105,150,310,65,245,323,
301,76,121,88,
272,96,266,122,246,91,276,173,317,
200,315,79,30,227,300,283,156,135,113,269,57,135,144,176,26,74,
318,94,210,167,
328,5,10,272,39,255,56,93,51,50,310,245,250,320,55,320,287,56,311,137,333,198,215,100,227,121,233,
200,172,194,45,217,175,195,194,289,133,233,270,115,161,92,212,309,38,194,257,294,326,
93,27,14,271,141,266,319,221,14,333,150,248,161,241,200,97,311,326,265,302,155,309,7,16,241,334,184,198,147,288,18,245,
154,280,281,
162,96,178,59,148,204,88,328,263,329,101,
210,305,242,68,162,99,11,318,321,269,334,202,231,
182,230,274,185,114,
93,256,287,121,321,221,238,176,278,146,323,141,176,242,24,163,279,313,302,
69,302,246,242,291,44,326,137,30,
14,93,239,318,149,326,
319,84,19,8,63,203,251,206,261,306,325,99,26,176,91,154,304,92,97,223,
92,266,77,36,135,270,52,309,303,198,38,147,197,250,303,326,78,279,321,233,239,258,219,41,14,151,168,248,280,283,75,141,268,175,
109,109,84,326,45,177,265,
240,135,163,145,2,158,122,191,258,53,104,302,140,202,0,
212,178,290,29,285,69,96,205,
157,318,180,2,313,214,125,316,
200,127,36,139,123,59,208,256,266,27,203,261,101,175,290,93,179,181,196,160,24,243,255,107,207,254,110,158,175,42,11,120,261,90,301,
311,3,328,81,273,306,32,
77,16,282,227,92,290,312,237,118,60,83,112,311,183,241,51,95,78,22,46,316,196,109,105,230,311,57,118,244,142,191,75,161,266,221,276,7,163,185,209,
198,153,34,102,210,217,53,54,275,163,207,288,11,286,303,300,193,328,117,293,80,
88,36,208,167,262,238,264,155,280,295,206,13,324,142,
153,45,182,150,198,214,89,24,40,3,148,114,196,313,217,196,269,21,10,83,118,110,136,22,154,229,57,
89,299,324,20,25,145,16,82,314,66,326,63,308,150,227,21,145,4,293,14,273,157,159,310,233,14,160,192,310,102,92,155,49,24,27,239,135,249,4,110,139,218,
181,24,194,9,301,184,76,329,43,292,101,105,165,242,56,108,133,285,213,316,107,149,307,129,116,311,312,258,306,190,114,147,206,
308,249,9,185,244,13,304,321,202,140,45,217,327,74,37,265,280,213,252,173,250,309,321,
112,203,233,284,148,211,332,227,
237,172,289,27,236,289,55,
248,128,328,120,
282,121,210,4,28,4,311,25,271,54,73,328,237,319,114,30,243,76,183,143,178,327,219,53,185,87,109,64,172,199,205,319,119,113,303,
158,141,240,306,86,159,25,100,182,251,170,88,84,44,269,178,49,111,207,69,43,24,296,71,287,123,
4,95,211,99,70,63,70,256,188,89,187,262,236,146,109,137,244,48,233,3,9,86,169,227,83,247,262,51,228,42,260,100,147,171,
209,70,106,49,266,310,366,264,207,133,
119,32,4,167,64,136,277,133,165,333,51,238,187,30,172,57,272,
4,110,290,14,83,88,292,122,249,194,225,
185,302,234,175,231,25,87,93,77,95,83,28,76,166,286,81,77,3,41,122,
29,219,88,118,101,80,119,211,3,290,
287,226,278,107,315,266,141,10,130,195,289,
181,88,219,217,94,215,88,115,300,305,221,116,334,
96,844,81,150,51,7,263,311,114,261,291,
120,276,13,
75,182,284,
74,273,308,192,188,247,200,299,
95,28,4,107,154,310,170,181,186,59,201,40,51,185,116,290,65,294,322,83,149,283,209,194,107,133,252,84,105,227,
306,266,233,89,311,
36,291,305,
45,305,49,280,212,83,47,52,104,217,101,109,258,37,37,69,91,137,117,270,236,26,229,312,149,85,100,247,19,72,161,193,243,308,67,264,200,48,310,39,304,156,
315,233,55,25,85,5,59,185,285,154,86,121,46,50,287,14,146,222,
179,38,5,28,331,94,263,17,81,126,274,96,223,212,277,138,38,246,296,297,143,38,91,254,27,72,170,47,127,75,149,249,76,298,301,138,95,255,151,323,
167,88,27,137,194,20,83,124,23,210,147,318,
194,238,106,280,5,202,127,69,42,
101,70,73,310,57,184,235,25,150,3,152,42,318,161,
172,194,45,246,229,287,61,63,200,48,318,96,10,258,248,183,237,59,272,286,138,21,32,231,226,118,
327,5,172,408,138,225,121,296,8,185,162,181,135,115,235,2,60,179,14,143,161,246,128,148,158,224,291,215,
83,185,19,215,311,193,96,12,130,197,85,328,331,6,80,
299,84,276,101,17,195,91,253,161,23,149,33,167,74,245,
164,45,291,176,
166,185,19,67,14,189,213,279,
272,328,73,273,179,24,
100,291,325,137,156,7,183,246,322,264,4,234,257,56,240,
280,92,55,312,179,195,154,322,22,286,22,202,331,282,173,21,99,95,311,113,168,128,97,324,98,128,238,252,186,23,194,
180,273,281,57,293,191,230,22,5,205,334,247,221,176,54,
122,84,53,292,281,314,156,101,214,330,
294,200,332,230,12,189,204,252,
107,213,68,41,326,268,163,16,87,188,258,5,28,106,38,149,236,11,163,276,128,150,4,162,334,208,100,211,34,227,185,119,151,167,273,200,151,334,104,180,19,128,311,249,181,219,
234,244,291,161,
289,53,150,130,20,12,12,185,24,80,127,191,223,192,269,21,172,150,200,232,237,237,151,
303,92,315,135,282,58,283,45,95,95,104,119,170,192,227,214,245,284,178,
281,160,122,154,136,158,
276,12,290,102,188,290,36,84,133,86,112,120,77,114,173,50,85,239,
320,112,92,14,106,222,
202,308,280,223,
101,174,122,35,138,325,178,180,194,322,1,13,258,307,297,187,270,199,294,189,322,
130,10,189,103,38,200,7,69,52,158,44,177,49,1,32,73,121,225,226,107,167,267,199,191,224,21,135,9,248,244,5,65,219,111,286,
217,233,270,
93,324,147,160,175,59,162,154,275,188,40,129,214,138,95,133,129,242,115,161,71,200,84,136,327,14,200,40,240,39,236,332,
121,290,136,291,117,226,309,315,138,226,328,195,2,213,29,
118,77,141,52,331,226,172,88,0,110,156,29,89,294,153,294,
7,208,100,251,
273,84,246,332,
324,216,121,112,105,89,159,11,35,93,291,291,137,255,160,143,207,174,317,146,258,198,37,174,163,242,106,308,10,236,258,176,56,38,168,110,162,49,312,14,296,12,36,130,172,50,2,40,92,158,210,
184,266,79,25,54,
89,71,282,56,
138,327,93,31,104,290,202,207,172,233,260,88,327,106,220,240,102,38,101,135,75,147,260,305,
25,185,59,61,320,101,311,4,303,57,305,184,
110,104,665,145,53,4,233,277,27,263,63,8,153,
333,93,88,216,334,281,189,261,98,119,
227,71,107,112,310,80,123,155,248,277,124,190,216,36,182,178,236,200,21,14,321,162,45,315,329,107,110,289,19,34,137,
40,153,146,174,32,12,29,334,93,
133,310,276,264,210,269,
246,272,17,60,196,
96,304,274,61,253,98,211,297,235,133,312,300,35,186,268,111,81,303,178,191,282,47,163,278,7,311,231,262,8,204,125,206,201,212,174,155,162,125,54,297,104,107,191,223,188,62,220,312,272,286,16,
135,332,328,42,107,316,99,240,258,321,172,133,43,56,123,74,87,118,120,84,109,89,64,200,270,280,328,1,149,
211,112,46,265,122,
182,153,118,75,307,181,122,146,215,278,223,305,315,142,275,206,74,187,61,320,24,43,168,265,273,41,
160,291,88,281,
270,45,330,118,298,228,217,14,314,131,91,224,3,104,134,148,319,116,
194,268,181,99,45,31,211,194,32,241,200,135,28,286,93,46,34,204,293,18,313,101,79,
156,285,118,122,130,
170,179,19,48,315,55,297,67,179,112,207,272,
136,119,121,98,313,322,32,293,101,175,121,58,260,297,258,227,272,297,9,237,
24,37,290,190,7,156,80,272,
295,135,147,149,190,279,295,
298,204,45,237,84,224,30,201,200,76,278,216,224,259,127,218,30,134,38,116,128,75,47,117,184,250,155,0,77,175,212,
58,136,233,57,269,
321,278,92,184,
276,290,46,270,306,121,272,142,102,
255,290,92,102,149,
321,238,308,24,113,291,306,
103,238,50,50,260,279,171,181,
128,29,114,59,309,175,248,10,221,318,316,53,291,
137,190,315,100,4,221,3,84,332,90,227,213,
274,212,88,
366,798,131,5,21,300,194,53,281,325,224,310,179,36,225,139,161,121,330,269,309,169,277,48,209,299,318,
83,19,25,4,110,74,
204,127,86,7,149,198,119,224,305,151,291,238,8,130,331,18,228,300,15,72,134,207,231,143,306,317,180,257,
19,34,111,308,6,26,64,226,93,159,285,64,157,175,157,259,276,334,7,174,
203,291,88,212,256,83,
106,258,107,324,277,327,2,82,116,95,320,156,191,
250,308,298,256,195,291,
287,328,315,105,287,155,130,307,89,241,
233,33,194,110,92,294,213,252,111,292,279,
290,200,4,26,70,93,150,172,284,117,145,190,
117,198,121,298,234,252,178,255,
2,19,327,163,49,177,292,212,332,325,115,146,179,179,113,234,277,3,106,88,292,177,
265,188,44,19,317,34,128,143,182,308,72,219,262,211,297,122,240,206,
147,232,93,295,24,167,26,321,269,38,
315,281,11,53,124,162,184,204,244,195,16,256,200,192,27,110,81,200,137,222,313,7,90,303,170,117,171,287,206,63,109,92,272,212,
8,48,70,10,205,18,251,24,203,262,286,0,39,237,244,45,117,192,
0,332,38,46,33,94,147,79,
230,140,77,74,240,247,294,197,290,9,283,50,92,145,182,321,176,63,117,
269,200,295,176,133,147,
59,278,27,101,
307,101,287,202,
88,2,162,301,241,
51,158,264,268,306,
304,246,17,219,161,12,
297,136,265,
195,299,318,219,
12,212,276,294,
103,181,328,
252,280,328,
139,5,3,
16,315,
158,200,327,324,223,
215,181,328,42,
128,265,291,107,117,
206,319,3,245,
332,180,146,208,273,192,79,62,
277,110,366,
180,121,107,
130,70,244,
202,286,13,
3,286,70,153,
20,146,89,33,200,
334,333,194,
176,180,320,156,106,
252,308,798,150,
73,251,
150,284,101,252,
251,319,73,
20,238,167,158,
2,331,324,158,121,21,
25,226,235,146,192,
62,332,244,103,
193,140,272,
328,83,5,97,
91,33,319,7,
137,137,3,323,
137,6,167,0,69,
241,194,127,243,61,298,
213,192,197,241,
147,320,92,91,
178,219,178,117,
294,101,27,
130,246,104,156,
173,272,54,123,
133,181,200,135,332,
63,315,
13,93,5,88,100,
203,319,54,
212,270,298,
192,8,79,178,
268,285,51,118,
318,101,195,
31,121,279,
209,256,290,
238,88,119,35,
0,214,8,240,
289,238,227,289,146,
150,200,45,4,
78,81,19,
206,86,93,265,
112,170,276,180,
12,180,279,304,
161,328,299,
245,30,303,299,206,
309,132,324,244,
214,303,157,313,
244,10,245,286,
297,297,
29,24,121,
68,310,3,
66,69,204,
16,161,13,
3,286,185,
13,0,
96,83,
178,10,101,158,
233,197,132,
276,19,161,
162,180,181,
270,271,284,
226,219,25,
34,245,161,
270,276,135,
272,172,105,322,
251,8,
50,142,310,
102,89,255,276,291,
91,299,272,
172,81,5,333,323,
52,118,295,295,
287,140,161,287,
67,45,
140,43,178,
226,172,121,37,
214,19,137,64,313,
201,13,86,
277,74,246,
279,295,103,
54,13,180,
317,258,175,
2,157,280,
105,79,54,
21,62,161,
319,287,232,
320,76,204,
153,19,42,
264,3,133,178,
11,210,315,277,
141,273,19,
75,298,77,223,92,
48,172,305,
185,315,295,
148,112,277,246,
240,145,81,283,
77,59,256,
315,278,
125,46,241,
122,265,211,241,185,
133,178,209,
329,145,162,
30,290,229,43,
321,308,147,29,
265,182,41,
57,214,
58,30,310,
287,313,161,10,79,
184,278,101,321,
247,74,3,
326,112,233,
293,286,9,
315,278,182,11,
247,45,180,
156,140,176,
312,96,19,
243,138,200,
307,43,93,
46,276,315,
7,86,77,91,
104,161,13,240,
81,188,185,180,
4,25,256,150,
311,181,280,185,
8,319,310,
73,89,272,
186,246,280,48,
85,222,143,6,
41,3,204,182,158,
56,114,100,
322,101,45,272,
7,54,113,
311,46,19,
326,69,200,
179,272,103,
38,200,0,241,
113,64,
110,206,83,89,
303,198,140,
51,146,273,
185,282,327,286,
55,170,286,315,
197,24,83,159,
158,2,222,92,41,
175,192,128,
319,178,57,
146,2,25,
75,9,138,
216,19,55,
154,161,93,153,
286,198,185,
332,79,137,93,
198,192,54,
52,79,130,
239,276,
147,120,177,
97,146,319,
325,100,81,
96,108,
269,58,143,
205,212,241,
195,287,250,
130,287,287,
30,273,272,
85,108,10,
202,203,9,
175,298,332,
142,88,273,
313,54,132,
299,120,232,
15,290,263,
251,7,170,
291,250,321,
143,17,
201,64,280,
92,290,200,158,
283,200,161,92,
167,53,45,
284,112,303,
29,40,286,
298,184,273,241,
226,287,
158,313,281,
26,54,147,136,
177,290,109,
324,88,0,
257,200,204,213,
172,88,
30,104,298,
149,295,33,37,
276,19,104,
274,160,282,258,
264,51,209,
141,287,
10,153,
42,27,24,313,153,
295,182,295,
141,170,92,
55,19,
285,19,194,
134,291,204,
252,43,95,208,
222,315,320,
305,138,25,
255,117,162,
277,148,46,
221,198,223,
3,24,108,
304,86,203,
167,299,
104,182,30,
80,24,198,83,
90,135,238,37,
223,158,238,244,
296,290,290,
324,328,68,309,
171,245,272,
144,318,146,
136,153,281,26,
316,291,128,
222,315,100,
292,2,233,
288,37,244,
240,100,146,
164,192,9,
108,297,
157,19,81,
190,181,295,
187,19,123,
114,182,181,276,
36,79,88,
74,182,
84,137,310,
289,287,237,289,
149,57,
155,287,53,
176,81,180,200,
26,319,64,
301,30,
154,291,319,
332,219,112,76,
103,302,185,
325,91,200,2,
175,61,101,
263,162,140,
244,135,70,
334,19,57,
200,289,45,
124,180,167,297,258,
268,324,107,175,
207,209,170,
331,83,89,
85,83,
245,266,284,
100,114,328,
109,109,233,
24,321,152,
0,114,298,
204,97,294,
254,222,178,
113,321,99,
65,69,284,
252,233,294,
11,273,
101,162,121,
181,89,103,
57,29,77,
189,278,166,
302,55,93,
231,210,108,
286,223,130,
193,83,29,
218,43,135,
279,233,166,
308,161,37,
174,19,244,
180,255,290,
8,214,110,
306,276,321,
241,266,287,
246,178,271,
184,271,
76,278,57,
123,158,104,
190,137,79,
316,69,157,
49,146,89,
268,798,92,
7,24,19,
