167,53,67,50,159,318,
232,249,19,95,174,182,73,140,189,217,247,289,173,129,23,47,59,152,162,207,
291,250,187,206,64,154,248,313,278,120,
103,67,50,50,260,279,171,181,19,139,147,92,219,222,153,179,44,78,324,303,150,242,270,216,77,
246,100,303,54,145,206,87,21,204,76,328,152,227,56,
39,33,279,79,284,177,71,
106,29,280,89,6,
332,261,43,0,155,41,57,152,117,67,227,155,215,110,73,100,103,218,147,1,89,137,169,213,
25,127,59,127,320,59,311,151,303,57,305,184,104,102,202,327,6,131,173,61,280,229,107,178,207,236,
256,3,243,311,55,38,
19,219,69,
231,202,5,288,
79,174,29,28,269,301,332,133,132,279,140,252,314,331,200,77,250,217,
208,124,74,19,16,101,51,206,131,273,323,136,242,70,285,14,38,76,319,173,220,227,154,109,124,207,267,290,
250,45,298,256,195,291,79,95,15,257,63,109,309,83,43,
113,147,275,88,245,27,
114,279,270,12,
63,21,75,293,199,286,206,186,250,4,183,239,78,
203,311,119,53,314,318,205,196,15,105,267,261,229,159,320,265,101,311,156,
133,75,319,135,332,101,24,223,80,213,236,0,87,
265,111,33,43,161,
54,92,10,333,89,55,
157,318,35,253,313,227,125,316,145,203,228,77,107,311,20,222,23,
247,45,180,158,158,233,8,127,59,147,330,
260,295,182,99,133,110,267,57,121,50,128,
328,59,102,11,104,217,
280,293,332,103,
331,200,327,149,249,110,88,8,109,
7,200,100,61,130,58,158,233,37,66,
198,109,102,210,217,53,54,275,331,207,288,11,286,274,300,193,114,253,293,80,158,58,329,
37,297,39,73,
119,293,29,247,3,275,311,66,269,138,263,251,313,105,83,88,128,54,260,
333,20,301,24,54,107,204,
100,291,26,156,7,246,322,264,168,234,257,56,258,326,241,205,261,
93,306,
217,233,270,148,161,48,103,118,11,213,236,86,194,118,
24,239,114,42,147,113,316,235,182,123,72,70,280,133,276,40,59,319,285,58,34,118,255,273,333,121,180,290,
118,211,135,220,323,65,223,322,200,48,
192,281,115,115,323,164,102,187,269,83,102,167,322,290,5,19,242,129,141,220,74,20,42,42,2,130,175,45,275,182,127,214,276,
183,63,161,156,234,167,173,
43,270,240,265,
82,50,297,
134,166,101,291,66,222,
286,198,170,6,44,140,302,
21,126,185,224,
263,294,116,258,62,260,15,133,128,6,307,241,213,119,151,236,315,167,99,83,270,312,115,
158,141,78,306,177,159,25,100,182,251,170,88,84,44,269,178,49,111,207,69,169,43,328,24,296,287,123,195,198,163,
174,130,297,123,121,
44,265,195,80,261,115,327,168,191,276,303,311,30,40,215,217,140,290,333,
4,20,2,270,
114,129,196,255,297,74,231,229,27,29,
290,3,
80,2,319,88,214,
164,147,29,
69,91,49,320,129,66,153,38,271,313,271,294,27,19,297,297,137,11,202,
71,284,297,156,
280,92,55,312,179,195,154,322,22,286,22,202,331,282,173,21,99,95,311,113,168,128,324,98,128,238,150,186,109,23,194,106,334,6,109,106,37,327,267,25,181,176,15,41,219,
53,105,198,193,253,285,167,275,324,45,49,155,272,270,243,104,282,76,156,255,196,266,313,162,
273,83,246,332,29,42,321,319,281,293,39,
213,318,133,124,
154,280,330,26,85,45,48,319,140,213,304,81,83,123,122,
247,158,119,268,200,17,
103,332,141,176,97,285,78,31,22,183,330,136,153,
42,174,24,147,153,273,67,209,244,9,151,
57,153,168,158,58,13,226,200,252,147,6,221,27,190,300,209,72,34,256,
149,301,40,16,21,178,4,
113,277,158,55,123,107,317,
146,35,79,45,
234,319,183,9,20,295,
137,226,92,334,66,147,274,36,299,223,37,259,6,107,34,217,169,307,237,273,20,270,303,85,287,28,220,285,214,300,204,102,188,144,100,102,20,266,263,121,
256,203,133,290,209,300,164,3,25,39,310,250,260,151,71,66,12,37,79,109,323,100,230,31,
149,2,331,124,116,
288,301,202,128,237,212,
295,273,200,181,147,136,281,279,167,235,258,153,157,252,260,79,234,
96,26,81,150,51,7,263,311,114,184,261,52,291,242,246,12,88,102,200,9,305,124,208,81,200,
301,181,158,120,146,164,216,
334,333,319,207,190,256,259,309,71,81,203,66,313,1,155,221,20,149,323,166,
172,81,189,263,333,103,172,111,159,293,177,308,43,298,54,63,77,116,106,3,
121,167,182,24,99,137,34,161,269,88,180,127,163,
328,294,289,59,
103,181,201,260,200,
246,215,130,74,186,139,150,120,112,62,109,128,237,29,305,189,311,150,93,172,299,
327,246,240,281,58,55,
242,270,147,107,282,315,
269,112,71,249,229,234,226,101,241,309,
320,48,205,70,285,103,51,147,81,25,162,63,22,308,327,189,33,64,94,116,56,91,174,129,
131,66,40,24,43,322,83,127,230,112,311,
265,271,44,317,168,182,115,72,97,262,297,330,240,223,216,321,331,98,143,165,
309,227,13,275,330,208,13,68,104,213,
314,79,318,83,45,232,
9,285,142,278,35,259,
281,257,84,106,124,192,81,149,207,198,167,239,274,244,95,212,219,83,69,138,180,36,170,203,181,217,295,121,46,5,316,125,157,65,96,8,33,327,
249,102,59,86,172,232,132,255,154,296,289,33,96,269,61,156,214,
8,319,310,286,278,101,106,174,100,239,
175,319,101,78,177,76,131,213,214,136,140,88,297,39,180,44,4,241,225,212,15,332,
307,152,275,0,53,203,14,42,249,
194,268,99,3,45,31,211,194,32,241,325,135,28,286,93,46,204,293,18,313,101,79,240,74,172,146,212,138,
76,291,
258,295,92,211,
120,37,244,78,164,208,269,301,
116,246,244,236,325,
240,145,81,194,0,8,266,230,285,205,266,47,124,219,
213,263,197,282,242,176,217,
332,280,185,101,20,35,231,248,26,66,
311,203,239,157,230,241,140,207,254,15,
94,244,120,140,
311,306,98,72,166,109,120,188,213,194,325,29,83,307,180,318,245,96,59,114,289,126,235,220,127,10,119,77,315,57,262,321,258,253,306,201,198,282,312,29,13,34,55,277,
95,28,110,107,154,310,170,181,186,59,201,40,51,185,116,290,65,294,322,65,83,149,283,209,194,107,133,249,141,105,74,227,184,76,309,268,227,54,290,
206,279,319,3,327,265,284,195,236,
285,258,56,219,156,49,187,215,239,5,51,157,14,284,133,92,179,40,48,116,240,149,134,20,150,158,84,153,24,298,111,172,167,
30,99,44,79,
81,134,320,244,54,172,177,240,316,270,181,157,208,136,62,163,259,317,137,146,193,297,107,52,
106,258,133,195,277,327,2,82,116,95,89,156,191,283,326,282,19,80,218,299,4,97,90,172,266,327,301,46,329,
198,323,54,24,155,270,326,279,168,135,191,197,255,214,
291,100,204,315,261,277,24,33,76,96,63,90,159,64,135,281,13,225,
158,247,93,92,41,129,203,226,329,225,226,205,
147,120,177,162,224,291,113,174,327,79,319,59,166,227,270,
153,178,270,33,189,4,324,
50,130,242,182,181,45,153,82,197,186,213,
298,204,95,237,84,224,232,201,200,76,278,216,224,259,127,218,30,134,38,116,128,50,47,210,184,250,155,234,0,77,316,212,53,77,96,172,11,159,268,
88,2,33,11,308,98,192,37,267,80,79,48,
112,169,192,259,65,287,45,261,205,0,200,79,269,1,138,182,314,107,301,33,302,154,
14,217,20,150,187,143,94,306,319,166,57,113,194,131,274,330,175,330,327,286,253,103,259,78,106,181,
126,21,59,23,22,265,327,276,
225,100,132,145,0,142,220,255,175,
214,29,198,39,181,213,1,112,175,79,325,330,211,119,311,80,
119,299,126,31,297,
147,322,103,74,327,128,254,300,
66,69,107,145,131,81,271,37,198,12,
212,79,298,41,103,105,269,196,159,42,52,254,252,89,
64,19,214,291,201,118,26,11,187,237,113,216,228,152,159,40,158,254,94,144,
19,111,308,249,1,26,64,226,93,159,285,64,157,175,157,259,334,7,174,121,25,28,219,322,181,150,39,47,104,289,177,
33,291,31,287,242,265,97,101,191,115,
168,18,198,64,128,289,236,
297,181,174,105,76,6,281,297,7,260,20,235,180,146,69,71,185,93,88,
55,4,123,247,25,307,212,280,26,37,154,2,91,219,247,587,25,252,154,195,246,160,176,195,100,275,317,48,180,322,32,65,75,290,170,149,111,270,91,246,302,148,50,256,320,195,318,24,144,
327,221,172,408,138,225,121,296,8,23,90,181,236,115,235,2,60,179,14,159,246,128,148,158,274,291,215,188,331,33,320,267,47,92,328,43,
140,43,178,287,94,54,
260,139,297,111,120,174,269,293,
113,244,64,92,49,
323,256,75,
132,303,98,225,149,154,148,90,244,280,225,177,261,185,
27,75,237,69,57,53,86,236,66,86,116,
175,192,106,51,190,255,102,113,118,
37,45,93,63,70,128,171,178,285,202,230,258,75,10,24,32,124,226,117,296,278,5,11,34,308,120,46,315,256,179,331,127,111,204,
269,275,74,
287,20,195,1,
10,2,58,292,45,54,242,123,43,23,
26,45,319,295,193,177,122,26,11,183,291,175,114,207,201,305,49,284,158,259,90,233,9,
76,328,69,200,175,327,109,258,14,
179,177,242,310,113,28,244,
207,277,244,
114,96,321,202,78,270,100,172,252,281,245,54,172,95,122,33,211,280,
20,332,167,158,192,150,303,229,234,191,310,297,128,59,318,185,261,127,78,287,333,190,192,157,329,234,
53,15,27,78,107,20,227,277,
227,157,332,52,313,29,284,
254,185,178,160,145,277,
287,29,112,27,97,139,326,51,71,213,
77,172,157,29,244,46,231,121,207,227,321,103,
97,6,2,281,173,45,95,229,280,265,103,230,221,212,
311,3,314,119,81,273,306,32,4,236,261,116,214,99,180,264,204,
54,198,180,69,287,82,63,198,219,170,124,33,95,162,90,130,122,219,
45,112,180,139,35,212,146,68,
290,289,24,208,
33,181,245,187,163,140,58,137,147,289,20,39,35,172,320,191,54,93,66,322,274,153,320,23,73,30,81,244,
297,43,260,319,15,82,133,253,120,221,119,
2,29,130,
177,294,104,177,277,244,
209,266,23,
59,317,138,253,126,20,114,200,284,328,188,3,
176,219,99,313,266,8,280,181,112,266,244,222,126,219,
94,202,246,
132,278,193,194,321,
230,311,240,148,13,
79,89,221,39,187,284,146,148,199,309,
104,39,319,39,128,
244,135,70,184,161,259,26,136,75,79,157,
6,297,44,105,97,256,164,156,263,25,103,106,0,143,256,
3,2,111,93,126,206,1,319,256,234,290,54,285,90,126,307,298,
246,254,17,289,327,60,196,231,21,47,100,142,27,272,136,272,174,330,35,163,111,115,
246,325,277,148,330,116,1,109,94,324,172,273,109,127,318,219,135,166,224,291,2,319,9,195,
120,15,243,246,
303,10,246,229,0,197,7,278,293,
92,302,54,201,258,3,14,266,286,151,125,322,248,
202,206,280,94,64,4,49,85,285,288,220,101,69,169,292,330,
321,16,92,184,130,330,31,74,153,166,34,97,66,139,48,176,273,111,
88,113,175,68,138,121,324,297,69,278,
4,200,158,14,83,88,292,122,249,194,246,225,64,112,169,106,70,164,233,327,70,110,13,175,32,220,
298,60,273,241,212,23,268,161,325,
39,189,128,214,37,133,175,
287,112,151,35,115,177,195,33,107,75,161,180,280,
213,287,214,216,
279,130,198,79,325,142,39,
319,178,34,126,104,325,222,74,38,80,89,207,
256,92,279,145,157,272,
277,148,224,53,61,207,
285,20,117,160,253,146,196,
43,140,158,80,220,131,114,218,268,49,172,172,128,297,327,70,6,29,288,327,99,
282,212,143,61,27,297,86,148,235,320,206,208,213,233,239,14,
193,0,261,55,132,213,269,275,66,100,158,192,174,175,193,
258,120,1,31,75,303,
94,2,261,128,146,
333,128,88,216,334,281,189,261,98,119,131,193,2,91,321,91,126,254,
20,30,4,33,200,324,204,240,285,10,145,71,226,321,18,
202,16,88,25,231,333,234,48,177,34,
203,291,88,108,256,83,267,303,13,289,278,217,66,278,319,
227,71,107,112,310,80,123,155,276,248,277,124,190,216,36,182,178,92,200,21,14,321,162,239,45,315,329,107,110,289,19,147,
75,182,284,27,283,177,180,173,152,156,172,301,
135,194,130,296,155,244,46,170,67,101,235,258,318,11,83,195,29,71,100,113,240,301,158,204,259,164,92,
79,279,256,137,67,101,221,
128,246,240,322,20,39,148,9,129,168,216,272,88,288,224,234,
68,214,324,83,7,298,63,79,232,57,106,307,282,299,318,222,223,263,128,30,200,50,82,116,144,8,164,323,
152,80,244,116,39,307,18,15,170,322,96,309,203,24,29,138,150,150,6,67,32,233,199,2,
88,99,202,177,73,
83,25,4,110,74,274,37,40,301,99,133,168,15,31,84,293,242,310,290,293,
187,178,31,244,193,236,304,
167,313,196,137,194,20,83,263,23,210,147,118,277,263,189,121,24,111,11,218,131,275,79,
289,53,130,20,12,12,185,24,80,127,191,223,192,269,21,172,150,185,163,232,237,190,151,14,310,225,308,216,3,328,287,
285,19,9,30,232,94,203,297,44,197,142,28,73,330,
261,229,203,265,165,170,332,66,185,18,80,193,300,309,203,21,52,94,320,95,204,100,285,4,5,253,130,252,278,
24,37,290,182,7,156,80,150,39,99,157,
116,178,311,
297,215,265,113,326,237,102,164,20,198,69,21,305,37,178,240,247,321,153,41,
208,309,103,
181,88,219,217,94,88,115,300,305,221,116,275,334,235,199,129,223,74,256,
48,109,128,293,124,35,92,30,296,226,26,245,302,61,113,257,333,275,307,183,72,152,294,113,256,309,138,9,72,200,212,234,160,257,277,307,119,109,311,315,120,64,320,334,323,223,186,326,332,234,56,
70,209,208,4,43,191,10,66,
244,233,264,130,113,94,30,120,285,190,187,33,42,177,
4,63,311,39,202,57,104,256,149,
159,291,299,0,73,31,
79,245,130,279,97,64,110,146,272,
76,170,164,53,301,246,217,208,216,244,14,95,254,320,15,281,116,
267,260,162,216,33,
177,19,26,229,202,88,
270,164,284,150,242,278,258,174,97,147,140,
23,327,266,39,101,330,203,15,164,155,212,328,29,10,153,4,251,
182,206,118,75,307,181,122,146,215,234,226,305,315,71,275,74,187,61,320,24,43,168,265,6,41,327,300,101,105,79,232,129,4,177,
227,91,246,50,122,
29,273,102,23,117,121,215,2,191,312,230,43,78,
150,284,220,280,303,32,91,296,319,117,327,334,263,
26,78,319,64,60,169,213,82,259,324,
23,254,158,254,298,209,206,157,
206,291,0,
120,72,259,96,131,158,258,82,306,130,170,298,297,291,
130,246,104,156,137,279,180,63,303,19,84,125,127,173,68,107,
15,83,203,309,53,120,109,313,311,
306,266,233,89,311,139,192,15,93,18,140,150,236,169,319,38,28,
316,291,159,
185,25,141,47,149,311,243,299,22,159,140,111,310,103,79,133,96,199,147,274,9,
205,152,284,125,100,105,138,127,284,72,
100,137,246,234,54,
111,3,265,73,126,251,86,184,286,81,42,
130,189,103,38,200,7,261,144,158,44,177,49,1,32,73,121,225,226,107,167,151,267,199,191,183,21,135,67,248,244,5,65,219,111,286,281,54,172,93,
249,209,19,
275,193,119,113,160,224,269,134,167,127,167,311,
297,189,297,26,301,5,
182,265,99,324,104,31,119,121,260,207,112,181,219,323,321,50,281,208,78,240,159,191,329,
156,62,14,209,183,293,279,4,314,203,
177,172,132,129,
294,301,69,177,328,55,127,178,30,26,133,263,180,
245,323,196,283,254,87,92,300,233,216,285,334,79,244,114,158,
110,83,216,167,142,235,33,263,305,97,288,4,262,
296,290,2,180,145,52,
293,172,324,146,119,0,150,83,
112,203,233,3,148,131,227,28,112,242,318,91,129,173,291,262,226,85,282,140,127,145,
94,240,285,290,
324,186,68,26,20,251,37,214,105,40,95,178,
209,256,241,212,15,249,52,156,152,48,81,42,61,144,
328,129,42,92,76,222,21,106,89,160,141,214,
0,225,293,
130,70,225,244,326,194,299,218,54,158,237,134,174,45,97,178,307,256,2,18,
317,113,59,81,
172,73,166,246,229,287,167,195,63,48,318,96,10,43,258,248,183,59,304,286,138,21,32,231,226,177,114,200,218,223,
219,55,63,230,125,202,136,203,181,163,196,229,72,41,179,237,246,124,292,113,180,295,233,215,176,271,209,117,107,156,262,230,274,168,
102,328,241,209,291,29,319,238,262,332,
284,202,206,326,
29,311,216,160,202,334,261,34,38,152,106,156,185,81,138,55,14,285,61,167,
324,246,311,293,182,190,66,121,334,165,215,11,100,21,127,22,88,
41,241,332,247,310,0,
277,74,246,7,75,0,262,285,287,323,188,115,
29,219,88,137,101,287,80,119,79,211,3,290,84,199,147,180,164,305,39,277,164,45,173,253,
99,77,182,302,319,113,250,266,112,272,30,253,62,88,9,39,267,127,161,334,198,254,
72,5,25,58,216,17,161,292,267,241,219,270,76,148,269,171,210,105,213,219,284,52,274,235,61,206,242,
150,200,108,3,20,131,244,306,240,24,313,19,268,46,40,246,280,
31,193,49,187,277,113,251,
107,157,309,25,66,242,31,81,320,
35,138,287,146,246,
309,261,200,107,250,303,
270,45,330,118,298,228,217,14,314,131,223,224,3,104,134,148,319,116,210,240,36,147,153,164,43,60,276,114,5,193,217,236,160,233,
145,38,240,225,66,256,88,255,231,290,254,276,20,296,201,
227,233,144,10,208,147,145,151,
269,58,0,212,187,109,90,287,
16,258,56,215,197,266,
221,241,101,220,99,79,288,170,11,129,118,116,129,
138,327,13,69,26,31,290,202,207,172,233,260,88,327,106,220,240,102,38,101,135,75,147,260,305,152,112,54,85,236,59,332,241,157,88,194,6,
136,244,318,103,158,
66,134,27,174,
181,81,182,323,49,50,242,215,24,254,297,
105,304,205,50,332,
167,101,326,281,
230,293,279,200,108,278,168,301,97,142,202,
105,182,203,119,224,258,168,252,
93,33,178,297,133,195,
213,43,258,112,32,124,32,194,318,
181,265,33,182,281,162,193,280,297,103,159,210,21,219,103,177,189,274,84,259,310,34,301,34,310,
88,49,157,160,155,203,53,29,333,203,5,285,138,32,172,253,149,160,241,189,89,235,
319,102,8,63,82,251,206,261,306,325,99,26,176,306,242,10,304,92,97,223,306,209,86,320,198,198,150,285,192,326,211,244,
217,205,76,22,301,121,
173,25,58,75,187,262,202,7,136,
135,332,50,42,107,316,99,258,321,172,133,43,56,123,74,87,118,120,84,109,6,64,200,157,280,328,35,1,149,76,101,234,68,52,215,270,285,71,
70,12,62,212,63,2,130,200,206,261,267,58,157,229,128,266,313,5,102,327,62,4,222,176,139,283,246,110,244,208,262,320,289,267,317,167,234,
255,175,114,24,110,145,
270,56,256,222,4,81,103,40,
116,319,263,28,200,303,252,0,273,15,
104,182,200,256,332,98,
200,103,96,32,116,119,227,
273,137,171,218,317,292,87,81,229,213,209,7,25,311,51,298,261,183,189,1,142,256,125,160,90,212,
233,150,109,81,37,218,265,306,26,58,217,262,81,244,277,112,288,87,227,42,328,60,
313,291,119,
185,79,180,20,164,21,282,117,33,254,2,71,
75,232,138,34,119,194,323,126,200,63,277,
189,318,167,39,105,320,277,153,227,229,140,261,127,18,224,241,
162,124,181,164,151,208,319,267,
260,68,108,129,244,
78,14,120,72,
15,290,263,203,250,209,206,299,120,265,222,157,175,
178,103,37,16,310,161,140,33,95,51,68,174,91,319,133,263,246,254,108,251,160,138,93,153,25,167,321,329,
120,200,101,8,129,147,299,159,181,14,94,40,110,161,155,40,4,
311,262,44,280,185,324,44,256,
97,71,319,265,182,13,63,
318,136,41,49,51,157,72,177,321,203,309,45,189,102,186,207,213,314,292,
281,110,273,182,247,3,97,
310,228,224,259,25,16,103,324,200,260,181,56,247,7,302,247,
130,21,233,33,50,79,94,200,261,136,
74,135,35,266,292,264,246,11,192,277,83,146,251,191,283,256,3,117,11,147,299,117,280,132,58,147,181,171,225,
244,91,130,243,212,81,311,278,283,289,260,223,29,222,174,298,257,46,26,80,92,18,
0,332,310,137,12,98,67,118,223,138,86,112,58,232,285,279,133,193,
244,207,245,330,116,332,241,282,118,38,217,226,107,
96,290,92,168,209,22,
291,100,33,62,236,27,62,257,151,21,48,222,281,242,8,203,48,136,139,323,326,270,178,87,68,241,165,42,170,314,316,102,285,93,246,329,293,129,
148,112,277,246,243,148,274,197,20,10,128,306,37,57,230,
293,216,323,248,280,
214,180,13,68,222,160,127,198,277,274,249,314,79,86,8,68,193,88,151,169,307,30,
284,72,145,75,270,105,150,310,86,18,179,72,81,79,20,150,205,71,277,39,
323,198,182,181,191,236,211,295,
241,194,39,173,243,281,298,257,55,37,41,311,103,171,164,184,158,267,101,175,147,
296,65,290,208,135,54,236,47,214,225,296,282,290,297,174,
128,119,37,94,104,86,260,
198,92,214,197,318,103,327,276,34,91,166,325,204,257,191,289,17,41,215,292,
178,10,101,186,158,154,234,31,312,209,251,111,230,20,116,
48,154,118,303,
180,174,243,2,17,185,227,45,77,238,175,99,294,
2,327,163,49,4,177,292,212,332,94,146,179,179,312,234,277,3,97,106,88,26,177,120,10,120,149,80,296,26,
14,227,278,92,216,4,156,205,242,159,145,208,310,76,120,
195,115,250,206,86,287,67,94,311,197,233,17,274,304,
6,182,263,57,245,43,166,138,158,
10,42,41,6,16,10,4,27,201,175,259,303,308,190,20,177,227,
164,76,120,78,
79,112,29,185,105,63,150,100,176,112,30,73,
184,111,118,253,29,146,
200,48,112,45,273,140,22,150,120,48,113,177,76,328,61,298,233,284,89,257,331,20,82,73,91,104,309,172,125,226,
258,75,84,332,263,109,253,38,35,319,146,285,19,142,285,263,147,327,85,16,68,329,97,106,77,192,311,220,312,90,36,
136,81,295,175,64,177,199,266,
45,305,49,280,212,83,47,52,104,217,101,109,258,37,37,69,137,117,270,236,26,229,312,149,85,100,247,19,72,161,193,243,308,67,86,175,48,310,39,304,156,21,192,251,58,138,135,318,292,268,288,164,300,
92,113,328,204,87,208,256,102,173,135,
304,219,166,141,34,195,
213,136,18,276,1,86,219,9,245,8,169,82,172,214,19,291,147,179,12,
278,8,270,132,88,
102,297,92,
299,333,68,119,109,246,10,16,
290,24,74,83,22,10,15,168,138,7,126,310,48,174,89,141,94,296,15,20,224,30,230,
240,138,265,226,327,270,128,152,37,180,150,43,197,90,255,315,94,297,306,318,
180,29,130,24,67,215,323,198,
113,209,100,180,152,119,75,23,202,216,
177,318,81,2,287,147,332,200,294,37,179,133,40,8,175,39,177,95,332,
269,120,121,260,222,
52,261,209,75,25,129,61,81,168,
277,274,254,311,113,191,167,236,283,313,244,191,119,313,189,246,31,72,209,254,311,
189,297,92,21,
319,273,154,208,165,326,42,234,333,
158,57,130,64,85,147,58,
78,182,20,53,158,78,
74,57,102,192,42,188,124,200,89,286,269,32,275,286,319,59,227,271,
58,25,233,57,269,114,10,107,7,0,150,173,286,239,27,74,
204,279,1,7,149,316,119,224,305,151,291,238,8,130,331,18,228,300,15,72,131,207,231,143,306,317,202,307,319,95,241,242,37,
216,213,265,166,291,267,224,59,184,273,103,161,
71,227,13,185,28,193,253,221,326,99,129,149,334,
139,36,3,65,266,107,132,159,283,292,234,295,195,260,117,177,211,161,133,45,211,
125,47,40,92,
147,320,92,42,187,29,33,223,15,242,310,74,164,185,
92,266,240,36,11,270,52,309,126,198,38,147,54,250,303,326,78,279,321,186,239,258,219,14,151,168,248,280,111,141,289,284,43,101,41,50,66,246,244,221,212,180,186,298,
282,244,112,185,296,246,55,
101,174,35,138,325,178,194,322,1,62,258,202,134,187,185,189,322,167,198,312,243,
168,105,128,230,100,198,287,
236,323,168,116,7,
332,71,271,267,14,23,196,133,116,102,41,0,273,135,121,129,283,206,258,50,171,24,42,7,71,81,143,301,185,64,317,103,76,118,275,56,320,233,88,148,319,6,138,206,36,102,173,65,175,
108,39,152,57,85,178,34,150,33,248,48,275,
301,168,149,76,231,136,288,333,230,112,217,
279,58,206,79,309,264,81,237,
18,194,47,168,37,188,50,280,244,302,3,284,
39,104,4,279,
181,177,120,179,136,244,
29,41,19,251,25,214,311,242,77,78,267,81,131,
243,101,256,180,35,120,244,30,175,231,
80,24,198,174,306,86,229,127,290,
40,131,174,32,12,137,334,177,58,179,221,178,253,218,331,149,233,142,64,310,132,
174,79,3,80,128,75,2,270,325,207,214,152,271,170,66,
285,200,103,3,26,37,291,0,319,61,13,188,
84,29,181,185,231,38,68,
254,246,23,178,72,246,17,181,151,182,
215,332,29,142,326,
78,219,103,78,
256,334,6,163,23,270,
279,295,103,230,39,276,163,256,127,308,263,68,242,
266,117,665,5,49,52,39,137,10,184,245,181,64,87,61,285,95,73,93,306,13,168,248,90,230,120,241,256,57,139,23,160,162,119,176,280,246,9,53,224,96,161,205,209,214,256,226,
138,178,119,290,77,95,
161,183,154,178,45,99,157,189,137,327,244,121,21,152,318,
105,53,121,219,301,128,153,161,188,149,122,6,206,273,273,20,118,66,79,189,26,228,50,156,324,5,136,
242,264,168,250,179,118,50,94,88,67,301,
219,19,29,19,144,286,85,228,78,124,1,92,106,218,89,304,180,182,36,64,292,118,232,126,179,125,300,108,169,165,240,
89,6,200,129,166,60,331,290,306,73,236,271,147,181,79,120,200,218,75,284,106,49,54,
214,324,9,26,
286,111,8,116,165,177,12,
158,134,327,223,152,274,301,19,7,172,90,23,
184,266,244,25,54,61,292,147,267,258,270,38,227,99,235,307,275,241,97,
279,216,79,147,96,5,114,14,260,285,65,273,
200,28,68,227,300,156,135,113,57,57,135,25,144,253,26,74,285,177,91,43,211,130,281,118,227,
109,246,246,269,
13,20,4,15,100,74,182,
91,112,200,200,263,320,248,
229,219,172,241,203,299,60,156,258,235,244,90,32,323,144,303,295,177,
193,166,81,
201,64,145,311,323,84,263,57,
3,113,160,325,139,311,152,173,298,206,41,230,221,166,329,147,41,113,92,174,296,264,100,313,97,56,
100,55,191,204,140,244,187,201,267,303,222,284,252,301,320,134,239,61,81,317,231,272,324,80,215,250,174,22,113,225,261,178,48,142,
164,192,241,181,162,45,188,203,310,7,240,135,234,
180,273,281,293,191,230,221,22,5,205,334,247,221,53,54,194,22,42,194,81,113,13,334,144,216,287,296,
310,256,20,40,164,83,162,151,324,267,
310,95,75,230,162,63,40,0,290,85,159,8,330,301,129,168,174,178,256,237,271,181,
137,167,0,203,332,130,163,81,250,297,69,161,79,40,
242,279,14,213,279,315,33,206,204,25,
0,332,197,46,33,94,147,206,224,227,182,269,328,221,118,176,307,131,175,48,121,247,276,314,
103,198,178,208,117,48,285,5,21,280,78,271,
166,67,14,189,213,279,277,36,120,269,329,134,150,304,193,
49,43,88,202,113,119,
147,98,264,295,24,167,184,89,38,102,290,197,215,279,246,59,81,213,332,186,279,293,241,
255,240,198,299,75,
152,240,64,205,169,299,113,180,121,100,325,41,321,260,
56,56,100,246,41,54,175,290,27,285,
265,126,97,31,136,
200,59,295,212,
2,174,
40,150,125,83,
115,277,195,261,215,
221,79,327,0,
186,318,50,
139,287,
223,68,147,33,
40,177,270,44,
82,26,213,
259,26,244,
119,113,75,214,
191,70,29,
303,116,20,
217,244,270,
319,241,147,103,172,
159,182,185,310,167,187,14,
227,189,309,
99,260,311,43,
116,320,221,
212,194,175,
129,128,260,320,
272,246,128,
248,92,332,
57,148,4,97,
5,297,279,
91,69,150,
224,290,105,266,
113,31,175,
127,131,205,324,121,25,
67,79,242,
216,279,293,
165,265,286,
120,2,
46,150,77,106,
126,3,92,
113,297,179,
72,277,254,251,
0,277,
200,230,310,
326,319,287,
290,44,
118,244,0,
222,319,15,269,
259,81,
299,159,255,246,
117,37,266,
234,202,
151,310,227,
237,288,27,
136,213,130,265,
204,311,92,
177,136,181,
31,265,107,256,
117,332,29,
157,19,81,
97,184,33,110,
166,321,216,
68,279,84,
186,147,92,
152,332,169,
199,185,
127,130,192,37,
200,79,75,4,
90,273,269,158,
100,152,
15,147,23,
34,24,121,
310,147,178,
81,66,147,
103,332,6,319,
226,269,244,
97,3,270,281,57,
156,75,71,
68,88,45,
325,319,174,152,
189,172,246,
197,198,159,147,
190,175,20,
127,25,275,
95,177,138,
140,311,270,
110,79,281,
146,293,94,184,
124,74,240,
224,128,189,21,
12,286,66,
122,154,227,
39,152,
129,221,182,114,
231,243,
262,173,102,
311,244,203,
52,227,
209,96,57,
1,332,
233,195,
77,138,79,
0,116,303,41,
28,79,285,
184,216,
251,31,23,72,111,
220,202,43,
194,75,132,
94,64,130,
143,265,
157,24,138,
105,297,119,
240,182,20,164,
30,294,33,
150,103,293,
4,182,153,156,23,
81,29,108,279,
121,77,260,
279,147,156,
75,258,113,
146,297,285,
115,246,33,263,
187,269,
48,0,88,
13,203,230,
309,269,79,
236,327,25,
333,319,44,
35,74,9,
12,213,114,
101,269,120,
3,59,281,
136,173,181,
86,128,27,
102,16,249,25,67,
84,
25,52,
153,57,295,23,
22,290,200,217,
260,119,279,152,
1,258,287,
226,20,158,
167,178,275,
329,178,3,
318,213,161,
78,175,29,
133,297,263,
73,159,285,88,
54,100,140,
86,195,249,
321,77,178,
37,148,7,
2,185,246,
33,88,
313,227,15,
152,75,161,
129,232,177,
98,265,104,
201,
205,158,217,
83,131,119,
100,256,8,
277,177,
264,311,279,
87,245,92,
261,311,20,130,115,
142,230,
133,177,93,
21,149,324,
124,149,213,
217,213,328,79,
321,297,132,
308,279,
319,3,133,116,297,
64,136,79,
311,275,131,
304,105,187,
234,164,128,
169,202,332,
330,202,
78,164,103,
220,4,
214,198,213,
1,3,
222,244,134,
69,88,76,
79,167,295,
237,279,297,
108,230,
272,79,256,
7,303,173,
93,246,
280,287,150,
273,116,279,
71,39,269,
310,179,41,
104,4,328,
38,306,256,
168,301,52,
90,240,54,
55,54,327,
73,79,37,
32,4,213,
172,246,75,
186,92,63,
244,319,181,
212,97,288,
320,107,
39,104,273,
241,221,269,
72,205,57,
301,75,242,
26,100,332,
216,301,113,
27,56,287,
254,99,23,
33,267,185,
34,57,304,
207,319,25,
