185,25,141,47,149,297,243,299,22,168,140,111,310,103,79,133,96,199,147,274,9,273,61,258,120,287,103,15,273,
35,311,264,44,121,200,
176,217,206,321,214,325,332,201,330,10,
56,158,12,3,
86,311,29,289,60,129,131,306,
99,77,30,302,236,113,250,266,112,272,30,253,62,88,9,39,267,127,43,334,198,161,268,326,87,267,240,251,94,197,285,167,10,14,217,256,283,217,247,
36,126,279,101,77,164,20,
235,105,215,135,188,35,237,244,307,302,10,301,185,110,230,143,199,180,307,
8,87,310,286,293,101,106,174,242,299,239,68,273,47,49,232,302,261,61,29,
57,153,168,158,50,0,13,226,313,252,147,221,16,190,300,161,72,96,256,281,35,54,62,206,104,152,327,
56,126,16,245,208,26,168,
65,81,42,272,156,33,239,52,
198,147,39,14,
127,279,60,294,255,236,110,31,67,5,
240,96,272,163,
175,42,57,23,240,208,40,107,5,227,58,283,
291,44,228,187,206,64,154,248,147,278,52,192,301,14,
81,164,76,134,320,54,172,233,240,316,148,208,200,274,62,163,259,43,95,146,247,297,9,52,30,267,272,316,10,41,
279,158,147,24,209,127,219,149,105,132,12,252,117,231,13,
23,136,279,132,85,326,7,325,
322,116,3,163,72,156,193,314,
104,66,200,256,332,258,171,208,273,31,7,322,253,50,270,26,217,85,12,300,
318,78,311,167,81,204,
203,291,217,108,256,83,267,303,13,289,278,217,66,278,319,4,162,256,270,270,156,271,209,237,330,202,52,112,26,
303,10,246,197,7,278,293,42,228,12,108,222,264,254,132,254,327,33,
164,329,294,265,300,
159,203,213,77,261,
36,230,283,120,79,77,16,108,158,267,180,245,282,8,255,42,15,
324,186,265,26,20,251,37,293,105,40,95,178,313,275,302,8,225,79,146,323,314,114,
221,132,249,140,101,220,99,161,288,170,11,129,144,118,183,8,12,324,
17,92,57,208,170,10,96,213,91,
174,78,200,244,225,308,312,56,145,297,
265,111,21,161,28,18,92,47,198,328,225,273,190,
287,228,112,27,97,1,2,51,71,82,316,134,21,169,242,104,69,191,
248,248,35,181,265,
304,272,30,183,132,
71,311,310,63,246,118,115,269,324,128,253,297,113,
246,100,303,54,145,206,87,21,204,328,152,227,56,112,106,234,319,277,256,50,71,281,247,261,26,266,52,36,82,
41,136,209,225,
145,49,322,77,246,4,71,288,6,
74,57,102,192,42,188,291,45,89,286,269,32,275,286,319,59,227,271,95,185,186,4,125,297,334,127,206,250,7,244,295,50,301,324,202,307,
279,130,167,79,325,142,124,210,249,138,103,66,100,242,244,275,273,169,
25,286,59,127,59,311,151,303,57,305,93,104,102,179,327,131,59,61,229,147,76,207,236,134,5,8,246,282,277,320,328,246,31,
231,180,99,154,180,159,
323,107,66,33,235,229,250,
78,17,49,158,189,176,274,154,
158,270,279,36,221,202,228,48,
166,72,20,208,87,265,
77,172,157,87,244,271,231,136,207,227,321,103,159,45,164,312,36,294,159,321,87,321,239,295,309,
113,19,158,55,123,107,0,246,331,276,75,141,193,189,24,70,119,245,
44,272,167,35,35,
134,138,
113,147,190,17,245,27,55,64,45,38,66,293,320,312,14,211,287,82,
136,110,163,326,133,
297,240,241,325,76,51,281,119,7,260,329,235,180,146,134,66,185,93,115,277,74,31,136,64,272,267,
139,262,177,279,
30,99,94,94,71,78,74,152,326,80,6,147,78,304,295,6,144,157,76,
147,186,92,25,187,199,209,137,15,329,198,323,195,185,124,83,59,148,200,156,210,65,
110,5,0,268,180,157,264,319,52,112,237,127,
294,76,220,142,56,194,28,176,79,164,79,16,121,161,329,
326,220,99,160,294,255,300,136,246,259,14,136,5,
328,59,258,11,104,217,7,42,195,36,99,227,85,96,279,1,225,313,209,72,227,98,
200,230,223,107,145,266,131,248,327,19,226,286,199,
321,273,15,32,132,297,161,108,193,
96,117,99,190,28,262,50,17,80,293,263,77,150,268,167,68,
70,161,228,129,330,278,53,35,206,200,
150,274,241,22,96,23,23,67,180,330,
254,54,239,147,132,316,171,92,37,
41,130,93,257,314,
180,147,269,132,134,24,231,131,150,
102,16,141,84,277,25,67,30,93,94,311,132,227,
243,101,211,76,124,35,228,119,30,175,231,226,116,51,20,114,45,205,146,
256,99,306,
22,26,286,150,292,
247,45,180,158,158,233,8,127,59,147,330,283,281,325,307,78,300,213,123,311,48,303,69,239,
188,135,99,230,149,264,116,252,
76,243,149,128,32,245,103,118,143,132,14,229,
156,65,147,158,
187,178,27,244,193,236,32,72,116,259,195,240,1,237,60,300,188,314,6,219,
285,120,39,56,219,156,49,187,215,239,5,51,157,14,284,259,133,92,179,40,48,116,240,149,134,20,150,158,84,153,24,298,111,172,167,279,78,152,66,173,46,291,70,83,294,242,52,289,233,196,3,81,
325,94,97,241,247,269,132,286,169,154,
142,145,0,1,185,173,
297,113,103,209,233,319,15,55,133,253,40,221,119,118,233,222,118,246,79,321,142,185,156,144,
314,79,192,83,45,232,73,260,203,204,141,0,312,312,317,114,43,
127,217,113,116,50,298,51,50,39,202,329,10,
56,56,100,246,41,54,175,290,27,285,262,94,46,256,182,93,303,179,70,270,264,
180,38,105,188,161,14,255,235,168,196,
31,94,272,227,127,122,
55,54,241,97,138,163,70,16,77,
223,15,1,118,
132,180,28,177,102,96,49,303,327,23,33,124,176,321,27,76,325,267,60,
285,128,3,26,238,291,65,281,61,13,151,188,15,86,179,251,324,212,306,
306,266,198,49,311,139,192,15,18,18,140,236,169,301,13,28,26,287,333,25,120,227,312,224,166,86,192,
70,12,62,212,63,2,222,200,206,261,267,58,157,229,128,266,313,5,102,327,62,222,176,139,283,246,110,6,208,262,222,289,267,317,167,234,130,108,71,114,120,292,172,
241,238,213,244,149,332,215,20,325,48,
28,96,25,304,227,299,206,12,
192,48,115,115,323,164,102,187,269,83,102,167,322,290,5,19,242,129,141,220,74,18,42,42,2,130,45,275,182,127,214,276,207,15,222,9,301,314,174,330,130,306,
10,236,235,127,
14,217,20,150,166,187,143,94,306,319,297,57,113,194,131,274,330,175,330,327,286,253,103,259,90,106,181,60,74,273,50,18,248,13,99,149,211,209,182,214,
79,96,92,321,304,311,
307,274,104,170,176,77,302,315,293,122,172,229,168,
243,217,136,114,
215,330,89,142,326,160,291,78,274,265,284,35,37,108,235,226,144,238,197,
106,219,197,268,125,265,278,205,306,92,72,314,157,307,
45,305,49,280,212,83,47,52,104,217,101,109,258,186,37,69,137,117,53,236,26,229,312,149,85,100,247,19,72,161,193,243,308,67,86,175,48,310,45,39,304,156,21,192,251,58,138,135,289,292,268,288,164,300,261,100,269,73,249,303,136,154,
296,156,2,180,145,52,181,132,317,298,275,279,333,291,
234,18,183,9,284,295,158,195,334,206,187,246,54,248,147,24,324,200,332,99,161,249,146,150,98,230,130,
88,249,248,175,
94,287,97,59,
79,279,256,60,203,101,313,242,142,220,273,268,213,242,313,288,215,52,
194,69,130,180,
64,113,322,153,
225,325,240,41,227,180,44,252,
261,5,259,
35,138,44,267,257,54,235,123,262,191,212,
85,0,104,317,129,
264,144,213,
319,88,34,126,104,207,74,38,80,89,207,219,165,297,298,197,5,164,176,227,150,311,
118,211,269,220,323,65,223,52,322,190,66,275,319,71,331,289,177,230,93,68,248,
269,229,71,119,229,234,197,312,78,156,285,1,248,26,312,118,56,186,265,307,31,149,
285,20,117,160,253,146,196,111,256,255,272,53,183,279,33,180,214,260,268,25,330,197,
239,103,157,254,144,75,224,115,99,
270,181,13,45,198,209,308,91,105,
311,84,86,39,71,82,127,243,88,104,164,318,38,49,321,26,152,
246,280,24,299,167,40,145,212,61,126,25,249,
114,231,192,196,119,177,297,74,231,229,27,29,237,253,105,270,70,199,321,284,122,10,326,
269,74,120,48,147,148,73,48,25,193,
152,80,210,244,116,39,307,18,15,170,322,96,309,203,24,138,150,150,6,67,32,233,199,2,332,98,284,206,102,83,54,147,237,86,
288,62,206,174,266,160,
327,94,172,408,138,225,121,296,8,264,90,181,236,115,235,2,60,179,14,159,246,128,148,158,274,291,215,188,41,33,130,267,47,92,328,70,293,205,270,306,194,18,168,96,43,212,14,57,326,327,
196,103,130,276,16,185,154,0,0,183,41,285,136,158,191,
38,135,306,96,197,22,140,286,325,70,127,
171,147,101,105,42,104,138,225,174,236,234,305,184,225,39,
13,186,306,130,159,270,152,37,72,
6,39,30,17,145,
172,81,189,263,333,103,172,111,159,173,177,308,234,146,54,63,77,116,25,3,288,154,286,88,67,
173,156,147,77,33,231,65,157,55,96,324,
177,172,132,5,240,26,93,308,154,251,249,
194,132,122,37,241,207,219,185,233,294,126,248,327,327,77,128,172,69,102,281,273,
303,111,116,127,306,210,185,
321,77,87,138,181,206,213,219,125,237,40,
241,3,39,173,243,281,262,257,55,37,41,311,103,171,164,295,158,267,71,101,236,147,109,114,194,233,222,309,
261,229,203,265,165,170,99,66,185,18,80,193,300,112,58,21,52,175,320,95,204,100,285,4,5,253,130,252,278,227,264,80,91,289,302,104,307,181,128,208,33,15,117,84,
110,222,273,329,223,112,261,292,
135,288,309,38,288,198,198,208,59,260,312,87,188,33,35,129,25,26,99,54,126,
122,294,227,235,270,311,157,52,25,7,138,152,307,247,7,146,166,177,149,
93,239,270,216,297,133,195,16,70,153,272,239,133,122,241,279,
220,202,224,157,294,326,269,217,75,74,240,152,57,321,210,
36,179,
88,99,141,177,73,167,297,54,58,209,153,172,162,302,104,194,72,158,5,
321,16,92,184,130,330,31,74,153,166,34,97,66,139,48,176,65,111,176,270,267,120,217,158,211,260,84,93,64,262,66,111,77,
166,181,31,307,270,310,154,201,255,236,
308,5,329,205,272,324,152,136,
32,123,213,232,82,139,205,18,113,270,278,302,96,242,
330,99,301,177,1,194,45,262,114,68,109,150,
328,129,42,20,92,76,222,21,106,89,160,141,214,45,254,328,16,9,291,139,286,106,132,313,55,71,105,281,283,181,231,136,193,270,201,131,
276,59,267,196,273,197,248,
111,3,265,73,126,251,86,33,286,81,42,48,277,185,11,211,216,329,295,213,29,153,163,81,127,
12,279,104,28,
210,303,30,24,201,283,163,217,59,116,245,274,277,323,312,70,
283,149,210,99,286,
94,49,54,30,320,48,65,72,
294,301,177,285,55,127,178,191,26,133,260,177,208,185,162,184,11,119,77,125,11,93,256,
3,103,241,
152,308,69,
247,10,268,200,17,127,85,105,296,172,30,217,93,99,111,
330,215,101,260,176,
164,192,241,181,209,45,188,203,327,7,188,34,117,198,77,86,286,78,39,323,141,241,288,270,317,
159,26,33,184,166,29,37,45,228,305,
78,215,30,202,125,232,174,254,205,211,146,191,314,309,163,180,219,
291,178,104,328,13,268,197,182,311,250,311,83,85,
216,42,97,
208,124,74,19,16,101,51,206,131,273,323,136,242,285,38,283,201,153,173,220,227,154,109,124,207,267,290,169,278,222,293,267,11,111,135,
15,30,234,309,20,275,109,313,311,9,12,158,122,313,60,223,74,209,
16,238,194,56,215,197,266,56,328,168,294,196,310,76,164,188,302,307,
31,5,221,256,166,292,67,97,283,42,177,77,145,216,286,207,236,298,101,
128,45,310,322,97,148,9,129,291,216,272,88,288,141,76,275,81,201,277,125,294,12,71,
299,256,104,22,56,289,86,331,27,100,229,250,
141,24,134,314,128,129,233,213,262,170,136,182,
183,129,183,330,196,262,176,109,198,216,304,
206,0,180,3,327,265,284,333,236,59,232,295,176,230,132,114,318,78,176,251,114,178,270,
123,100,242,79,223,92,4,298,124,116,1,56,312,
185,156,199,164,35,165,117,228,254,12,165,72,143,119,246,85,240,299,303,
193,232,197,261,55,132,213,269,25,66,100,158,192,174,175,193,138,9,1,142,250,166,113,173,177,291,113,
138,327,13,69,26,31,67,246,202,207,233,260,327,106,220,227,102,38,101,135,84,147,260,305,152,10,54,85,236,59,332,321,241,134,88,88,113,311,13,115,6,255,57,122,
241,55,184,217,164,50,162,133,318,150,45,102,259,240,333,
202,158,127,71,
127,74,303,73,36,194,
129,54,160,3,183,154,88,88,208,
169,52,6,240,293,161,147,275,208,140,
114,121,202,122,321,202,78,94,270,100,172,252,281,54,1,95,122,33,211,280,264,320,113,126,24,107,238,163,185,30,219,18,285,
181,144,26,114,147,274,17,239,259,85,270,203,168,
281,102,328,158,198,277,248,
321,77,126,323,308,14,
302,105,147,
217,205,267,3,241,121,22,321,48,261,237,128,32,183,315,277,23,210,144,253,
5,25,308,254,156,15,319,148,72,302,313,333,134,64,261,193,265,129,193,127,88,
300,66,306,191,311,114,311,
26,78,181,60,169,213,56,259,324,306,17,111,246,159,247,106,206,224,77,39,264,
302,105,118,51,172,201,274,55,236,327,
291,72,215,193,128,170,
132,180,92,18,221,277,198,
311,36,247,239,157,0,241,69,207,254,15,61,329,149,85,239,107,295,35,154,320,84,298,
13,291,12,266,138,
200,59,295,212,14,188,313,316,113,128,2,166,208,174,44,8,232,264,166,206,217,
166,321,64,89,14,297,233,159,103,222,308,135,328,140,
291,100,33,62,236,27,62,257,151,21,48,222,281,242,8,203,48,301,136,139,323,326,270,178,87,68,241,165,42,170,314,146,285,93,246,329,293,129,66,110,151,193,244,323,142,52,265,228,313,
81,39,147,20,3,209,167,239,47,60,225,65,221,95,
274,117,15,46,
101,132,18,32,
274,215,78,86,246,164,24,31,63,168,239,283,66,
151,311,124,
248,223,136,297,79,4,34,311,146,248,149,220,279,323,
101,174,35,138,325,255,157,194,322,1,62,258,202,134,187,171,180,185,189,322,22,198,312,243,234,72,330,287,
74,18,
66,152,113,18,104,92,155,300,197,211,
286,145,170,6,57,44,140,302,84,60,47,24,25,265,280,295,24,22,66,221,283,269,83,
270,286,93,199,188,196,173,141,152,253,215,94,133,158,299,206,
134,101,291,326,222,195,141,223,282,171,81,180,9,69,
287,99,313,146,209,224,72,221,189,217,94,164,156,274,113,130,265,57,107,
272,31,12,271,109,44,177,
209,240,164,41,71,85,147,161,14,57,36,148,267,286,217,190,78,
119,44,126,193,31,297,257,322,185,202,42,175,228,52,133,324,78,251,253,46,224,261,233,39,192,
57,100,91,78,17,186,175,251,89,249,142,306,162,209,77,309,287,28,46,118,
88,29,96,273,234,171,208,112,153,60,106,138,242,179,
292,227,127,305,23,130,221,208,151,73,22,135,43,
103,3,201,260,325,227,20,245,174,249,101,179,251,97,144,20,33,0,
126,59,23,22,30,327,276,274,69,186,301,306,186,246,244,328,72,139,175,153,156,9,26,321,98,290,36,56,235,104,
66,279,132,230,180,323,99,
6,10,30,233,
54,152,49,79,23,175,238,291,270,71,
221,313,158,35,
78,132,102,269,108,236,334,36,206,79,57,135,232,278,318,280,222,119,179,96,207,274,80,289,227,209,
22,12,80,104,
262,26,74,256,139,325,
217,25,328,79,191,63,108,134,174,279,127,24,56,119,243,209,107,
310,95,75,230,69,162,128,63,82,40,1,195,300,85,195,8,330,301,129,168,174,178,256,237,271,287,27,314,
8,269,25,36,312,133,150,243,164,326,
208,299,88,166,68,208,261,322,44,132,56,265,271,169,
242,264,168,250,118,50,94,88,331,301,72,123,69,285,183,185,296,89,238,
273,185,8,239,1,132,29,126,148,68,193,227,215,41,11,33,321,294,219,17,293,180,325,
289,54,273,118,308,146,142,86,244,295,78,
149,241,91,194,78,283,237,188,269,122,
76,328,69,30,25,327,109,258,14,210,309,170,70,87,107,29,11,330,
167,105,0,248,199,75,
259,49,198,134,261,181,51,
32,127,76,187,101,28,203,
254,185,21,160,145,305,273,5,99,313,196,223,61,320,171,132,272,19,168,14,303,
186,269,219,50,12,98,39,13,72,92,23,
141,267,39,185,
77,31,224,113,244,153,96,294,202,
227,258,326,326,289,331,193,122,156,319,209,157,28,93,72,78,
86,75,93,130,150,141,132,144,274,198,76,159,311,152,281,286,204,186,142,
198,92,91,197,318,102,327,276,34,91,166,325,33,204,257,191,289,17,41,41,215,292,71,264,84,174,174,277,11,17,2,281,13,304,28,293,
153,88,77,54,
180,78,130,24,67,215,0,323,198,18,59,81,131,280,251,132,231,295,54,245,98,48,
233,141,240,
260,186,314,37,330,47,318,28,
113,240,297,222,71,29,161,133,90,108,193,147,136,
99,145,311,10,49,95,21,96,261,299,330,56,239,231,179,
273,88,279,79,147,136,68,274,183,184,205,69,94,110,333,276,279,
100,25,116,122,41,247,15,293,329,
230,293,279,200,108,278,246,276,142,202,116,36,278,331,323,144,323,
124,123,18,132,151,105,194,59,296,
239,65,280,274,209,255,
264,35,311,200,195,26,
113,229,92,49,68,100,34,309,22,193,193,51,309,51,
302,88,32,235,67,111,
73,227,292,148,
24,311,213,182,7,156,246,39,99,229,274,235,234,330,330,
27,187,214,256,94,132,187,215,281,
202,206,89,94,64,283,49,85,285,288,220,101,215,169,292,330,195,289,102,102,159,199,217,265,7,16,51,110,195,
41,241,228,247,152,193,218,22,30,122,218,286,7,83,196,58,88,266,211,312,38,148,297,
49,79,194,202,113,119,123,99,257,309,313,123,105,231,72,26,148,145,303,86,223,144,203,
147,322,103,265,327,128,254,300,148,15,96,33,180,234,222,10,320,302,
71,305,209,281,299,54,
79,20,29,250,269,301,332,133,132,27,140,252,314,331,222,77,215,217,78,136,123,294,298,297,73,94,84,190,15,260,
324,74,308,284,26,
260,186,294,
180,273,109,312,293,191,230,221,22,5,205,334,247,221,53,194,22,42,194,81,89,13,334,144,216,27,296,199,205,326,309,313,198,110,24,33,167,251,20,68,189,285,
205,51,217,330,273,267,39,313,32,134,248,144,244,
24,239,207,114,196,147,113,316,235,228,123,72,70,280,141,276,40,59,319,285,58,47,118,58,273,19,234,217,180,290,32,286,71,313,
267,167,255,208,227,81,297,42,334,186,26,283,
251,188,45,111,22,42,213,265,99,132,269,103,111,177,84,320,183,
19,91,111,308,249,1,26,226,93,159,183,64,157,175,23,259,334,7,174,121,25,28,219,322,181,39,47,104,289,177,198,133,292,234,222,251,81,263,51,154,97,236,81,227,
179,132,227,23,296,302,210,52,88,275,
144,103,72,80,297,223,
64,155,279,4,5,327,297,136,143,
186,126,57,260,267,55,89,260,192,47,86,321,
92,113,328,283,87,208,42,245,173,262,132,0,150,90,50,64,79,79,186,324,185,180,6,
68,118,113,273,180,71,209,185,7,121,32,42,119,133,93,102,96,
49,101,30,22,0,256,326,42,180,132,282,275,
180,49,306,66,92,
177,19,26,133,53,139,88,72,183,156,197,148,6,299,57,
94,202,30,199,221,226,65,114,244,305,99,166,255,190,200,143,
272,128,9,184,238,292,44,18,304,240,27,65,114,177,297,258,
259,26,220,285,106,97,16,294,174,10,296,132,
100,291,179,123,156,25,246,322,264,112,234,257,56,258,326,193,241,205,261,57,74,277,206,28,326,311,138,18,15,
103,67,50,50,260,279,171,181,19,139,147,92,219,222,153,179,44,254,324,303,9,242,277,295,77,143,239,10,48,297,90,303,196,156,138,17,
179,326,78,307,258,36,144,258,294,
197,198,172,159,147,292,236,254,75,239,277,295,
170,311,17,195,165,10,
59,47,138,253,126,150,114,200,284,328,188,157,159,121,270,8,276,304,
314,41,322,197,
256,273,203,133,290,209,300,164,3,25,39,258,115,260,151,71,66,12,262,79,109,232,181,230,31,111,294,7,45,104,203,45,206,
58,80,232,58,
12,272,186,152,22,13,328,215,56,
217,99,287,143,229,69,274,
105,311,6,119,224,258,109,106,38,252,171,180,274,49,104,42,118,302,41,70,189,63,62,
160,326,147,129,162,215,172,223,
177,294,104,50,277,32,116,31,285,203,132,91,173,210,1,236,
188,235,77,219,233,
284,202,206,132,326,152,75,240,305,98,225,114,71,19,50,274,288,255,
307,152,275,101,0,53,72,203,14,42,249,81,223,173,221,329,216,167,258,216,179,279,194,241,200,
99,133,328,234,236,92,233,183,
205,124,125,100,54,138,95,284,72,298,271,308,35,60,265,126,146,330,147,
296,179,232,131,210,124,
326,49,104,109,47,252,282,194,245,15,
167,88,83,316,311,44,331,78,333,44,96,
295,273,200,181,147,38,281,279,167,235,298,153,157,252,180,107,234,313,332,330,295,251,302,304,77,289,114,
6,169,94,
145,38,240,142,229,227,256,88,202,231,290,254,276,20,296,201,274,59,159,69,242,307,89,
269,30,239,180,197,8,147,147,139,254,325,45,77,199,
157,299,35,253,313,96,125,316,145,203,228,77,8,311,161,239,222,83,227,114,54,76,0,244,295,158,120,145,220,
30,17,15,184,301,
3,113,160,325,315,311,152,173,298,206,41,230,221,166,329,147,263,41,113,188,92,50,296,264,100,313,293,56,285,100,304,227,81,214,313,129,244,250,247,210,60,322,87,291,21,87,
102,202,2,76,199,281,
42,200,328,101,181,175,65,49,84,56,216,246,298,15,36,277,325,
14,203,198,180,326,
163,322,117,162,323,267,297,153,248,268,
323,51,150,39,236,13,279,36,275,255,63,135,291,165,235,226,248,282,
256,260,307,163,23,292,299,129,139,230,27,217,
286,31,111,8,116,33,177,80,12,147,99,160,86,200,
165,270,185,282,151,169,268,
41,195,327,273,81,
78,149,206,167,
311,3,314,331,81,306,32,210,236,7,151,21,99,180,39,300,227,258,26,183,170,172,264,305,94,209,2,79,114,
227,91,246,50,176,122,148,130,292,296,76,142,65,299,194,271,136,175,27,203,319,
49,131,97,288,54,94,17,259,78,93,237,319,
279,295,103,230,306,276,163,64,127,263,304,36,1,328,217,80,217,
132,150,74,304,
130,21,233,33,50,294,262,94,108,261,136,83,298,313,166,234,33,18,315,221,35,227,320,41,219,
136,19,130,265,118,234,326,180,46,177,23,41,46,227,96,236,276,287,23,161,298,243,226,231,180,304,
39,81,6,156,198,219,141,308,42,160,310,171,185,227,
47,15,57,186,103,265,
1,330,313,289,
130,81,2,104,156,184,279,180,63,303,19,84,125,127,173,68,107,118,196,70,295,241,192,43,186,235,38,
69,311,310,273,156,76,194,247,40,152,126,237,44,227,
248,229,269,234,143,167,249,88,167,180,217,261,314,
94,130,132,312,212,8,150,273,185,305,79,27,98,155,270,20,90,
266,21,665,5,49,52,39,137,10,313,245,181,64,87,61,285,95,73,93,306,13,168,248,90,230,90,120,241,256,57,93,255,160,162,119,130,280,246,9,37,224,96,161,205,161,214,256,226,304,37,196,116,13,
330,147,295,77,278,181,183,
210,179,220,296,
74,104,251,132,287,
146,149,240,172,16,301,
59,52,145,124,
116,303,78,116,325,57,270,69,23,266,100,150,170,290,322,141,163,
206,291,0,257,288,234,37,153,256,29,227,256,204,152,5,57,332,285,
149,26,2,321,311,227,177,19,248,146,11,175,38,145,
180,248,132,194,273,14,10,93,
219,235,63,230,125,202,136,203,162,163,196,319,257,41,179,237,246,124,292,113,180,295,233,215,176,271,209,272,117,107,156,262,230,274,50,168,50,120,33,176,90,27,273,10,
96,325,290,88,92,168,109,22,9,79,84,240,185,136,180,49,133,78,301,155,169,
227,120,144,73,10,208,147,145,19,281,96,69,179,29,317,267,323,36,130,
33,184,130,130,318,111,94,173,130,329,323,245,132,297,273,325,198,303,175,19,
126,3,92,191,114,333,255,176,180,205,169,104,
305,94,292,311,71,88,233,171,
104,328,57,74,326,70,317,256,84,192,
54,92,57,116,10,69,55,29,129,94,131,9,289,329,169,224,254,327,25,326,119,205,241,303,
227,103,306,31,247,36,39,
129,128,184,81,95,238,70,211,41,225,14,66,24,77,273,162,11,119,241,
195,134,234,153,170,112,254,41,32,97,290,282,43,264,244,333,175,202,
3,2,111,93,126,206,1,319,157,234,52,54,285,90,126,307,298,157,216,
15,115,147,91,269,156,163,87,175,203,
10,169,17,76,170,
185,142,90,57,235,96,285,68,
224,239,105,266,268,153,150,176,80,4,77,94,113,206,311,297,247,
324,247,53,285,219,190,66,121,334,165,215,11,100,218,54,22,229,143,7,73,218,71,270,268,143,172,173,200,240,
90,140,158,18,94,185,
72,205,57,186,287,11,169,71,274,154,291,101,48,94,
289,53,130,20,12,12,185,24,80,127,191,223,192,269,21,172,150,185,163,8,232,237,190,151,14,310,225,308,20,216,3,45,287,131,58,45,72,265,49,149,40,251,164,
215,241,273,156,1,79,284,
156,227,93,126,215,330,
92,266,240,36,11,270,52,309,126,198,38,147,54,250,303,326,78,279,321,114,239,258,270,14,151,168,248,280,111,141,289,284,43,101,41,50,66,246,162,221,212,180,186,298,26,8,77,65,0,17,106,123,80,80,
169,54,249,10,60,208,279,
249,209,19,50,183,250,149,278,75,162,45,248,88,295,214,254,
18,315,90,66,168,100,301,101,13,
153,224,50,296,326,237,195,245,297,164,142,
279,139,285,64,323,293,
94,30,327,76,31,155,6,
183,62,214,263,234,167,173,81,112,99,249,38,87,250,174,221,258,183,197,99,121,307,172,
288,38,202,128,140,53,212,49,135,200,97,295,157,140,164,73,
158,57,97,85,147,58,232,7,71,321,152,78,229,132,25,37,56,262,183,281,96,196,
77,123,79,248,113,192,186,145,137,113,298,228,167,16,307,173,129,199,36,
132,101,193,194,21,206,86,80,179,78,36,237,11,66,259,23,
265,271,40,91,317,132,83,168,115,72,97,262,3,330,223,254,321,313,331,298,143,316,316,15,176,334,289,129,104,287,53,265,87,115,170,255,
2,315,327,163,49,202,177,292,212,332,301,19,146,179,179,312,234,277,3,133,108,140,26,321,90,114,120,80,296,26,26,
91,52,209,270,15,257,182,230,149,
167,246,248,195,99,318,7,67,93,184,42,253,294,279,310,65,141,308,317,104,167,
150,220,303,32,72,296,264,232,117,327,334,263,68,92,31,308,86,94,234,304,132,80,
80,2,319,63,301,190,17,150,22,58,168,262,218,92,
39,0,
279,4,107,147,96,23,114,14,212,285,65,273,135,127,53,69,200,286,71,99,
329,282,3,114,198,257,54,308,164,105,25,209,121,
240,145,81,117,310,0,8,266,99,285,205,266,47,233,132,169,130,48,134,266,209,187,146,229,26,241,
217,98,202,101,25,265,301,91,67,258,99,
132,303,98,116,149,154,148,90,244,280,225,177,261,185,265,108,142,145,59,268,153,294,105,24,253,
127,130,192,161,10,249,290,292,178,84,139,32,88,239,310,
114,206,22,20,272,181,151,55,272,
52,261,209,75,129,61,81,202,126,38,63,265,326,326,169,203,269,131,291,59,179,65,92,
105,313,121,219,301,275,108,128,153,161,188,149,122,57,206,273,273,20,118,66,167,15,26,228,50,156,324,5,136,37,288,9,247,302,192,88,98,217,200,
299,267,50,133,117,195,
297,88,248,312,334,3,13,230,261,33,0,299,322,187,0,330,
72,177,187,94,45,49,150,21,331,292,23,130,76,322,88,115,144,
206,30,26,51,24,52,78,28,77,110,129,233,
20,30,152,195,49,324,204,79,285,10,145,71,321,18,149,220,301,114,120,241,166,89,94,103,235,36,
2,90,157,110,215,18,149,235,160,234,251,102,131,264,194,
95,28,110,107,154,310,170,181,186,59,201,40,51,185,116,290,65,294,322,65,83,149,283,209,194,107,133,249,141,105,74,227,184,76,309,268,227,290,27,136,108,0,107,186,144,149,
207,184,78,32,31,141,
10,42,41,299,6,16,10,4,27,201,175,259,303,308,190,20,177,227,216,110,99,299,96,163,214,334,6,57,226,294,81,68,259,289,56,19,
162,88,160,188,57,226,
293,158,307,279,3,130,124,92,233,326,
223,144,110,144,
250,207,257,26,291,285,263,
267,63,260,35,287,275,86,141,276,36,86,313,132,
209,256,241,270,212,249,52,25,2,152,48,81,123,61,144,248,36,81,227,68,91,251,218,
222,96,297,110,179,324,207,179,
308,166,174,39,8,61,
48,109,128,293,114,124,35,92,30,296,226,26,245,302,61,113,257,333,275,307,183,72,152,294,113,256,309,138,9,72,158,212,234,160,257,277,307,119,109,311,315,120,64,27,334,323,223,186,326,61,332,234,197,56,119,258,284,10,180,94,
152,184,56,122,232,57,270,229,
1,55,279,328,88,127,122,5,227,197,
147,98,264,295,24,77,245,211,89,38,102,290,197,215,279,246,59,81,23,34,269,279,293,241,207,68,144,136,
213,43,258,2,112,32,124,32,194,318,241,190,191,264,317,159,258,73,
270,164,240,150,116,258,317,171,147,138,113,299,216,321,122,327,158,86,66,165,250,332,63,236,200,
164,98,78,24,83,323,28,35,281,
120,80,211,8,129,147,299,159,172,10,224,40,110,161,155,185,40,4,307,240,
114,279,330,34,12,212,229,43,315,50,239,48,330,264,
8,94,104,308,36,80,102,
203,177,314,13,159,14,3,145,32,270,
88,1,273,41,129,
229,324,217,145,307,
130,20,189,103,38,200,7,329,144,158,44,177,49,1,32,73,121,225,226,107,167,151,267,199,191,183,21,194,67,248,37,5,65,219,111,286,281,144,54,172,93,33,13,196,214,
26,276,92,190,2,149,311,262,121,268,22,
236,327,25,323,36,252,135,70,127,270,10,31,232,284,177,154,302,
80,279,96,144,150,
15,147,19,278,213,53,288,47,211,185,261,321,
297,306,267,116,172,90,115,
51,297,101,206,15,29,47,317,
313,49,200,24,169,182,130,1,37,7,328,46,178,99,152,221,291,101,
117,163,283,96,172,204,274,254,172,310,142,260,75,163,220,
22,114,209,
280,81,239,147,148,331,316,78,185,12,253,254,281,157,278,322,
207,194,216,56,277,222,122,
23,77,72,129,293,150,2,
104,307,319,320,26,244,291,299,133,8,144,145,332,21,94,52,98,211,265,22,43,
245,36,76,33,128,56,219,
221,292,81,282,
290,126,116,202,179,
107,175,6,311,171,279,179,275,184,287,
158,134,327,223,152,274,224,19,295,172,90,99,24,272,302,271,283,315,293,260,52,304,157,
133,63,93,19,299,66,159,144,291,13,99,
104,311,261,287,61,167,24,189,
232,152,78,200,236,296,58,66,237,200,
200,324,147,307,232,105,70,
320,240,311,92,272,104,
50,130,242,291,35,101,45,153,203,197,186,213,69,134,279,299,27,92,34,307,162,57,
18,91,231,47,265,37,188,50,280,302,165,3,284,51,46,80,117,326,308,124,2,74,85,90,201,
154,177,72,196,311,70,231,129,51,166,22,198,326,236,286,325,
326,30,136,52,319,98,18,179,227,235,271,272,289,
144,221,147,264,84,191,223,255,217,91,298,
0,256,197,249,46,33,94,147,206,224,227,182,108,328,184,92,176,307,131,175,48,121,247,276,314,92,130,15,92,142,102,113,34,147,195,292,167,210,45,224,274,
240,225,91,177,320,140,
313,57,5,263,
76,86,157,147,10,
304,201,131,191,6,59,113,
277,207,132,65,17,313,
26,45,319,295,193,177,122,26,99,11,183,291,175,114,207,201,305,49,284,158,259,90,227,9,258,210,269,267,269,131,140,254,136,216,246,42,135,74,323,
28,100,294,262,311,19,
201,296,145,15,198,323,84,81,263,57,51,304,309,188,124,188,22,242,
179,213,48,142,210,62,282,25,
300,326,
147,120,7,162,224,291,113,174,327,79,82,75,59,166,227,270,160,273,173,171,330,0,334,166,213,31,152,31,49,18,60,76,
116,292,54,127,332,185,208,241,
0,297,196,103,
0,57,198,110,114,105,251,139,39,122,148,272,325,85,257,7,48,126,49,
184,130,272,129,152,310,3,241,176,313,30,207,9,171,60,286,
71,306,269,284,26,56,290,49,120,287,202,
97,71,94,28,265,251,182,13,63,239,304,128,25,154,235,325,115,216,257,
125,128,78,294,71,247,
306,256,38,251,303,203,297,198,169,180,300,25,178,192,293,
25,217,76,100,28,285,175,217,73,192,209,7,
75,239,197,252,
185,194,280,94,36,
31,42,104,50,147,326,13,56,
101,51,49,217,47,36,
77,57,23,
225,171,
147,286,205,
301,217,235,
165,326,
327,303,194,
1,273,123,215,
316,81,254,
4,145,279,
96,32,222,
265,202,217,291,
23,19,132,150,186,
261,248,110,159,
81,19,
219,39,186,130,
164,274,287,36,289,
281,164,280,227,
242,32,145,
131,49,304,328,
185,196,116,
239,269,114,
184,33,
284,215,58,
282,36,195,165,165,
126,69,246,18,
292,110,209,28,
265,106,147,
302,179,8,
15,0,
122,207,100,31,
255,239,267,284,265,
252,225,188,279,
135,323,
104,88,
274,307,105,145,150,
98,217,94,328,
28,32,292,260,
3,203,
59,210,147,
67,172,217,150,
298,144,31,311,
103,185,76,47,
26,311,56,324,
235,126,122,97,
310,39,117,
191,304,35,300,
175,54,149,88,195,
62,105,288,
326,31,327,23,154,
177,272,
311,248,291,28,300,
115,72,239,297,
108,113,36,
157,59,280,
93,266,86,180,
77,330,269,194,49,
203,50,306,
331,311,72,
240,113,297,
138,103,55,100,
208,208,169,
178,313,306,29,
147,169,181,113,
312,41,210,174,
237,149,69,232,
163,136,55,
326,165,114,
109,149,330,
76,94,102,
43,292,104,
200,270,35,
310,166,167,240,
163,161,252,242,240,
262,28,80,183,
199,235,167,
14,180,291,
98,284,180,
210,279,311,147,
13,31,18,
233,293,188,6,
152,66,311,13,
42,171,39,
15,79,274,
307,145,269,120,
159,13,77,231,
265,287,269,208,
84,251,104,
278,280,70,
218,80,324,209,
317,314,51,
10,219,247,48,180,
87,77,3,185,321,
259,326,
151,114,
185,87,96,92,
270,209,328,92,
113,77,127,
248,163,281,
322,280,64,
75,117,167,
15,36,100,326,
14,76,321,
189,104,78,
307,16,74,235,
209,239,22,
129,206,5,85,
35,248,221,
136,326,113,
102,8,
111,251,302,
281,71,27,
36,127,185,
101,50,31,
73,288,269,213,
313,277,
265,166,248,
104,320,126,126,
301,30,146,
14,129,327,
18,126,234,14,306,132,
117,261,
17,113,78,6,
143,94,235,
113,200,77,304,
0,297,157,
61,8,
131,296,86,
56,174,217,
241,307,54,116,
240,185,120,324,
168,181,16,
156,173,5,
197,276,285,
209,328,
149,109,70,304,
327,
247,122,100,227,
23,147,179,
108,321,105,
76,227,72,
72,328,166,
194,16,2,
58,175,284,
168,80,274,307,
304,149,79,
71,68,125,
84,261,138,
321,79,186,
270,203,54,
119,129,294,
176,183,
166,200,306,
191,196,287,
118,223,57,
19,33,28,
68,147,330,
203,49,15,
52,91,79,
11,294,129,
287,310,71,
220,157,117,
60,184,132,
254,249,103,
31,25,269,
297,41,174,
263,313,250,
250,299,323,
105,124,270,
157,30,3,
183,251,19,
182,141,91,
