233,202,79,10,227,250,
8,48,70,10,205,251,24,203,262,
200,315,79,30,227,300,
180,101,319,108,298,86,104,12,30,
278,23,293,1,14,225,328,182,112,296,287,315,143,29,
100,55,204,140,187,201,267,303,284,252,301,
304,234,7,162,93,96,111,201,301,113,311,253,134,285,192,233,103,307,198,101,169,256,69,260,69,173,46,113,277,
106,174,73,305,151,187,328,194,
282,277,73,89,143,104,71,27,297,309,
19,253,14,327,21,12,155,77,87,257,305,111,145,171,315,190,107,192,263,230,
233,89,304,46,37,
178,145,37,162,238,212,190,192,
148,201,122,
274,179,798,274,25,
32,79,143,
141,86,188,227,81,213,294,104,
13,101,308,70,208,
201,304,167,251,73,148,288,88,132,146,56,196,102,2,
245,19,328,254,14,300,
181,296,219,217,94,215,
14,217,19,187,
101,313,77,93,152,65,313,45,207,
313,258,55,91,248,326,287,109,303,299,34,96,145,256,167,222,31,69,18,276,9,36,95,293,276,68,334,109,218,283,304,
34,198,19,265,
285,181,258,56,187,215,239,5,51,
315,233,55,25,85,5,59,185,285,154,86,258,
81,174,315,311,320,244,
208,200,107,
303,92,315,135,282,
19,34,111,308,6,26,
135,327,239,101,196,
97,107,6,253,89,280,261,324,260,
141,266,202,194,
140,295,
227,164,71,107,310,62,80,123,155,248,277,124,190,216,36,182,178,236,200,21,14,321,162,45,315,329,107,110,289,
79,173,318,12,95,313,136,202,231,192,118,184,192,200,305,234,
149,93,45,32,203,178,304,289,69,251,16,109,325,196,167,195,245,265,312,
238,258,93,327,76,83,315,229,220,169,149,190,
246,6,103,23,330,
156,307,60,143,92,204,281,322,314,
127,149,19,184,65,73,237,241,260,241,204,243,180,70,200,269,85,152,257,30,234,23,247,329,236,293,296,
798,107,366,3,253,282,91,122,92,163,185,65,85,127,129,304,29,288,207,98,274,228,315,320,222,
192,281,232,115,323,102,6,269,83,102,167,322,290,5,19,242,
210,305,8,68,162,99,11,104,318,321,
48,109,128,293,295,135,124,35,45,92,30,296,226,26,245,302,61,113,173,257,333,275,183,72,152,294,113,256,309,204,9,72,200,212,234,160,8,257,277,307,119,104,179,315,120,64,320,323,223,212,326,170,332,
96,844,304,150,51,263,311,114,
0,332,62,320,
332,234,267,74,14,23,196,133,116,102,41,0,294,135,283,206,258,50,171,24,42,7,71,81,143,82,185,64,317,103,76,
123,179,42,26,2,255,19,277,220,8,287,
200,62,127,36,139,123,59,208,256,266,27,203,261,101,175,290,93,179,181,196,160,24,100,116,107,207,254,110,158,175,331,11,120,
45,107,169,256,184,268,328,114,254,291,
170,145,19,253,62,297,
118,277,93,27,249,242,316,326,
311,10,77,98,72,166,109,120,188,213,194,325,29,83,307,318,96,59,114,289,107,
136,119,121,98,313,322,32,293,264,175,
110,167,104,665,145,53,4,
292,183,305,229,53,140,147,192,1,109,316,178,206,220,121,318,247,333,270,297,
107,291,56,320,59,20,293,330,
119,253,32,4,252,167,64,136,277,133,165,333,51,238,144,
135,332,173,42,107,316,99,240,258,321,172,133,43,104,274,74,87,118,120,84,267,109,89,105,
185,308,116,47,149,311,
8,91,137,206,223,176,278,112,175,54,57,
72,14,279,25,58,228,161,292,267,241,219,270,76,
211,279,186,301,93,155,18,163,66,226,275,290,333,162,301,309,292,243,213,129,281,138,188,201,152,7,265,196,244,
105,53,219,301,128,232,
298,74,45,279,84,224,201,200,76,278,216,224,259,127,218,30,134,38,116,
152,6,211,286,116,
143,146,327,156,246,
208,6,212,88,5,152,112,161,177,48,113,204,18,262,101,
100,200,89,71,
222,214,
172,234,194,45,229,287,39,61,63,200,318,96,10,231,258,248,
19,116,192,77,121,245,16,170,2,324,98,214,170,217,222,265,62,123,259,165,291,232,329,83,
276,313,290,102,188,290,36,133,86,
146,54,40,171,143,222,107,184,20,50,306,
181,252,230,320,27,253,114,215,
239,135,30,74,
366,798,131,5,21,300,194,53,281,325,224,310,179,36,225,139,161,121,330,269,309,
77,16,282,227,92,290,312,237,118,60,83,112,311,183,241,51,95,78,22,46,316,196,105,230,311,101,118,244,142,145,161,266,
308,249,63,9,185,244,13,304,321,231,332,202,140,174,
98,175,39,
327,5,2,172,408,138,225,121,293,8,185,162,181,135,115,235,2,245,179,64,143,161,246,148,158,224,291,
98,19,798,160,86,86,191,255,213,276,208,51,105,127,
30,127,146,5,46,288,239,
274,258,135,274,137,233,
275,107,271,153,186,273,78,29,64,109,225,
194,268,181,99,45,31,211,194,32,241,200,135,28,106,
188,88,107,320,33,11,203,44,93,75,161,12,134,204,141,307,109,113,261,328,324,224,203,215,318,130,265,31,276,87,238,261,299,25,99,
167,220,63,110,201,275,112,18,117,10,138,319,171,286,208,194,33,322,136,125,316,5,14,258,67,332,
219,55,63,125,202,293,103,181,163,196,229,72,41,19,237,246,238,292,
74,332,989,63,189,224,298,78,226,214,0,154,55,93,110,223,255,39,42,74,110,163,43,242,270,287,30,260,109,
295,137,5,27,42,212,135,192,24,293,175,304,57,100,
14,796,283,160,65,114,208,282,288,292,318,136,230,246,264,420,153,294,281,61,136,217,131,227,105,52,287,178,12,141,112,31,74,180,217,154,145,3,179,54,307,242,296,306,
138,45,60,117,129,212,222,101,280,26,91,294,260,317,28,234,
320,179,45,64,62,47,194,107,320,50,317,332,0,216,
182,153,118,97,307,181,122,146,215,278,2,305,315,142,275,
194,45,366,243,46,233,98,172,328,162,17,
101,279,181,168,304,15,208,
202,136,160,233,141,214,318,
103,281,313,320,148,13,53,230,31,304,3,186,280,88,220,116,246,316,2,88,42,86,316,316,124,
33,181,245,163,233,313,319,
164,227,107,16,10,255,78,169,80,53,292,115,84,93,118,156,60,127,20,275,31,276,32,221,
175,79,136,
253,282,280,119,201,125,253,0,239,318,262,307,228,316,290,94,119,306,35,317,
265,188,179,19,34,128,143,
45,74,48,7,84,204,150,320,322,184,194,22,75,153,90,0,0,177,214,57,163,298,236,328,172,122,314,123,164,293,
137,27,11,113,
222,171,125,2,151,56,
137,324,226,89,334,66,302,147,36,299,223,259,6,107,34,217,295,307,237,73,273,20,270,85,287,8,220,285,214,300,204,
293,327,300,174,186,107,278,148,154,249,128,146,108,59,137,176,
170,179,19,48,315,
71,227,39,13,89,189,28,193,253,221,326,99,
160,93,73,262,
24,181,295,
282,1,14,121,210,4,28,4,25,271,54,73,328,319,114,30,243,76,183,143,178,327,219,69,185,87,109,64,172,199,205,319,119,113,303,
134,319,174,
33,275,86,167,122,110,319,248,291,
328,174,278,103,0,
56,108,35,58,47,38,260,218,47,324,82,108,230,265,240,225,153,54,111,30,331,107,18,19,152,44,201,
318,16,131,187,214,53,64,54,273,105,17,30,145,71,80,312,57,234,127,278,120,79,191,7,286,240,327,178,254,318,222,299,6,18,
76,181,325,238,320,83,146,325,1,137,237,301,
333,93,88,
1,282,5,86,161,9,6,182,140,166,35,3,94,302,185,11,314,19,35,258,
215,112,188,80,9,227,299,
277,93,107,31,3,24,118,262,282,219,279,108,324,37,123,10,226,174,234,
271,234,93,275,315,78,57,227,112,146,217,92,318,191,161,216,251,
2,19,327,163,
285,219,262,180,93,269,
219,282,29,285,286,85,228,204,
310,95,173,89,42,63,328,40,0,133,290,
88,103,208,167,262,238,264,282,
185,181,88,209,312,282,
92,156,145,
89,313,137,328,179,168,140,12,74,185,
665,844,92,98,223,161,164,152,323,19,266,195,110,245,
5,155,59,129,179,287,105,75,4,43,327,1,249,142,28,161,266,319,328,46,295,300,86,285,30,102,165,250,256,111,139,140,53,136,261,213,222,268,
290,253,200,4,26,
179,38,5,28,331,94,263,17,123,126,274,96,223,212,277,138,38,246,296,143,14,91,254,27,72,170,47,128,75,149,249,
252,181,119,20,282,312,
84,109,21,103,299,319,160,45,192,319,285,
93,256,121,321,221,238,176,146,323,141,176,
179,48,130,97,
320,48,179,181,114,328,147,81,
204,127,86,7,149,198,119,224,305,151,291,101,8,130,331,18,228,
281,305,84,106,124,192,81,103,149,207,198,167,239,274,244,95,86,212,219,83,69,138,315,180,36,170,203,181,217,9,104,5,316,
103,214,86,122,
86,20,99,303,308,56,204,240,54,178,158,111,141,153,92,5,228,276,3,333,103,103,268,
181,24,194,9,301,184,76,329,292,101,105,165,185,56,108,133,285,213,316,149,307,129,311,312,258,306,267,
6,234,246,146,6,102,154,328,19,272,78,36,156,159,230,182,26,82,206,24,86,152,115,318,
158,141,306,86,159,25,182,251,329,88,84,44,269,178,49,111,207,69,43,
179,173,320,47,286,265,135,247,320,139,46,124,312,289,209,205,147,180,276,287,2,137,86,274,94,129,328,33,95,
319,89,238,312,333,63,41,138,180,208,258,202,69,4,196,134,297,304,
228,86,72,108,
73,10,127,29,158,137,127,22,82,160,155,285,155,282,201,207,195,207,327,131,245,36,76,305,211,286,
96,304,186,61,253,98,211,297,235,133,312,300,35,186,268,111,81,303,178,191,282,47,278,7,311,231,262,8,204,125,201,212,174,155,162,125,
249,293,165,
137,293,315,100,
86,287,138,57,246,162,103,11,158,130,33,60,102,54,189,113,314,207,292,5,
114,200,27,45,320,93,14,128,272,
45,305,49,209,212,83,47,52,104,217,101,138,258,37,37,69,91,137,149,270,236,26,229,312,149,85,100,191,19,72,161,193,243,308,312,264,48,
311,13,50,12,314,117,232,15,313,56,109,50,3,295,26,81,167,222,300,11,5,62,234,
153,45,182,150,198,214,89,24,40,275,148,114,196,313,217,39,196,
290,211,276,10,15,258,138,7,310,48,121,174,
37,45,63,70,844,171,178,123,202,
46,89,4,5,72,109,30,233,10,116,251,49,
143,248,39,313,107,144,158,32,254,10,169,245,168,279,39,300,265,
69,282,305,200,
151,222,106,
121,19,366,9,334,10,269,80,301,
138,327,93,136,31,104,290,202,207,
89,299,324,46,20,25,145,16,82,314,284,175,63,308,150,227,21,145,319,4,173,293,14,100,157,159,310,233,14,160,192,310,138,175,240,97,27,158,135,249,
293,2,219,142,11,41,204,25,113,117,
138,86,167,89,
100,291,54,137,
54,14,146,91,
230,103,77,74,240,247,294,197,290,
209,70,179,
62,227,200,244,320,0,
106,258,107,324,
162,211,11,
142,88,258,121,227,180,
279,12,214,124,287,2,171,211,221,144,321,88,161,83,101,94,295,142,331,81,77,151,174,55,10,314,72,116,173,77,260,68,218,317,82,186,213,12,39,
181,33,182,281,19,193,297,87,159,210,21,
305,247,191,10,231,91,203,296,292,147,79,257,78,297,281,314,54,120,171,45,210,285,115,6,123,210,9,120,43,48,
315,281,11,53,124,162,184,204,244,195,16,256,200,192,27,110,81,200,137,261,313,7,90,303,170,136,117,171,287,206,
291,100,324,62,160,27,62,257,107,164,48,222,281,242,203,48,320,128,323,326,39,178,209,68,45,
54,199,86,6,255,98,203,149,100,140,43,25,209,
93,27,14,271,141,266,319,221,14,333,150,248,277,241,200,97,311,326,265,302,155,118,7,16,334,184,198,147,
46,179,77,304,
200,172,194,267,217,175,195,194,289,
186,96,40,152,153,63,63,167,325,35,
169,304,143,
236,227,69,299,113,10,316,297,332,166,319,288,32,242,68,231,94,194,205,159,
93,324,147,160,112,59,162,238,275,188,40,129,149,138,95,199,129,242,115,161,71,200,84,136,327,285,145,
290,2,230,212,150,267,316,184,88,124,130,180,276,213,0,75,
104,310,48,204,282,283,
238,92,289,291,321,194,50,134,268,330,139,169,146,178,192,226,262,311,56,23,327,6,10,2,198,27,110,192,260,319,334,261,270,205,309,
185,302,175,231,25,87,93,77,95,83,89,
145,323,170,284,178,107,3,52,154,289,81,92,253,99,299,
280,92,55,312,179,195,77,22,286,22,202,331,282,21,99,95,311,113,168,
180,14,99,128,274,136,61,332,102,285,136,
95,28,4,107,154,310,175,195,181,186,59,201,40,51,185,116,290,294,322,
324,216,121,112,105,89,159,11,35,93,291,291,137,255,160,143,207,174,317,146,258,198,37,174,163,242,106,308,10,236,258,176,56,38,168,110,162,312,14,12,36,130,172,50,240,40,92,158,
844,665,193,215,328,75,128,195,96,110,13,222,207,86,37,25,307,308,47,231,129,101,298,328,
88,188,157,160,185,203,29,333,115,274,
194,101,167,141,272,136,94,
167,88,311,
112,173,208,
130,10,305,103,38,200,7,69,21,158,44,177,49,32,73,121,225,226,107,167,267,199,191,224,21,135,
81,145,279,180,269,
302,137,278,226,185,134,191,317,260,236,66,133,332,320,195,235,
2,113,302,172,25,246,206,141,228,272,244,227,212,241,229,327,266,255,26,206,160,246,171,160,103,166,290,321,258,165,179,293,209,11,75,120,200,
4,95,211,99,70,63,70,256,188,89,187,262,236,146,109,137,244,3,9,86,169,227,83,247,262,51,228,42,260,
289,53,150,130,20,12,185,24,80,127,191,223,
146,238,4,324,6,271,270,30,160,226,332,
23,238,50,122,278,301,321,316,159,246,135,215,272,9,120,122,144,279,
258,107,75,332,238,109,253,35,319,285,2,142,285,62,147,327,16,68,329,104,106,320,192,214,220,312,209,1,
200,48,129,45,273,140,315,114,116,190,48,145,177,294,328,319,298,233,284,89,
27,238,171,137,311,189,
79,107,305,333,42,0,165,315,291,81,139,235,287,120,126,175,32,76,233,150,145,
166,181,236,72,306,
173,151,149,228,310,48,14,166,112,137,16,25,190,309,128,179,79,322,193,91,21,135,89,304,303,252,263,2,295,258,289,
122,148,270,176,230,152,29,328,224,
142,32,255,307,117,244,263,90,27,112,28,330,110,145,151,308,5,147,248,21,179,261,301,143,108,293,168,122,
123,37,45,91,
240,324,89,312,
174,63,293,51,57,81,328,134,295,277,254,11,109,308,
82,332,295,217,
91,234,45,76,8,310,313,0,287,3,287,45,54,252,123,145,263,218,
232,0,40,325,149,1,192,324,323,28,2,293,22,53,216,136,55,254,222,334,97,281,105,18,
312,179,10,24,127,246,132,329,287,278,90,147,252,
258,254,147,146,256,35,274,223,332,290,162,178,
266,200,665,5,49,52,141,10,184,245,272,64,87,213,285,95,
273,137,107,218,317,128,87,
86,281,98,175,124,318,1,241,
256,45,258,133,290,
313,25,212,312,28,89,324,333,308,6,291,186,49,128,180,140,284,301,62,223,165,315,87,326,147,135,212,209,119,101,146,153,285,143,35,3,287,
234,37,28,6,142,271,209,332,29,144,328,5,39,233,95,261,220,49,234,10,36,255,278,21,91,192,227,172,78,166,172,333,88,106,202,289,5,165,305,101,184,
70,12,62,212,63,8,130,200,206,261,267,58,157,229,101,209,313,5,102,327,184,3,176,
50,
92,266,77,36,135,270,52,309,303,198,38,147,197,250,303,326,78,
212,313,179,408,243,39,5,104,233,226,81,212,274,
295,48,101,268,178,53,209,30,316,185,80,109,156,211,60,115,140,35,82,120,174,175,39,308,
3,113,311,139,152,65,206,41,230,237,
116,200,200,286,185,194,247,45,203,206,
6,200,6,20,168,208,121,60,221,250,278,201,334,192,119,15,315,146,54,17,14,8,326,94,323,
180,281,57,293,191,
112,93,96,268,29,103,198,215,281,93,206,42,47,221,228,229,251,292,
328,175,5,10,129,272,89,56,93,45,50,310,245,250,320,55,320,287,
63,174,308,140,237,29,90,158,296,129,247,13,80,112,141,38,207,228,116,161,308,
286,167,3,28,315,116,87,152,185,102,194,284,299,
270,45,330,118,298,122,
162,315,304,327,11,120,131,187,135,89,104,325,102,
296,278,272,181,200,313,333,254,81,264,
136,14,138,315,180,
135,48,179,313,92,303,62,91,116,319,111,144,150,172,64,188,
55,4,123,247,25,307,212,280,26,37,313,2,219,247,587,25,252,195,246,160,176,195,100,315,317,48,322,232,65,75,290,149,111,270,91,246,331,50,
39,71,234,283,137,143,38,334,98,263,87,174,128,45,228,307,319,48,86,295,
118,77,141,331,226,2,88,0,110,29,
198,153,34,102,210,260,53,54,275,163,207,288,286,
10,66,101,128,73,322,334,250,181,130,299,311,6,115,249,251,137,240,289,180,77,219,312,69,109,118,77,61,87,55,305,307,
214,45,57,103,68,222,160,102,198,277,
237,63,74,291,33,220,218,
107,213,68,41,326,268,163,16,87,188,258,79,5,28,106,277,38,149,236,11,163,45,128,150,184,104,4,80,97,208,100,211,275,34,227,185,119,151,167,273,200,151,334,209,19,128,311,
97,15,205,492,129,103,118,199,148,182,286,24,57,65,10,288,168,240,227,211,228,306,
175,331,281,291,37,253,267,328,275,175,98,317,89,317,52,57,166,89,292,34,120,224,190,332,41,30,189,
101,101,194,138,325,178,180,194,322,1,13,258,138,297,
104,281,258,210,141,
27,181,114,
109,188,295,81,
50,35,9,222,203,320,
17,194,209,
149,54,194,24,
25,185,59,
104,138,110,
276,290,98,
291,237,19,204,
54,198,8,
21,130,
140,54,1,
161,77,
150,289,290,
86,180,98,
14,93,167,
266,92,74,77,
104,135,174,
169,238,
129,75,533,105,200,187,180,328,258,138,
71,307,
195,95,73,302,184,
145,77,200,91,93,
101,70,138,310,
112,63,8,
319,167,84,
154,50,145,147,
272,6,114,
272,328,194,
103,112,219,
184,70,181,93,290,
318,86,202,288,
2,215,222,
288,268,201,121,318,
77,19,279,280,
253,798,145,
99,86,270,288,228,
244,2,315,130,62,81,
161,327,208,308,
297,181,319,
194,286,320,200,
24,153,8,149,
299,145,84,64,
313,79,101,
287,123,278,
199,93,97,
3,145,
162,96,178,
200,6,2,
93,101,114,
171,146,27,13,
190,200,175,19,
228,163,97,
229,219,172,
101,204,101,234,
204,208,48,104,156,237,219,
311,181,280,185,
305,130,106,69,10,
142,10,182,
35,258,
29,219,88,118,
64,318,327,320,34,135,299,
240,135,163,145,
319,135,39,
295,174,173,
312,68,11,46,162,45,297,
116,19,46,63,
11,162,
174,290,104,
26,45,138,
318,253,210,
14,72,6,245,
128,105,39,147,
144,23,135,119,232,
9,121,281,
128,293,179,273,
289,238,227,179,173,
245,143,73,
192,292,79,178,
203,188,15,
42,310,112,
272,23,266,296,
109,135,313,
306,146,253,
103,84,332,
222,138,19,50,
74,135,230,266,
118,79,135,
109,174,84,
275,182,
81,296,320,
208,319,13,167,
194,238,106,5,
2,331,123,
61,10,172,
261,238,
245,327,226,
108,293,180,
89,153,200,
209,45,295,
189,71,
147,179,186,128,154,
226,130,118,245,
203,291,88,116,
196,153,149,
184,266,79,195,
329,158,312,
260,209,97,
261,315,5,
63,186,167,
280,138,253,
253,253,74,97,170,181,
213,5,266,
322,156,173,
206,2,3,116,
197,230,92,
89,162,
16,315,149,
102,334,286,34,162,
84,135,
316,292,295,103,281,
268,82,82,288,
26,6,287,123,36,
114,282,96,
254,174,45,
39,153,291,10,
18,232,208,
258,181,
249,118,308,
43,54,158,
321,238,308,
331,55,200,
315,278,182,
140,292,270,200,89,308,
121,288,6,4,174,299,
146,293,258,
251,149,8,
334,238,102,6,82,
10,234,236,8,
70,13,
83,185,19,
127,98,
168,101,
323,145,6,
30,200,180,
246,143,312,
96,112,172,
57,8,180,136,
226,277,212,
10,167,160,328,52,279,
39,74,
315,798,286,
300,311,245,200,
287,328,315,
102,214,180,
212,178,290,
192,84,19,
268,112,107,
209,107,260,276,
69,130,149,
45,39,227,
89,175,71,282,
53,105,198,110,
68,214,312,
48,305,208,
254,179,318,296,
178,318,101,
62,170,311,
160,2,291,
264,296,136,
149,238,173,130,
29,311,278,
121,290,136,
164,45,291,
260,302,198,
180,290,127,
11,293,312,137,311,
86,50,39,276,
163,74,240,228,
39,212,172,
279,298,
10,285,164,287,142,39,
281,291,211,112,181,
232,144,19,
2,238,201,
282,253,88,
313,296,33,
224,327,130,
71,282,93,
231,172,308,
163,198,
233,33,194,
297,292,101,
167,149,186,
45,84,116,101,
214,258,
46,312,
314,45,
139,5,3,
102,86,
8,210,6,
50,23,50,14,328,
65,14,55,101,
262,208,88,
128,114,
75,179,2,290,
211,73,97,
158,200,327,324,
19,219,181,
316,253,167,317,
237,3,76,204,
280,97,
145,110,313,240,
88,142,290,
78,275,160,92,
304,149,
160,85,324,82,78,166,
117,293,315,
258,45,172,
10,121,233,
227,142,233,
284,286,89,
299,121,89,
2,118,182,
95,77,313,214,
327,93,70,
281,156,14,
25,293,
15,243,203,101,
294,200,332,230,
214,19,137,
172,135,24,
16,19,258,
215,224,112,2,90,229,321,
297,312,
332,180,167,146,208,
62,258,19,
12,180,279,
3,286,70,
215,181,181,
147,258,93,
216,320,271,
105,98,135,
176,293,70,
279,23,
202,308,280,
258,315,173,
198,92,214,
206,112,315,
20,146,89,
87,286,
99,145,188,
166,234,
291,327,33,
319,33,200,
301,76,121,
304,319,313,
80,121,63,
137,76,274,
244,77,211,
161,63,271,
286,198,179,
38,298,
223,48,289,
212,48,212,
307,10,
190,178,238,
228,204,112,
229,112,
325,162,
114,311,181,
0,328,310,
312,240,181,
115,88,6,
71,100,
184,107,234,
191,180,
51,98,174,
274,212,88,
296,14,127,
14,93,173,50,
185,282,327,286,
254,200,245,
191,98,
130,70,244,
316,290,
287,313,10,
267,290,135,200,181,
320,291,328,
202,234,79,319,
130,188,324,149,
5,311,70,281,208,194,
9,305,313,
131,318,162,252,
198,93,204,
288,30,198,
264,45,88,
319,33,84,
65,3,
14,114,
324,97,
103,328,86,
138,319,101,
261,188,97,
77,185,19,
57,295,214,
133,310,276,
238,88,119,
59,293,311,
158,73,89,
0,74,45,118,290,
30,295,74,
10,97,46,
18,313,
215,182,23,
250,5,6,
40,153,146,
209,258,291,
160,214,202,
178,258,291,
213,290,141,
33,179,237,
194,116,149,
70,37,127,
24,6,332,
320,258,798,44,
185,315,295,
136,194,5,57,
124,290,103,
133,181,135,332,
4,110,290,
180,142,81,
308,63,295,161,
94,194,
128,265,291,107,
283,104,313,
238,27,219,
113,137,304,
135,194,130,
165,249,
34,137,
326,307,313,48,
241,194,127,243,
72,179,46,
54,86,
332,48,258,
120,200,23,
208,98,14,332,
95,280,185,266,
317,320,332,316,
222,311,318,
147,320,92,312,
332,320,308,
143,278,
195,149,200,
286,219,73,
217,82,137,237,181,
185,1,289,
11,210,2,
129,5,97,181,
104,107,180,
36,276,366,
278,302,312,
191,45,271,
175,200,200,
334,121,93,
14,227,89,216,
135,295,294,
310,91,366,101,
313,103,292,
252,173,91,131,100,
175,95,89,
218,298,273,
213,98,279,
178,292,149,
112,278,215,
255,98,
43,305,5,
230,181,19,
265,211,149,
316,118,103,
237,219,127,
177,45,
233,315,
10,201,41,288,296,
7,315,290,
320,76,
80,107,
233,200,274,
320,320,
288,99,
87,181,188,
82,6,73,
1,76,86,
39,279,143,
41,3,219,
309,238,282,
