43,5,314,172,291,254,46,
180,288,326,315,107,258,274,300,272,6,153,
228,94,222,140,11,180,194,288,282,219,199,208,275,254,6,329,243,308,286,50,243,95,293,291,201,119,178,
325,16,4,304,185,286,218,279,84,9,3,152,134,225,40,136,17,187,221,
0,265,313,69,51,179,307,62,
233,133,303,221,247,174,193,329,74,217,297,202,232,10,147,308,4,199,316,146,
42,197,260,29,150,75,28,285,264,265,15,103,111,198,215,32,115,48,227,248,329,185,96,257,254,175,299,207,157,85,166,209,311,6,260,321,320,251,
88,168,244,134,149,163,158,165,81,174,189,182,122,215,
278,27,292,146,177,33,218,297,91,101,134,200,281,64,239,288,191,286,305,
91,291,112,1,199,143,274,175,227,225,9,
181,144,105,147,274,17,74,239,259,85,268,203,168,255,37,4,128,172,77,191,197,130,326,1,212,101,266,248,73,
108,244,46,168,76,333,263,310,329,213,225,281,64,178,29,165,329,67,313,282,64,71,
107,180,240,
96,233,112,44,260,172,257,100,315,5,101,198,157,231,
240,268,275,68,157,123,107,
30,295,313,117,44,317,88,
29,73,75,333,166,284,224,278,299,286,181,45,62,290,198,185,230,
60,202,148,133,249,84,178,179,265,
265,286,83,221,55,13,75,0,0,250,5,157,129,
237,311,22,175,259,168,322,15,86,
226,284,43,109,52,135,6,
197,291,244,211,289,298,17,277,193,123,8,291,14,57,237,79,240,37,44,143,45,133,267,11,70,142,328,146,10,288,21,159,277,146,162,72,52,
97,248,144,123,
123,257,113,31,85,156,183,308,83,156,147,94,116,83,267,89,243,23,
273,216,231,13,
232,281,136,286,120,205,152,143,177,
44,272,161,9,173,287,109,296,98,273,167,45,74,242,329,163,158,196,112,123,185,321,333,168,288,185,165,210,194,228,96,271,83,212,117,
310,203,215,168,14,
133,27,68,37,121,101,58,181,325,303,324,290,227,161,219,263,179,334,256,189,200,290,330,74,213,313,
235,164,297,208,74,313,51,196,26,234,219,178,265,307,208,297,205,81,0,
168,181,160,307,307,113,204,135,98,192,129,251,19,131,8,213,21,157,285,175,257,276,310,126,
178,172,219,134,165,288,235,236,39,122,153,195,274,272,112,59,207,194,29,83,147,
73,253,255,
228,26,323,49,77,93,121,150,73,
254,142,84,149,158,162,124,313,187,127,124,225,246,314,76,144,309,327,252,119,
147,186,244,25,187,199,137,329,323,195,185,124,83,205,148,109,317,92,65,309,1,0,318,48,44,82,75,295,250,181,325,312,70,252,123,163,255,271,12,
208,262,301,49,127,245,175,311,180,254,68,235,220,250,253,245,
241,170,251,131,50,162,133,318,213,45,102,271,259,272,333,221,209,301,303,22,324,169,116,230,23,114,229,272,325,45,61,6,295,96,197,47,334,198,139,129,80,106,108,129,312,36,330,
13,189,13,202,139,193,162,81,167,199,73,77,81,233,99,189,152,312,
55,288,159,274,37,
302,142,204,67,163,289,97,201,184,170,46,78,268,132,224,273,110,200,22,143,310,79,96,211,213,293,316,
146,197,58,85,233,323,
317,274,197,277,34,107,203,127,181,201,219,194,
5,53,43,232,276,265,155,221,191,
136,74,318,158,252,79,232,238,269,73,127,316,325,
295,292,277,230,57,178,323,210,286,312,50,
168,323,132,156,231,148,59,69,4,21,59,9,88,78,162,274,244,324,22,17,92,28,332,124,194,209,103,139,167,150,237,
308,296,123,116,295,313,332,274,330,55,122,299,
22,45,291,12,318,31,146,
69,176,48,190,82,144,79,17,204,19,15,311,153,11,133,209,203,321,174,52,116,247,200,0,263,48,0,173,188,
208,124,74,19,16,101,51,206,131,273,323,136,242,97,285,20,38,283,201,153,173,220,152,196,154,109,124,207,267,290,169,278,222,293,47,11,111,135,249,83,69,80,124,55,141,264,47,98,302,217,205,59,220,220,302,118,289,255,188,273,172,50,92,310,67,186,315,144,117,149,56,159,3,137,242,295,227,317,47,315,91,226,177,167,3,
184,140,302,233,291,205,262,320,160,285,43,33,
168,140,61,212,69,287,25,288,260,94,90,262,315,205,232,137,143,
178,51,317,258,107,12,198,88,179,292,297,
221,207,242,307,207,205,5,159,270,
303,59,212,329,277,309,331,115,233,152,233,78,111,201,225,252,192,99,147,199,51,
140,126,157,
228,208,81,173,235,73,124,220,
318,44,4,86,125,64,249,147,19,244,225,249,74,55,176,204,57,87,334,
315,101,70,260,158,207,107,300,68,163,164,222,73,159,101,130,129,77,158,239,
115,141,242,144,28,304,211,291,257,
215,55,33,60,143,45,225,160,136,286,260,39,128,188,162,53,298,44,324,73,122,85,116,310,130,80,226,320,
164,59,168,90,231,99,94,187,91,156,229,
302,27,31,269,206,116,249,122,144,227,272,86,156,323,200,194,208,195,285,128,275,279,282,310,198,57,277,162,110,99,137,280,
199,159,119,296,259,144,110,52,124,125,155,51,274,294,131,43,196,244,274,36,139,202,268,91,256,75,318,60,206,249,328,
94,187,307,173,183,191,157,280,251,212,333,16,25,
31,5,221,247,24,292,67,97,283,42,292,45,36,145,216,286,207,65,55,101,188,308,211,264,139,107,284,239,302,62,36,264,139,95,39,55,75,212,116,313,216,137,190,27,
64,121,322,305,165,
291,193,146,33,22,199,295,294,137,219,287,265,124,174,195,40,238,
57,189,295,268,56,33,68,
117,326,283,296,172,204,143,254,172,54,25,142,260,329,163,220,238,44,41,203,17,277,258,183,30,178,309,31,270,78,30,291,264,323,5,264,181,44,
225,159,254,21,124,27,318,33,5,208,111,123,
41,164,312,26,
85,209,123,123,97,176,259,130,317,190,140,128,273,289,86,
109,4,171,230,195,120,64,226,74,265,238,
301,165,318,176,51,294,208,153,224,160,176,139,287,95,
277,51,23,236,70,252,281,281,295,17,269,283,152,203,133,
170,307,80,171,156,8,193,26,321,155,15,112,7,172,43,49,235,116,143,68,
255,248,67,73,41,77,286,296,206,8,279,
3,23,177,151,264,76,50,168,
45,33,15,49,89,7,333,247,318,23,215,234,7,32,52,110,299,300,231,232,162,231,268,66,128,22,
243,166,210,228,78,252,104,75,
178,295,131,128,
110,291,140,107,50,217,248,
27,308,302,295,9,277,326,277,107,36,310,133,246,294,167,88,231,128,329,10,251,147,43,140,145,5,292,201,115,29,156,220,313,150,224,8,3,246,
25,94,282,207,204,76,
222,203,130,73,91,62,285,155,228,187,119,34,269,100,74,202,153,61,197,
274,115,314,18,87,42,81,111,186,57,102,129,202,1,232,284,273,158,178,199,104,53,256,264,324,46,153,256,258,317,221,302,31,83,315,326,15,119,95,
184,205,131,103,90,184,157,302,315,32,28,18,176,321,159,175,228,
299,42,45,308,
95,229,2,66,9,229,34,216,48,295,162,145,217,241,208,
210,44,281,12,60,152,211,
60,113,274,6,14,136,5,224,174,178,150,181,18,302,229,
76,328,69,76,312,327,109,258,14,210,309,170,70,87,107,29,11,330,147,319,130,78,272,131,37,280,84,8,292,66,92,221,278,24,254,327,202,324,
107,178,175,110,131,169,302,
194,116,277,66,34,295,
56,40,207,49,298,77,214,190,220,314,32,55,316,10,206,122,
198,204,133,95,16,41,183,258,29,306,10,44,
205,325,112,133,142,
268,45,240,57,328,91,130,236,
8,230,168,83,221,222,288,23,311,143,55,8,298,
22,237,38,290,279,
183,316,167,80,219,
63,83,236,90,216,316,127,327,67,48,241,226,47,
308,95,174,260,17,61,27,300,264,72,162,246,300,263,276,300,38,203,298,11,126,311,248,233,228,135,13,140,226,78,64,
75,101,42,216,134,303,170,221,214,11,88,190,119,251,259,
253,60,133,286,92,13,334,21,51,117,285,321,
273,173,140,331,306,
136,215,117,144,237,313,207,234,284,217,92,328,273,122,238,153,297,0,84,140,
50,51,285,57,75,273,295,
127,230,254,231,93,77,35,
277,286,62,194,266,288,166,321,197,
95,301,148,213,
203,32,333,310,215,172,222,252,53,262,324,318,135,43,93,217,66,301,159,98,172,277,220,320,
249,197,203,302,47,293,333,134,100,54,60,9,134,316,318,55,231,194,24,31,
303,228,297,237,
174,212,105,244,225,308,304,70,145,297,315,190,244,334,157,310,190,71,93,40,72,219,138,92,142,196,65,177,122,120,264,198,149,118,274,62,276,114,254,4,277,199,300,
296,171,243,150,84,320,41,164,322,330,96,261,183,109,301,147,53,147,228,
78,108,291,296,197,6,328,314,44,82,
64,97,49,108,269,88,90,312,174,146,27,130,79,103,289,239,21,240,221,114,225,267,298,
170,289,12,235,37,166,294,72,8,144,254,175,307,101,233,75,318,208,84,222,325,136,31,267,76,100,59,150,157,226,117,282,231,
329,70,280,299,53,50,296,52,260,333,122,216,241,
136,90,170,333,228,101,214,36,
70,52,107,61,315,239,29,60,155,192,138,197,122,167,329,261,36,8,157,329,86,33,64,3,107,
116,0,10,176,259,
123,167,230,240,97,27,243,85,247,172,220,73,228,311,
153,79,34,178,272,180,
33,31,64,122,197,21,289,84,
248,294,62,280,187,183,279,142,326,236,303,320,3,173,
235,192,102,194,275,82,245,197,313,45,133,302,263,183,332,212,197,256,240,113,160,231,91,243,285,135,258,209,310,25,173,73,308,43,116,7,321,23,102,115,195,203,
272,126,271,109,44,177,284,118,10,169,36,187,136,128,269,250,192,217,176,224,113,248,328,302,140,151,107,321,1,210,136,171,39,128,89,316,
72,227,48,162,138,
73,228,316,79,
207,221,295,178,296,
129,238,49,52,
124,150,140,12,281,106,
16,5,41,137,284,198,39,226,
122,164,33,178,174,
123,212,219,329,168,206,152,26,97,311,246,251,231,206,
178,329,39,238,108,
157,168,42,121,240,140,133,289,
325,133,234,164,135,199,327,248,165,119,105,183,281,331,314,25,303,133,
53,307,224,9,193,165,300,296,237,5,118,287,282,296,95,296,53,181,299,64,244,44,15,274,199,39,44,46,
136,247,60,91,127,181,
127,177,328,140,176,208,77,69,131,202,231,
74,148,33,251,200,287,90,27,112,275,152,174,319,24,125,43,136,271,319,68,103,31,294,86,248,99,78,
185,85,44,62,125,266,333,173,
197,69,172,159,4,292,236,254,156,239,277,295,123,36,5,42,30,150,49,206,315,221,139,224,222,128,91,292,252,197,253,241,295,92,138,321,241,51,35,33,327,
133,235,311,124,235,69,8,334,146,39,79,265,314,86,100,157,79,207,208,304,153,262,129,199,289,198,60,82,13,168,2,272,137,173,
76,322,45,331,89,331,322,212,102,
41,8,328,58,64,234,321,16,316,246,85,3,276,303,7,166,174,
307,238,164,53,164,306,257,6,182,142,91,329,94,171,163,288,85,278,51,278,95,235,57,83,118,221,65,278,135,
204,98,
300,229,34,308,35,101,244,30,235,37,45,12,81,10,195,249,308,329,49,206,156,158,
233,24,318,184,62,171,
287,292,87,282,150,148,48,328,227,37,212,87,305,77,266,86,261,131,58,321,97,173,121,
228,151,252,333,204,207,323,250,298,312,134,18,49,201,303,332,57,32,47,60,158,210,179,220,158,318,116,27,
207,189,314,255,32,31,141,142,260,125,146,199,283,286,160,100,30,302,296,273,92,53,160,189,247,109,330,162,56,45,67,280,43,315,298,104,133,221,47,152,112,161,332,291,
288,73,228,49,30,129,245,248,313,261,227,278,281,319,197,97,187,36,96,312,103,119,27,333,121,163,251,217,255,315,205,232,20,
173,326,141,56,321,169,114,106,149,176,320,217,
3,325,27,285,58,232,238,208,
186,172,60,201,87,140,36,8,140,311,85,131,261,333,202,191,214,311,157,98,201,80,202,141,206,284,191,
73,18,222,13,181,39,2,332,204,84,228,
180,147,125,195,27,172,87,
300,160,53,253,243,133,55,280,260,274,161,71,82,
230,166,8,109,127,260,78,21,116,125,288,257,175,41,52,171,
70,329,174,212,
324,26,6,219,25,268,243,
206,164,295,311,186,300,56,255,272,217,135,123,
214,28,314,30,79,250,154,166,187,1,239,173,81,150,238,
152,278,29,140,312,323,154,200,13,87,94,
274,178,53,87,332,34,108,43,
303,182,247,42,118,262,313,
7,45,81,314,50,323,128,317,
144,324,69,120,127,183,281,42,45,25,275,58,36,136,301,30,86,272,10,97,302,
150,214,131,165,64,244,
33,283,184,139,130,318,83,94,315,130,329,95,322,60,72,325,168,225,175,19,263,64,6,38,66,147,286,324,147,126,219,267,291,109,87,324,23,134,146,179,290,193,85,45,243,123,71,27,215,
90,176,18,131,133,13,236,85,322,13,37,292,63,215,33,99,164,109,
147,118,181,163,70,180,34,80,304,275,202,32,85,268,33,163,101,18,226,5,224,49,252,131,17,255,178,
15,13,53,201,
169,260,64,
313,77,108,31,276,98,199,118,
75,322,282,214,213,233,234,304,17,291,31,29,280,312,72,208,132,174,15,105,324,323,202,324,295,265,150,166,116,197,
284,199,248,23,145,165,316,333,175,314,143,226,300,265,189,285,36,186,213,314,
282,107,288,25,124,302,210,189,12,60,5,248,74,225,192,88,172,29,170,242,109,
238,214,81,175,321,245,142,146,129,273,109,178,93,127,291,
212,203,327,43,51,311,262,76,324,24,60,151,198,
314,214,126,199,117,155,243,96,44,8,264,59,126,159,246,241,84,264,274,68,43,7,231,228,294,155,226,220,264,211,118,28,242,49,178,
274,43,128,308,300,55,154,1,50,
81,101,2,322,214,210,239,318,1,92,48,314,127,258,202,205,23,
73,288,190,323,18,84,215,82,148,287,170,216,204,304,15,153,249,111,227,305,
131,127,280,50,296,178,
44,74,147,333,130,132,53,210,4,322,235,9,281,88,31,132,252,30,253,198,
203,203,270,333,170,276,208,225,247,136,320,17,75,164,120,35,176,134,262,213,
23,299,3,65,102,219,330,81,289,99,74,88,148,208,293,262,235,59,128,243,265,
206,252,233,56,
101,165,31,254,57,181,315,97,72,210,63,136,235,257,304,26,164,147,290,332,326,133,22,219,77,259,281,21,74,143,294,177,
259,204,300,228,
333,203,226,29,140,44,156,164,327,141,94,249,227,90,248,254,188,298,237,201,187,153,289,83,
83,64,287,213,157,265,123,63,95,296,222,231,241,11,179,123,200,274,54,
45,208,73,199,144,77,95,157,136,298,123,177,50,270,98,220,311,
159,266,6,33,184,194,29,37,45,228,305,133,329,199,315,131,199,288,98,261,211,154,305,287,236,26,127,172,246,209,284,205,5,104,184,
241,329,324,116,54,233,138,
85,116,100,152,275,185,148,285,146,47,
295,95,254,181,286,11,247,325,31,332,
197,142,321,233,78,69,231,296,20,212,223,
83,121,175,134,43,333,
48,81,95,180,146,237,198,
56,62,159,155,64,3,1,177,101,164,8,218,317,52,237,280,56,231,89,124,
221,175,313,314,
51,212,301,29,222,
6,60,121,13,154,213,328,
318,319,81,223,69,157,162,208,193,172,234,306,233,136,184,301,233,94,
181,317,140,145,150,237,206,99,262,56,
277,213,285,326,219,229,67,131,133,
116,212,126,85,156,226,20,227,176,202,69,295,104,
292,213,147,194,23,130,247,208,151,156,311,135,287,23,143,128,139,286,196,249,151,176,12,137,186,295,316,329,128,86,76,5,278,303,190,23,136,288,
244,197,214,34,30,88,170,32,5,81,212,17,280,86,124,53,67,233,227,287,233,257,117,125,59,
96,113,88,332,6,55,
285,284,85,3,136,220,319,5,
67,38,108,255,
213,220,6,120,266,257,268,202,257,102,278,200,280,1,302,13,100,312,277,114,7,131,29,245,290,95,
116,248,137,31,101,320,144,253,110,209,302,
208,130,228,258,1,295,55,45,209,138,101,334,200,219,107,275,293,265,265,95,
318,291,166,296,203,189,239,5,78,309,136,181,35,29,110,
134,249,278,270,219,178,64,70,83,218,
116,262,66,64,55,256,2,32,295,75,51,194,95,127,241,
277,26,197,262,281,303,211,55,24,106,264,73,162,99,25,88,
14,62,282,77,265,89,58,181,123,71,228,249,263,80,16,20,68,
92,311,328,283,87,208,42,245,173,262,33,90,257,64,218,79,311,324,137,1,6,334,63,204,268,147,254,302,174,269,261,247,8,190,311,313,80,332,150,168,272,
233,244,260,121,243,11,334,3,215,
38,200,44,330,200,178,282,28,137,100,206,38,292,160,306,212,308,231,204,219,131,
101,300,26,289,56,209,98,178,85,75,301,333,39,188,103,202,32,
207,215,113,143,74,122,142,295,134,204,43,0,
101,80,63,47,116,144,187,297,41,193,285,290,196,331,229,274,161,102,57,91,196,11,142,199,5,181,96,111,324,
248,43,255,56,102,272,163,145,100,309,159,64,284,86,53,235,97,258,67,316,84,
199,133,207,168,303,102,307,218,201,174,181,30,323,325,130,
296,53,198,318,199,151,63,276,173,311,78,25,27,317,175,308,142,131,265,269,327,
175,165,132,168,284,98,66,198,207,320,126,107,242,284,329,227,
89,208,176,295,
147,17,252,52,225,326,219,334,127,289,133,303,42,50,250,69,235,
175,150,318,23,240,208,40,203,5,238,141,283,142,148,317,75,160,214,13,44,100,294,294,170,197,45,304,12,205,30,17,43,128,130,75,208,230,8,83,112,221,91,132,294,
39,86,215,178,287,227,11,21,178,291,251,13,331,84,37,310,212,
148,175,73,95,87,
212,190,94,252,116,223,95,88,90,81,247,194,12,30,156,292,152,31,123,236,259,141,254,167,180,139,79,39,
219,105,218,300,35,176,62,57,179,142,324,80,234,101,178,204,123,52,208,11,76,72,333,
78,117,318,179,75,281,58,57,220,4,278,301,230,
219,152,33,66,153,187,277,13,153,291,311,121,242,147,236,243,4,134,68,219,183,
202,331,13,226,60,146,179,228,57,129,89,40,231,77,
20,116,332,232,
81,91,48,20,25,6,321,167,239,47,60,225,134,68,95,326,148,121,113,206,303,93,163,98,215,18,105,324,173,280,153,182,127,105,212,12,131,238,167,217,296,300,51,243,
313,149,27,308,109,133,221,282,150,
10,76,197,233,96,116,152,11,288,312,59,
216,313,263,273,
291,178,94,328,5,268,197,182,311,147,94,83,85,291,7,59,89,318,232,319,243,116,245,176,91,297,290,126,322,78,225,45,184,140,131,92,180,235,259,13,272,66,134,150,
48,108,72,147,299,158,109,222,269,34,9,95,
231,127,119,35,134,275,27,257,54,164,16,127,202,249,273,282,167,208,244,
27,286,123,1,144,321,147,33,30,311,228,317,
128,102,274,75,
300,140,329,284,246,314,21,223,136,259,332,170,
58,59,137,56,133,146,6,61,87,244,
297,275,235,250,159,275,254,278,212,281,
87,4,5,180,225,297,311,109,265,274,
212,288,313,262,5,257,138,70,46,161,
329,233,303,91,190,122,300,123,50,70,38,150,269,233,241,293,320,130,220,245,56,271,186,290,
64,284,33,95,1,160,286,41,193,206,330,45,321,46,321,183,14,116,1,173,45,151,112,175,186,191,
29,108,123,138,70,287,257,133,40,51,128,62,178,190,310,
320,329,247,227,248,42,
208,146,89,297,124,121,174,
287,53,83,21,5,327,301,186,107,
312,81,72,317,41,196,
254,231,208,314,46,43,93,
273,136,99,179,162,300,190,19,147,
228,314,267,320,48,
247,207,121,92,110,281,203,136,242,206,47,174,105,82,
316,247,284,183,118,73,86,233,21,68,269,
324,228,274,113,170,97,161,122,237,103,44,254,
286,31,113,33,116,33,177,80,12,298,99,160,280,106,173,71,37,263,288,135,105,193,291,39,175,265,228,137,239,52,30,273,134,149,207,125,99,164,68,326,277,29,62,265,232,136,
201,290,296,241,15,198,323,84,81,263,57,51,291,309,188,124,188,22,242,114,105,121,101,64,309,112,19,303,77,69,317,171,123,129,213,225,207,132,226,32,164,87,15,271,310,332,102,292,304,
51,235,63,21,67,254,85,55,303,
25,134,109,214,95,325,182,276,
314,207,328,37,290,68,143,274,103,270,305,150,97,194,226,264,272,254,111,235,151,326,197,77,221,145,78,
16,194,231,233,
130,183,222,54,132,214,319,137,231,78,218,265,81,103,272,95,329,39,57,130,35,262,44,
100,40,18,158,41,51,15,293,329,256,262,206,202,29,214,270,210,165,173,190,92,169,274,289,158,252,315,
172,214,318,282,291,321,84,
248,294,326,292,209,290,207,260,107,246,256,159,116,69,123,282,181,46,209,233,221,325,327,109,272,
165,284,236,111,200,306,190,27,175,137,178,2,46,64,200,150,311,
324,260,136,284,26,33,277,229,11,72,284,144,56,7,290,286,43,149,63,236,233,316,5,218,81,98,173,84,218,203,215,228,81,121,260,
162,277,273,221,332,163,78,195,
288,44,140,168,267,190,180,
126,308,150,132,196,284,263,71,140,181,278,214,192,
25,8,28,19,149,219,266,211,
311,292,73,238,210,133,195,11,132,232,92,324,42,308,11,219,123,206,237,87,71,251,194,200,
86,24,35,295,112,
252,277,74,17,221,285,124,118,174,
323,228,4,96,148,163,228,291,80,91,212,7,40,334,
117,300,136,41,28,240,139,190,19,249,143,127,171,32,141,294,90,332,246,294,253,195,89,305,71,174,84,
252,302,303,141,76,133,0,93,271,324,
166,93,18,243,143,230,98,
81,212,244,285,118,204,309,312,7,228,148,217,331,261,79,114,235,125,
288,100,149,132,198,84,321,248,
137,121,168,100,
127,147,81,45,318,308,332,
112,107,191,216,18,312,175,94,80,201,167,32,17,34,0,133,314,96,160,265,64,178,61,240,86,
264,274,31,100,3,73,189,128,332,315,236,181,199,222,299,166,327,
59,168,119,76,167,228,310,3,326,303,122,257,181,192,77,176,164,14,18,85,330,139,196,211,244,
77,49,181,309,313,320,2,261,240,133,279,111,289,313,82,127,299,
179,35,219,332,126,70,119,280,0,286,273,78,286,
171,148,243,269,73,240,56,296,62,36,237,256,170,143,271,256,109,280,314,310,
33,93,298,294,246,1,287,291,215,146,224,315,295,109,75,192,220,228,192,301,287,247,83,96,271,191,151,295,99,
79,136,270,73,199,302,212,
80,119,72,63,301,190,17,150,7,44,168,134,5,284,58,129,136,55,36,256,97,312,32,51,101,137,222,322,186,14,123,70,204,307,183,309,220,82,
166,55,318,21,264,319,234,317,
290,168,291,136,125,294,13,261,98,155,241,
57,228,60,222,63,119,248,
322,75,213,11,275,69,202,239,5,
254,333,51,68,320,229,
194,137,212,308,146,32,44,316,191,320,6,16,123,309,311,178,171,
18,90,59,263,73,
26,305,319,295,193,317,122,26,99,11,58,183,291,175,114,207,201,305,49,284,158,259,90,61,227,9,258,210,159,267,269,131,140,254,178,136,216,288,2,164,266,42,164,209,130,74,323,56,310,8,165,118,126,94,322,317,184,42,296,110,300,66,101,133,94,297,318,124,28,35,120,41,4,94,252,26,290,
303,199,292,81,81,269,8,68,260,
181,147,59,264,117,329,
188,12,155,172,265,261,32,131,178,284,236,307,245,260,
17,83,313,147,244,253,197,176,283,140,36,281,143,97,238,110,15,113,
76,47,59,288,63,66,268,10,101,87,274,201,111,77,300,306,25,189,
1,272,56,109,91,274,328,203,129,57,181,166,173,
258,274,208,61,11,79,121,162,19,235,5,12,267,155,
158,136,228,190,95,298,48,
214,203,294,172,81,37,307,188,227,126,38,86,123,75,
144,280,120,167,246,
8,92,312,166,76,204,
250,100,228,243,231,135,1,98,231,294,278,294,104,159,62,
209,101,248,238,85,97,235,168,136,
247,292,45,123,254,303,290,167,196,311,172,328,320,131,232,198,197,
52,49,321,181,50,219,80,129,263,217,300,192,197,
124,21,100,
173,142,94,185,76,88,269,269,50,315,273,334,302,26,
77,64,56,322,76,178,325,216,250,
109,87,48,
265,109,291,87,60,
60,253,179,209,214,255,210,212,68,235,271,204,33,85,263,169,9,300,
280,179,94,175,171,164,323,144,293,
291,117,100,225,151,23,110,219,195,
38,295,67,33,291,242,235,310,22,
100,248,250,182,273,22,291,114,264,288,54,279,236,237,239,124,95,180,46,186,5,122,179,279,137,
109,90,313,291,142,257,59,
233,318,140,329,16,6,248,279,
146,238,291,
169,94,173,75,60,290,117,
295,27,70,326,13,325,281,35,295,197,317,33,149,222,208,37,38,18,42,208,308,207,313,116,277,116,329,109,128,30,33,147,194,43,50,
212,70,39,31,32,301,315,45,31,128,173,51,177,245,221,85,210,313,274,90,7,
231,83,130,163,32,254,56,50,127,23,84,70,
311,247,
233,248,96,197,41,118,93,206,43,132,144,218,185,285,
172,43,247,203,
68,60,74,74,240,102,14,134,197,57,
288,10,55,135,151,264,265,321,29,326,170,36,93,210,218,250,316,76,252,105,196,246,286,212,292,178,85,102,170,282,186,219,322,
227,116,321,91,31,66,0,320,20,281,178,83,319,
173,209,296,64,142,231,259,202,304,180,209,176,271,152,158,321,289,
202,173,116,81,305,219,
110,302,121,146,318,87,
131,294,21,184,17,66,150,161,90,40,291,133,288,216,313,168,21,182,223,36,282,310,304,178,213,132,260,334,44,109,
35,231,145,179,297,328,317,127,
315,176,41,97,274,318,197,289,200,257,134,146,176,185,
317,296,56,295,23,30,99,132,139,
98,175,8,290,166,204,
140,159,272,308,333,45,208,270,279,233,97,181,5,35,234,180,87,
51,100,116,168,50,
262,88,219,326,212,241,68,268,272,89,105,247,260,290,321,290,14,116,208,225,68,99,253,23,38,88,111,303,215,62,196,198,203,155,
113,129,235,272,207,278,22,62,6,98,235,60,96,215,123,8,79,324,146,237,96,17,297,153,
49,197,18,102,59,18,297,126,255,24,334,77,120,319,14,64,10,230,240,151,216,165,124,92,234,8,208,79,60,70,75,228,168,47,52,45,252,35,236,
237,197,53,171,216,5,214,58,70,181,168,303,
49,20,238,85,91,24,153,208,122,188,262,69,326,129,52,
328,31,63,132,152,200,125,137,207,95,49,240,97,20,35,66,80,272,
64,55,13,56,113,121,169,253,134,126,128,248,254,166,
94,123,168,170,140,318,
292,31,271,113,133,196,130,100,165,
311,92,243,208,280,334,215,
58,68,60,185,0,182,24,304,265,80,100,287,92,263,303,43,45,208,21,
218,324,130,332,199,40,210,241,
7,45,41,18,82,
202,321,6,40,71,
28,258,60,304,62,243,199,173,10,99,323,222,214,43,224,218,262,0,323,43,119,140,203,191,25,315,229,61,115,26,47,143,241,276,
13,39,133,308,15,4,
332,308,264,20,226,294,67,193,160,
204,182,243,217,125,14,198,188,255,163,88,270,317,132,80,259,73,
260,308,215,315,233,93,236,248,268,261,16,308,134,152,96,238,252,230,169,238,333,67,131,280,188,
111,42,274,325,214,204,331,165,306,48,271,301,137,258,124,205,142,115,140,322,266,302,112,212,296,62,257,121,139,234,306,262,82,237,330,206,
31,227,123,56,
43,244,326,237,92,326,121,314,207,83,34,333,127,175,207,100,132,226,274,258,274,
281,210,115,167,273,15,232,196,12,17,232,18,108,33,51,
110,199,4,328,157,249,76,115,36,93,294,103,
297,34,164,233,12,23,193,35,158,303,321,52,61,136,91,75,
62,327,262,53,9,172,57,8,56,69,56,292,240,251,18,123,234,96,97,180,92,248,136,180,183,89,185,277,286,328,171,321,250,280,46,
137,4,167,265,211,286,251,291,42,194,220,70,168,138,290,111,225,226,192,116,85,282,11,30,36,
168,137,68,261,16,69,213,290,92,164,142,199,32,168,39,243,7,257,
274,195,196,49,60,253,213,180,251,
277,117,189,317,279,174,161,187,305,117,
64,248,77,85,165,245,27,170,325,150,128,233,
121,64,73,157,219,110,6,83,229,288,
60,28,143,215,9,84,83,170,189,189,233,15,301,166,172,241,191,41,218,32,210,302,133,279,295,49,313,192,241,6,94,
150,33,175,14,155,146,10,186,198,42,147,206,282,114,72,195,126,24,121,301,199,38,298,124,133,152,153,196,330,
332,4,73,218,207,297,295,
45,197,239,300,265,273,156,252,16,285,102,76,280,182,330,180,3,294,103,291,224,29,274,127,316,175,315,314,241,7,117,49,
132,130,201,44,175,126,231,305,131,24,
253,208,44,73,
146,34,278,208,39,42,142,5,24,110,48,249,245,
325,220,0,241,152,120,28,111,234,313,96,17,228,234,83,12,154,170,293,111,222,318,205,155,57,311,164,3,109,185,27,237,
321,170,227,52,272,97,215,294,197,79,173,202,98,173,42,
300,76,332,180,
289,270,147,333,
290,151,73,227,324,4,88,181,56,248,262,15,30,104,33,104,329,273,87,266,41,
160,8,112,314,
141,117,333,93,173,196,217,114,40,115,277,153,272,
60,168,186,328,237,183,57,276,310,313,292,171,323,14,151,49,246,326,142,160,
59,324,126,35,50,
34,294,121,24,97,277,42,108,297,298,252,317,76,41,260,7,192,142,153,294,193,
305,207,140,132,289,64,89,206,
74,44,235,132,36,163,111,125,252,192,68,99,233,135,57,257,239,43,99,
70,159,212,137,295,306,277,25,47,137,138,332,14,203,221,24,59,85,
235,176,248,44,216,238,
278,78,29,156,16,220,
66,244,116,181,101,227,270,
332,70,168,117,96,274,300,332,
326,165,241,248,266,103,237,284,147,94,184,193,97,262,272,295,96,216,113,101,173,231,181,7,228,278,277,33,286,232,155,65,180,47,209,27,141,260,200,
294,301,235,84,152,55,127,178,191,26,133,260,177,208,185,162,184,11,119,62,131,143,11,93,124,23,128,33,66,245,171,236,302,172,248,62,155,162,117,222,293,3,248,301,256,81,38,296,310,6,39,
126,272,116,239,172,243,33,323,237,128,235,334,328,281,164,20,179,175,19,59,286,311,147,180,192,
159,278,24,189,282,248,196,322,147,29,266,46,100,249,69,165,165,169,156,56,273,221,70,5,27,297,225,242,73,117,247,55,154,
263,126,14,
176,306,331,2,59,89,283,203,
121,258,227,240,287,284,246,22,123,
115,42,281,206,224,319,27,214,72,313,292,213,166,66,86,
21,131,225,39,124,209,314,287,0,58,15,
323,126,50,302,149,301,167,225,93,283,27,221,205,23,
295,89,291,239,206,207,208,79,86,30,263,
27,288,159,31,116,197,
88,262,204,312,284,0,197,290,46,172,44,143,20,175,221,180,293,96,276,152,
243,228,172,324,91,117,126,310,33,163,168,
5,134,237,212,139,216,39,328,188,
252,106,31,324,207,212,5,103,228,185,205,80,67,327,43,95,202,147,243,191,147,297,44,182,201,283,135,206,243,26,291,153,217,
265,168,321,169,324,155,317,265,42,46,251,25,233,299,147,97,76,130,286,24,281,181,
140,334,202,124,195,185,269,168,181,153,147,181,302,110,46,291,300,16,37,98,286,305,238,301,108,2,
26,157,295,48,75,78,107,151,316,7,23,157,236,106,324,274,127,161,235,86,87,126,19,0,227,279,228,173,123,26,132,
242,175,314,247,307,
284,273,214,76,110,64,235,98,159,176,151,314,301,181,230,88,301,81,138,280,215,197,291,116,214,325,211,319,9,149,
311,126,8,108,123,27,139,153,
87,26,274,116,127,287,160,58,208,
140,110,27,191,142,269,273,184,47,288,202,231,186,308,
55,277,115,64,71,208,69,166,263,305,303,249,206,299,207,
242,174,282,115,221,192,180,44,3,120,233,
121,34,102,196,103,110,111,137,85,137,64,100,332,228,26,58,128,139,327,259,
24,34,56,45,79,136,289,15,212,233,86,132,323,
221,8,248,252,325,
164,101,126,325,288,105,118,296,41,148,297,122,315,39,60,250,273,48,71,206,282,2,176,121,258,186,325,
4,112,110,285,54,92,18,38,109,318,235,38,332,323,139,208,
328,129,42,20,92,76,222,21,106,89,160,141,214,45,254,328,220,9,291,139,286,106,132,266,55,71,105,200,283,181,231,136,193,127,201,131,303,306,14,322,68,155,12,67,5,83,125,212,318,109,214,315,35,70,188,199,78,41,268,
56,173,248,58,57,196,320,31,169,181,
176,116,69,153,17,291,137,315,285,48,235,184,184,99,66,293,127,
322,76,296,77,64,240,326,5,
254,247,42,212,226,101,295,127,264,33,55,173,
134,330,314,25,147,86,118,251,80,1,278,227,5,154,176,299,234,288,301,288,80,328,231,66,26,203,315,291,
27,225,64,296,325,207,96,
124,208,56,22,163,276,
112,205,27,109,
227,249,290,133,109,134,39,11,121,262,72,109,156,101,207,297,208,84,
12,319,113,93,297,300,175,81,58,22,139,280,195,210,124,255,290,247,
103,324,101,35,168,265,
297,291,87,82,98,208,332,177,
5,46,5,37,239,287,37,268,278,244,97,286,159,140,159,317,11,62,285,166,132,15,140,103,87,170,250,84,282,279,95,196,322,322,
285,302,190,189,50,4,277,238,6,
13,117,13,102,319,90,18,213,72,64,276,154,2,258,290,323,6,29,196,273,198,
324,242,12,53,172,253,218,138,49,311,189,64,239,318,260,168,59,241,206,154,39,
1,214,86,64,27,
298,150,158,45,333,8,155,48,64,198,207,
270,103,226,117,178,203,303,276,29,260,243,48,174,134,98,15,40,187,217,289,79,
8,76,233,133,158,300,190,3,195,328,276,299,125,290,25,98,204,175,196,138,106,255,
6,228,17,93,211,147,238,300,7,33,45,71,324,192,279,315,161,184,137,81,295,227,131,233,333,314,187,249,194,97,42,
4,24,139,87,245,213,179,307,219,210,307,
329,70,76,108,116,47,101,178,135,295,215,181,
35,219,318,324,5,67,103,80,86,161,
102,220,45,23,121,145,13,278,128,294,76,199,
86,242,29,331,60,129,125,273,28,160,26,265,134,122,187,146,183,105,279,43,317,119,84,292,128,280,196,135,85,110,1,39,72,301,108,101,279,54,85,
313,60,1,55,237,24,200,0,278,216,207,78,122,156,202,93,318,104,105,124,92,30,212,
162,197,302,72,207,
331,39,273,
199,313,53,331,
239,74,322,22,
77,59,127,
109,112,1,
49,60,170,324,
195,109,137,178,300,12,
266,185,25,
93,254,127,
133,77,277,155,
2,165,140,133,
198,96,262,48,
203,1,214,
77,255,76,
299,264,55,77,
263,52,69,295,
72,115,219,197,
128,85,29,291,178,
85,11,121,
215,88,311,233,
229,60,254,
241,329,95,
7,212,34,168,
40,323,218,202,291,
84,33,86,296,27,
8,27,62,8,
291,323,43,
202,322,
101,136,227,
141,326,
110,17,121,
225,108,64,91,
156,300,278,
291,172,207,
117,170,253,277,169,
305,202,278,
122,308,88,
213,133,322,168,
35,140,26,59,
6,285,58,
196,262,56,312,
5,146,16,
18,274,60,7,
204,73,318,
310,201,38,
309,194,
11,227,
64,278,70,
142,248,
305,277,
330,111,
291,197,252,128,
71,33,84,
131,107,150,
51,178,0,281,
179,178,0,
160,22,301,87,
332,201,179,
6,60,96,286,180,
245,208,238,
153,252,150,311,
55,254,308,96,190,
206,55,324,123,
168,49,123,133,51,
84,288,254,248,71,
272,141,202,178,92,248,
288,230,277,
286,295,255,6,
205,235,221,
46,100,254,43,
182,303,
84,39,136,
331,202,325,199,
226,332,170,308,
200,152,165,311,
143,28,91,17,
84,73,117,231,
231,96,170,123,
106,124,
43,28,184,295,
320,173,203,15,
291,109,115,
89,62,
312,10,13,
26,134,121,
36,136,241,
66,176,194,291,
188,333,69,5,
290,329,169,
322,237,288,
39,324,5,
23,231,123,
6,202,233,
284,16,188,121,
216,329,
39,16,73,
208,297,225,
138,70,212,
286,278,295,5,
272,206,180,
324,252,33,
306,76,273,198,
91,136,297,
60,199,212,
31,249,22,295,
45,33,58,
290,26,12,22,
188,49,
228,296,184,259,
152,88,219,
217,173,
82,80,300,78,
161,35,212,
155,262,258,133,
55,265,318,8,
245,188,146,
84,60,227,172,
269,316,64,
257,168,115,
128,7,121,272,
4,78,13,
173,133,254,1,
19,273,168,
153,333,222,
23,323,317,
211,25,210,
190,29,31,55,
198,13,298,
78,162,308,
134,83,68,
194,317,302,
164,280,286,
251,123,75,42,
36,137,
83,227,123,178,
259,116,75,121,
1,181,313,
316,248,136,
220,278,203,
34,194,274,48,
75,128,297,
310,39,171,29,
99,33,317,
102,201,
176,116,173,
137,195,302,133,
152,150,210,
95,48,31,274,
73,136,121,
279,255,233,
230,295,29,
272,291,153,133,
75,78,243,
141,252,
87,110,152,148,
64,108,
172,180,178,
175,184,230,
93,238,228,
13,253,
150,168,92,313,
24,146,70,249,
107,27,287,
94,169,26,
17,147,325,
333,
181,66,199,
178,131,
86,237,144,
212,44,287,
324,76,101,
276,124,313,
57,302,
313,303,17,
270,66,221,
241,218,290,
109,282,131,
35,49,130,
215,33,329,
227,66,73,
