36,130,148,153,
86,40,86,125,186,268,315,2,3,93,172,242,258,2,250,
955,74,179,318,108,242,325,
117,915,136,22,40,56,88,
741,0,271,197,242,306,118,151,202,54,40,58,
66,284,980,33,39,247,182,70,
67,703,499,239,246,
517,203,114,319,186,300,32,193,310,12,
118,124,163,181,32,90,318,55,92,112,28,211,257,
158,249,
85,305,33,4,
143,311,48,193,304,
203,594,517,115,156,85,318,15,95,186,307,
933,44,47,263,136,175,10,288,102,
215,21,208,15,222,
359,69,65,147,175,234,
41,25,62,157,280,153,189,306,22,170,220,299,324,167,199,311,158,
915,24,69,117,124,218,270,21,38,40,242,294,92,
69,359,915,40,208,236,330,38,99,192,262,
219,26,342,
21,215,
431,74,67,115,162,181,
136,117,218,250,125,135,285,54,161,167,0,
164,227,161,112,
703,67,917,285,
816,370,28,184,217,116,
319,999,517,107,
311,16,143,12,314,
362,9,157,190,42,303,55,141,154,186,223,310,2,105,129,263,305,
72,81,120,125,315,127,187,194,289,189,
288,182,231,246,290,16,101,150,331,232,
130,944,36,16,236,102,297,
56,264,682,127,297,
603,993,79,
594,833,313,203,207,324,212,246,313,333,868,118,
823,44,163,94,
207,594,676,187,258,38,191,232,263,
279,9,139,282,86,167,285,54,154,211,221,233,
207,25,
235,420,245,208,
41,775,999,26,292,16,21,282,305,
44,823,933,58,
212,602,723,93,172,186,314,12,83,193,270,281,303,70,
284,66,325,31,98,333,142,192,239,
682,139,190,56,114,205,241,299,304,129,269,
675,17,175,
96,833,861,282,158,167,220,253,
103,425,676,139,16,69,55,
249,158,170,224,209,
227,164,285,71,107,292,310,76,112,80,123,
181,431,9,200,325,0,156,243,
165,169,153,245,33,98,125,307,24,35,118,237,272,
48,143,140,293,295,301,
216,193,324,62,328,208,
328,79,142,96,106,22,15,22,79,85,128,141,241,246,253,332,
602,105,134,212,111,201,252,72,83,182,
324,216,594,155,86,89,159,41,35,160,289,291,
305,85,795,10,231,157,76,296,292,314,65,
676,103,207,259,263,
313,578,161,185,134,182,
861,96,117,
280,592,41,21,46,222,94,215,
188,598,71,143,296,242,92,125,323,
325,284,106,137,285,9,84,21,220,278,313,
425,103,8,31,278,292,
268,86,
318,955,65,54,134,301,
190,682,169,147,269,303,28,108,243,
9,362,279,10,127,172,181,185,189,201,300,26,118,139,278,288,989,238,288,
79,281,328,62,295,313,260,
796,123,144,301,14,26,42,125,139,184,200,68,106,114,140,237,
598,188,14,226,
723,211,212,271,161,106,234,101,231,237,297,
999,319,610,41,106,
142,263,328,33,307,117,242,
25,207,41,237,
14,796,598,160,217,114,160,163,282,288,292,318,
120,147,182,42,134,207,289,26,134,
139,279,682,255,233,
205,682,99,
4,32,125,211,227,222,271,331,63,175,256,158,
157,305,362,80,109,112,116,304,
775,147,214,56,41,247,159,186,
250,136,160,48,138,187,
331,62,4,
315,72,86,162,47,226,
370,816,84,119,135,289,
798,719,366,
693,469,38,
944,90,130,140,177,
143,16,188,
93,212,86,
75,262,186,
163,914,118,
55,118,362,182,
993,603,
131,255,88,211,318,293,
156,203,
16,222,311,143,323,332,
167,279,136,
342,219,
366,798,
140,944,677,
76,305,227,257,
278,325,9,
677,140,157,281,286,610,12,
175,675,
6,2,64,69,
593,892,
169,165,190,2,31,95,146,318,330,223,
175,359,933,
172,212,9,
119,578,615,
227,4,756,
38,693,915,
318,169,118,
120,72,756,69,264,
123,796,212,262,
42,796,362,55,
892,587,593,
161,313,723,
276,914,
116,
318,131,203,
161,164,225,
313,79,594,232,
292,227,81,
263,142,933,208,212,15,207,
122,5,209,63,150,154,
10,933,
615,119,
11,492,692,136,
795,305,
26,35,219,
833,594,81,96,151,228,285,95,134,269,295,
234,359,723,
264,120,56,
62,233,41,293,
270,170,915,290,
218,915,136,
980,66,224,
420,235,
170,249,270,294,
300,517,9,
146,169,
62,79,216,
288,9,14,
297,56,130,
228,833,957,
231,288,328,135,153,260,
258,86,207,
288,9,933,
160,250,760,
306,41,741,306,
211,723,4,7,
74,431,666,
214,775,254,
186,86,343,
85,328,203,
141,362,328,
914,163,276,124,
233,62,90,256,
592,280,
114,517,682,
333,284,594,
3,86,
129,362,682,
2,362,86,
250,86,
135,370,
242,955,142,
232,283,197,288,
35,26,192,
665,844,
756,120,227,
155,324,
136,11,933,
90,944,118,
185,313,9,
295,833,79,
26,796,
232,313,207,
144,796,223,80,
2,17,
2,564,6,
285,833,227,
93,736,
262,42,286,75,
118,741,9,
32,517,118,
285,279,134,
184,816,796,
578,119,313,
996,
0,408,741,
229,90,888,
182,120,288,74,
124,915,118,
271,723,741,
211,279,118,
285,325,703,
304,157,143,
17,675,
238,9,
220,96,
114,14,796,
233,279,139,
488,63,
223,144,
444,521,155,73,300,
470,942,
989,45,343,59,9,
89,324,
200,796,181,
313,325,594,
270,212,
106,723,
74,955,182,
153,41,165,
282,279,96,
289,72,120,
212,263,594,
71,227,188,
281,677,79,151,
147,120,775,
32,4,
102,130,933,
186,75,203,
160,14,324,
289,370,324,
163,14,823,
239,67,284,
134,318,120,
116,157,816,
246,67,328,
191,804,
507,587,
804,191,
844,665,
587,892,507,206,
217,816,14,
112,118,227,
245,235,
172,86,
231,723,305,
297,255,723,
182,313,66,160,
9,325,
241,328,682,
242,86,188,
255,297,139,
2,169,86,
42,120,262,
134,833,120,
189,41,9,72,
106,328,325,
98,901,471,
59,989,214,
179,955,887,
24,5,915,165,151,
98,
282,41,14,
158,96,4,
140,796,48,
942,470,
473,964,
212,123,
286,262,677,
957,228,
397,260,
209,122,
17,2,
98,284,165,
292,41,305,
303,190,212,
175,4,
79,603,328,
139,9,796,
101,288,723,
64,6,
294,915,170,
40,915,69,
246,288,594,
186,517,212,
245,165,
285,136,
81,833,72,292,
28,3,
26,120,9,
226,315,598,
106,796,999,
263,362,676,
15,203,215,
237,796,165,
117,861,142,
0,181,136,
47,315,933,
118,594,165,
292,425,14,
21,41,325,
208,216,235,
28,118,190,
332,16,328,
262,123,69,
192,69,284,
70,212,66,
315,639,913,
3,28,304,
205,358,
86,324,279,
12,677,212,
109,
237,25,723,
92,915,118,
159,105,324,
307,165,142,
83,602,212,
330,169,69,
207,120,
271,328,4,
303,362,
162,315,431,
23,
134,602,285,193,
193,399,216,
125,86,4,489,
767,421,456,
328,231,271,
548,763,
471,98,
371,269,
475,114,
794,422,334,
90,229,
146,265,81,
129,75,533,
108,190,955,
112,157,164,
95,203,
154,122,279,
222,16,215,
305,362,41,
54,318,279,
22,328,117,
16,130,41,
243,181,190,
182,602,55,
293,48,131,
307,203,
65,305,
256,4,233,
310,517,362,
127,56,
31,425,
193,212,517,
63,122,4,
16,288,103,
296,188,305,
247,775,66,
222,4,280,
236,130,69,
125,72,136,
115,431,203,
105,602,159,159,
157,677,41,
151,833,181,24,
888,98,229,
894,809,
237,130,
399,193,
913,315,
763,548,
358,205,
564,2,907,
30,699,
852,519,423,
323,16,188,
156,181,
88,117,131,
138,250,
62,331,
119,370,
154,362,
125,796,165,
260,231,79,
161,136,
150,288,122,
208,215,
223,362,169,
33,85,165,
111,602,
290,270,288,
242,741,915,
8,425,
21,280,915,
301,214,796,
8,308,
198,938,307,
519,961,852,
5,24,122,
73,444,
492,11,
932,230,
410,481,
481,407,410,
436,925,
269,371,
105,362,
270,
58,44,741,
35,165,324,
123,227,
99,205,69,
167,41,96,
68,796,
253,96,328,
55,42,103,
301,48,318,
272,165,
314,311,
257,118,76,
12,517,311,
159,775,105,
38,207,69,
40,741,117,
84,325,
50,
209,249,
128,328,
186,362,775,
211,131,
281,212,
15,328,263,
54,136,741,
94,823,280,
147,190,359,600,
252,602,
10,9,305,
33,142,66,
714,832,
880,725,
994,719,637,
562,951,316,291,
225,856,
504,752,
343,989,186,
230,932,
408,0,
479,704,
759,282,
325,955,
80,157,227,
39,
22,328,41,
314,305,
187,250,207,
170,41,
299,682,41,
220,41,325,
160,14,182,
95,169,833,
193,143,134,
67,431,
75,758,
225,161,194,
973,945,
579,951,
970,727,
40,86,413,113,
361,322,
10,953,
214,59,301,287,
369,
868,655,193,594,
699,30,58,
887,179,
283,232,
78,923,
191,207,
331,288,
28,816,
69,120,103,
304,682,
56,775,
151,281,741,
201,9,602,
190,362,
208,69,263,
127,72,9,
194,72,225,
107,227,319,
31,169,284,
46,280,
896,222,
719,994,798,
945,973,
701,566,
919,272,
596,184,
666,74,
728,
322,361,
254,214,
856,225,681,
647,196,
847,905,
383,772,753,
803,113,
772,383,
255,131,
109,157,
295,48,
56,117,
142,284,
318,14,
153,36,
221,279,
148,36,
291,324,
39,66,
269,682,
92,188,
125,188,
328,216,
7,211,
325,181,
259,676,
215,280,
202,741,
287,214,
224,249,980,
293,62,
269,833,190,
840,787,635,
758,692,75,
450,986,533,
148,995,400,
12,573,
193,868,
807,607,
181,195,151,
494,439,
925,436,
316,562,
295,800,654,
841,656,
85,203,891,198,20,247,210,29,261,843,
133,320,291,34,294,319,193,8,260,67,228,63,50,821,672,172,
103,321,259,329,328,327,60,41,198,101,42,181,46,130,134,313,
59,121,89,99,119,73,225,75,55,52,76,176,213,166,69,25,90,233,
14,10,37,113,44,94,122,326,110,279,324,117,316,196,223,197,741,232,
267,286,91,252,223,161,18,36,251,47,229,26,41,
96,639,315,
244,322,263,53,168,86,104,197,314,212,521,
178,990,
290,261,3,216,19,40,181,118,
151,138,93,221,136,547,398,
180,29,157,206,287,51,63,273,9,327,