269,46,204,120,292,48,147,148,73,48,25,193,21,81,157,199,220,30,239,242,
186,275,220,309,267,55,89,260,192,47,126,321,
293,302,110,36,3,111,166,
10,169,6,3,227,170,35,88,182,278,187,250,
201,290,296,145,15,198,323,84,81,263,57,51,291,309,188,124,188,22,242,114,105,121,
122,294,227,235,270,311,157,52,25,7,138,259,307,78,7,146,166,177,112,145,245,140,265,198,
310,39,117,176,53,52,128,134,96,284,99,317,
192,48,115,115,323,76,102,187,269,83,102,167,322,290,5,19,242,129,141,220,18,42,42,2,130,269,45,275,182,214,276,207,15,222,9,301,314,174,330,306,293,234,65,332,
31,5,221,256,166,292,67,97,283,42,45,5,145,216,286,207,65,298,101,188,308,211,264,139,
130,208,267,229,117,271,116,334,15,
144,27,233,132,
112,3,216,289,312,119,
6,39,30,17,211,270,210,300,7,33,45,
306,229,38,251,303,203,198,169,180,300,25,192,293,126,163,118,122,
322,283,176,39,208,
76,44,198,321,230,261,131,248,
217,119,327,40,64,173,
105,124,270,215,7,194,321,
213,43,258,2,112,32,124,32,194,318,241,190,191,264,317,159,258,73,27,223,106,114,101,244,
248,223,136,297,79,219,4,34,311,146,248,149,220,279,323,150,240,
330,215,101,73,176,71,48,275,334,261,317,119,
175,313,149,88,195,159,324,308,158,272,215,152,293,265,
35,74,79,
305,144,315,66,160,119,191,285,
270,209,328,92,45,
153,88,66,141,54,256,233,99,49,274,293,226,276,304,
2,81,185,
227,91,91,50,176,122,148,130,292,296,296,142,65,299,194,271,136,175,27,203,319,214,45,328,316,92,333,100,122,191,313,251,
4,214,241,4,124,249,210,234,239,
274,235,242,123,101,129,
14,138,321,191,
117,163,283,296,172,204,274,254,172,310,321,142,260,75,163,220,238,331,186,130,17,242,258,
298,144,31,311,276,47,220,291,32,333,
104,320,162,178,227,8,44,92,201,198,
251,188,45,168,22,42,213,265,99,132,269,103,111,177,84,320,183,286,114,27,205,109,136,
307,145,269,120,166,318,88,6,96,77,94,
132,270,74,304,39,37,331,183,240,91,
129,153,164,78,3,183,154,88,88,208,217,256,254,77,171,
131,294,64,63,68,
168,210,303,273,197,
123,23,303,16,178,
302,88,32,235,67,111,289,97,201,109,
297,88,248,312,334,3,13,230,261,33,163,299,322,187,0,330,191,311,239,216,
43,261,144,54,52,5,
62,105,288,97,53,9,172,
76,292,104,
267,63,260,35,287,275,86,6,276,86,313,132,130,169,282,16,266,303,278,205,
304,193,30,183,132,38,201,65,88,271,279,
104,147,8,74,326,70,317,256,84,192,219,91,316,295,279,332,133,261,
131,124,326,41,21,272,94,77,
75,302,197,252,191,322,327,41,64,228,93,167,92,179,276,
175,150,318,23,240,208,40,107,5,227,58,283,142,3,317,75,323,211,13,
197,198,172,159,4,292,236,254,75,239,277,295,123,143,42,44,150,49,206,315,
52,88,79,254,168,219,
8,73,239,308,80,102,198,52,287,306,
322,227,75,56,
100,25,18,101,41,206,15,293,329,256,179,114,29,270,
149,215,2,321,311,227,177,19,248,156,11,175,38,145,14,38,31,216,232,183,75,238,313,323,
289,53,130,20,12,12,185,24,80,127,191,223,192,269,21,172,150,185,163,8,232,237,190,151,14,310,225,308,20,216,3,45,287,131,58,45,72,18,49,149,40,251,32,164,201,210,189,183,250,98,
299,267,12,133,117,195,227,165,172,
90,65,296,
314,79,192,83,45,232,73,179,133,204,3,0,0,312,312,317,114,43,195,309,49,
273,88,79,147,136,68,274,183,184,201,217,30,333,276,301,123,30,313,
266,145,56,215,
13,166,18,186,302,293,208,
274,117,306,147,46,156,192,285,144,217,
244,173,229,225,298,324,
3,192,103,232,236,112,295,
244,197,87,
270,291,6,128,105,256,110,
273,79,270,166,285,120,
49,79,194,329,113,119,123,99,257,309,313,123,105,231,285,26,148,303,86,223,144,203,118,228,140,123,62,
73,227,292,148,191,220,291,182,237,191,332,215,245,272,265,208,286,327,
44,272,35,173,109,296,98,273,45,54,
321,88,186,117,246,305,41,217,218,249,201,267,
41,275,203,75,187,32,231,282,300,
69,18,261,190,
16,86,70,117,135,177,123,72,302,
196,276,212,233,154,0,330,183,291,41,285,136,
334,217,144,290,48,160,286,
213,104,120,266,
47,156,15,57,186,272,265,79,159,189,13,254,
207,189,314,78,32,31,141,142,260,125,146,302,62,15,88,100,241,
167,0,0,142,199,75,241,59,
49,197,25,314,59,74,168,
292,227,147,23,130,221,208,151,73,22,135,287,23,143,76,128,139,286,
313,49,200,24,169,182,51,1,37,7,328,46,99,152,17,193,291,101,66,
160,307,305,
291,178,328,13,268,197,182,311,311,83,85,291,7,73,206,
36,127,185,8,59,202,87,
254,129,256,4,204,291,190,
88,1,273,41,129,123,122,210,325,24,321,207,198,213,204,
41,195,327,273,81,86,112,328,
2,200,221,326,265,289,155,
159,213,140,261,227,297,23,214,88,63,42,45,
286,31,113,334,116,33,177,80,12,298,99,160,68,106,173,251,37,263,288,
271,164,
302,105,118,163,51,172,201,274,55,54,327,293,16,100,310,1,47,
64,6,322,153,41,131,275,50,72,147,
325,119,265,208,219,10,143,320,
42,197,262,208,159,49,62,
259,105,227,257,
39,81,6,156,198,306,226,308,289,160,310,293,185,227,217,322,206,248,303,38,
162,68,26,88,291,179,
272,193,175,177,105,
256,260,86,307,163,23,292,102,129,139,230,27,217,254,85,201,71,39,297,73,294,81,
296,156,285,180,145,52,181,132,317,298,275,279,333,231,124,6,291,90,127,74,190,177,332,113,
162,88,18,188,148,226,36,168,145,130,66,95,
66,152,83,18,104,153,92,155,300,197,211,
219,235,63,230,125,202,136,203,162,163,196,135,257,41,179,237,246,124,292,113,180,295,233,215,176,271,209,272,117,107,156,262,230,274,50,168,50,120,33,176,90,27,273,10,21,104,109,
255,239,267,284,323,149,216,228,156,122,
102,210,6,
162,149,104,114,322,
1,185,313,289,314,82,117,152,277,223,321,319,206,
296,
206,0,180,291,327,265,284,333,236,59,232,295,176,230,132,235,318,328,176,251,114,178,32,79,208,119,256,265,118,263,238,94,
257,254,284,270,212,38,259,
177,172,38,5,240,26,93,308,154,251,249,37,49,10,211,88,159,242,251,296,153,40,167,
98,59,173,313,40,232,58,305,1,31,96,240,
44,256,197,154,195,78,229,
314,23,60,197,79,248,272,186,292,
293,253,307,279,3,130,124,92,233,326,183,89,216,333,229,254,109,139,314,13,168,
314,1,285,68,
33,31,184,139,318,94,173,130,329,259,132,297,273,325,198,303,175,19,58,6,324,
101,174,282,35,138,325,255,157,194,322,1,62,258,143,187,259,180,185,189,322,22,198,312,88,234,292,330,287,153,162,212,
107,175,6,311,171,313,78,179,275,184,287,20,280,24,122,185,
220,298,144,151,
210,125,66,296,219,222,150,81,120,168,135,
41,40,228,247,152,193,218,22,30,122,218,286,7,83,196,58,88,266,211,312,38,148,297,288,295,218,221,131,85,188,321,7,129,32,
233,251,95,31,5,177,292,21,44,
324,112,284,26,277,229,11,72,284,
306,198,49,88,139,192,15,324,18,140,236,169,301,28,253,287,333,268,25,120,227,312,224,166,86,192,
132,101,193,194,21,206,67,80,92,78,36,237,11,295,195,23,142,204,309,254,
106,241,126,279,
10,42,41,299,6,16,10,4,27,201,33,175,259,303,308,190,289,177,227,216,110,99,299,96,163,214,334,6,57,226,294,81,68,259,289,56,19,332,257,216,31,265,50,203,114,206,302,
157,299,35,253,313,96,125,316,145,203,228,310,8,311,161,222,83,227,114,54,126,0,244,295,120,145,220,230,257,
69,10,292,198,215,173,41,
279,308,50,106,227,271,206,59,109,
195,124,290,153,170,112,254,41,32,97,290,43,58,244,333,175,16,218,89,79,199,
120,117,80,211,8,129,147,299,159,172,10,49,224,40,110,161,155,185,40,4,307,170,88,293,187,
198,76,147,39,52,116,326,330,135,219,69,
303,10,185,110,39,197,7,278,293,42,228,12,108,222,264,254,132,254,327,33,267,11,251,74,
56,174,17,17,333,41,330,24,76,164,129,
276,153,235,
239,269,67,113,186,81,186,44,0,191,22,73,49,82,
6,220,94,236,264,23,308,15,139,333,318,73,284,64,
70,161,228,26,138,330,169,53,35,206,89,280,106,223,301,85,157,192,
326,198,99,12,294,255,300,136,246,263,28,170,5,131,314,310,
8,88,261,285,280,
48,284,172,88,87,26,69,170,
153,224,50,229,296,326,237,195,245,297,164,142,317,224,219,238,244,124,
312,41,210,174,293,87,167,106,
68,104,113,273,180,71,209,185,7,121,32,42,119,133,93,102,162,189,314,247,286,62,287,131,
21,287,116,131,322,
210,140,214,147,6,289,241,102,320,289,37,26,88,130,162,184,79,323,
284,202,206,132,326,142,75,240,305,98,225,114,71,19,50,274,288,255,257,48,78,
49,131,97,115,62,94,17,259,150,93,161,237,319,119,110,18,
186,164,100,88,87,140,266,8,202,311,
132,92,225,114,221,234,198,186,4,9,88,177,
93,239,214,216,177,297,133,195,16,70,153,272,239,133,151,122,6,241,279,308,259,307,55,151,35,205,266,57,66,
60,35,135,81,218,56,284,160,114,295,
1,273,215,290,291,98,64,218,314,116,
231,128,321,143,57,
219,198,153,
302,113,64,207,13,314,
290,300,294,159,334,39,88,
113,19,158,55,123,107,0,246,331,276,75,141,193,189,24,70,119,245,221,189,134,219,311,60,79,210,
304,149,116,182,243,274,227,310,
185,194,56,87,133,36,179,88,35,54,298,95,2,297,199,224,
146,31,58,257,
256,273,133,290,209,300,164,3,25,39,258,115,260,151,71,66,12,334,79,109,232,181,230,31,111,294,7,45,104,203,45,206,168,184,221,53,
300,206,326,197,47,69,
311,36,206,239,157,0,226,74,207,254,15,61,329,149,85,239,107,295,154,320,84,298,331,0,
100,302,293,287,
285,120,39,56,219,156,49,187,215,239,5,51,157,14,284,133,92,179,40,48,116,285,149,134,20,150,158,84,153,24,298,111,172,167,279,78,152,66,173,46,291,70,83,294,242,52,289,233,196,3,81,332,250,77,309,124,151,
84,42,31,238,127,237,
110,248,88,19,156,259,
217,99,287,143,229,334,69,274,110,112,306,136,241,6,243,250,214,131,317,
233,293,188,6,144,241,
248,248,166,181,265,113,110,2,36,93,314,222,326,76,
65,81,334,16,156,33,239,52,127,211,7,129,90,0,152,
318,78,311,167,81,70,307,204,172,
54,23,7,43,177,187,58,44,
202,321,127,71,289,323,115,178,37,14,
242,32,145,13,198,89,274,287,107,217,125,293,21,225,244,
181,144,105,93,147,274,17,74,239,259,85,270,203,168,94,37,
297,240,241,325,76,281,119,7,260,329,235,180,146,134,66,185,93,115,277,31,136,64,267,187,276,218,
15,30,234,309,20,275,109,313,311,9,12,158,122,313,60,105,287,74,209,198,207,26,
97,71,153,28,60,251,182,13,63,239,304,128,25,154,235,246,115,257,263,149,62,120,
227,103,306,298,111,36,39,241,159,
273,25,185,13,239,1,132,29,126,148,68,193,227,215,41,11,33,321,294,219,17,293,325,30,151,101,192,298,168,265,
94,89,30,327,76,122,155,6,270,269,23,172,124,317,198,180,72,288,314,
92,266,240,36,11,270,52,309,289,198,38,147,170,250,303,326,78,279,321,114,239,258,270,14,151,168,248,280,111,141,289,284,43,101,41,50,66,246,162,221,212,180,186,298,8,77,65,0,88,106,80,80,96,178,
5,321,233,142,43,
151,286,113,49,124,213,290,166,
208,124,74,19,16,101,51,206,131,273,323,136,242,97,285,20,38,283,201,153,173,220,227,154,109,124,207,267,290,169,278,222,293,267,11,111,135,249,83,69,80,124,55,141,264,98,302,217,
330,88,
35,138,44,267,257,54,235,123,60,262,263,212,332,93,132,281,283,26,44,227,276,101,171,284,
135,16,309,38,288,198,198,208,59,260,312,87,158,33,35,129,25,26,99,54,126,177,
283,322,210,99,177,264,248,92,9,19,23,31,327,
264,144,213,262,39,2,92,158,218,284,112,254,
180,273,109,312,293,191,230,221,22,5,205,334,221,53,91,194,22,42,194,81,89,13,334,144,216,27,296,199,205,326,309,313,198,110,24,94,33,167,251,20,68,189,285,323,
109,149,293,251,219,83,198,15,302,233,26,159,
239,65,250,237,209,255,285,46,34,60,316,38,117,187,
275,28,23,144,93,41,66,326,141,247,300,
138,327,13,69,26,31,67,246,202,207,233,260,327,106,220,227,102,38,101,135,84,147,260,305,10,54,85,236,59,332,102,241,170,231,88,8,88,113,311,13,115,6,255,57,122,20,132,222,169,
265,104,180,21,161,28,18,92,47,198,328,225,273,190,162,124,122,273,123,
136,19,265,118,234,156,180,46,177,23,215,46,227,96,236,276,287,161,298,226,231,180,304,199,226,15,251,
210,303,30,24,201,283,163,217,4,116,245,274,277,323,312,70,14,245,66,78,30,267,280,291,142,153,326,
321,16,92,184,130,330,31,74,153,1,34,97,66,139,48,176,65,111,176,270,267,77,120,217,305,211,260,84,93,64,262,66,111,188,24,110,
300,66,306,0,73,114,311,290,137,284,33,325,
272,126,164,271,109,44,177,284,118,277,169,36,95,
104,66,200,256,332,258,332,208,273,186,7,322,253,50,270,26,217,173,76,300,213,132,218,297,317,
250,164,239,159,142,254,
206,30,170,151,4,24,52,78,229,77,110,129,233,61,279,200,243,311,
168,256,208,0,119,148,
33,215,289,294,300,1,54,131,215,
191,239,185,
169,275,267,249,10,60,208,64,284,303,51,258,285,213,310,
284,215,81,58,16,64,18,
218,80,324,209,266,144,133,169,93,332,
288,41,144,206,151,264,
105,311,6,119,224,258,109,106,38,252,62,180,49,104,42,118,302,41,70,189,63,62,77,259,20,161,
289,202,166,32,33,
25,76,100,218,285,175,242,73,192,209,7,243,49,176,196,
303,111,127,306,210,123,157,158,168,271,
328,129,42,20,92,76,222,21,106,89,160,141,214,45,254,328,269,9,291,139,286,106,132,313,55,71,105,200,283,181,231,136,193,270,201,131,303,306,14,322,111,
197,276,285,244,211,289,298,168,319,193,
87,185,244,101,118,239,48,82,
22,165,12,150,292,262,3,53,137,234,178,273,
25,59,127,59,311,151,303,57,305,93,104,102,179,327,131,59,61,287,229,147,76,207,134,185,0,246,301,282,277,320,328,128,31,199,
285,128,3,26,238,291,65,281,61,13,151,188,15,86,179,251,324,212,306,106,221,314,241,264,270,164,51,242,
81,164,76,134,320,33,54,172,233,316,148,60,287,208,200,274,62,163,259,43,95,146,247,297,9,30,267,272,10,41,67,150,
271,304,279,130,264,
276,59,267,196,273,204,197,248,253,328,129,53,9,92,75,
279,17,155,24,209,219,149,105,132,176,292,117,231,13,299,226,166,
287,99,313,146,209,224,221,189,217,164,156,274,295,130,265,192,107,145,308,
252,150,307,173,
31,233,149,114,146,309,0,46,47,189,
156,263,65,147,158,117,244,46,185,
24,239,207,114,196,321,113,316,235,228,123,72,70,280,276,40,59,319,285,58,47,118,58,273,19,315,290,32,107,71,313,209,
111,251,302,192,48,268,
70,12,62,212,63,2,222,200,206,261,267,58,157,229,128,266,313,5,102,327,62,256,222,176,139,283,246,110,6,208,262,222,289,267,317,167,234,96,17,108,71,114,120,292,172,210,222,318,190,
95,28,110,107,154,170,181,186,59,201,40,51,185,116,290,65,294,322,65,83,149,283,209,194,131,107,133,249,141,105,74,227,184,270,76,309,268,227,290,27,136,108,0,107,186,83,144,149,169,235,
332,10,49,313,
261,159,164,330,43,272,131,285,104,
79,129,256,60,203,101,313,242,142,220,273,268,213,242,313,288,215,52,292,47,70,267,86,225,112,140,
209,256,241,270,212,192,249,12,25,2,152,48,81,123,61,144,248,36,81,227,68,183,211,251,218,17,321,
114,121,202,122,321,202,78,257,270,100,172,252,281,54,1,95,122,33,211,280,297,264,320,113,140,24,107,238,163,185,30,219,18,285,158,60,194,20,42,
52,8,278,165,268,15,309,334,
101,132,18,69,298,133,327,273,241,322,
127,73,303,73,36,194,7,14,158,
307,313,185,170,176,77,302,315,293,63,122,172,229,168,160,93,85,208,252,304,76,
324,175,194,30,156,216,
254,21,160,145,305,273,270,99,313,196,223,61,320,171,132,272,19,168,14,303,257,144,227,159,315,50,139,148,168,52,
203,209,306,41,215,81,311,
327,94,172,408,138,225,121,296,8,264,90,181,295,115,235,219,60,179,14,159,246,128,148,36,159,274,291,215,188,41,33,130,267,47,92,328,70,293,205,270,306,194,18,168,96,43,212,14,88,326,327,73,
208,208,107,45,13,132,137,184,123,325,
31,25,269,33,311,44,55,314,10,245,
271,154,160,197,253,
36,28,101,77,164,310,191,299,82,122,282,
77,123,79,248,113,192,186,137,5,298,228,167,16,307,173,129,199,36,260,
132,26,28,254,102,96,49,303,327,104,33,124,176,321,27,80,267,60,280,145,18,170,314,144,207,134,192,149,
193,232,197,261,55,132,213,269,25,66,100,158,192,174,175,193,138,9,1,142,250,166,113,173,177,113,13,78,98,255,272,242,280,293,
326,268,327,177,154,229,285,321,255,
24,144,
222,267,210,138,82,100,138,
296,55,54,232,210,124,230,244,168,
129,206,65,140,274,
27,308,213,265,144,277,326,277,
102,16,141,84,277,25,67,30,93,94,311,132,227,235,261,195,251,217,
79,206,314,59,129,324,210,60,
80,119,72,63,301,190,17,150,7,58,168,262,261,218,92,284,129,136,55,
221,292,81,282,151,78,115,2,192,242,98,
81,28,284,311,33,119,256,223,
38,135,306,96,197,22,140,286,325,70,127,5,279,94,23,235,288,278,70,257,39,
26,210,35,107,109,26,
13,291,209,138,77,107,325,
166,181,31,307,75,270,273,154,201,255,236,115,289,307,134,12,229,194,
47,235,49,298,2,308,192,
145,38,223,297,229,227,256,88,202,231,290,254,276,281,296,201,191,59,41,159,69,242,307,89,287,78,162,251,266,276,269,99,
288,62,206,174,266,120,160,141,247,227,291,240,45,81,100,135,
206,149,288,162,
81,269,269,149,189,203,168,324,84,74,
204,254,269,0,
269,30,239,211,197,77,147,139,254,325,45,204,81,199,210,94,13,69,100,192,106,328,177,
1,55,103,90,88,127,122,5,227,197,30,86,4,204,
59,162,145,124,147,8,46,187,79,114,287,128,167,
227,258,218,326,289,331,193,122,209,157,51,93,72,78,297,299,78,95,104,279,322,
78,132,102,269,108,236,334,36,206,79,145,135,232,278,318,165,222,119,96,207,329,80,199,227,214,219,283,275,167,221,14,
150,227,258,241,22,23,23,78,106,172,86,90,261,210,130,194,252,168,38,248,
45,305,49,280,212,83,47,52,104,217,101,109,258,186,37,69,137,117,53,236,26,229,312,149,85,100,266,19,72,161,193,243,308,67,86,175,48,310,45,39,304,156,21,192,251,58,138,135,289,292,268,288,258,300,261,100,269,73,249,303,136,154,143,144,270,26,85,222,136,
217,267,3,241,121,22,321,48,261,237,128,32,152,183,315,277,23,210,144,253,9,76,80,164,
221,132,249,140,101,220,99,161,288,170,11,129,144,118,233,275,226,8,12,324,32,115,149,256,
269,229,71,119,229,234,197,312,78,156,285,1,26,312,56,186,265,307,31,27,246,102,92,16,322,169,235,307,254,
195,314,18,
160,26,334,60,332,
170,138,132,195,165,10,163,
82,1,36,77,239,228,
114,231,192,196,119,177,297,74,231,229,27,29,237,253,105,270,70,199,321,284,122,10,108,326,304,31,162,60,274,105,169,
215,69,73,231,99,
261,229,203,265,165,170,99,66,185,18,80,193,300,112,58,21,16,175,320,95,204,100,285,4,5,253,62,252,278,227,264,80,91,289,302,126,307,181,128,208,33,15,117,84,193,6,
74,215,137,309,188,210,303,
298,227,244,127,273,
224,267,105,230,268,153,150,176,80,4,94,113,206,311,297,247,0,309,
30,99,94,94,71,141,74,152,262,80,6,147,78,304,295,6,144,157,76,120,203,331,269,71,195,293,151,
88,29,96,273,234,171,208,112,153,95,60,106,138,242,249,88,110,144,322,8,171,1,159,9,133,7,122,
301,30,70,72,277,191,314,
321,66,323,308,14,160,5,214,237,70,174,207,310,33,281,105,
229,153,306,81,318,103,273,44,
142,253,144,
291,44,228,187,206,64,154,248,147,278,52,192,301,14,270,202,303,254,
164,147,261,265,300,250,125,173,309,186,194,30,265,262,169,
3,113,160,325,315,287,152,173,298,206,41,230,221,166,147,263,41,113,188,92,50,296,264,100,313,293,56,285,100,304,227,81,214,313,129,162,244,250,247,210,60,87,291,21,87,90,306,278,307,
32,123,213,232,82,139,18,113,270,278,302,242,107,101,308,96,266,
229,324,217,145,307,244,187,201,167,
185,25,141,47,149,166,243,299,22,168,140,111,310,103,79,133,96,199,147,274,9,273,61,258,120,287,140,15,273,90,133,61,103,177,191,288,156,41,
200,59,295,212,14,188,313,316,113,128,2,166,208,174,44,8,232,281,166,206,217,38,58,256,330,2,49,129,282,269,91,206,4,
321,273,15,32,132,44,161,243,193,268,231,229,4,17,155,228,
141,243,153,173,276,168,286,20,150,8,
326,49,104,109,47,252,282,194,245,32,217,66,274,332,68,306,234,2,236,269,295,275,63,282,
265,201,106,331,41,288,154,156,325,2,73,311,118,281,113,212,175,
159,325,24,189,282,290,196,211,
291,100,33,62,236,27,62,257,151,163,21,48,222,281,242,8,48,301,136,139,323,326,270,178,87,68,241,165,42,170,314,146,285,93,246,329,293,129,66,110,151,193,244,323,142,191,265,228,313,203,
177,55,26,133,53,71,88,61,183,156,197,148,6,19,299,57,133,264,304,185,88,
10,235,127,69,109,53,175,52,180,325,285,329,332,
173,94,147,77,33,231,65,157,55,96,324,179,208,244,98,136,235,102,13,51,155,200,23,252,
147,186,92,25,187,199,137,15,329,198,323,195,185,124,83,148,109,156,210,65,309,104,262,318,164,
46,239,106,
270,164,240,150,295,258,317,171,147,138,113,299,216,321,122,327,86,66,273,250,332,63,110,9,242,94,202,327,
261,127,259,8,80,69,102,8,139,150,303,313,
167,253,196,57,195,99,318,7,67,93,184,42,253,294,219,65,141,308,317,186,167,245,264,317,124,286,154,229,
15,115,107,237,41,269,156,163,87,175,203,237,239,163,
152,59,65,22,215,
30,108,17,15,301,71,98,
311,248,291,265,300,31,81,14,4,281,
289,112,210,2,
219,78,210,214,167,325,329,113,52,
71,306,269,284,26,56,290,49,120,33,202,36,221,166,30,
265,287,269,208,40,
2,90,241,75,157,110,215,18,149,235,160,234,251,131,141,264,194,93,90,321,
241,176,2,4,227,139,207,
177,326,54,272,269,132,
21,233,
58,175,284,30,195,5,
117,120,180,
127,296,116,50,279,298,51,50,39,202,329,10,298,139,
209,239,269,122,260,291,26,
48,109,128,293,209,124,35,92,30,296,226,26,245,302,61,113,257,333,275,307,183,72,152,294,113,256,309,138,9,72,218,212,234,160,257,277,307,119,109,311,315,120,64,27,334,323,223,186,326,61,332,234,197,56,9,119,258,284,10,157,94,150,334,
88,101,132,52,162,189,
163,53,117,162,323,267,297,153,238,268,329,297,
99,77,30,302,236,113,250,266,112,272,30,253,62,88,9,39,267,127,43,334,198,161,268,326,87,267,251,200,197,285,167,10,217,238,283,89,26,170,223,32,53,
23,277,132,150,186,4,17,294,334,205,
106,219,285,197,268,125,265,278,205,306,92,72,314,157,307,54,189,46,73,306,272,101,
168,81,141,263,149,279,
75,117,167,85,158,310,65,91,
94,49,270,205,119,30,320,48,65,276,181,173,173,64,39,70,128,154,241,
159,266,6,33,184,194,29,37,45,228,305,133,329,250,294,47,84,169,123,109,
285,273,117,160,253,146,196,111,256,255,272,53,183,279,33,180,239,214,260,180,268,25,330,197,49,274,305,8,169,43,81,149,
86,103,41,40,258,130,84,238,
308,95,174,39,8,61,27,279,264,72,
52,310,10,267,320,
59,47,138,253,298,150,114,200,284,87,188,157,159,121,270,8,276,152,305,131,153,90,79,
249,209,62,50,185,250,255,149,278,75,162,45,4,88,295,214,0,27,171,256,172,
270,181,45,198,209,308,34,105,66,294,256,95,244,334,299,315,
242,117,221,232,285,
76,328,69,30,25,327,109,258,14,210,309,170,70,87,107,29,11,330,147,319,261,
258,174,86,150,
58,80,14,232,58,33,44,308,95,146,21,10,
279,13,285,64,323,293,38,56,37,294,104,168,266,
113,200,56,188,239,151,167,105,70,
134,166,310,132,
0,256,197,249,46,33,94,147,206,224,227,182,108,328,184,92,176,54,131,175,48,121,247,276,314,92,130,15,92,102,113,34,147,195,292,167,210,45,224,274,56,77,202,168,70,106,204,
172,299,318,150,249,
180,38,105,188,161,14,255,235,168,196,82,291,2,261,64,311,77,159,19,55,
265,291,206,160,317,
295,273,200,181,41,38,281,332,167,235,298,153,157,252,107,60,313,332,295,251,302,304,270,114,67,317,192,287,132,
327,303,194,225,217,287,
251,235,131,101,315,227,233,
241,238,213,244,314,332,215,231,48,
186,239,132,14,117,113,13,66,
4,321,4,311,200,
5,92,38,119,334,185,
15,147,19,278,213,53,288,47,211,185,261,321,77,80,225,136,315,3,323,207,130,
71,287,332,281,299,218,21,179,148,193,256,
100,291,179,156,25,322,264,112,234,257,56,258,326,193,241,275,261,144,74,277,206,326,311,138,18,186,21,115,
144,103,218,275,288,158,75,142,220,78,223,334,
282,215,267,200,60,
275,330,106,186,
192,269,194,132,
160,32,265,66,271,204,
164,96,287,36,289,159,271,230,287,179,272,154,
172,81,189,263,333,103,172,111,159,173,177,308,234,253,54,63,243,116,25,3,190,288,154,286,88,268,48,8,
311,84,86,39,203,82,127,243,88,125,164,318,38,49,321,26,152,270,46,301,129,162,138,186,102,10,
259,273,49,198,134,261,181,51,267,189,247,309,278,
88,10,306,23,
96,325,290,88,92,168,109,22,9,240,84,72,136,180,49,133,78,301,155,169,
232,78,200,204,296,58,66,237,311,99,250,242,156,
163,294,228,170,79,23,248,291,92,139,18,203,306,150,
187,178,27,244,193,236,3,48,116,259,195,230,1,237,60,300,188,293,314,6,219,16,17,54,315,41,77,
235,105,215,135,188,35,102,237,244,307,302,10,47,185,110,230,20,199,180,274,64,265,267,162,
240,212,91,177,320,140,300,202,258,254,
49,101,30,22,265,256,326,332,180,132,282,275,68,23,47,94,259,200,82,35,42,
227,120,43,144,73,10,208,147,145,138,281,96,69,221,29,317,267,323,36,150,151,263,259,304,111,250,
23,123,32,129,293,150,2,168,123,6,227,275,315,125,323,314,88,41,
0,297,157,239,25,4,
149,109,70,304,215,162,206,221,321,65,299,219,313,
86,311,29,60,129,125,306,16,160,26,265,134,122,187,146,183,
275,78,221,
183,129,74,87,196,262,176,109,198,216,304,293,277,64,162,
310,302,75,169,321,20,291,
92,113,328,283,87,208,42,245,173,262,132,0,90,257,64,183,79,186,324,137,180,6,5,63,204,132,
114,183,49,330,18,142,330,142,7,59,322,56,250,
179,213,275,159,48,142,38,210,62,282,25,323,222,275,314,
188,235,304,77,219,233,253,91,41,9,57,65,324,62,162,284,
313,332,263,323,262,175,74,89,114,75,331,37,110,
101,165,31,304,294,324,106,213,72,
79,29,250,269,301,332,133,132,27,140,252,314,331,222,77,215,78,136,35,298,88,73,122,84,190,260,273,329,256,
84,251,104,159,8,205,53,
198,92,91,197,318,102,327,276,34,91,166,325,33,204,257,191,289,17,41,41,215,292,71,264,84,174,174,277,45,11,17,2,116,13,304,28,293,106,154,235,225,142,237,165,173,167,264,122,104,
253,276,152,142,306,319,
324,247,53,285,219,190,66,121,334,165,215,11,100,218,54,22,229,143,7,73,218,180,270,268,143,172,173,154,123,78,94,282,33,
323,51,150,39,226,13,279,36,275,255,63,135,291,165,235,226,248,282,1,327,202,215,184,304,126,274,175,
185,238,190,57,235,96,285,68,244,25,107,307,
81,39,239,20,25,3,209,167,239,47,60,225,65,221,95,326,148,113,206,2,93,163,
267,215,224,52,
293,30,39,100,70,108,312,120,99,102,175,
154,177,196,311,70,94,129,51,166,22,198,326,286,271,107,324,9,276,6,
262,306,80,183,93,122,272,277,197,313,292,241,
27,187,214,256,132,187,215,281,94,249,
186,269,223,270,98,39,92,23,272,304,55,201,
128,45,255,322,97,231,148,9,216,176,88,169,276,76,275,81,201,277,25,294,12,248,133,270,
176,217,206,321,160,214,241,325,332,201,330,10,31,5,259,322,142,149,25,323,74,
151,227,169,275,220,273,334,176,
74,104,33,251,132,287,35,27,112,275,152,174,183,
231,174,138,215,7,
241,170,251,217,50,162,133,318,150,45,102,271,259,233,333,221,106,303,
326,165,114,248,266,
15,215,0,321,5,205,94,247,11,
113,229,112,92,49,68,100,34,309,22,193,193,51,309,51,248,209,330,120,104,96,15,192,209,237,
108,293,30,
281,71,27,35,280,
6,10,30,233,46,276,102,154,195,61,69,88,207,327,
110,5,270,268,180,49,157,264,319,52,112,237,127,303,293,94,270,321,
294,301,290,84,285,55,127,178,191,26,133,260,177,208,185,162,184,11,119,62,131,143,11,93,256,279,23,292,33,298,
270,299,257,248,256,274,278,
236,6,3,120,29,
124,18,132,151,105,194,59,296,131,290,304,296,13,198,318,
287,59,25,68,21,71,
206,291,0,257,288,304,37,153,256,29,227,256,204,14,5,57,332,285,280,312,111,156,
208,299,88,2,68,208,261,322,44,132,199,265,271,169,143,14,130,168,230,201,42,322,
149,176,81,134,
265,10,248,81,205,286,178,27,6,
18,315,69,66,168,100,301,101,13,39,80,162,271,111,206,195,5,219,287,284,
101,80,49,47,36,144,187,297,
119,44,126,193,31,4,257,322,202,42,175,228,52,133,324,78,251,253,46,224,261,233,39,192,94,217,49,149,
174,212,200,244,225,308,312,56,145,297,315,190,231,334,157,258,190,71,93,40,219,
320,240,311,92,272,104,190,117,248,79,210,217,101,127,262,325,
26,45,319,295,193,177,122,26,99,11,160,183,291,175,114,207,201,305,49,284,158,259,90,227,9,258,210,269,267,269,131,140,254,136,216,2,42,164,209,135,74,323,56,310,70,165,118,126,
116,292,240,127,332,21,208,241,214,28,22,314,1,147,3,259,
152,66,311,326,334,157,175,
147,120,7,162,224,291,174,327,79,82,75,59,166,227,270,116,273,173,0,334,166,213,141,238,31,49,18,60,185,117,331,173,
235,192,122,97,275,82,251,276,313,45,63,
14,208,210,239,186,
206,234,100,157,279,
267,167,255,208,227,81,193,240,42,334,186,26,283,222,36,321,233,
215,330,89,142,326,315,24,158,265,284,35,37,108,235,226,144,74,238,197,323,124,216,130,125,136,175,
18,91,231,47,265,37,188,50,280,132,302,165,3,284,51,46,80,117,163,135,308,124,2,170,85,90,201,49,254,255,
180,49,306,265,213,92,117,321,74,304,62,38,
215,241,273,33,1,79,284,62,98,162,149,187,14,211,267,282,16,152,
133,63,93,231,299,66,159,144,291,13,274,185,19,123,228,184,76,302,253,
14,180,291,215,255,288,81,82,112,332,
127,65,84,
144,221,100,264,84,191,114,255,217,91,298,305,43,24,32,62,
64,155,80,4,302,327,297,136,143,14,180,317,
194,132,122,37,192,324,219,185,233,62,126,248,327,327,1,128,172,69,102,281,273,105,308,
88,99,141,177,73,297,54,58,209,148,153,172,162,302,104,194,195,158,67,176,307,250,48,120,6,186,330,
103,3,201,260,325,227,20,245,174,249,101,179,251,97,144,244,33,95,86,196,253,56,22,293,176,309,
99,145,145,10,49,95,21,43,261,299,135,56,232,180,104,179,215,
88,249,92,175,38,
56,56,100,41,54,175,290,27,285,262,94,46,256,182,93,303,179,258,70,270,264,304,266,306,274,21,187,60,
2,180,264,208,47,
5,31,
168,181,
87,312,
169,164,218,159,
294,159,101,
291,288,298,
189,259,68,163,
331,147,117,
53,22,163,99,
128,59,94,
168,49,23,101,52,
11,15,303,
263,226,168,203,
60,314,114,144,
185,249,5,
236,326,
36,267,162,293,325,
162,210,235,
228,75,163,
329,10,49,78,
152,253,1,125,
147,181,
239,297,15,87,
286,151,265,73,
23,54,159,
60,28,113,
3,175,314,
243,321,25,
249,88,321,
156,47,255,
125,164,210,152,
256,270,206,
137,300,74,
117,16,156,
173,217,
102,138,256,173,
39,256,290,
319,253,197,1,
317,217,104,310,
292,262,294,314,
56,322,114,
123,274,159,265,
183,92,132,
105,113,272,
171,35,249,129,
93,75,218,181,
202,186,36,
304,323,114,56,101,
53,10,23,
62,207,144,42,
59,279,36,
21,58,56,
96,307,310,32,
304,153,180,
66,186,
277,272,183,
114,100,132,
325,13,88,36,
119,325,112,168,
227,35,288,
170,92,206,
150,141,175,
188,113,74,
321,180,
331,313,30,132,
101,100,320,
266,218,186,
143,325,197,231,
93,2,275,262,
111,293,328,
204,269,160,232,88,
215,266,33,
50,279,64,
63,326,235,131,
194,105,166,
320,52,
231,241,41,
298,185,59,294,
66,275,
238,86,163,206,
277,27,
278,10,270,267,
259,116,122,33,
26,132,162,209,26,
211,175,159,
280,193,8,
133,104,185,
169,138,128,272,
3,22,116,293,
31,84,283,
234,22,206,
64,284,217,
89,99,70,
327,270,
28,258,60,275,
179,164,100,151,
274,323,114,56,
70,16,301,94,
248,128,326,
266,279,267,
8,36,141,
156,110,
12,299,166,
259,110,
230,76,187,
321,202,2,
73,269,213,
78,122,
80,18,15,132,
126,272,
187,10,239,
314,94,302,
5,77,58,
95,233,272,162,
10,58,177,311,
166,13,279,293,
313,261,307,227,
1,33,194,
192,113,70,47,
54,33,302,
262,42,264,147,
113,265,296,
32,41,289,
278,52,259,
131,251,33,
121,201,
254,132,250,47,
107,154,26,
311,186,
223,144,81,
35,185,49,
149,168,132,285,
241,94,262,
41,23,69,185,
102,311,293,
253,271,133,
325,159,300,
287,292,18,100,
178,22,123,
205,93,15,
324,101,244,
261,76,76,
299,36,
293,193,242,
315,270,305,
74,313,49,
263,206,156,
142,284,250,
198,326,124,88,
187,
66,210,210,
122,227,79,
62,49,180,
112,14,324,
77,187,131,307,
120,210,236,
254,264,269,
322,114,328,
78,144,107,44,
31,176,
16,195,284,
262,22,320,
101,87,32,168,
64,183,94,75,
190,185,174,
105,114,270,
94,307,206,
238,99,147,
239,4,269,
216,324,297,
142,114,5,
282,326,41,
4,254,119,
309,103,74,
92,283,75,
208,73,
212,101,265,
129,79,56,
209,113,203,
124,195,153,
13,47,175,
170,326,48,
79,320,59,
