324,246,311,293,182,190,66,121,334,165,215,
324,317,315,
315,281,11,53,124,228,184,204,244,195,259,256,200,192,249,27,110,81,200,137,15,324,145,7,90,71,231,117,171,128,206,63,109,92,272,212,256,107,104,145,267,289,
301,30,76,231,136,288,333,
89,6,200,129,166,60,331,290,306,73,236,271,147,181,79,120,200,218,75,284,
247,45,180,158,158,233,8,
100,55,191,204,140,244,187,201,267,303,222,284,252,301,320,134,239,61,81,317,231,272,324,80,215,250,174,185,22,113,225,261,
289,53,130,20,12,12,185,24,80,127,191,223,192,269,21,172,150,185,163,232,237,190,151,14,310,225,308,201,216,328,
138,178,119,
297,215,265,264,326,163,164,20,198,69,21,305,178,
74,135,230,266,292,264,246,11,192,277,83,146,251,191,283,256,3,117,11,147,299,
268,285,283,118,310,180,124,43,31,95,152,299,
58,30,310,293,85,214,229,123,
118,211,135,220,323,268,223,322,
181,240,194,9,301,102,76,329,43,292,101,105,165,242,56,108,133,285,213,316,149,307,129,116,311,312,258,306,114,147,206,303,189,173,104,
111,3,265,73,126,127,86,
29,219,88,168,101,287,80,119,79,211,3,290,84,199,147,180,164,305,39,277,
33,181,245,187,163,140,233,58,137,147,289,20,39,35,172,320,191,54,290,93,66,322,274,153,320,73,
264,45,241,310,3,297,210,250,141,57,156,
74,57,102,192,188,247,200,89,286,269,32,259,
137,105,3,244,15,51,76,68,191,34,311,
318,136,49,51,157,72,177,321,203,93,309,45,189,102,186,207,213,314,
75,182,284,27,283,177,273,
75,232,138,34,
101,174,35,138,325,178,180,194,322,1,258,202,134,187,270,143,294,189,322,167,198,312,243,
55,273,19,29,
113,147,275,
141,273,19,161,42,222,262,97,112,270,
6,297,44,105,97,256,164,156,263,25,
138,327,13,69,26,31,104,290,202,207,172,233,260,88,327,106,220,240,102,38,101,135,75,147,260,305,152,112,322,54,85,236,59,194,
185,79,180,20,164,21,282,
297,189,297,301,
0,332,310,137,12,194,98,67,118,223,138,86,112,58,232,29,
323,198,143,182,181,220,191,
64,19,214,291,201,118,26,113,187,237,113,216,228,152,159,40,158,254,
43,140,158,80,131,114,218,268,49,172,172,128,297,327,70,
175,61,101,137,177,76,
112,169,180,259,65,287,45,261,205,0,200,79,269,1,138,182,314,107,33,302,
106,258,133,195,277,327,2,82,116,95,15,89,156,191,283,326,282,19,80,218,299,4,97,90,172,
44,265,195,80,261,115,327,168,191,276,303,311,30,213,215,217,
333,128,88,216,334,281,189,261,98,119,131,193,2,91,321,
269,58,0,212,280,
139,3,65,266,107,132,159,283,292,234,295,195,260,195,117,177,211,161,
3,2,111,247,264,206,137,319,256,234,290,54,126,307,
216,213,265,166,291,267,
33,291,322,287,242,265,
203,319,127,54,30,22,116,26,129,306,195,75,16,94,
266,117,665,5,49,52,39,10,184,245,181,64,87,61,285,95,73,93,306,13,168,248,90,230,120,241,256,57,139,23,160,162,119,176,280,246,53,224,96,161,205,
128,246,240,322,20,39,148,9,129,168,216,272,
287,29,110,97,139,326,51,213,
79,174,29,105,269,301,332,133,132,279,140,252,314,331,200,
279,62,79,147,96,221,114,
270,54,101,212,167,334,0,105,112,234,128,332,269,
270,61,222,
283,230,317,240,
110,287,104,665,145,53,4,166,233,277,27,263,63,8,19,98,303,83,
135,327,19,33,101,196,83,106,29,96,155,20,74,334,39,55,203,
285,181,258,56,219,156,49,187,215,239,5,51,157,14,284,19,133,92,179,40,48,116,240,149,268,20,150,158,84,24,183,226,111,172,167,
263,110,116,258,62,260,15,255,128,6,307,241,213,119,151,236,315,167,238,
0,214,8,240,86,202,4,230,242,
65,213,68,76,290,119,
230,293,279,200,0,278,168,
130,246,104,156,137,279,180,63,303,70,84,125,127,173,
172,73,194,166,246,229,287,167,195,63,48,318,96,10,43,258,248,183,59,304,286,138,21,32,231,226,177,114,200,218,223,
244,91,315,130,243,212,81,62,278,283,289,8,223,29,140,174,298,257,46,26,80,92,
275,193,119,113,160,224,269,
294,294,69,177,328,55,127,178,
209,256,290,113,15,249,52,318,156,152,48,81,
76,181,325,142,320,83,146,325,1,137,326,133,58,1,90,111,262,122,178,128,220,56,317,18,270,290,57,173,260,
312,186,19,97,100,49,305,
15,83,203,43,53,120,
174,79,3,80,128,75,194,187,325,
0,332,197,46,33,94,147,206,224,227,182,269,328,
201,104,289,208,138,301,158,
4,63,311,
105,53,270,219,301,128,153,161,188,149,122,6,206,273,273,20,118,66,79,189,26,228,
183,63,161,156,
72,5,25,58,216,17,161,292,267,241,219,270,76,148,269,171,210,105,213,219,30,284,52,274,235,
277,110,254,311,113,191,167,236,283,313,244,191,119,313,189,280,
43,102,112,
203,291,88,212,256,83,267,303,289,278,217,66,278,
167,313,196,137,194,20,83,263,23,210,147,118,19,277,263,189,121,24,111,11,218,
258,120,46,31,300,
105,182,203,119,224,258,168,
29,273,102,23,132,117,121,215,
121,19,163,334,269,80,141,304,37,31,180,101,140,256,311,82,8,254,169,
293,172,324,
178,103,37,162,310,161,140,33,95,51,68,174,91,319,133,263,246,254,108,251,160,138,93,
137,226,92,334,66,147,274,36,299,223,37,259,6,107,34,217,169,307,237,273,20,270,303,85,287,28,220,285,214,300,204,102,188,144,100,102,20,266,263,
287,226,107,315,266,141,10,130,195,289,313,141,263,
183,100,256,262,97,243,102,285,297,9,141,
227,46,233,29,10,
310,200,107,116,212,227,328,132,136,149,237,258,20,150,
76,328,137,200,175,61,
287,112,35,115,177,195,33,75,
321,16,92,184,130,330,31,74,153,166,34,97,66,139,
247,158,119,30,
213,290,18,276,1,86,219,9,245,8,169,82,172,214,
310,228,224,259,25,16,103,324,200,260,181,56,
311,3,314,119,81,273,306,32,4,236,261,116,137,
68,214,324,83,7,298,63,79,232,57,106,307,282,299,318,222,223,263,65,128,
108,39,180,57,85,178,34,150,33,32,48,275,
214,180,13,0,68,222,160,127,198,277,180,249,314,79,86,8,68,193,88,151,169,307,
227,71,107,112,310,80,123,155,276,248,277,124,190,216,36,182,178,92,200,21,14,321,162,239,45,315,329,107,110,289,19,34,137,
194,268,181,99,45,31,211,194,32,241,325,135,28,286,93,46,34,204,293,18,313,101,79,240,74,172,146,212,230,
148,112,277,246,243,148,274,325,197,20,98,128,
195,105,66,203,139,
245,19,323,283,254,92,300,233,216,285,334,79,244,114,158,
25,185,59,61,320,59,311,151,303,57,305,184,104,102,202,327,6,131,173,61,280,259,107,
24,239,8,114,29,42,147,113,316,235,182,123,72,70,280,133,276,40,59,319,285,34,118,255,273,333,121,180,
270,164,284,150,242,
162,180,181,164,208,319,267,
297,181,174,76,6,281,297,7,260,20,235,180,146,69,71,185,
279,230,206,79,
167,101,270,281,
182,265,99,324,104,31,119,121,260,207,112,181,219,323,321,50,281,208,78,159,
89,71,282,56,60,130,257,245,36,288,211,
16,19,258,185,
184,266,244,25,54,61,292,168,8,258,270,38,227,99,235,307,275,241,
254,246,23,
27,75,137,69,57,53,86,194,
214,194,324,194,
83,19,25,4,110,74,274,37,170,301,110,133,168,15,31,84,293,194,242,
99,77,182,61,319,113,250,266,112,272,30,253,62,88,9,39,
70,12,62,212,63,8,130,200,206,261,267,58,157,229,128,266,313,5,102,327,62,222,176,139,283,246,110,244,208,262,320,289,233,317,167,
180,121,174,243,2,17,185,227,45,77,
231,202,5,185,119,
198,34,102,210,217,53,54,275,331,207,288,11,286,303,300,193,114,293,80,158,58,329,
185,315,140,242,135,216,100,32,226,
252,24,4,319,218,46,91,127,
198,323,54,24,155,326,279,168,135,191,197,255,
80,24,198,174,306,
244,135,70,184,161,259,
29,311,216,160,202,57,334,261,34,38,152,106,156,185,221,138,55,14,
276,119,14,290,102,42,290,36,84,133,86,50,112,120,77,114,173,50,85,239,124,10,159,137,305,329,320,163,279,
69,91,177,320,129,66,38,271,313,271,294,27,19,297,297,137,11,202,
281,257,84,106,124,192,81,149,207,198,167,239,274,244,95,77,212,219,83,69,138,315,180,36,170,203,181,217,295,121,46,5,316,125,65,96,8,
213,287,4,216,
147,120,177,162,224,291,113,174,327,79,319,294,
112,275,276,129,20,166,222,251,37,
183,290,277,
255,6,81,190,300,37,263,251,186,246,
285,19,194,9,30,94,203,297,44,150,197,
279,130,198,79,
258,75,84,332,263,109,253,38,35,319,146,285,19,142,285,263,147,327,85,16,68,329,97,106,310,192,311,220,312,90,36,
288,81,24,277,197,5,66,71,172,175,94,
332,270,101,20,231,248,
280,92,55,312,179,195,154,322,22,286,22,202,331,282,173,21,99,95,311,113,168,128,97,324,98,128,238,150,186,23,194,106,334,322,6,109,178,37,327,267,25,181,
84,29,181,185,
14,227,278,216,4,156,205,242,315,145,208,310,76,120,
133,181,319,135,332,24,223,80,213,
100,291,325,137,156,7,183,246,322,264,234,257,56,258,326,241,205,261,
203,311,119,53,314,318,205,304,15,105,267,261,229,159,320,265,
2,19,327,163,49,4,177,292,212,332,94,146,179,179,312,234,277,3,97,106,88,177,120,10,120,149,290,
29,227,24,206,0,
45,305,49,280,212,83,47,52,104,217,101,109,258,37,37,69,137,117,270,236,26,229,312,149,85,100,247,19,72,161,193,243,308,67,264,175,48,310,39,304,156,21,192,251,58,138,135,318,292,288,164,
26,45,319,295,193,122,26,11,183,291,175,114,305,49,284,
96,301,290,322,
19,34,111,308,249,1,26,64,226,93,159,285,64,157,175,157,259,334,7,174,121,25,28,219,322,181,150,39,
133,310,276,187,210,116,267,92,
19,116,118,290,77,121,245,16,199,2,324,97,214,217,222,265,160,187,259,165,291,195,329,333,218,319,83,120,105,55,312,254,153,285,259,123,311,167,91,122,
205,152,284,125,100,105,138,
221,137,77,101,220,99,79,288,170,11,32,267,304,
327,246,240,
277,148,46,224,141,61,207,
332,261,43,0,155,41,57,152,117,67,227,155,215,
103,332,62,141,176,285,78,31,22,183,330,136,153,
290,177,230,34,316,291,88,92,130,23,213,0,75,209,284,209,261,296,63,318,199,210,33,183,260,28,190,
327,172,408,138,225,121,296,8,23,90,181,135,115,235,2,60,179,14,246,128,148,158,274,291,215,188,331,33,320,267,47,92,
284,72,290,75,270,105,150,310,86,18,179,72,81,20,150,205,71,277,39,
310,95,264,162,63,40,0,133,290,85,159,8,330,58,129,168,174,178,256,237,271,268,
105,79,195,173,154,97,219,
92,113,133,226,208,256,
270,45,330,118,298,228,217,14,314,131,224,3,104,134,148,319,116,210,240,36,147,153,164,43,60,276,114,
193,140,261,55,132,213,269,275,66,100,192,175,193,
162,124,178,59,148,204,88,328,263,101,328,166,99,29,54,23,239,
35,138,287,
290,294,3,
240,138,46,265,226,327,270,128,152,37,180,150,43,197,181,255,315,94,
114,170,96,321,202,78,270,100,172,252,281,245,54,172,95,122,211,
135,332,50,42,107,316,99,240,258,321,172,133,43,56,123,74,87,118,120,84,109,6,64,200,157,280,328,35,1,149,76,101,234,68,52,215,270,57,
176,230,219,313,8,143,112,266,244,222,
181,265,33,182,281,162,193,280,297,103,159,210,21,219,103,177,189,274,84,259,310,34,301,
48,109,128,293,124,35,92,30,296,226,26,245,302,61,113,257,333,275,307,183,72,152,294,113,256,309,138,9,72,200,212,234,160,8,257,277,307,119,109,311,315,120,64,320,334,323,223,186,326,332,234,
138,10,39,321,213,209,257,189,106,269,277,201,
249,102,59,61,172,232,132,255,154,296,289,33,96,269,175,
26,203,319,64,60,169,213,82,259,324,
8,48,70,10,205,18,199,24,203,262,286,0,39,237,244,45,117,98,253,256,7,
114,181,276,321,255,297,231,229,
212,85,408,243,108,5,104,73,233,159,81,43,77,319,322,333,203,270,329,
92,266,77,36,11,270,52,309,198,38,147,54,250,303,326,78,279,321,233,239,258,219,14,151,168,248,280,111,141,289,284,43,101,50,66,246,244,221,212,
101,20,181,168,332,81,29,282,273,194,101,83,175,95,2,
311,306,77,98,72,166,109,120,188,213,194,325,29,83,307,180,318,245,96,59,114,289,126,235,220,127,10,119,77,315,57,262,321,258,253,306,201,286,198,282,312,29,
296,290,290,180,
246,215,130,74,186,139,150,112,62,109,128,237,29,305,
185,25,141,47,149,311,243,299,159,140,111,310,103,79,133,96,199,
18,194,46,47,168,37,188,50,280,
96,26,81,150,51,7,263,311,114,184,261,52,291,242,246,12,88,102,200,9,305,
294,101,181,20,164,290,294,112,58,259,76,220,147,162,
309,227,13,275,330,208,13,68,104,
145,110,240,240,225,66,256,88,315,290,254,
104,138,110,276,130,123,35,93,162,201,214,260,250,104,181,
79,245,130,279,
180,101,108,298,30,11,223,309,157,304,220,214,97,162,1,119,280,312,30,112,24,
175,192,106,51,190,255,102,
195,287,250,206,221,287,67,
152,240,64,205,169,299,113,180,121,
244,233,264,130,113,94,30,120,285,190,187,
130,70,225,244,326,194,299,218,54,158,237,134,174,45,97,178,307,
334,333,194,207,190,256,259,309,71,81,203,66,313,1,155,
30,200,180,58,313,41,301,314,317,222,72,19,203,229,34,105,203,271,247,150,286,
168,184,29,23,48,291,217,127,
299,333,68,119,109,
200,315,30,227,300,156,135,113,57,57,135,25,144,253,26,74,285,310,177,
8,121,184,23,37,319,194,214,113,323,
256,3,29,243,8,55,
265,271,44,19,317,34,168,182,115,72,97,262,297,330,240,223,216,321,331,57,
15,106,217,20,137,315,
260,182,133,110,267,57,150,
230,140,77,100,74,240,247,279,51,290,9,283,50,92,145,321,176,63,117,269,271,63,139,194,243,146,
110,206,83,216,167,142,235,33,263,305,
40,131,69,174,32,12,29,334,177,58,179,221,178,253,218,331,233,142,64,
291,250,321,187,206,64,154,313,
240,145,81,283,194,163,8,266,230,285,205,
319,252,19,8,63,203,251,206,261,306,325,99,26,176,306,8,10,304,92,97,223,306,209,86,320,198,198,150,
192,281,115,115,323,164,102,187,269,83,102,167,322,290,5,19,242,129,141,220,74,20,42,42,2,130,175,45,275,182,127,214,
311,46,19,203,239,157,230,241,43,
8,319,310,
319,24,313,
168,18,198,128,289,
54,198,180,69,287,82,63,198,219,203,124,33,162,254,130,122,219,
43,202,268,
137,167,0,203,130,163,81,250,276,69,161,213,79,
104,182,
57,29,77,291,265,135,
112,203,233,3,148,43,227,28,112,318,91,129,173,291,294,226,85,282,140,127,145,
158,141,240,306,177,159,25,100,182,251,170,88,84,44,269,178,49,111,207,69,169,43,328,24,296,71,287,123,195,198,
250,45,298,256,195,291,95,15,257,63,109,309,
291,100,33,62,236,27,62,257,151,21,48,222,281,242,8,203,48,139,323,326,270,178,57,68,241,165,42,314,316,102,285,93,
156,57,140,187,137,66,163,334,
246,254,17,289,327,60,196,231,21,47,100,142,272,136,272,
202,206,280,94,64,0,49,43,285,288,143,101,69,
24,37,290,182,7,156,80,150,39,252,288,99,180,238,
4,110,158,14,83,88,292,122,252,249,194,246,225,64,112,0,106,70,164,233,327,
178,10,101,186,158,154,234,31,312,209,251,
232,206,249,34,19,95,182,140,189,217,247,289,325,
147,98,264,295,24,167,26,321,89,38,102,290,197,215,279,246,
39,138,46,189,128,214,
200,48,112,45,273,140,315,22,150,120,48,113,177,76,328,61,298,233,284,89,257,331,20,82,73,104,309,172,
70,209,208,4,43,
217,233,270,15,148,161,103,118,11,213,236,86,
296,65,290,208,135,54,236,47,214,225,296,
159,291,276,0,
229,219,172,241,203,299,60,156,258,235,244,32,323,
157,318,180,62,313,227,125,316,145,203,228,77,107,311,20,147,
23,327,266,101,330,203,70,164,155,212,328,
81,325,315,134,320,244,54,172,177,240,316,181,157,208,288,136,175,163,259,317,137,146,193,297,
88,2,162,11,308,98,192,37,147,178,
261,229,203,265,165,170,332,66,185,18,80,193,300,309,203,21,52,94,320,273,100,
243,101,183,256,180,35,120,244,
325,100,81,57,
273,83,246,332,29,42,319,281,293,254,
208,124,19,16,101,51,206,131,273,323,136,242,70,285,14,38,76,319,
198,92,214,197,318,103,327,276,34,
29,41,321,46,251,301,25,214,311,240,177,77,
291,100,19,204,93,261,277,24,33,76,96,63,90,159,64,135,281,
113,277,158,137,123,
273,137,171,218,317,57,87,81,141,229,213,209,7,25,311,51,298,261,183,189,1,142,290,125,160,273,
130,189,103,38,200,7,261,144,158,44,177,49,1,32,73,121,225,226,107,167,151,267,199,191,183,21,135,67,248,244,5,65,219,111,286,281,
181,88,219,217,94,88,115,300,305,221,116,275,334,235,199,129,223,
58,4,233,57,269,114,10,7,0,150,173,286,239,
77,16,282,227,92,290,312,237,281,60,83,112,311,183,241,51,95,78,22,46,316,196,109,105,230,311,57,118,244,142,191,4,198,266,221,276,163,185,209,310,213,180,
319,273,154,208,165,326,42,
202,16,88,25,231,234,
116,319,263,28,200,
170,114,83,145,162,
57,153,168,158,58,156,13,226,200,252,147,6,221,27,
177,318,81,2,287,147,332,200,294,37,179,127,40,8,175,39,
154,280,330,26,85,45,48,319,140,213,304,81,
95,28,107,154,310,170,181,186,59,201,40,51,185,116,290,65,294,322,83,149,283,209,194,107,133,249,141,105,74,227,184,76,268,
63,230,315,21,93,175,199,286,206,301,250,4,183,201,239,
158,57,130,64,85,
135,194,130,296,155,244,46,170,67,101,235,258,318,11,83,195,29,71,100,113,240,301,158,
150,284,220,280,303,32,91,296,310,319,247,
57,319,180,136,273,179,149,334,193,76,114,190,169,137,306,
206,133,182,196,251,181,110,273,232,269,282,30,7,200,277,
285,200,103,26,37,291,
798,107,0,3,317,282,91,122,92,163,185,65,85,127,129,304,29,288,207,303,271,228,127,228,164,222,257,298,114,275,90,58,202,44,259,
242,264,168,250,179,118,50,94,
127,111,177,168,
242,226,14,213,185,0,33,
37,45,93,63,70,177,171,178,285,202,230,258,75,10,121,24,32,124,226,117,296,278,5,11,34,308,120,46,315,256,179,331,127,
14,217,150,187,143,94,306,319,166,57,113,194,131,274,330,175,330,327,286,253,103,259,321,78,106,181,
140,182,122,244,
42,174,24,147,153,273,
92,302,54,201,258,163,3,286,151,315,322,248,
297,43,183,260,319,
321,93,24,113,291,306,46,114,252,
97,6,2,183,105,173,45,95,229,280,
140,43,178,
295,273,181,147,136,279,167,235,258,153,157,
167,53,67,159,
164,192,241,162,45,
290,273,19,311,90,2,206,223,302,
66,69,107,145,131,195,
181,81,182,323,49,50,215,
4,58,77,213,
240,135,163,145,2,158,122,191,258,53,104,91,140,202,73,0,235,89,2,206,249,29,130,
79,89,221,39,
132,303,98,225,149,154,148,244,280,177,
120,200,19,61,8,129,147,299,159,181,14,94,40,110,161,155,40,4,
120,276,122,96,131,158,258,82,130,170,
303,198,140,107,133,2,123,179,196,
247,74,3,240,307,177,108,214,150,
7,200,100,130,58,158,
119,29,247,3,275,311,66,269,138,263,251,313,
46,152,77,150,260,277,38,0,39,140,15,240,18,125,311,165,29,258,3,227,307,321,132,130,231,252,
189,318,167,39,105,320,277,153,227,229,140,261,
10,2,58,276,254,45,54,242,
311,181,44,280,185,324,301,
53,105,198,110,253,285,167,275,324,45,49,155,272,270,243,104,282,76,156,255,196,266,313,
320,48,205,70,285,103,51,147,81,25,162,63,22,308,327,189,33,
194,56,243,46,233,98,172,33,328,162,309,81,334,94,96,285,315,81,0,46,174,274,61,190,133,296,23,85,332,172,214,165,237,253,
55,4,123,247,25,307,212,280,26,37,154,2,91,219,247,587,25,252,154,195,246,160,176,195,100,315,317,48,180,322,32,65,75,290,170,149,111,270,91,246,302,148,50,256,195,318,24,144,
233,33,194,110,92,294,213,252,111,279,29,279,70,29,
103,181,260,200,
179,177,242,301,
180,273,281,57,293,191,230,221,22,5,205,334,247,221,53,54,194,22,42,194,81,113,13,334,144,216,77,296,
79,112,29,185,105,318,63,150,100,
103,198,178,62,117,48,285,
34,198,19,265,18,194,227,114,186,281,260,232,56,315,283,194,
134,166,101,291,
201,64,311,323,84,263,
213,43,138,65,112,272,124,
126,21,59,23,
204,279,1,7,149,316,119,224,305,151,291,238,8,130,331,18,228,300,15,72,131,207,231,143,306,317,202,307,319,95,
214,104,29,247,39,181,213,
306,266,233,89,311,139,192,15,93,18,140,150,236,169,319,
256,183,203,133,290,209,300,164,3,39,310,250,260,151,71,66,12,37,79,
93,104,63,291,85,318,205,156,283,256,293,
187,178,31,244,
233,150,109,81,37,218,265,306,58,217,262,81,244,277,112,288,87,227,42,132,328,
246,325,277,148,330,116,1,109,94,324,172,273,109,127,318,219,135,166,224,
189,138,297,
88,49,157,160,155,203,53,29,333,5,285,138,32,172,253,149,160,241,189,
62,332,244,103,117,279,220,219,157,299,103,141,99,148,131,277,
175,63,81,249,
219,55,63,230,125,202,136,203,181,163,196,229,72,41,179,237,246,124,292,113,180,295,215,226,176,271,209,117,107,156,105,230,274,
286,198,185,6,
113,209,100,180,152,
212,194,310,
332,71,271,267,14,23,196,133,116,102,41,0,273,135,121,129,283,206,258,50,171,24,42,7,71,81,143,301,185,64,317,103,76,118,275,56,320,233,61,148,319,6,138,
315,233,55,263,25,85,5,59,185,285,154,86,118,50,287,14,277,295,146,222,318,20,133,311,170,
97,180,280,322,85,216,199,204,328,140,101,282,208,100,158,141,51,118,234,286,
172,81,263,333,103,172,111,159,293,177,308,43,298,54,63,77,116,106,
212,270,298,41,103,105,269,196,159,42,
150,200,108,3,20,131,244,306,240,24,313,19,268,
56,56,100,
15,290,263,203,250,209,206,299,259,265,
71,282,58,50,158,111,73,65,66,188,281,4,197,272,62,
116,203,311,
279,295,103,230,39,276,163,256,
328,129,97,92,76,222,21,106,89,160,
321,14,147,29,
219,19,29,19,144,286,85,228,78,124,1,92,106,218,89,304,180,182,36,64,292,118,232,126,179,
241,194,39,173,243,61,298,257,55,37,41,311,103,171,164,184,
113,209,64,73,283,
3,113,160,325,139,311,152,173,206,41,230,221,166,61,147,41,113,46,92,174,296,264,100,313,56,
331,200,327,149,104,
61,277,25,120,3,200,249,152,211,92,175,99,241,116,204,270,332,282,76,268,
130,287,233,33,50,79,254,
152,80,244,116,61,307,18,15,170,322,96,309,203,24,29,138,150,150,6,67,32,233,
307,152,275,53,203,14,42,249,
290,24,74,276,22,10,15,168,138,7,126,310,48,174,89,141,94,296,15,20,224,280,30,
137,190,315,100,4,221,3,175,332,90,227,213,113,156,26,27,327,
23,168,290,254,298,
269,112,230,249,
158,247,222,92,41,129,203,272,329,
225,100,132,145,
185,152,234,175,231,25,87,93,77,95,147,28,76,166,286,81,77,13,16,231,274,327,181,311,56,
102,328,241,209,291,29,43,
298,204,95,237,84,224,232,201,200,76,278,216,224,259,127,218,30,134,38,116,128,69,47,210,184,250,155,234,0,77,316,212,53,77,96,172,11,159,
149,2,331,310,
147,320,92,42,187,29,33,223,242,310,
319,178,57,126,104,325,
222,170,19,3,229,193,158,119,54,254,79,92,180,147,
226,219,90,32,213,242,92,285,
20,30,4,33,200,324,204,143,285,10,
301,29,63,96,311,300,179,
31,121,49,187,
50,130,242,182,29,181,45,
103,67,50,50,260,279,171,181,19,139,147,92,219,222,153,179,44,78,324,303,
260,104,290,68,108,129,
158,134,327,223,152,274,301,201,7,
282,212,89,143,61,71,27,297,86,148,235,320,206,208,213,233,14,
324,186,68,26,20,251,37,214,
277,74,246,7,183,288,0,262,285,323,62,
206,279,319,3,98,265,284,195,236,29,
59,317,138,253,126,20,114,284,328,
132,310,193,
76,170,57,53,301,246,217,208,216,244,14,95,254,
71,227,13,89,28,193,253,221,326,99,129,149,334,
322,96,138,280,33,184,199,
166,185,67,14,189,213,279,277,36,120,269,329,112,134,150,304,193,
10,42,41,8,138,6,16,10,287,27,201,175,259,303,308,190,20,177,227,
20,332,167,158,192,150,112,229,294,191,310,297,128,59,318,185,261,310,78,15,287,333,190,192,157,
127,203,
182,206,118,75,307,181,122,146,215,234,226,305,315,140,275,206,74,187,61,320,24,43,168,265,6,41,327,300,101,105,79,232,
304,67,203,190,289,221,
161,183,154,178,187,141,157,189,137,327,244,
298,60,273,241,212,23,
246,100,303,54,145,206,87,21,204,76,328,152,227,
244,207,245,330,116,332,241,282,
284,202,206,
140,259,15,139,120,45,156,148,193,83,251,263,303,296,324,
180,29,130,24,
97,71,319,312,265,118,154,
131,66,40,43,
119,299,180,
107,157,315,25,66,242,
13,20,15,100,
70,23,130,
314,79,318,
29,40,50,256,
6,255,152,
143,176,20,202,9,
282,244,112,185,
317,324,59,81,
286,311,
120,37,244,
152,332,185,
39,33,279,79,284,177,
200,103,96,116,
93,33,321,178,
116,133,310,
328,294,289,
197,198,288,159,147,
328,59,102,
220,294,323,
104,315,319,201,
147,322,103,74,
310,256,20,
121,167,182,24,
40,177,
130,120,240,
244,176,
45,112,180,
125,46,
319,3,133,116,297,
178,280,280,88,
173,25,58,
94,2,261,
32,108,221,
325,232,148,
190,290,175,20,
255,175,114,24,
309,261,200,250,
303,10,246,
100,137,246,312,
4,20,2,
217,168,76,
91,178,227,
285,20,
52,261,209,
177,172,132,
132,29,233,
304,219,166,
213,263,197,282,242,
247,232,
260,139,297,
102,249,185,25,67,
280,269,178,290,277,85,
256,92,279,
91,69,150,
234,48,270,
94,244,120,
91,112,252,240,
122,120,235,
259,74,15,25,798,
146,297,230,
227,157,332,
293,93,
136,81,295,
177,294,247,
174,130,297,
153,270,33,189,
303,130,44,
166,162,321,216,
163,240,92,297,
328,158,
77,172,157,29,
41,241,332,
250,104,264,
120,2,140,
54,162,270,
258,295,92,
136,318,310,103,
118,97,97,
9,285,183,143,
43,270,240,
185,102,
181,294,120,
288,301,202,
14,276,282,
30,99,44,
267,260,162,216,
44,6,
319,241,147,
140,112,189,
116,246,244,
93,306,
186,318,
208,97,309,201,
113,244,64,92,
117,37,266,
156,93,14,209,183,
318,209,79,
254,130,10,273,54,
108,247,150,
177,69,37,29,
30,20,180,
239,58,
256,334,121,6,
69,40,298,
281,273,182,
254,222,178,160,145,277,
85,58,93,158,280,
141,183,287,264,
109,246,246,
159,182,185,310,167,
200,230,310,
230,311,240,
20,315,13,
316,291,159,
26,147,136,
223,68,147,33,
94,240,285,290,
141,277,121,
213,77,44,137,
199,185,322,
283,93,113,
200,206,79,
53,15,27,
79,279,256,137,
21,126,185,
168,105,128,230,
117,332,29,
249,315,307,
99,162,62,
206,291,0,
290,65,289,
6,182,263,57,
98,148,206,
333,20,301,24,
3,150,92,
201,63,104,
313,291,119,
94,202,246,288,
153,57,295,
224,290,105,266,
222,176,270,
78,182,20,
54,92,10,
287,20,195,
71,284,297,
20,297,284,148,101,
49,43,88,202,
142,40,
169,306,57,
277,284,138,
129,203,69,
114,279,270,
157,19,81,
127,130,192,37,252,
150,30,285,260,
143,101,323,
259,26,244,
119,65,231,
147,222,88,157,
227,91,246,
194,83,27,34,
155,332,135,120,334,
78,14,
272,213,158,
221,195,29,279,
259,81,140,
249,209,19,
194,174,138,8,214,
67,103,304,
105,30,205,
39,135,19,
285,277,202,
0,277,
139,287,
18,306,
106,29,280,
156,285,142,50,130,
301,181,158,201,
273,273,55,261,75,
242,270,147,107,
23,29,194,8,
128,315,
255,240,198,
207,277,244,
215,332,29,
331,37,265,
248,92,332,
120,15,243,
145,112,
154,97,105,
272,246,128,
131,62,
263,172,178,
300,258,301,
229,203,97,
286,30,97,
179,219,37,
125,205,
129,128,260,
16,203,
193,166,81,
30,244,290,
173,130,105,
95,76,268,
68,309,260,
325,319,174,
181,214,19,
104,104,331,
71,97,288,
234,202,97,
269,275,74,
82,26,213,
76,291,65,
88,99,202,
192,20,
33,108,112,
43,311,15,
275,184,112,
244,187,137,
238,24,263,
78,219,103,
187,161,174,
267,315,221,
213,318,133,
34,24,30,
48,154,303,
34,321,137,
22,290,200,
215,44,181,
221,92,57,
265,111,33,
310,147,178,
326,319,287,
119,277,105,
227,189,309,
315,263,
75,203,174,
145,315,170,
127,112,294,
19,219,69,
305,138,25,
83,273,135,
261,311,20,130,
81,185,
222,30,328,
