91,234,45,8,
185,302,183,
117,75,93,45,140,144,11,
263,173,256,210,303,163,240,324,10,243,226,118,219,
598,14,143,226,319,0,75,0,127,201,70,273,105,106,84,317,257,288,93,99,63,254,
55,4,133,247,25,307,212,280,26,37,313,2,319,219,247,587,25,252,294,246,176,327,100,315,317,48,112,322,232,65,75,290,327,314,
179,173,320,47,268,85,135,247,320,46,124,312,265,205,147,180,276,287,2,137,274,
319,89,238,312,333,41,305,
80,44,2,46,158,319,270,62,286,329,37,
173,141,224,201,132,180,97,225,305,24,166,300,11,71,
289,19,130,20,141,
62,124,286,64,109,294,80,
92,39,107,147,253,220,
279,12,214,124,287,310,2,171,211,221,144,321,88,161,83,101,94,295,142,331,77,151,174,55,203,314,72,116,173,77,260,
100,319,257,
10,141,201,41,296,
219,282,90,263,
75,90,175,117,166,9,147,93,74,37,327,86,247,27,325,183,120,45,64,71,329,209,
328,109,5,10,129,272,
204,127,86,7,149,321,119,
294,158,219,125,136,124,298,174,41,57,100,100,262,100,266,13,24,178,72,121,318,
258,147,182,
334,229,316,54,
1,282,5,310,86,161,9,6,182,274,166,35,
112,93,182,
86,138,57,270,124,11,158,175,33,60,145,54,189,113,312,
277,93,107,3,24,118,262,282,219,279,
270,74,334,86,80,149,
318,16,187,214,53,273,105,17,30,145,272,71,80,312,57,127,278,120,79,191,7,240,327,
253,3,119,201,239,253,239,262,307,96,316,290,329,
120,321,119,286,
278,260,175,88,277,330,107,142,181,173,118,205,99,20,306,114,55,50,121,245,296,
327,5,2,172,408,138,225,121,293,253,291,181,135,115,235,2,245,
123,44,238,77,181,207,229,52,261,
260,5,271,123,
135,332,173,68,107,316,99,240,321,
2,302,172,25,206,256,141,228,272,143,227,212,241,229,229,327,266,255,26,318,182,246,171,160,232,166,290,321,258,165,179,
197,279,12,2,18,152,195,131,167,173,77,138,331,120,40,283,50,
211,279,74,603,301,93,155,18,300,66,226,275,290,333,162,301,309,292,83,213,
96,844,304,150,94,
202,279,334,316,195,240,
129,77,147,263,251,254,37,77,101,91,24,174,30,105,182,245,
13,124,107,79,
207,324,73,
192,281,232,115,323,28,102,6,269,278,102,167,
201,324,114,260,143,125,291,275,37,295,40,117,103,284,323,106,70,30,323,13,48,182,252,55,29,4,297,30,
71,227,39,13,109,189,206,193,253,221,326,
327,55,139,147,
274,1,90,
183,329,64,258,22,13,146,0,169,212,304,30,281,269,268,21,185,54,298,123,220,247,310,313,59,123,149,252,149,324,
92,77,286,
145,182,
236,227,69,299,113,10,84,103,316,297,321,332,166,319,288,128,32,
24,173,312,
95,282,279,239,80,35,219,241,334,80,111,181,13,114,247,
144,313,313,285,162,15,44,288,303,40,
57,232,222,200,25,89,320,120,16,12,165,195,62,125,
319,100,107,229,190,255,12,252,112,253,213,279,140,78,200,200,301,
45,305,49,212,83,47,52,104,217,101,138,294,37,37,69,91,137,149,270,236,295,229,312,313,
302,137,281,166,226,185,134,191,145,204,157,66,
320,66,93,119,187,111,71,128,168,247,77,106,177,
10,66,101,128,148,73,322,334,250,181,130,299,311,115,249,251,137,240,289,180,77,232,219,312,69,109,118,77,
128,328,70,166,36,273,203,222,256,291,3,3,9,139,201,315,192,34,171,236,317,299,125,
3,253,92,143,301,330,311,209,154,164,113,9,332,36,247,76,60,313,277,315,81,19,317,
332,234,162,267,74,14,23,196,116,102,41,0,135,85,131,206,258,4,50,171,280,42,7,40,81,143,
136,173,1,81,243,26,63,110,315,254,114,146,240,255,156,218,243,
304,183,162,93,96,111,201,301,62,311,253,134,292,192,233,103,
334,311,77,112,41,202,270,91,190,
4,95,211,99,70,63,70,256,188,89,187,262,236,146,109,137,244,3,9,86,169,227,83,247,
313,98,122,235,39,68,160,244,27,175,55,130,
70,128,12,62,212,63,8,200,206,261,267,58,
105,129,301,
119,253,32,30,120,64,
90,19,6,166,219,281,175,261,316,23,57,290,156,274,227,75,27,247,
173,263,228,310,48,14,166,136,137,16,25,190,309,128,179,79,105,193,91,21,135,89,239,303,252,263,2,202,
23,238,50,122,278,301,321,
6,234,146,6,102,328,187,91,78,36,90,159,230,182,82,206,
103,281,313,320,148,13,220,53,112,230,278,304,3,186,280,
143,311,48,193,598,199,201,138,251,2,130,281,181,6,329,38,219,
95,28,4,107,154,310,193,195,181,186,59,185,201,
39,71,234,283,137,92,143,38,315,334,98,263,87,
93,324,147,160,112,167,162,238,275,188,40,129,149,138,95,199,129,27,246,115,161,200,
315,281,102,11,53,124,162,184,204,331,195,289,256,200,192,
28,192,292,
281,305,84,106,124,192,81,103,149,207,198,167,239,274,244,254,212,219,83,69,138,315,180,36,170,203,181,217,147,
45,107,147,
295,137,5,27,42,212,
156,9,88,295,48,258,271,329,216,236,14,
44,123,38,
98,167,130,200,
85,179,
19,212,222,14,327,21,12,155,77,87,257,305,
201,304,167,251,73,
165,89,127,10,135,173,200,60,82,103,291,89,201,251,76,162,42,314,130,315,63,98,216,1,
86,20,99,303,308,56,204,54,158,111,141,92,5,228,
281,98,56,2,219,302,36,302,187,136,204,157,217,219,264,109,132,237,172,3,265,293,1,92,170,320,
124,22,181,205,11,95,34,13,74,175,11,160,62,311,179,263,61,256,302,95,173,277,310,151,157,180,219,86,
603,182,211,165,19,219,136,244,80,149,317,106,304,22,212,57,285,126,261,261,
136,89,142,213,258,17,
314,305,31,245,55,
200,48,57,129,118,260,273,140,315,98,114,
93,736,199,87,173,36,166,188,249,152,334,207,128,308,271,320,217,20,198,261,
312,179,10,24,
311,13,143,12,314,232,15,124,313,56,109,50,3,295,334,26,
258,107,48,332,238,109,253,35,319,285,2,142,285,
147,65,238,6,10,91,26,45,3,22,35,20,244,33,119,110,270,216,258,308,333,
158,173,141,273,306,86,159,25,118,182,251,329,88,84,44,269,30,49,111,69,185,
293,327,109,174,186,107,278,
313,144,25,212,312,28,89,324,333,308,6,291,186,49,128,279,140,284,301,3,62,223,165,87,326,147,135,212,209,119,101,146,232,285,244,143,35,
101,129,109,194,
102,48,108,256,15,226,268,35,108,315,177,138,292,104,252,181,143,270,276,294,
92,44,89,77,188,66,285,264,
89,57,165,280,
150,89,
96,304,186,267,253,98,211,297,235,133,312,316,35,186,268,111,81,112,178,191,282,47,278,7,311,231,262,8,204,
19,90,52,121,245,2,324,98,
271,234,93,275,315,78,57,173,112,146,
36,281,295,60,92,131,
118,77,141,
130,10,222,103,38,98,200,7,96,158,44,177,49,141,313,
238,310,201,291,194,50,134,268,330,139,169,146,147,192,226,262,311,56,23,327,34,6,10,141,198,27,110,192,260,319,126,334,331,270,167,
305,247,191,10,231,91,203,296,292,314,79,257,78,297,281,282,314,54,120,171,45,210,173,115,6,210,
188,88,107,320,92,11,44,93,75,161,134,204,141,307,109,113,261,328,324,
291,201,324,62,27,289,107,
294,55,45,275,166,215,235,312,319,169,236,262,132,295,272,71,187,
120,127,207,285,
148,10,10,141,71,129,314,294,126,329,220,50,73,7,129,302,255,13,313,305,146,230,245,
180,798,196,57,53,199,173,41,
181,143,194,9,301,184,76,329,292,101,105,165,310,56,108,133,285,
109,77,71,293,1,328,237,101,224,131,122,301,245,301,
139,222,316,
299,798,17,128,
204,281,19,302,70,218,190,133,
292,227,257,267,142,160,108,107,18,167,264,6,208,238,259,309,304,110,
5,155,59,179,287,105,75,4,260,327,1,249,142,28,161,266,319,328,46,295,300,86,285,
286,279,10,6,62,193,191,135,9,238,254,103,152,34,120,152,220,293,311,
280,92,55,195,77,
74,332,989,63,189,224,298,78,226,214,0,154,55,93,110,223,75,39,42,74,163,170,
93,27,14,271,320,266,319,221,14,117,150,248,277,241,200,97,311,326,265,302,155,118,7,
232,182,40,57,149,1,192,324,323,28,2,293,22,53,216,136,55,254,
63,174,308,136,29,90,158,170,296,129,247,598,
97,15,205,492,103,118,199,182,
77,16,227,92,290,312,109,118,317,83,112,311,183,241,51,92,78,22,46,316,196,334,105,230,311,101,118,320,
67,756,251,152,173,210,55,105,300,
187,6,281,305,137,249,307,
19,33,94,40,54,102,204,228,22,72,222,289,196,304,73,315,35,
149,17,603,192,113,129,106,
181,182,
91,318,6,265,27,
279,197,313,307,95,162,286,59,85,197,14,211,89,266,150,319,81,202,
256,223,127,160,261,76,303,
193,137,286,95,
180,14,128,
220,44,103,92,
122,109,313,176,230,
208,366,78,124,146,
256,270,102,263,300,124,15,269,252,106,211,
137,324,226,89,334,66,302,147,44,193,299,223,259,6,107,206,267,217,295,307,237,73,273,20,270,83,287,8,
56,108,35,58,38,260,218,47,52,298,324,82,108,230,265,240,225,153,54,111,30,150,107,18,
17,94,149,271,30,234,180,59,39,89,157,74,157,305,156,37,88,138,255,43,168,170,287,65,7,30,
146,136,183,
243,127,136,
79,173,318,
127,149,598,165,65,73,9,241,260,96,204,243,120,256,200,269,152,257,30,
366,798,131,5,300,194,53,281,325,224,208,179,139,161,121,133,
182,232,211,122,109,180,195,68,112,72,260,9,96,126,185,24,15,298,96,
298,74,45,66,84,224,252,201,212,
194,268,181,
67,143,222,229,143,312,28,225,42,181,
122,44,100,180,199,20,19,62,100,324,142,161,269,316,196,250,
244,147,313,
222,57,229,220,106,139,189,187,271,5,295,19,130,188,8,161,173,81,86,49,262,279,291,
219,55,281,
72,19,279,25,58,228,
100,55,294,204,140,265,
227,164,71,107,292,310,80,123,155,248,277,124,190,216,36,182,178,236,200,21,14,321,162,
665,844,92,98,223,161,164,152,323,266,
321,234,214,87,163,180,228,37,321,176,86,87,200,154,96,175,236,117,142,204,
208,6,212,312,
17,299,133,156,149,329,
328,142,96,6,67,15,22,165,11,128,54,226,253,332,11,119,183,282,72,286,273,177,51,34,73,287,303,
182,9,2,145,97,41,135,154,258,150,189,209,190,268,
73,10,127,29,96,137,96,22,82,160,155,155,282,201,207,195,207,
162,332,279,318,239,290,159,262,50,142,241,8,125,75,
48,143,128,293,295,135,124,35,45,92,30,296,26,245,302,48,113,173,74,333,275,186,183,152,294,113,309,9,72,200,212,234,160,8,257,277,119,104,179,315,120,320,323,
250,53,175,310,69,8,36,321,77,294,160,158,266,297,
798,107,366,3,98,282,91,122,163,185,65,85,127,180,304,29,299,288,207,98,274,
107,232,68,41,326,13,163,16,87,188,258,79,5,28,195,277,38,149,11,163,45,128,150,92,291,4,80,97,208,100,211,275,34,227,185,119,151,273,
295,48,101,268,53,177,316,80,109,156,60,
282,1,14,121,95,210,4,28,4,25,271,54,73,328,319,114,30,201,76,183,143,178,327,219,69,185,87,64,172,199,
223,14,256,212,
50,278,311,197,
48,14,209,298,85,267,215,258,8,55,229,48,114,174,204,131,109,116,75,315,320,
292,183,305,229,37,53,140,147,28,1,109,267,316,187,220,121,318,327,
89,324,46,298,25,165,16,82,314,136,175,63,92,308,150,227,21,150,319,4,173,293,14,100,157,159,310,233,14,265,192,310,138,
316,177,96,172,97,6,240,186,320,202,139,144,334,241,
55,48,119,22,245,67,159,249,160,34,186,283,
93,75,121,321,221,238,176,
313,55,91,144,248,326,267,109,303,299,34,96,158,256,222,31,69,125,276,
45,74,48,180,7,117,150,320,322,184,194,22,75,153,90,0,0,214,57,163,298,236,328,172,
167,220,44,110,201,275,112,18,117,10,138,105,171,286,98,194,186,33,322,136,125,316,5,
142,328,32,255,307,117,244,263,90,112,28,330,136,151,308,5,147,248,21,179,261,301,
74,124,48,142,211,44,199,270,80,311,275,136,11,122,
324,216,121,112,105,89,159,11,35,93,291,291,137,255,160,143,207,174,201,146,258,198,37,174,163,173,242,246,308,10,236,258,176,56,168,110,162,263,312,280,183,
138,45,143,60,
14,796,598,160,65,114,131,282,288,292,318,48,230,246,264,420,153,294,223,61,136,217,131,227,105,52,287,178,12,141,112,31,74,180,217,154,268,179,
164,227,107,16,255,78,169,261,80,53,292,84,93,118,156,
844,665,215,328,75,128,195,96,110,13,222,207,37,25,307,
8,220,162,91,137,
179,38,5,28,331,94,263,17,123,126,274,96,123,212,277,38,246,143,14,
175,331,281,291,37,250,267,75,275,175,98,317,213,317,52,57,166,89,292,34,120,224,
270,222,234,222,47,191,289,271,147,170,
229,326,2,186,244,334,133,181,
44,110,260,58,220,46,122,296,19,331,145,80,167,78,318,272,232,205,119,92,96,171,9,57,74,218,273,50,37,168,144,260,158,243,
158,313,294,9,3,170,186,
234,37,28,6,142,271,209,332,29,144,328,5,39,233,270,261,220,321,269,10,36,255,278,21,91,192,227,172,4,78,172,333,88,
298,56,89,126,149,207,254,101,211,168,46,291,30,103,84,206,260,
131,197,14,201,
186,96,40,152,
149,298,236,329,332,268,294,183,
147,75,14,180,
6,147,6,20,168,208,121,60,147,221,239,278,145,334,192,119,15,190,275,315,146,54,17,94,
143,67,39,313,107,144,158,
200,165,127,36,91,123,208,256,266,27,203,261,101,175,290,93,167,181,196,160,24,100,
220,222,183,37,8,163,
194,45,366,243,46,98,172,
272,318,80,209,285,319,18,
311,10,3,77,98,
149,93,45,203,270,
79,107,305,333,42,0,165,315,291,81,139,226,287,13,126,175,
153,45,182,150,198,214,141,142,313,275,
160,256,324,
129,75,533,105,200,187,180,328,
162,315,304,
46,298,89,5,80,
202,173,
147,179,92,
53,250,366,
232,2,107,230,313,
89,313,137,
239,162,6,
222,19,
126,148,603,
135,327,165,
166,294,302,
256,2,
76,165,282,312,
14,19,147,
275,107,271,153,
23,327,90,
40,332,19,
131,48,332,
214,45,321,
84,236,
142,321,162,153,
239,253,173,
123,179,183,
189,222,71,
150,182,56,
267,313,137,167,
91,129,147,0,
91,200,334,
88,188,17,
327,75,121,23,
68,313,135,
245,19,109,
156,136,90,
37,45,129,844,80,
310,95,173,89,
268,102,
331,238,197,315,
318,2,307,162,91,
212,313,179,408,
174,63,293,
195,197,202,289,
146,238,4,324,6,271,
210,305,
334,238,95,6,
118,200,158,263,
95,93,124,
310,238,250,1,
54,183,86,6,
172,234,194,45,
198,153,93,
141,86,188,
206,137,71,298,
30,127,298,201,
112,103,334,
145,86,302,
268,179,149,14,
97,107,182,
266,200,665,
312,294,
76,181,
253,253,319,74,
133,204,55,
260,200,44,
162,62,211,
167,197,93,267,
319,55,
110,167,136,
181,95,102,
186,48,
34,124,286,
101,279,181,
232,44,10,
230,103,77,232,
190,6,334,
166,173,236,
285,144,272,
170,63,17,
157,124,302,182,
100,294,107,
315,136,55,
15,144,6,
101,313,77,
98,19,798,
238,258,93,
103,165,236,
71,75,320,
64,75,282,
194,238,106,
261,90,164,
16,57,
253,327,
62,304,
5,167,
187,292,294,
123,179,183,
169,294,238,
270,45,147,
97,173,
81,136,
71,307,173,
26,311,136,
119,147,55,
80,95,107,
254,298,281,
27,91,90,
100,200,89,
194,101,167,
4,234,332,
112,96,55,
158,130,80,
320,179,45,
135,48,179,313,
85,332,48,148,
30,119,183,
201,238,282,215,131,
160,30,292,178,200,10,148,
106,256,73,
49,222,130,
273,137,107,
311,286,
141,148,118,
19,62,204,
114,282,278,
215,201,294,
195,211,107,
160,93,250,73,
177,295,102,
267,96,292,
120,175,75,
165,328,57,2,
203,279,
10,234,236,8,
22,147,603,
138,86,167,89,
81,279,222,109,
265,89,179,91,
46,179,77,
294,148,48,
208,200,107,
126,238,182,
260,278,298,
62,19,230,291,162,
74,17,14,253,
212,19,298,
114,200,95,
50,23,148,
109,188,295,81,
19,122,
129,93,148,
300,173,67,
3,147,311,
154,3,74,41,
291,128,107,327,
141,10,238,153,
103,298,
0,93,183,
173,165,158,
185,95,158,
163,74,321,
308,147,63,
55,201,313,
167,238,200,
181,278,200,
99,135,
293,281,286,
275,6,74,
286,80,92,
96,321,73,182,
286,167,
110,147,324,292,
34,128,238,
290,2,90,
187,129,222,
184,181,
212,603,2,
26,147,2,
272,328,294,
142,122,258,
252,173,102,256,
320,48,179,
48,102,48,
189,182,
290,253,200,
33,147,86,167,
106,281,603,
86,75,
295,45,294,
50,44,162,
121,19,366,
329,183,75,
60,6,3,295,
300,211,
175,86,90,
315,3,39,128,
87,93,
209,48,272,229,
211,279,256,
61,124,14,
261,70,603,
212,295,223,
312,45,324,76,
240,135,316,
182,129,6,
282,277,73,
213,136,175,
192,304,
310,279,181,
63,165,70,
236,156,294,
20,147,93,
98,798,756,
121,278,6,
179,48,
329,158,
1,109,
14,227,89,216,
280,324,332,
0,332,
173,279,124,
27,238,75,
98,175,39,
73,148,19,
276,102,313,
41,319,180,
209,75,182,
269,256,122,
291,79,62,
185,182,282,
69,282,250,
290,211,162,
180,173,281,
164,3,36,
14,93,
15,256,182,
62,57,122,30,
289,270,315,24,
37,292,220,
8,48,70,10,
52,56,19,
0,74,45,
262,294,96,
191,302,
200,130,319,
65,14,55,
38,
240,202,
279,222,277,
82,6,73,
243,136,44,
109,292,62,
99,86,278,
274,179,798,
246,93,324,
195,95,73,
180,45,147,
290,55,
78,234,
141,289,130,
1,165,281,
57,294,318,
190,182,204,
301,23,319,
175,278,79,
278,23,293,
245,148,314,
282,305,
199,93,97,
77,19,279,280,
154,182,95,
140,292,319,270,200,
138,327,93,
2,19,327,
39,74,313,
245,129,327,
252,298,183,
220,286,292,
333,147,234,
226,263,79,
3,158,281,
213,175,
186,167,229,
10,167,160,328,
174,294,129,
105,167,173,
133,181,17,
2,232,173,
285,181,258,
9,158,286,
182,153,97,307,181,
173,278,324,
317,55,
217,281,137,237,
30,129,158,62,
218,136,204,
316,253,167,
114,201,136,
178,160,
102,192,
146,208,148,
113,188,86,
181,229,67,
329,17,149,
11,74,117,
312,208,86,
94,6,96,
83,137,211,
119,204,
304,19,
104,48,
240,263,136,
145,6,44,
266,294,279,
136,74,281,167,
273,44,162,
315,19,6,
155,73,
107,291,56,
216,165,147,14,
278,103,192,
313,45,153,
247,320,55,
170,74,158,
98,165,194,313,
118,277,93,
265,100,281,
24,182,277,
48,48,55,
329,80,253,
186,55,96,
147,281,6,
132,281,
219,10,95,
19,44,3,
326,307,313,
305,148,319,
316,122,135,
238,93,292,
289,291,195,
130,289,165,
27,93,313,
47,270,56,
60,36,165,
125,162,313,128,
177,130,
56,324,181,
313,183,103,
264,292,92,
74,
162,165,
269,234,192,
14,156,89,
96,253,130,
287,17,179,
44,137,
10,165,324,
257,127,292,
273,158,
285,92,
247,3,4,
12,
203,112,200,149,
316,292,295,
14,93,173,
324,19,188,
59,95,183,
136,232,603,
71,294,318,
233,89,304,
317,3,
66,298,320,
119,6,107,
272,
33,19,
209,3,
288,328,14,161,252,165,202,50,78,798,
78,77,208,
261,188,603,
13,294,
96,127,307,73,
9,127,3,
42,165,79,
117,167,
228,86,72,
318,292,294,
106,320,149,
3,128,103,
170,270,281,
30,56,17,
54,86,334,
77,250,10,
10,263,286,
42,332,67,
192,89,315,
147,327,270,
230,148,122,
75,55,162,
18,56,272,
167,192,281,
317,128,77,
186,158,103,
133,366,229,
204,19,
122,74,23,
285,5,120,
249,187,
13,95,311,
310,89,
173,180,271,
144,316,143,
291,222,238,
294,62,149,
327,292,55,
92,281,36,
17,136,6,
321,23,
207,73,120,
247,95,90,
296,63,
261,93,200,
70,4,
308,313,93,
34,125,
294,14,
294,102,250,
210,305,263,
0,45,79,
196,122,200,
152,186,286,
287,79,137,
204,188,48,
35,95,313,
