322,75,213,11,
212,203,327,43,51,311,262,76,324,24,
311,92,208,152,
28,23,46,157,107,152,248,315,45,215,322,
215,286,16,37,297,209,28,25,199,
203,32,333,310,215,172,222,252,53,262,324,318,135,43,93,217,66,301,159,98,
123,257,113,31,85,156,183,308,142,156,147,94,116,83,
147,118,181,163,70,180,34,80,275,202,32,85,268,33,163,101,18,226,325,224,49,252,131,
254,231,208,106,254,
87,26,274,116,127,287,160,
277,221,117,189,317,279,161,187,305,
39,86,215,178,287,227,11,21,178,291,251,
140,159,272,86,333,45,208,270,279,233,97,181,5,35,234,
267,318,181,133,45,149,136,288,81,239,159,160,321,
291,117,100,225,23,110,219,
198,233,265,62,98,25,162,136,
5,53,43,232,276,265,
26,305,319,295,193,317,122,26,99,11,58,183,291,175,114,207,201,305,49,284,158,259,90,61,227,9,258,210,159,267,269,131,140,254,178,136,216,288,2,164,266,42,164,209,130,74,323,56,310,8,165,118,126,94,322,317,184,42,296,110,300,66,101,133,94,297,318,124,28,35,120,41,
141,116,117,333,93,173,196,217,114,40,115,188,36,277,164,268,272,
62,98,198,109,226,55,131,186,277,
295,27,70,326,13,325,281,35,295,197,317,33,174,222,208,37,38,18,42,208,308,45,313,116,277,116,329,
74,44,235,132,36,163,111,125,252,192,68,99,233,135,57,
173,326,141,56,321,169,114,
188,141,268,198,
277,51,23,236,70,252,281,281,295,17,
181,317,140,145,211,
292,175,237,31,271,154,113,133,196,130,
273,76,136,162,
314,207,328,37,290,68,143,274,103,270,305,150,97,194,226,264,272,291,154,235,151,326,197,140,77,
45,208,262,73,199,144,77,95,157,136,298,123,177,
137,305,323,8,274,238,320,102,41,226,211,181,203,111,284,144,101,17,57,163,317,86,107,
64,81,296,329,164,197,8,50,235,
247,292,45,123,254,303,290,167,196,311,328,320,232,
194,137,212,308,157,32,44,316,191,320,6,16,123,
198,204,95,16,41,183,258,29,
329,70,280,299,53,50,296,52,260,333,
248,294,326,292,224,209,290,194,260,268,246,256,159,116,69,114,28,282,181,46,209,233,221,325,327,
134,249,278,270,219,178,64,70,83,
45,26,238,
64,248,77,85,165,245,27,170,325,
79,136,288,270,
8,230,168,171,83,221,222,288,23,311,143,250,298,
127,328,140,208,69,131,202,231,
312,81,23,317,41,
51,235,81,21,67,264,254,85,55,
44,272,161,9,173,287,109,296,98,273,167,45,74,242,329,158,112,123,185,333,168,288,185,165,210,194,228,96,271,83,
55,62,288,159,
210,44,281,12,
86,261,60,157,203,164,69,140,48,241,70,252,0,
230,166,8,109,127,260,78,
178,160,219,134,165,288,235,236,39,122,153,195,274,272,
25,134,109,214,95,325,
169,89,254,173,75,60,
48,108,72,147,299,158,109,222,
180,288,326,
106,56,140,64,23,254,303,325,
81,212,244,118,204,309,312,7,228,64,148,217,331,261,
270,103,206,117,178,203,303,276,29,260,243,48,174,134,98,138,15,40,187,217,289,79,
45,219,169,81,160,101,295,
288,10,55,135,151,264,265,321,29,326,175,170,36,93,210,81,250,316,76,252,105,140,196,246,286,212,292,178,85,
77,49,181,313,320,2,261,240,279,111,289,313,
38,295,67,33,114,291,168,242,
158,136,228,190,95,298,48,
212,288,313,231,262,5,
176,116,69,153,17,291,137,315,285,48,235,184,184,
286,31,113,33,116,33,177,80,12,298,99,160,280,106,173,71,37,263,288,135,105,193,291,39,175,265,228,137,239,52,30,273,134,149,207,215,99,207,326,277,29,62,265,232,136,
20,116,332,232,
303,247,
86,62,326,116,243,188,173,219,131,
178,141,292,62,0,75,45,165,147,40,126,156,45,156,326,319,329,203,91,206,240,114,265,328,117,
321,170,227,52,272,231,215,305,21,294,197,79,173,202,98,
16,41,137,215,142,198,164,175,
70,159,212,137,295,306,277,25,47,137,138,332,14,203,221,
324,228,274,113,170,285,161,122,237,
313,60,254,154,55,237,32,24,200,0,278,216,207,30,122,156,202,116,318,104,105,124,92,30,212,
159,278,24,189,282,248,196,322,99,29,266,46,100,249,69,165,165,169,156,56,273,70,5,27,297,242,73,117,247,55,
303,59,212,171,329,277,309,331,115,233,152,233,78,111,201,225,252,192,99,147,
296,53,198,318,199,151,63,276,173,311,64,78,25,27,317,175,308,
116,252,141,313,57,120,
249,197,203,302,47,333,134,100,54,60,9,134,316,318,55,
310,203,215,168,
224,64,228,248,266,333,
117,219,76,162,
247,207,121,92,110,148,203,136,38,47,279,105,
311,292,73,238,210,51,133,195,262,11,132,232,92,324,42,308,11,219,123,206,237,87,71,251,
14,62,282,77,265,89,58,181,123,208,71,228,249,80,16,20,68,
75,101,42,216,
295,231,291,285,206,
72,321,44,288,18,69,134,327,
265,168,321,169,324,155,317,265,42,46,251,25,233,299,147,97,76,130,286,24,198,281,181,
294,301,235,84,152,55,127,178,191,26,133,260,177,208,185,162,184,11,119,62,131,143,11,93,124,279,23,128,33,66,245,171,236,302,172,248,62,155,162,117,222,293,3,248,301,256,81,38,58,296,310,6,
132,198,202,278,208,311,19,
221,207,242,307,
33,283,184,139,130,318,83,94,315,130,329,95,322,60,157,325,168,225,175,19,263,64,6,38,66,147,286,324,147,99,126,219,267,291,109,87,324,23,134,146,179,290,193,85,
110,291,140,142,107,13,
75,254,178,28,199,131,133,33,228,
262,188,288,294,123,66,64,268,311,23,296,45,7,14,15,5,143,177,255,302,
168,137,68,261,16,69,213,290,164,142,199,32,138,39,
314,214,126,199,117,155,243,96,44,8,264,59,126,159,246,241,84,264,274,68,43,7,231,228,294,155,226,220,264,211,164,28,242,
81,91,48,20,25,6,321,167,239,47,60,225,134,68,95,326,148,121,113,206,93,163,98,215,18,105,324,173,280,153,182,127,105,212,12,131,238,267,217,296,300,51,243,
77,181,154,272,90,46,213,273,224,318,15,304,133,289,266,279,295,4,
130,38,222,54,132,214,319,137,231,78,218,265,81,103,272,95,329,
179,206,35,219,126,70,119,280,0,286,78,286,
203,137,270,333,170,276,208,225,247,136,86,17,75,164,120,35,
168,181,160,307,258,113,204,135,189,192,129,251,131,8,157,285,175,257,276,310,126,
252,277,74,17,221,86,124,118,174,
316,247,284,183,118,
184,205,131,103,90,184,157,302,32,28,18,176,321,159,
64,284,33,95,269,1,160,192,41,193,206,330,45,321,46,321,183,14,116,106,173,45,151,112,175,186,191,
30,174,313,117,44,
121,64,174,157,219,15,6,83,215,
332,308,264,20,
242,231,174,189,115,221,192,180,
157,168,86,42,121,240,140,
101,165,31,254,57,181,315,97,72,210,63,136,235,257,304,26,164,147,290,332,326,133,22,219,137,77,259,288,54,74,
325,133,234,164,135,76,327,248,165,119,105,241,183,281,331,8,25,
324,242,12,319,53,172,253,218,138,311,189,64,239,318,260,168,59,241,206,154,208,
7,45,81,314,50,
180,147,252,
21,131,225,39,124,209,
30,257,195,194,71,141,74,152,262,80,145,147,78,88,295,6,144,157,76,120,203,331,83,225,195,45,151,14,142,323,143,206,31,313,126,4,171,55,120,237,281,219,306,68,96,
23,299,3,65,102,219,330,21,289,99,74,88,148,208,293,262,235,128,243,
102,220,45,23,121,145,13,278,
4,23,139,87,156,245,213,179,218,307,219,210,
308,95,174,260,17,61,27,300,264,72,162,246,300,263,276,300,38,203,298,11,126,311,248,233,228,
58,294,13,
292,213,147,194,23,130,247,208,151,156,311,135,287,23,143,76,128,139,286,196,249,151,4,12,137,186,295,316,329,128,86,319,76,5,278,303,190,23,136,288,
280,179,94,175,171,55,54,144,
278,27,292,146,177,33,218,297,91,101,134,200,281,64,239,288,
235,164,297,208,74,313,51,196,26,234,219,178,265,307,208,
297,34,164,233,12,23,193,35,158,303,321,
326,165,241,248,266,103,237,284,147,94,184,193,97,262,272,295,96,216,113,101,173,231,181,7,228,278,277,33,286,86,155,65,180,47,209,
227,116,321,31,0,320,20,281,178,
212,101,94,252,116,223,95,88,90,81,247,194,12,30,156,292,152,31,123,236,259,141,254,167,180,
332,70,168,117,96,
60,253,179,209,317,214,255,210,212,68,235,271,204,33,85,36,263,169,
288,44,140,168,133,190,180,
70,329,174,86,
131,294,21,62,184,17,66,150,161,90,40,291,288,216,313,168,21,182,223,36,282,310,
240,178,268,275,68,157,
300,229,34,308,35,101,244,30,235,37,45,12,81,10,237,195,249,308,329,56,
277,213,285,326,219,229,133,67,
18,81,324,116,108,212,244,7,18,329,
235,171,94,70,112,64,
237,197,53,171,216,5,214,58,70,
206,30,170,151,4,24,161,52,114,229,77,110,119,233,61,118,42,243,12,268,45,25,320,235,146,179,77,191,228,63,60,68,262,236,270,208,26,163,265,300,209,18,242,162,
115,38,42,281,206,224,232,27,214,313,292,213,166,66,86,
300,160,53,253,207,133,55,280,260,274,
202,173,116,
116,111,86,161,18,58,61,167,114,234,
89,208,176,331,
111,42,274,325,214,204,331,165,306,101,271,301,137,258,116,124,205,142,115,140,322,266,302,112,140,212,296,23,257,121,139,306,262,
188,49,262,
43,212,156,
188,12,155,172,265,261,32,131,178,86,55,
38,200,44,330,200,178,282,28,137,100,206,38,292,160,306,212,308,231,204,131,
174,212,244,225,308,304,70,145,297,315,190,231,334,157,310,190,71,93,40,72,219,92,142,196,65,177,122,120,264,198,149,118,274,62,276,114,254,4,
57,228,60,222,
45,33,15,49,178,7,333,247,318,23,215,234,7,32,267,110,299,300,231,28,162,231,268,
199,159,119,296,259,144,110,52,124,125,155,51,274,294,131,43,196,244,274,36,139,202,268,91,256,75,
261,147,80,175,178,297,281,13,86,282,40,208,
307,238,164,53,164,306,257,6,182,142,91,329,94,171,163,288,85,278,51,278,95,305,235,57,83,221,65,278,
207,189,314,255,32,31,141,142,260,125,146,199,283,286,160,100,30,302,296,273,92,53,160,189,247,109,330,279,56,45,67,280,43,315,142,104,133,221,47,152,112,
6,228,30,17,93,211,147,238,300,7,33,45,71,324,192,279,315,161,184,137,81,295,227,131,233,333,314,187,249,194,
265,286,83,272,206,224,13,75,0,0,250,148,5,157,
17,83,277,147,244,253,197,176,283,140,281,
197,64,291,244,211,289,298,17,277,193,123,8,36,14,57,237,79,240,37,44,143,45,133,267,11,70,142,328,146,10,288,21,159,205,
22,325,154,
147,17,252,178,225,326,219,334,127,289,133,303,35,50,250,
121,34,102,196,103,110,111,137,85,
45,197,239,300,265,273,156,252,16,8,102,76,280,182,330,180,3,294,103,291,224,29,274,127,316,175,315,314,241,
244,197,214,34,30,88,170,32,5,81,212,17,280,86,124,53,67,233,227,287,233,257,
27,286,123,4,144,321,138,164,30,
262,88,219,326,212,241,68,268,272,89,105,247,260,290,321,290,14,116,208,225,68,268,253,23,88,111,192,
227,249,290,133,134,237,39,11,121,262,72,109,156,
64,55,13,56,113,121,169,253,134,126,98,
58,221,116,137,56,
243,228,317,172,324,231,91,117,86,126,310,
282,107,99,25,124,302,210,189,12,60,5,248,74,225,
150,33,175,14,155,146,10,186,198,42,147,206,282,114,72,195,126,24,121,301,199,38,298,124,133,81,
85,116,221,100,152,275,185,
4,77,110,285,54,92,18,109,318,235,38,332,323,
278,269,272,
112,107,191,216,18,312,175,94,80,201,32,17,34,0,133,314,96,160,265,64,
252,302,55,303,76,133,0,93,271,324,
329,233,303,91,190,122,300,123,50,70,150,269,233,241,293,320,130,220,245,
168,323,132,0,231,148,59,69,4,21,59,9,88,162,274,244,324,22,17,92,28,332,124,194,209,
33,31,279,64,122,197,21,289,45,
133,27,68,37,121,101,58,181,325,303,324,290,227,161,219,272,179,334,313,256,189,200,290,330,74,213,313,
33,93,298,294,246,1,287,291,215,146,224,295,109,75,192,220,228,192,301,287,247,83,96,271,285,75,
277,44,159,269,160,156,80,173,17,43,236,301,
272,77,265,278,15,133,175,
215,33,60,143,45,225,160,136,286,260,39,128,188,162,53,298,44,324,73,122,85,116,310,
317,60,119,243,324,226,307,3,223,109,112,191,328,69,298,224,131,
201,290,296,241,15,198,323,84,81,263,57,51,291,309,188,124,188,22,242,114,105,121,101,64,309,112,19,303,77,69,317,123,129,213,225,207,132,269,32,164,87,15,
50,160,285,64,
173,142,94,160,307,234,241,269,269,50,277,273,334,302,
81,321,18,97,325,8,166,206,232,66,1,251,51,13,118,185,289,12,277,100,
57,116,295,76,268,
166,55,318,21,148,319,
181,144,105,147,274,17,74,239,259,85,268,203,168,255,37,4,128,172,77,191,197,130,326,267,212,101,140,266,248,73,
140,334,202,124,195,185,269,168,181,153,147,181,302,106,110,46,291,300,16,37,98,286,305,238,301,
152,28,29,140,312,323,154,
27,288,159,116,
101,108,149,181,328,88,116,263,197,324,152,210,214,111,34,235,
72,227,48,
204,254,182,0,243,217,125,14,198,188,255,163,88,270,317,132,80,258,211,
133,26,267,205,
255,248,140,73,
208,180,206,146,89,297,121,288,
126,272,116,239,172,243,33,323,237,128,235,334,328,281,164,20,179,175,19,59,286,311,180,
307,173,79,57,262,11,196,
284,273,214,76,110,64,235,98,159,176,151,314,301,181,230,88,301,81,138,137,215,197,291,116,214,325,
114,38,248,231,
21,134,23,27,53,269,178,280,321,51,108,209,288,258,71,70,225,117,226,
35,231,145,179,297,328,317,
213,220,6,120,266,257,268,202,257,102,278,200,280,1,8,13,100,207,277,114,7,29,245,290,
295,292,277,171,57,
29,73,75,333,166,284,224,278,299,286,181,45,62,290,198,
159,266,6,33,184,194,29,37,45,228,305,133,329,199,315,131,199,288,98,261,211,154,305,287,236,277,26,127,172,246,209,284,192,205,5,104,184,218,
248,43,255,56,102,272,163,145,100,309,159,64,284,86,53,235,97,258,67,297,
325,16,81,4,304,185,286,218,279,84,9,3,152,134,225,
166,175,18,243,143,230,223,
254,45,148,159,204,0,190,268,297,313,223,250,293,216,334,185,293,254,116,251,277,
43,244,326,237,92,326,121,314,207,0,34,333,127,175,207,100,132,226,274,
101,300,26,289,56,209,98,178,85,75,301,333,56,39,188,
56,62,159,155,64,3,1,177,101,164,8,106,218,317,52,237,280,126,231,89,
215,302,8,121,
5,46,5,239,287,37,268,278,244,97,174,159,140,159,317,285,166,132,15,140,103,87,170,250,84,282,279,
133,235,311,124,235,69,8,334,146,39,79,307,265,314,86,100,79,207,208,304,153,129,199,289,60,77,
165,284,236,111,200,306,190,27,175,137,178,258,15,64,
8,92,166,215,76,
258,165,63,200,66,
101,80,63,47,116,144,187,297,193,285,290,196,331,229,274,161,102,57,91,196,11,142,199,5,101,96,
140,110,27,142,269,273,184,47,288,
92,311,328,283,87,208,42,245,173,262,33,0,90,257,64,218,79,311,324,137,1,6,334,63,204,268,147,254,302,174,269,261,247,8,190,311,313,140,80,332,
44,74,147,333,72,132,53,210,174,322,235,281,88,31,132,252,30,
297,261,290,262,128,179,277,202,178,138,
213,175,77,180,221,231,324,223,280,268,333,
268,287,248,29,273,283,99,132,286,188,254,260,7,156,285,28,210,297,
127,147,81,45,
233,244,260,121,
5,134,237,212,262,139,
101,174,282,35,138,325,255,157,194,322,1,62,258,143,290,187,259,180,185,189,322,22,198,312,144,234,292,92,143,287,153,162,212,80,49,89,271,188,328,325,101,219,24,306,4,228,222,84,200,26,220,326,79,
88,262,204,312,284,0,197,290,46,172,44,143,20,175,221,180,293,96,
287,292,87,282,150,148,48,328,227,37,268,87,305,241,266,86,261,131,58,321,97,
333,203,226,29,140,44,156,164,327,141,94,249,227,90,248,254,0,298,
76,292,168,273,44,97,154,46,93,77,4,78,111,94,171,76,178,234,169,57,173,17,285,
76,47,59,288,63,66,268,10,101,87,274,201,111,
222,203,130,73,91,62,285,155,228,187,119,34,269,100,74,202,101,
202,331,13,226,60,146,179,228,57,129,297,40,
318,291,166,296,203,189,239,5,78,309,136,181,35,29,
132,130,268,201,44,175,126,231,
302,27,31,269,206,274,116,249,122,144,227,272,86,156,323,200,175,208,195,285,128,71,275,279,282,310,198,215,277,
207,215,113,143,122,295,134,204,43,89,
291,170,314,328,222,309,142,298,311,
288,208,72,101,1,2,79,6,
56,56,110,253,41,54,175,290,27,285,262,94,46,256,182,229,93,303,179,258,70,270,264,42,306,28,274,188,187,15,59,52,228,300,63,222,45,45,101,329,158,174,16,73,177,
253,60,133,92,13,
199,133,207,168,303,215,307,
81,101,2,322,214,239,318,1,92,48,314,127,258,
138,233,27,74,73,270,245,
162,277,117,273,221,332,206,
8,213,290,45,72,196,47,78,13,82,134,270,164,223,330,192,139,325,270,
192,51,100,170,178,62,124,301,237,148,102,147,97,325,269,144,19,159,19,78,155,123,86,183,80,214,248,8,
75,322,282,214,213,233,234,304,17,291,31,29,280,312,72,325,208,132,174,15,105,324,323,202,324,295,265,150,166,307,116,
233,248,96,197,41,118,
303,199,292,76,81,269,
183,316,140,167,80,
64,97,49,108,224,88,90,312,174,146,27,130,79,103,289,239,142,240,
69,176,48,190,82,144,17,204,19,15,311,153,11,133,209,203,321,174,52,116,247,200,0,
25,8,28,19,
113,129,235,272,207,278,22,62,6,98,235,60,96,215,123,8,79,324,146,237,96,175,
27,308,302,295,9,277,326,277,279,36,310,133,246,294,167,88,21,128,329,10,251,147,43,140,145,5,292,201,115,29,156,220,313,150,224,8,
55,70,59,24,252,258,37,295,150,329,280,18,134,222,188,
231,127,35,134,275,27,257,54,164,16,
300,140,329,284,246,314,21,223,
29,108,268,138,70,287,8,313,
211,62,134,160,241,272,204,294,306,218,
95,229,2,66,9,229,285,269,34,216,48,295,162,
109,62,317,90,313,157,
38,273,96,197,22,140,286,325,70,127,62,279,94,23,235,288,278,223,70,257,167,308,57,310,271,292,219,156,130,77,145,300,61,294,286,82,81,139,23,52,83,
207,300,213,286,147,171,124,115,188,301,311,237,
117,300,136,41,28,240,139,190,19,249,143,127,171,32,141,294,90,332,246,294,253,195,89,21,71,174,
178,192,21,317,107,12,198,
308,296,123,115,295,313,332,274,330,
63,56,83,236,90,216,316,13,327,67,48,241,226,258,
197,69,172,159,4,292,236,254,156,239,277,295,123,36,5,42,30,150,49,206,315,221,139,224,222,128,91,292,252,197,253,241,295,92,138,321,241,89,218,35,33,327,
186,172,60,201,87,140,36,8,311,85,131,261,333,202,191,214,311,157,98,201,80,202,141,206,284,
58,68,60,205,0,182,24,304,265,80,100,237,287,92,263,303,
258,274,208,61,11,79,121,19,
32,214,313,
189,168,324,186,310,137,326,305,19,288,244,168,242,222,223,104,197,
170,289,206,12,235,37,166,294,72,8,144,254,175,307,101,233,75,318,208,84,291,325,136,31,267,76,100,51,150,157,
76,322,45,76,331,89,117,331,322,212,
285,95,33,190,8,45,
80,119,72,63,301,190,17,150,7,44,168,134,261,5,90,284,58,129,136,55,36,256,97,312,32,51,101,137,222,322,186,14,123,70,204,307,183,
17,246,137,306,122,181,
89,55,140,207,145,197,21,65,101,133,169,198,73,199,130,179,170,
279,13,262,64,282,246,38,56,37,294,136,212,266,27,111,282,302,21,334,273,230,291,207,73,139,316,53,228,33,247,107,41,33,200,90,144,327,208,
73,288,323,18,215,148,287,170,216,
175,39,302,288,16,29,113,166,261,292,258,70,295,301,308,318,237,257,272,289,
325,220,0,241,152,120,28,111,234,313,96,17,228,234,83,12,154,170,293,111,222,318,205,155,57,311,106,
74,174,33,251,200,287,90,27,112,275,152,174,319,24,125,43,136,271,319,68,103,31,294,86,248,99,78,
252,106,31,324,207,212,5,103,228,185,157,205,80,67,327,116,95,202,147,243,191,147,297,44,182,201,283,
140,34,111,144,314,190,315,317,
13,189,13,202,58,139,193,298,81,167,199,73,77,81,233,99,152,189,152,
235,192,102,194,275,82,245,197,313,45,133,302,263,183,332,212,197,256,240,113,160,231,91,243,285,135,258,209,310,25,173,73,308,43,7,321,23,102,115,195,
136,74,318,158,252,79,
305,119,31,104,60,162,188,229,246,140,321,307,273,112,110,184,213,282,
15,77,208,195,121,165,
248,294,62,280,187,183,279,142,
86,242,29,331,60,129,125,273,28,160,26,265,134,122,187,146,183,105,279,43,317,119,84,292,128,280,231,137,85,110,313,39,72,301,108,45,279,261,
144,324,69,120,127,183,281,42,45,25,275,58,36,136,301,30,142,272,10,97,
134,330,314,25,147,86,118,251,80,21,211,278,227,5,72,176,299,234,288,301,288,80,328,231,66,36,
260,308,215,315,233,93,236,248,268,261,16,308,134,152,96,238,252,230,169,
285,302,190,189,50,4,277,51,
168,76,140,61,212,189,69,287,25,288,260,94,90,250,315,205,232,
288,73,228,49,262,30,129,245,248,313,261,227,278,281,319,197,97,187,36,96,312,103,119,27,333,121,163,251,217,255,315,205,
173,209,296,64,142,231,259,202,304,180,76,209,86,176,271,152,158,
228,151,252,333,204,207,323,250,298,312,134,18,49,201,303,332,224,57,279,32,47,60,158,210,179,220,158,
174,185,231,74,5,64,162,312,332,0,104,122,0,30,121,160,295,154,54,59,146,44,160,
73,81,222,13,181,89,2,332,140,
24,34,269,45,79,136,289,15,212,
78,117,318,179,154,281,58,57,220,168,278,301,230,
194,248,196,13,177,326,233,41,99,238,
319,329,107,252,324,51,20,83,219,334,292,88,29,38,79,122,150,3,198,
225,30,254,21,124,27,318,33,
272,126,211,271,109,44,177,284,118,10,169,36,187,136,128,269,250,192,217,176,224,113,248,140,302,140,151,107,321,1,210,136,171,
123,167,230,246,262,27,243,85,247,172,220,73,228,311,
55,277,115,64,71,208,69,166,263,305,89,303,256,249,206,207,
291,178,94,328,5,268,197,182,311,147,94,83,85,291,7,59,318,232,319,243,116,245,176,91,297,290,126,322,78,225,45,140,131,92,180,235,259,
328,129,42,20,92,76,222,21,106,89,160,141,214,45,254,328,220,9,291,139,286,106,132,266,55,71,105,200,283,181,231,136,193,127,201,131,303,306,14,322,68,155,12,67,5,83,125,212,318,109,214,315,35,70,188,
3,319,23,317,151,264,76,50,
288,100,241,132,198,84,321,
4,292,71,18,2,96,103,29,254,27,210,242,219,84,9,315,259,126,
235,176,248,44,
274,115,314,35,87,81,111,186,57,102,129,202,1,232,284,273,158,178,199,104,53,256,264,324,46,153,256,258,317,221,302,31,83,315,
175,165,132,168,284,98,66,198,207,320,126,256,107,242,284,329,
117,326,283,296,172,204,143,254,172,54,25,142,260,329,163,220,238,44,41,203,17,277,258,183,30,252,309,31,270,78,30,291,264,323,
181,147,59,264,77,
100,248,250,182,273,22,291,114,264,288,54,279,236,237,239,124,
81,73,288,45,150,
290,168,291,125,294,13,261,98,
59,168,56,76,167,228,310,55,326,303,122,257,181,192,206,176,164,14,18,85,330,
232,115,155,218,302,135,311,18,27,
35,219,318,324,5,67,
147,186,244,25,187,199,207,137,329,261,323,195,185,124,83,205,148,109,317,92,65,309,1,0,318,48,44,82,75,234,250,181,325,312,70,252,123,163,255,269,
318,44,4,86,125,64,249,147,19,244,225,249,74,231,176,154,
175,150,318,23,240,208,40,203,5,238,141,283,142,148,317,75,160,214,13,44,100,294,294,170,197,45,23,304,12,205,213,30,17,43,128,130,75,208,230,8,83,245,
164,59,168,90,231,99,94,187,
52,49,321,181,50,219,80,129,
60,28,143,215,9,84,86,170,189,189,233,15,301,166,172,241,191,41,218,231,32,158,302,133,279,295,49,313,
315,101,70,260,158,207,107,300,68,163,164,222,73,159,
281,210,115,273,15,232,196,12,17,232,18,108,
90,176,18,131,133,13,236,85,322,13,77,292,63,215,33,164,279,109,
180,326,102,298,196,208,224,134,196,20,131,
41,137,279,58,64,234,321,16,316,246,85,3,276,303,
164,101,126,325,288,105,118,296,41,148,297,122,315,39,60,250,86,48,71,206,282,2,8,121,64,
146,278,208,39,
313,86,22,176,133,87,166,29,36,34,
109,4,171,230,195,120,64,226,
219,4,
331,303,30,64,275,149,122,122,168,246,74,59,274,89,
96,233,112,44,260,172,257,140,100,315,
274,43,308,300,
98,175,8,290,
320,329,247,227,
171,290,19,8,295,128,235,11,17,146,303,203,183,136,
94,187,307,173,183,191,157,280,251,212,333,235,25,
277,26,197,262,281,303,211,55,24,106,264,73,162,99,25,297,
228,94,222,140,11,180,194,288,282,219,199,252,208,275,254,6,329,243,308,286,50,243,95,291,
197,321,233,78,69,231,
60,160,186,328,237,183,57,276,310,313,292,171,
226,62,284,43,109,
214,203,172,81,37,32,188,227,
38,324,319,115,247,86,157,208,187,101,217,290,229,
157,252,263,33,195,46,51,130,217,118,70,263,97,241,194,28,84,255,66,324,109,
66,116,258,
49,197,18,102,59,18,297,126,255,24,334,77,120,319,14,64,10,230,240,151,216,124,92,234,8,208,79,60,70,75,168,
291,193,146,33,22,199,295,294,137,219,287,
60,113,274,6,14,136,5,224,174,178,
91,291,1,199,
237,58,227,19,265,292,300,225,
170,307,80,171,156,8,193,26,321,155,15,112,7,172,43,246,
254,247,42,212,226,101,295,127,264,
208,124,74,19,16,101,51,206,131,273,323,136,242,97,285,20,38,283,201,153,173,220,152,196,154,109,124,207,267,290,169,278,222,293,47,11,111,135,249,83,69,80,124,55,141,264,47,98,302,217,205,59,220,220,302,118,289,255,188,273,172,50,92,310,67,186,15,144,149,56,159,3,137,242,295,227,317,47,315,226,
156,43,4,207,76,
216,313,171,
108,244,46,168,76,333,263,310,329,213,101,281,178,29,165,329,67,313,282,64,71,
116,212,126,85,156,226,20,227,176,202,69,295,
311,126,8,108,
62,327,262,53,9,172,57,8,56,69,56,178,292,240,251,18,123,234,96,97,180,92,248,136,180,183,86,185,277,286,328,171,321,224,211,280,
322,76,296,77,
232,281,23,286,
131,127,280,86,
116,248,101,137,31,101,320,144,253,110,209,302,
35,182,107,79,274,147,7,106,152,184,220,254,304,151,142,306,151,261,109,94,1,243,
176,306,313,331,2,59,89,283,203,
99,159,162,258,118,290,15,33,212,22,282,8,51,160,90,156,187,240,268,131,241,22,173,107,177,226,
254,333,51,
56,40,207,49,298,77,214,190,220,314,
287,53,83,5,327,301,
224,265,62,12,
323,126,50,302,301,167,225,93,
8,81,76,233,133,158,300,190,3,195,328,276,299,125,290,25,98,204,175,137,196,
241,170,251,131,50,162,133,318,213,45,102,271,259,272,333,221,209,301,303,22,324,169,116,230,23,114,229,272,325,45,61,6,295,197,47,334,198,139,129,80,106,211,
214,28,314,30,79,250,154,166,187,239,173,81,150,
277,286,62,194,266,
12,319,113,93,297,300,175,81,58,22,139,280,224,210,
221,110,43,90,42,277,85,125,325,97,258,263,277,58,288,207,
274,302,331,
200,101,31,279,116,
241,173,287,13,325,288,152,213,292,2,127,
315,176,41,97,274,197,289,200,257,
100,40,18,158,41,51,15,293,329,256,262,206,202,29,214,270,210,165,173,190,92,169,274,289,158,
238,137,81,175,321,45,142,146,129,
313,27,308,109,133,
302,142,204,67,289,97,201,184,170,46,78,268,132,224,273,110,245,22,143,310,234,96,211,213,293,316,
208,262,301,49,127,245,175,311,180,254,68,235,220,250,
115,141,242,207,
140,288,272,201,167,2,89,183,304,255,302,92,5,
264,274,31,100,3,73,189,128,332,315,236,181,
307,133,75,41,153,280,227,99,254,89,
71,302,192,235,62,285,197,
325,75,147,307,318,296,22,40,260,
68,60,74,74,240,102,14,
10,76,197,233,96,116,
160,50,329,60,173,1,96,39,264,63,133,178,3,180,101,235,
273,173,140,
49,20,238,85,91,24,153,208,122,188,262,69,326,129,52,
116,262,66,64,55,256,2,142,295,75,51,194,
137,4,167,265,211,286,251,291,42,194,220,70,168,138,290,111,225,226,192,116,85,282,11,30,261,
305,234,140,
34,294,121,24,97,277,42,108,297,298,252,317,76,41,140,101,192,142,153,211,313,
219,269,33,66,187,277,30,153,291,117,311,121,242,147,236,243,4,134,
60,202,133,249,
231,174,116,174,7,193,301,262,305,321,235,278,318,295,2,86,235,17,202,243,327,
178,219,126,147,
317,274,115,277,34,107,203,127,181,201,
56,173,248,58,
123,212,219,329,168,206,152,
231,290,124,3,46,209,232,242,78,15,60,145,212,127,322,
70,52,107,61,315,239,29,60,155,192,55,197,122,167,329,261,36,8,235,157,329,86,33,175,64,140,3,107,
318,319,81,223,69,157,162,267,193,172,234,306,136,184,301,233,
1,272,56,91,274,328,90,
85,209,123,123,97,176,259,130,317,
171,207,214,216,154,
43,5,314,
164,71,16,27,141,160,314,24,202,
290,151,297,227,231,171,324,4,88,8,181,56,248,262,15,30,104,33,104,329,273,87,266,
243,166,210,228,
258,168,204,108,263,182,199,
26,157,295,48,75,78,107,223,151,316,7,23,157,236,106,324,274,127,161,235,86,87,126,19,0,45,279,
83,64,287,30,157,265,63,95,296,222,231,241,179,123,200,274,54,
234,302,147,305,173,128,70,77,
42,197,260,150,75,28,285,264,265,15,103,111,198,215,32,115,48,227,248,329,185,96,257,254,175,299,207,157,85,166,209,311,
53,307,224,9,193,165,300,296,237,5,118,287,282,296,95,279,53,181,299,64,244,44,15,274,205,
192,71,106,130,202,64,229,177,249,95,252,188,281,262,
209,101,248,238,85,97,235,168,
154,0,292,166,70,78,316,51,290,22,198,179,193,286,76,16,9,276,196,29,37,229,256,313,174,48,86,202,187,31,320,52,253,23,106,150,78,314,23,134,64,55,22,48,318,
219,38,218,300,35,176,62,57,179,101,142,324,45,8,234,101,178,204,123,52,208,11,178,
297,275,250,159,275,254,278,212,281,
252,228,117,69,9,33,192,180,61,103,33,101,138,84,165,312,85,
136,267,170,228,
205,58,146,197,257,53,
250,100,228,243,231,135,1,98,231,294,278,294,
324,26,6,219,317,18,25,268,243,
328,31,63,132,152,200,125,137,207,95,49,97,20,35,66,
98,257,0,62,88,237,197,198,108,64,
126,308,150,132,196,284,178,71,140,181,278,
171,148,243,73,240,56,62,36,237,256,170,143,271,256,109,280,
254,142,149,158,162,124,313,187,127,124,225,246,75,76,144,309,327,252,
23,240,4,175,82,28,154,114,220,312,111,106,79,232,245,226,24,206,
28,258,56,60,304,62,243,199,173,10,99,323,222,214,43,224,218,262,0,323,75,119,140,203,191,25,315,229,61,115,26,47,
212,70,39,31,32,301,315,45,31,128,173,51,177,245,221,85,210,313,
228,208,81,173,235,
274,195,196,49,60,253,213,
31,5,221,247,24,292,67,97,283,42,292,45,36,145,216,286,207,65,55,101,188,308,211,264,139,200,284,239,302,62,36,264,30,305,39,55,75,212,116,313,216,
136,247,60,
133,288,277,
329,70,55,76,108,264,47,101,178,135,126,295,
269,213,95,277,330,219,100,198,227,202,201,278,21,24,218,224,64,297,147,
142,16,207,160,123,87,30,182,209,116,45,64,110,333,144,
76,328,69,30,312,327,109,258,14,210,309,170,70,87,107,29,11,330,147,319,130,78,272,131,37,280,84,8,292,66,92,221,278,24,254,327,202,
78,108,291,296,197,154,
264,329,51,
136,215,117,144,237,313,207,234,284,217,92,328,273,238,
323,228,4,
324,260,136,284,26,33,277,229,11,72,284,144,56,7,189,290,286,43,149,63,236,233,316,5,218,81,98,173,84,38,203,215,228,81,121,260,
233,133,303,221,247,174,193,329,74,217,297,138,198,232,10,147,308,4,
87,4,5,142,225,297,311,109,
77,64,56,322,76,178,325,
13,81,63,110,
208,130,228,258,295,55,45,209,138,101,334,200,219,107,
231,83,130,163,32,254,114,56,50,
0,256,197,249,46,33,94,147,45,224,227,182,108,328,184,92,176,54,131,175,48,121,247,276,314,160,130,175,92,102,252,34,72,195,292,308,210,45,224,274,56,77,179,202,168,70,106,204,91,115,233,276,314,118,203,96,266,259,43,333,270,277,
88,168,244,134,149,98,163,158,165,81,174,189,
110,221,199,4,328,157,249,76,115,36,294,103,
296,171,243,150,320,41,164,322,330,96,261,183,109,147,
301,165,318,176,51,294,208,153,224,160,176,139,287,
284,199,248,23,145,165,316,333,175,314,143,226,300,265,189,285,
13,117,13,102,319,90,18,213,72,64,154,2,258,290,
48,81,95,154,
148,166,265,247,
285,76,71,284,
51,311,170,285,
298,150,158,45,333,8,
6,60,121,
246,170,123,
233,318,140,329,
96,113,88,332,
127,231,230,241,254,
25,94,198,
36,197,141,134,
121,258,227,
241,329,324,86,
37,215,
158,60,113,
237,311,98,
172,214,318,
112,205,235,
206,164,295,311,186,
242,206,175,314,
278,78,29,
59,324,126,
208,14,261,324,
84,288,
160,112,142,314,211,
313,77,108,31,
256,55,175,
67,38,108,
178,329,39,
184,140,302,
174,270,252,
18,90,59,
148,175,73,
317,296,56,295,140,
110,121,
160,0,301,87,
297,291,87,
124,150,140,231,
323,
0,265,313,69,154,
144,280,140,
268,45,240,57,
250,8,168,
116,200,10,
223,189,317,26,166,
51,212,301,
298,13,317,
295,95,254,
54,101,280,
122,164,33,178,174,
126,56,4,329,
22,291,12,
327,279,197,248,
307,170,221,199,
258,99,175,
168,38,78,
206,178,
138,252,168,297,
195,109,157,178,
185,85,44,62,
150,319,214,154,
129,238,49,52,
218,197,4,159,
311,232,247,
79,101,35,307,
27,225,64,296,
254,307,169,
285,268,324,295,
140,70,181,96,73,
16,194,231,56,
203,214,
97,248,221,144,
318,175,
245,175,302,
83,121,175,
202,321,132,
200,315,258,
303,106,331,
170,64,
206,59,270,
99,13,194,
268,213,141,262,
213,133,322,
168,49,123,
8,285,219,29,
152,13,311,
107,178,175,110,
228,314,
205,325,112,133,
94,123,168,35,
11,227,
221,8,248,252,
33,60,252,197,
287,73,
153,34,178,
103,130,252,64,
313,131,295,
36,313,60,
140,126,157,
41,164,312,26,
197,249,189,71,
274,178,53,
24,23,164,
297,268,269,248,
31,227,123,
76,325,303,156,
167,183,
272,141,175,178,
194,116,277,
85,252,121,
90,80,1,
73,56,255,
121,233,
45,86,33,285,
142,248,291,
115,308,317,
332,162,92,
211,181,34,
188,328,207,
218,324,130,211,
210,4,268,
324,252,33,
109,87,48,
214,284,171,
124,21,100,
28,268,314,
333,224,213,142,
13,253,
146,238,291,
8,27,64,62,
289,270,147,
158,56,297,228,
166,42,313,
257,123,205,244,
332,4,73,
51,100,116,
15,53,262,201,
169,260,64,
175,64,88,
160,267,174,164,
206,55,324,123,
35,140,26,
84,252,86,
331,202,325,
228,324,75,136,
299,42,45,
57,137,78,202,
64,278,70,
49,
131,317,147,
93,12,323,
247,212,
305,277,
195,117,15,
228,324,
321,297,267,
97,85,287,
303,228,297,
88,262,30,
261,137,86,
311,325,291,
