162,225,68,273,322,199,310,118,7,104,99,208,267,197,286,258,136,147,33,86,
23,299,8,65,219,330,21,289,64,74,
26,305,319,295,193,317,122,26,99,11,58,183,291,175,114,207,201,305,49,284,158,259,90,61,227,9,258,210,159,267,269,131,140,254,178,136,216,288,2,164,42,164,209,135,74,323,56,310,8,165,118,126,94,322,317,184,42,296,110,300,66,101,
208,148,180,206,
86,261,60,157,203,
324,242,319,53,172,253,138,177,311,189,141,239,318,260,168,
4,53,110,285,19,92,18,120,109,
88,168,244,134,149,52,158,173,
136,107,108,164,161,288,
168,256,132,0,231,148,59,69,4,21,59,9,88,68,326,162,239,244,324,22,115,240,
168,181,213,307,258,113,204,48,135,189,192,129,81,199,233,131,8,309,169,157,
315,101,70,260,158,207,120,253,70,163,164,
314,207,328,37,290,68,143,274,103,270,305,150,97,194,226,68,272,291,154,235,
307,173,3,
204,254,262,0,243,217,125,14,198,188,255,163,88,
126,272,116,239,172,243,33,323,283,128,235,334,328,281,164,
136,134,162,117,331,292,213,17,78,11,217,274,298,
228,94,222,140,11,180,194,288,282,219,199,252,208,275,254,6,329,243,
8,73,239,308,154,80,102,198,94,287,306,99,325,146,259,231,41,30,75,81,215,20,106,24,56,196,
167,217,288,228,313,212,102,199,306,77,202,81,174,
326,175,303,31,168,140,201,10,322,278,110,34,
120,76,186,42,156,201,150,257,
81,101,116,164,160,239,318,1,92,314,127,
90,176,75,131,133,13,236,85,322,13,77,292,81,63,215,
324,26,6,219,317,
116,247,262,76,81,184,273,251,319,211,241,171,309,320,18,
76,151,45,76,
253,60,47,
204,49,252,231,140,
132,24,81,169,
45,5,72,61,252,124,
83,64,287,30,157,265,321,63,298,95,296,222,231,241,36,
254,129,148,159,204,0,190,267,297,313,223,250,293,216,316,334,185,293,200,233,
14,36,282,77,92,89,58,181,123,172,71,228,249,193,80,
208,124,74,19,16,101,51,206,131,273,323,136,242,97,285,20,38,283,201,153,173,220,152,196,154,109,124,207,267,290,169,278,222,293,47,11,111,135,249,83,69,80,124,55,141,264,47,98,302,217,205,59,220,220,302,118,289,255,188,273,172,50,92,310,67,186,36,144,177,149,68,159,47,
176,306,288,313,331,
247,3,121,92,110,179,203,136,235,
76,292,168,175,44,68,120,154,46,93,77,4,78,111,94,171,76,
262,42,33,147,308,207,313,122,303,299,121,106,264,249,5,308,1,122,200,91,290,300,328,3,249,278,
25,324,38,267,51,90,58,20,295,325,205,81,98,248,247,207,
248,115,62,254,129,76,98,41,51,14,28,72,259,
297,5,139,295,122,48,230,37,33,107,231,39,174,245,308,
206,30,170,151,4,24,161,52,114,229,77,110,119,233,61,118,42,243,311,268,45,25,320,235,146,179,77,191,228,63,164,68,298,236,270,208,26,163,265,
227,270,290,133,90,134,237,
21,134,23,27,53,269,178,280,321,51,108,209,
90,117,25,56,301,21,218,60,104,298,103,207,
80,119,72,63,301,190,17,150,7,44,168,134,261,218,92,284,58,129,136,55,36,256,97,312,32,51,101,137,222,322,186,14,123,
325,220,0,241,152,120,28,111,234,313,52,17,61,234,83,12,154,170,293,298,222,
292,213,147,194,23,130,247,208,151,156,311,135,287,23,143,76,128,139,286,196,249,151,4,12,137,186,295,316,329,128,86,319,76,5,278,303,
301,165,208,176,248,294,208,288,224,106,
175,150,318,23,240,208,40,107,5,238,141,283,142,3,317,75,160,211,13,44,100,294,294,170,197,45,23,304,12,205,213,30,17,43,128,
33,283,184,139,130,318,20,94,315,130,329,95,322,297,157,325,168,22,175,19,263,64,6,38,66,147,286,324,147,99,126,219,267,291,109,311,162,325,23,
235,193,297,278,74,313,51,196,26,234,
70,52,107,315,239,29,60,192,55,197,122,167,329,261,36,8,26,157,86,114,175,
38,200,68,44,330,25,178,282,28,137,100,206,38,292,160,306,212,32,248,308,231,204,235,
220,87,191,181,211,181,192,256,8,298,
315,131,5,
244,197,214,34,30,88,170,32,5,81,212,17,280,86,124,53,
113,47,73,235,272,207,278,22,62,6,98,235,60,96,215,123,
78,134,12,81,284,291,114,33,256,167,291,151,
314,214,126,48,117,311,243,96,44,8,264,59,126,159,246,241,84,264,
5,259,266,101,292,210,159,224,64,287,127,255,
263,115,0,318,5,135,
318,36,81,299,70,157,162,267,193,241,234,
303,59,262,329,277,326,115,233,152,291,78,111,201,225,
127,5,181,328,140,34,
250,148,99,154,215,34,301,184,196,334,127,17,27,93,132,245,140,
53,307,224,9,193,103,300,296,237,36,118,287,282,97,95,279,53,181,299,64,244,
137,305,323,274,238,320,102,41,325,211,181,203,111,284,288,144,101,
36,318,44,7,318,61,109,160,265,323,45,224,83,
266,32,56,215,108,155,164,328,160,189,227,270,74,213,40,122,68,3,297,172,73,23,111,244,264,
112,107,191,216,18,312,68,94,80,201,141,32,17,289,0,133,314,96,
131,294,65,184,17,66,150,161,90,40,315,313,288,216,299,168,21,182,223,326,
311,324,36,206,239,0,226,74,207,254,252,61,329,60,85,239,107,295,86,154,277,84,205,331,45,0,314,169,117,306,10,298,33,137,271,65,4,
13,189,13,202,160,139,193,298,
49,197,18,102,59,18,297,126,255,24,334,77,120,319,14,64,106,230,240,151,216,92,124,92,234,
140,256,27,52,204,
103,86,311,53,144,109,212,331,23,279,52,
178,141,172,292,62,0,75,45,165,147,40,126,156,20,156,326,319,329,203,
329,70,256,299,24,
304,258,57,56,101,106,178,60,63,19,154,219,289,317,233,296,
199,159,119,296,259,144,110,52,124,125,155,51,274,294,131,43,196,
140,334,202,49,185,269,168,181,147,181,302,110,46,
194,137,212,123,157,32,44,316,
52,241,321,
300,229,34,308,35,101,244,30,235,37,
294,301,235,84,152,55,127,178,191,26,133,260,177,208,185,162,184,11,119,62,131,143,11,93,256,279,23,128,33,66,245,171,236,302,172,248,62,155,2,137,222,293,3,248,301,256,
148,257,272,311,10,317,203,157,
140,272,160,333,45,208,
27,308,302,295,9,277,326,277,279,36,310,133,246,294,167,88,21,128,329,247,251,147,43,140,5,292,201,115,29,156,220,
95,159,318,95,260,315,250,
294,212,180,229,24,38,166,252,
332,77,99,205,143,109,288,
75,30,113,49,144,53,302,
102,189,137,114,123,194,250,72,330,10,203,17,34,65,199,
33,93,298,294,246,1,287,131,215,146,224,281,295,109,75,192,220,228,192,301,287,247,83,96,
246,319,52,48,184,201,100,90,180,
164,44,315,228,
225,68,269,192,32,288,123,2,230,
60,113,274,291,
296,171,243,150,289,320,41,164,148,136,278,261,
61,243,36,103,265,329,101,16,119,154,
81,164,76,134,320,33,54,129,233,316,148,316,287,208,200,274,62,163,259,43,95,146,247,297,9,123,30,217,272,191,10,115,67,150,156,303,271,309,16,102,11,219,90,
311,292,73,238,210,103,133,195,262,11,132,232,92,324,148,308,
23,175,57,42,80,208,315,27,311,252,109,17,205,229,
233,326,168,304,259,133,
168,137,16,69,213,290,269,
192,71,60,202,64,229,177,249,95,252,188,
212,101,94,252,165,116,223,95,88,294,81,278,194,12,30,156,292,152,31,
177,65,192,241,281,103,212,177,306,240,
144,324,69,120,127,183,281,42,45,25,275,75,166,58,136,301,30,103,294,
41,137,8,58,64,234,321,16,316,246,
270,103,117,178,203,266,303,276,29,260,
71,302,192,
292,175,31,
204,135,210,334,222,45,222,179,
318,160,12,36,21,82,267,328,154,
252,294,55,204,
248,43,313,102,272,163,145,100,309,159,64,284,86,53,
86,242,29,331,60,129,125,273,160,26,265,134,122,187,146,183,105,279,43,317,181,103,292,128,280,231,162,85,110,313,39,
234,302,147,173,
24,104,228,60,273,295,130,132,158,329,276,269,
299,273,203,193,281,45,
159,278,24,189,282,248,196,211,99,29,266,46,100,249,69,165,165,169,156,56,273,70,5,95,297,61,242,73,117,247,55,
53,108,149,23,233,287,222,0,4,172,37,272,75,51,29,30,308,34,253,101,
115,42,281,206,224,232,27,
286,31,113,33,116,33,177,80,12,298,99,160,280,106,173,37,263,288,135,105,193,291,39,175,265,137,239,52,30,273,134,149,207,215,99,325,207,326,277,29,62,265,
171,148,243,129,73,240,56,22,62,36,237,256,170,143,50,256,109,
36,28,74,101,3,199,154,310,191,299,122,282,180,14,24,226,27,317,169,129,117,208,45,53,93,
250,100,228,243,95,231,177,1,98,231,294,278,
132,130,151,201,44,
135,16,309,38,288,198,198,208,59,260,312,87,158,33,35,129,25,26,99,54,126,177,145,204,244,333,193,106,143,143,7,137,44,246,
117,300,136,6,28,240,139,190,19,249,143,127,171,32,141,
248,294,326,292,224,209,290,194,260,268,81,256,159,116,
2,81,297,39,146,26,64,139,214,239,44,188,326,294,63,2,232,27,4,
47,142,105,303,308,192,306,297,302,178,243,69,68,213,294,42,271,240,240,333,
68,101,47,197,168,95,320,
133,27,68,121,101,58,200,181,325,303,324,290,227,161,219,320,179,334,261,313,
323,126,302,120,165,167,
274,47,314,35,87,309,81,111,186,57,102,129,202,206,232,284,273,158,178,199,104,53,256,264,324,46,153,
270,181,288,45,198,209,308,34,227,66,294,256,147,244,334,299,315,294,72,150,59,190,23,36,62,271,297,186,304,55,235,
181,35,156,19,116,2,110,176,280,314,
151,89,265,132,136,204,
298,325,206,65,203,
106,241,126,183,267,304,72,174,170,0,50,227,282,213,113,221,121,114,299,301,
72,241,270,148,8,292,163,332,329,
199,162,127,16,168,228,15,178,248,101,95,97,
254,255,149,158,162,124,313,187,81,124,225,246,75,
159,266,6,33,184,194,29,37,45,228,305,133,329,199,65,47,131,199,123,98,261,211,154,305,287,236,277,26,127,172,246,209,284,192,205,5,238,104,184,
75,117,85,158,302,65,91,24,42,312,213,224,324,229,316,6,90,155,113,315,
134,78,314,25,147,86,118,251,80,21,211,278,227,136,176,299,234,288,301,288,80,328,
108,244,46,168,76,333,263,310,53,213,101,136,272,
38,135,273,96,197,22,140,286,325,70,127,136,279,94,23,235,288,278,223,70,257,167,308,57,310,271,292,219,271,130,77,145,300,61,294,286,82,
106,302,76,
73,288,266,217,
215,188,26,318,
289,53,130,20,12,12,185,24,80,127,191,223,192,269,21,172,150,185,163,8,232,237,190,151,14,310,225,308,20,216,3,45,287,131,58,228,72,18,49,149,40,251,32,54,201,19,189,183,250,98,24,317,328,333,32,113,74,242,334,117,261,205,91,121,
305,47,31,104,162,188,229,246,140,321,307,
168,76,140,39,212,189,287,
70,177,318,61,56,219,164,315,
287,303,118,288,323,5,146,177,181,165,119,
121,51,75,55,316,71,313,192,308,115,328,156,179,290,317,21,56,117,59,111,
260,308,215,315,57,93,236,248,268,261,
252,106,31,324,207,212,5,103,228,185,157,205,80,23,327,116,326,25,202,
249,12,213,302,47,288,333,
329,233,303,72,
60,5,192,311,313,
298,101,83,173,217,291,
181,86,77,271,72,62,127,181,150,291,
95,195,95,
202,167,13,226,
136,213,38,65,101,187,81,151,
240,48,324,254,208,299,207,86,
180,36,267,294,298,208,224,134,131,
41,154,203,90,74,13,282,300,325,44,175,92,222,148,291,262,206,67,284,34,
92,311,328,283,87,208,42,245,173,262,33,0,90,257,64,218,79,311,324,137,41,6,334,63,204,268,147,254,302,174,269,261,247,8,190,311,313,
35,182,274,181,106,152,184,220,254,304,151,142,94,261,109,333,
320,28,288,270,217,333,133,321,65,96,100,214,248,20,320,
297,87,266,169,250,159,275,
325,133,234,164,327,314,165,119,169,241,
107,175,6,311,171,313,136,179,275,184,172,20,280,204,122,56,60,324,194,157,17,1,291,106,45,171,66,
261,147,80,175,178,297,281,13,86,282,
146,50,24,309,81,
290,151,297,227,231,171,88,8,181,56,248,262,15,30,104,
32,225,263,205,
17,81,281,147,244,253,176,316,140,272,
296,53,198,318,199,151,177,276,173,
283,333,3,126,12,325,242,259,287,331,118,160,
120,272,323,29,315,
45,33,15,164,178,242,333,247,318,36,215,234,7,32,267,
136,313,135,296,247,12,130,
235,192,102,194,275,82,8,197,313,45,133,302,263,183,332,212,197,256,240,113,160,231,91,243,285,135,106,310,25,173,73,308,
165,8,212,287,30,213,
3,175,202,144,10,247,80,283,160,245,228,207,256,326,129,262,243,146,301,
78,117,318,179,154,281,58,
299,192,318,131,106,31,10,
97,215,160,213,324,53,119,90,
63,56,83,291,90,
172,178,14,324,98,211,334,150,
203,32,333,41,215,172,222,252,53,299,324,318,267,43,93,217,298,301,
28,258,56,60,304,62,243,199,173,10,320,323,222,214,43,224,218,0,
171,290,19,8,295,
81,212,244,141,118,204,309,312,
201,261,123,6,38,331,
282,276,99,291,124,302,210,189,
140,288,272,201,167,2,169,89,
76,47,59,288,63,66,268,10,101,87,
136,215,117,144,237,313,207,234,284,240,
219,269,33,206,19,316,277,30,
101,300,26,289,56,209,298,61,85,
288,10,55,206,151,264,265,321,29,326,175,170,36,93,210,309,250,316,76,252,105,140,196,246,286,292,
181,144,105,287,147,274,17,74,239,259,85,270,203,168,255,37,4,128,10,172,77,191,197,130,326,181,63,212,101,
59,168,56,76,167,228,121,55,326,303,122,257,181,192,
177,302,64,294,295,208,172,231,288,288,163,
265,83,272,206,
302,106,205,204,67,177,289,97,201,184,170,46,78,268,132,224,273,110,333,22,143,310,234,
16,218,41,137,215,142,
25,213,252,64,
314,248,331,325,334,
332,178,72,15,
307,238,164,53,164,306,257,6,182,142,91,329,94,171,163,288,85,278,51,94,95,305,
92,266,240,36,11,270,52,309,289,31,38,147,170,250,303,326,78,279,262,114,239,258,250,14,151,168,248,280,111,141,289,284,43,101,41,50,66,246,162,221,212,180,186,298,271,8,77,65,0,88,190,255,109,80,80,96,178,192,319,99,191,19,57,14,222,75,208,
148,137,141,250,128,208,277,72,69,25,100,
215,266,33,60,143,45,225,160,136,97,250,286,260,39,128,188,162,53,298,
172,53,125,90,266,331,
61,159,291,200,231,51,74,45,
129,153,164,78,86,29,154,32,88,208,217,256,254,77,171,286,0,205,148,215,208,295,30,108,325,45,233,75,186,263,208,315,36,
8,213,290,45,72,196,235,47,78,
60,253,24,209,317,90,255,210,212,
8,246,47,22,23,105,192,189,165,302,157,197,144,235,246,94,
186,164,60,201,87,140,36,8,72,311,85,131,120,333,202,191,214,311,157,201,80,202,141,
297,2,261,290,57,
26,157,295,48,75,78,107,270,151,7,114,215,157,236,106,324,274,127,161,235,86,87,126,
4,292,71,18,2,96,103,29,254,27,141,259,219,84,
77,49,181,217,320,2,261,240,90,
268,287,248,227,273,
252,228,117,69,45,33,
111,42,274,325,214,204,331,165,306,225,121,301,137,258,116,247,205,142,67,115,140,322,
206,108,100,157,279,25,135,286,22,64,75,118,43,145,161,227,235,262,284,78,79,56,326,
203,137,270,333,170,276,141,225,247,136,86,
213,168,211,133,154,148,249,279,266,93,266,10,177,36,204,165,
91,175,262,
231,290,10,46,209,242,8,15,60,
44,74,147,333,72,132,
316,254,0,112,81,31,151,257,114,254,219,17,61,
116,212,126,85,156,226,
259,233,177,283,4,
23,4,175,82,28,154,90,220,312,
242,161,45,68,33,124,8,245,
29,129,75,333,166,284,224,120,299,286,
170,267,65,171,156,8,193,26,321,155,15,112,7,172,43,
192,51,100,170,178,62,177,92,301,237,148,102,147,97,325,299,220,225,159,19,78,155,123,169,
123,157,159,176,311,241,137,193,59,201,277,69,30,79,230,254,291,319,194,27,15,226,
107,291,5,313,141,20,160,
27,22,123,4,144,109,
165,284,236,111,333,306,190,
253,307,303,192,315,7,151,14,69,108,99,281,248,219,310,53,
3,88,5,307,45,64,107,281,137,
288,73,228,49,262,30,129,245,248,313,261,227,278,281,319,197,97,187,
20,195,47,178,237,39,107,171,303,320,222,
6,228,30,17,93,211,147,238,300,7,33,45,71,324,192,279,315,161,184,137,81,295,227,131,233,
188,12,256,265,
43,206,326,237,92,326,121,314,207,0,34,127,175,
201,290,296,241,15,198,323,84,81,263,57,51,291,309,188,124,188,22,242,114,105,121,101,64,309,112,19,303,69,317,246,123,129,213,225,120,132,269,32,164,
166,144,0,301,180,199,
208,23,30,301,31,149,65,98,126,
38,87,294,33,
309,288,272,177,198,333,120,123,249,
100,40,18,48,41,206,15,293,329,256,262,202,29,214,270,165,173,190,92,169,274,158,
218,80,205,106,102,133,8,333,332,122,69,216,86,16,183,255,114,163,23,326,
176,181,69,193,17,291,315,
10,42,41,299,6,16,10,4,27,201,33,175,259,209,308,190,289,177,216,110,181,299,96,163,214,334,57,112,226,294,81,68,259,289,16,56,19,332,257,216,162,118,50,203,114,206,302,255,40,231,17,200,154,48,303,169,93,213,210,130,
209,21,244,169,
57,260,304,319,297,265,153,249,177,
175,39,302,288,23,29,313,326,261,292,19,70,295,301,
69,176,48,190,82,144,218,5,204,19,141,311,153,133,209,203,321,
241,52,324,
302,75,47,306,
248,93,166,181,334,99,28,2,36,93,223,222,326,131,332,84,113,142,313,235,303,48,314,159,227,260,309,301,
328,289,63,132,152,200,125,137,207,
319,329,107,252,324,51,20,246,219,334,292,57,29,38,79,
284,273,81,35,110,64,235,98,159,176,151,78,301,181,230,88,301,81,138,137,
77,89,206,67,332,56,138,206,211,278,322,232,
34,294,250,41,97,277,42,108,297,
157,252,263,33,107,46,51,130,217,118,70,263,97,241,194,28,84,148,
247,25,27,62,111,281,
184,116,131,250,246,184,157,302,288,32,28,18,271,159,
333,203,313,29,140,44,156,164,267,141,94,249,
12,154,318,155,137,171,119,249,188,163,314,111,115,72,
70,197,76,52,21,164,285,159,103,267,256,
81,321,97,325,8,166,206,232,66,1,251,51,
269,225,188,277,219,100,198,227,24,201,61,21,24,
56,62,159,155,64,3,121,177,101,164,
60,28,113,215,9,84,86,170,189,189,233,15,301,166,172,241,191,41,218,231,32,
137,294,58,123,117,268,154,
207,189,314,255,32,31,141,142,260,125,146,25,283,286,160,100,30,302,296,273,92,53,160,189,247,109,330,279,56,45,67,280,43,315,142,
8,81,76,233,133,158,300,190,195,328,276,299,125,290,
211,175,159,32,183,206,213,298,267,309,53,210,50,235,272,221,88,275,289,330,327,
277,164,311,236,70,252,269,281,295,
48,109,128,293,209,124,35,92,30,296,226,26,245,302,61,113,257,333,275,307,183,72,152,294,113,256,309,138,9,72,218,212,234,160,257,277,307,119,109,311,315,120,64,27,334,323,223,186,326,61,332,234,197,56,47,9,119,258,284,10,157,150,334,206,251,297,78,310,246,10,72,46,237,
237,53,171,216,
213,220,6,120,266,257,268,202,136,102,278,200,280,8,106,97,207,277,114,7,
130,38,222,87,132,214,319,231,78,10,265,
52,73,57,142,155,325,320,70,103,140,2,76,88,66,
160,32,265,66,97,139,241,220,112,276,116,81,145,68,149,140,77,318,12,241,13,236,81,104,
313,262,254,154,55,237,167,24,200,151,278,60,207,30,122,156,202,116,318,104,105,124,92,
308,95,174,260,8,61,27,300,264,72,162,246,300,263,276,300,38,203,53,11,311,297,
228,151,252,333,204,167,24,250,298,312,134,81,49,201,3,332,224,57,279,
313,193,190,263,323,202,175,131,89,114,75,331,37,110,216,107,110,23,197,248,333,136,143,263,149,273,5,42,133,88,248,
72,186,106,95,146,220,166,203,328,45,81,121,260,241,87,
222,203,130,53,91,62,285,155,228,
49,140,131,300,82,6,75,228,204,226,
6,117,57,74,91,64,115,217,268,286,213,39,296,
150,33,175,14,155,146,10,186,198,42,147,206,282,114,72,172,
96,325,180,
213,175,77,
333,319,302,165,320,285,139,174,326,35,205,
262,63,288,294,123,66,64,268,311,182,296,45,7,
137,4,167,265,102,286,148,12,42,194,220,70,168,138,290,111,225,226,
175,76,154,180,217,259,15,91,19,
89,252,101,59,239,288,35,102,117,151,73,269,53,
247,292,45,123,254,303,290,
206,259,288,162,287,57,318,58,47,115,274,304,77,148,14,100,98,4,209,219,87,150,100,326,
197,276,291,244,211,289,298,17,277,193,123,8,14,57,70,79,37,44,143,45,326,267,11,70,142,328,238,8,288,21,159,
278,212,235,237,62,262,
45,208,262,
324,260,284,26,33,277,229,11,72,284,144,311,7,189,290,286,43,149,241,236,233,316,5,218,81,98,241,84,38,
49,20,238,85,91,24,153,
207,262,113,143,177,122,240,295,134,204,
281,253,115,169,273,
123,81,230,81,137,262,27,243,85,247,172,220,73,
284,248,73,165,
64,55,13,56,
276,153,190,63,233,204,197,248,328,129,53,210,9,92,160,182,5,282,220,50,267,289,157,164,101,212,330,153,
179,247,291,326,265,
0,256,197,249,46,33,94,147,45,224,227,182,108,328,184,92,176,54,131,175,48,121,247,276,314,92,130,175,92,102,113,34,195,292,308,210,45,224,274,56,77,179,202,168,70,106,204,316,115,233,276,314,166,203,263,266,259,43,
73,52,241,284,148,113,
291,178,94,328,5,268,197,182,311,147,48,83,85,291,7,59,35,318,232,319,243,116,309,176,61,271,290,126,322,298,
231,174,116,174,7,193,301,262,305,321,235,278,297,2,86,235,63,202,
68,76,38,59,112,160,281,231,233,200,266,250,242,212,258,259,11,123,146,125,
22,42,171,27,26,271,111,215,33,52,95,165,44,161,
151,308,313,319,146,223,270,76,44,169,
101,174,282,35,138,325,255,157,194,322,1,62,258,143,290,187,259,180,185,189,322,22,198,312,144,234,292,92,287,153,162,212,80,49,89,271,188,328,325,68,101,321,219,24,306,4,228,265,
166,131,294,
244,290,135,149,5,189,232,209,282,
188,215,160,128,117,59,318,59,317,119,213,247,7,262,219,269,214,287,270,318,
258,168,162,
19,175,131,282,5,
64,284,217,95,206,1,160,192,177,41,193,206,5,45,46,68,183,14,193,
324,263,97,274,172,301,318,161,
45,197,311,300,265,273,156,252,16,8,102,76,36,182,330,180,262,179,
81,91,48,20,25,6,321,167,239,47,60,225,134,68,95,326,148,121,113,206,2,93,163,98,215,18,105,324,173,280,153,182,281,105,212,12,131,238,
48,320,98,105,69,26,69,170,136,114,100,295,269,291,314,1,168,15,77,315,24,314,
147,186,92,25,187,199,207,137,329,261,323,195,185,124,83,205,148,109,317,92,65,309,1,262,318,164,44,82,75,234,250,181,325,
141,81,112,113,309,107,195,
169,151,192,168,
173,142,94,160,307,234,241,
74,44,235,132,36,163,111,125,252,192,
321,170,52,272,231,305,21,294,
288,71,89,77,176,177,198,275,
12,319,78,
208,129,32,231,
61,161,325,291,262,264,26,316,269,72,
208,130,240,295,55,45,209,
180,90,96,282,144,253,175,
179,219,101,328,62,91,329,129,45,306,
287,292,87,282,150,148,48,328,227,37,268,87,305,241,266,86,
81,28,284,78,33,119,14,17,118,170,71,221,168,123,169,174,120,133,56,254,172,177,228,28,21,298,248,160,15,333,
205,263,117,302,
302,27,31,269,206,34,249,122,144,227,272,86,156,323,200,175,195,285,128,71,275,279,282,
74,174,33,251,200,287,90,27,112,275,152,174,319,24,125,43,136,271,319,90,103,31,4,86,248,272,
13,117,13,102,319,90,35,72,64,
141,69,324,203,14,148,4,130,76,
44,272,161,9,173,287,109,296,98,273,167,45,74,242,329,36,158,2,112,164,185,90,333,168,135,288,22,165,294,194,
174,185,231,74,5,64,162,312,332,0,104,122,0,
58,206,60,137,0,182,24,304,265,80,100,237,287,
17,136,306,
235,247,248,8,
267,318,70,318,45,149,136,
88,262,204,92,284,0,197,290,3,172,211,143,20,
173,326,88,282,
221,110,211,90,42,277,85,
309,291,211,208,319,103,248,14,137,198,319,
64,248,3,291,
189,168,324,186,310,137,326,305,19,288,168,242,
195,279,20,95,288,30,302,220,260,208,164,12,141,201,206,
94,35,307,
64,2,8,56,1,279,233,294,23,313,79,215,9,
164,81,147,233,265,300,253,11,125,173,309,186,194,30,265,262,106,45,277,276,195,254,266,320,206,70,265,294,
300,160,53,253,207,133,
31,5,221,256,326,292,67,97,283,42,292,45,36,145,216,286,207,65,55,101,188,308,211,264,139,284,217,302,62,36,264,30,305,55,75,212,
325,137,281,
295,27,70,326,13,193,281,35,295,197,217,24,222,208,
288,62,14,174,266,120,160,141,247,97,7,240,45,81,100,135,172,174,4,197,167,241,74,133,148,185,169,319,228,137,40,184,78,81,296,
225,111,27,196,97,288,
318,86,125,263,
56,21,207,49,298,
28,23,248,157,107,
169,311,36,223,232,209,132,5,267,
76,328,69,30,70,327,109,258,14,210,309,170,70,87,107,29,11,330,147,319,130,116,272,131,37,280,84,8,292,106,92,278,141,
213,233,75,25,13,142,174,287,162,160,116,298,10,208,
56,56,110,253,41,54,175,290,27,285,262,94,46,256,182,229,93,303,179,258,70,270,264,304,266,306,28,274,188,187,15,59,52,228,90,63,222,45,
65,290,159,310,170,201,131,105,81,96,26,309,311,91,198,269,46,107,333,
241,170,251,217,50,162,133,318,213,45,102,271,259,272,333,221,106,301,303,22,324,169,177,230,23,114,229,272,325,72,61,6,295,72,197,47,198,
238,82,197,301,159,
164,101,126,325,288,105,118,296,136,148,297,121,315,
20,277,33,218,318,179,287,257,10,72,294,
70,159,212,137,295,306,277,
179,206,20,219,217,70,148,280,0,286,243,78,
94,8,307,173,183,191,157,280,251,212,333,
214,28,314,326,79,250,
326,3,173,254,197,209,203,192,131,196,70,229,53,286,252,126,47,
21,56,16,33,292,54,129,147,166,93,18,3,189,191,96,331,125,269,212,255,281,
165,323,34,
265,168,321,169,324,160,317,265,42,46,251,25,233,299,147,97,151,76,130,286,
101,80,63,47,36,144,187,297,199,193,285,290,196,331,5,274,161,102,57,91,196,179,142,199,5,101,96,243,
174,212,244,225,308,304,34,145,297,315,190,231,334,157,310,190,71,93,40,72,219,288,92,142,196,65,177,81,120,264,198,149,118,274,62,276,
42,197,262,22,28,285,264,265,15,111,198,215,23,115,48,227,248,329,185,96,72,254,
274,256,49,60,253,
100,248,250,206,273,246,291,
101,165,31,304,57,181,315,97,72,210,63,136,235,257,304,26,164,147,290,332,326,133,22,219,137,
136,74,318,
194,248,102,263,326,233,
77,181,154,272,90,288,213,273,224,318,15,304,239,289,
75,322,282,214,213,233,234,304,17,291,31,29,280,312,72,325,208,132,174,15,105,324,
197,69,172,159,4,292,236,254,156,239,277,295,123,36,42,30,150,49,206,315,221,139,224,222,128,91,292,252,197,253,241,295,92,113,321,68,241,
207,300,213,286,147,
63,262,154,181,231,293,301,238,8,
90,74,246,97,180,23,172,134,77,68,
233,133,303,148,247,174,193,329,114,217,297,
277,20,159,269,160,156,80,
326,165,241,248,266,103,237,284,147,184,193,97,262,272,295,96,216,113,101,231,181,7,228,278,277,33,286,
317,60,304,243,324,
178,192,21,304,199,332,301,198,
177,324,6,70,207,309,259,331,
174,217,246,314,87,110,258,55,91,76,
279,13,262,64,282,246,38,56,37,294,136,212,266,27,103,302,21,334,273,230,291,207,73,139,316,53,228,
318,291,166,296,203,189,95,5,78,215,136,271,
55,277,64,71,208,69,166,263,305,89,
262,88,219,326,61,241,68,268,272,41,105,247,260,290,321,290,14,116,208,225,
278,27,292,146,177,33,218,297,91,101,200,281,
193,232,197,261,55,54,213,269,25,66,100,158,192,174,175,193,138,9,1,142,250,166,113,173,177,73,250,13,78,98,255,242,64,295,24,135,32,235,167,253,14,
289,296,255,112,62,113,278,295,216,
101,108,181,328,88,116,197,324,53,
131,16,33,3,137,132,326,47,326,256,19,233,166,142,220,289,49,
219,38,304,300,176,62,70,179,101,142,324,45,120,234,101,178,204,
47,248,133,57,166,272,253,216,159,189,13,20,274,282,305,5,322,70,190,205,287,255,113,118,326,208,
5,92,101,69,172,255,3,47,289,95,315,82,85,184,331,284,
30,257,195,194,71,141,74,152,262,80,145,147,78,208,295,6,144,157,76,120,203,331,83,225,195,45,151,14,75,323,123,206,31,313,126,129,171,55,120,237,281,219,
34,129,294,302,174,250,163,165,
321,83,101,320,
87,130,174,297,334,44,313,38,312,9,309,248,
255,254,280,21,258,323,149,216,228,25,122,270,27,254,284,79,47,109,136,289,64,
117,326,283,296,172,204,143,254,172,54,142,260,75,163,220,238,44,136,203,17,277,258,183,311,252,309,188,270,78,205,291,
331,313,30,64,149,122,122,168,246,74,
313,86,87,176,133,87,
160,213,3,329,60,173,1,36,39,182,63,133,178,
214,320,19,
217,7,40,64,173,203,27,167,324,238,276,62,77,184,128,139,213,75,295,93,231,320,31,130,249,297,103,154,
212,70,39,31,32,315,45,128,173,51,177,245,
256,273,306,133,290,30,300,164,3,25,39,258,115,260,151,71,66,12,334,128,109,232,181,230,31,111,294,7,45,4,203,45,137,314,168,184,162,53,32,100,21,25,237,107,186,164,152,274,329,188,78,140,261,293,70,
147,118,181,70,34,80,270,275,202,32,85,268,33,163,101,18,226,325,224,
326,130,12,294,255,136,246,263,28,214,170,5,277,314,310,109,131,25,302,330,199,233,5,184,179,252,
281,33,57,325,177,165,273,17,88,331,331,81,
170,92,206,12,235,37,166,294,72,8,144,254,175,307,101,233,75,318,208,84,291,325,136,
82,274,49,311,238,198,
99,159,8,162,250,248,15,33,212,22,282,8,51,160,332,156,187,240,268,131,241,
5,46,5,297,239,287,37,268,278,244,97,174,159,3,159,317,45,107,313,326,285,60,132,15,140,19,
263,229,226,127,203,188,32,294,328,150,135,277,205,324,194,102,
133,235,311,124,235,69,8,334,146,39,79,307,265,314,47,100,233,
62,327,288,262,53,9,172,57,248,56,69,56,178,292,240,247,18,123,234,96,97,180,289,248,136,180,183,240,269,277,286,
200,262,133,11,254,136,
68,78,64,290,208,314,239,90,
217,243,267,3,241,121,22,0,48,261,237,128,32,152,183,315,277,23,189,279,253,9,76,80,164,93,172,161,245,328,10,93,56,181,36,179,47,73,135,249,
148,206,41,296,179,
212,103,327,276,21,311,
154,10,36,311,70,250,129,51,290,22,198,179,8,286,76,16,9,276,196,12,37,229,256,313,318,48,86,213,202,187,31,175,52,41,23,106,78,314,23,134,64,
55,70,59,252,258,37,
81,72,146,99,167,132,287,326,136,
19,219,181,238,113,83,271,214,97,4,175,
148,141,233,
277,26,197,262,281,303,211,55,24,106,264,73,
113,19,158,55,123,107,0,246,331,276,75,141,193,189,24,70,119,245,221,189,333,134,68,35,311,60,79,210,322,295,196,140,75,106,326,204,318,39,291,197,
60,160,186,328,237,183,57,276,
291,64,328,314,223,70,136,27,284,96,199,308,197,303,35,129,280,107,124,303,61,185,282,179,45,38,
325,16,81,75,304,185,286,218,96,84,
64,97,49,108,224,88,90,312,280,25,
110,221,199,4,328,157,249,181,115,36,92,326,
328,129,42,20,92,76,222,21,106,89,160,141,214,45,254,328,220,9,291,139,286,106,132,266,55,71,105,200,283,181,231,136,193,127,201,131,303,306,14,322,68,155,291,262,5,83,125,212,318,109,214,
267,130,170,180,7,24,236,247,37,25,50,305,
272,126,120,271,109,44,177,284,118,10,169,36,187,136,128,269,250,192,217,309,224,113,248,140,302,140,151,107,321,
39,168,
50,40,171,
243,179,101,3,
294,177,20,38,
285,302,70,333,4,277,
182,160,262,
177,250,296,57,
325,75,147,
288,44,225,
231,204,
291,123,78,33,113,
209,101,248,
8,64,168,171,
141,116,117,333,
4,23,206,311,
98,172,208,
15,199,77,332,
102,81,45,
280,181,64,
278,326,296,
116,111,213,
331,177,314,
10,76,102,
297,34,164,233,
25,134,109,
272,77,265,53,
248,294,62,
146,8,278,
123,309,113,225,85,
261,133,201,
147,17,178,225,326,
226,147,
35,13,284,291,
239,77,168,
277,213,285,326,219,
242,231,283,189,
114,70,26,233,
318,188,313,
282,173,19,
315,176,129,97,75,
248,199,38,320,
287,53,83,
264,274,31,
265,101,57,179,
318,113,324,
294,44,144,27,237,
120,4,219,
205,129,333,311,32,
160,107,283,
17,102,250,
271,38,81,19,291,
109,103,23,27,
8,92,220,
116,252,141,313,
225,30,254,10,
307,133,253,
277,221,117,
106,235,49,107,
291,78,63,60,
232,115,2,
72,248,44,
328,197,314,179,291,101,
193,299,176,
224,64,228,248,
136,267,170,200,
331,172,201,176,
295,292,277,171,
272,108,74,17,
87,26,274,
116,262,181,
211,172,134,
115,263,168,
24,269,48,
198,204,288,82,
91,174,
45,219,291,
262,204,45,92,
241,173,287,73,325,
254,247,42,
290,168,291,
270,151,26,
301,63,284,238,166,
231,83,130,61,
269,168,48,
291,170,314,328,181,
100,206,
103,309,217,
298,90,13,
198,65,241,
92,110,49,
280,179,94,
32,129,38,
39,86,215,297,
322,75,11,
75,325,
26,22,70,
169,325,297,
303,253,292,
173,298,296,
96,21,112,
271,318,184,
333,65,81,47,
238,137,81,175,
55,270,288,159,
85,116,221,
75,254,178,
233,68,276,254,
109,4,171,
199,166,102,
312,81,23,
0,94,53,174,
235,38,270,
21,269,318,
311,92,82,
134,207,90,
178,160,219,
89,55,140,
142,16,207,
116,248,101,
10,299,213,225,
237,58,227,294,
296,6,304,288,
275,288,211,
157,168,86,276,
325,286,33,
267,203,254,333,
282,180,244,
219,81,4,
90,227,44,
38,324,319,
74,61,41,
166,55,318,
288,177,301,249,
277,286,62,263,
34,102,326,127,
301,178,324,3,
269,62,277,
107,65,3,28,
208,262,301,
127,250,81,
303,20,247,
215,286,16,
252,277,74,
240,136,62,168,
169,281,140,
72,12,42,
309,168,274,
161,26,61,
27,2,225,294,
51,235,81,
241,318,324,
236,260,160,
85,123,123,
288,320,134,
261,92,260,
57,228,60,
229,192,23,
243,228,317,
121,164,106,
319,309,333,
276,24,60,
156,27,116,
84,4,314,
267,197,169,
24,8,49,
208,129,213,
227,268,266,
4,2,74,
320,48,320,
298,215,136,
67,111,
291,117,100,
181,147,59,
204,219,207,
