136,173,122,81,243,19,76,322,63,
5,331,179,287,105,189,157,260,327,1,249,316,142,59,161,266,319,
179,173,163,14,35,133,135,146,247,320,46,124,
328,311,92,271,44,254,
23,67,322,141,83,293,180,317,10,30,219,197,51,180,120,190,195,267,333,
232,182,57,149,1,192,324,28,
179,38,5,28,331,94,263,17,86,126,128,96,264,277,
279,284,197,313,307,95,162,286,334,85,107,197,211,282,
328,142,96,6,22,67,15,22,133,11,128,54,226,98,253,332,11,119,299,282,72,286,273,
172,251,81,173,282,30,92,68,45,150,69,74,177,183,120,86,181,315,102,227,203,45,2,193,313,324,122,325,327,166,174,182,113,175,226,259,
102,11,256,15,226,18,35,108,315,62,
370,84,6,290,189,314,168,89,212,176,321,9,35,194,
603,182,165,285,19,219,284,244,80,149,317,
17,149,271,30,234,180,59,39,89,142,157,262,
96,304,186,282,220,253,259,98,211,297,235,133,312,316,35,92,268,111,81,178,191,282,47,239,311,
186,75,203,28,120,329,97,71,43,79,251,13,49,196,
598,14,226,0,75,0,127,232,70,273,105,106,84,291,257,
284,148,603,1,83,
123,44,77,181,207,
212,370,
282,1,14,121,95,38,210,4,28,117,158,25,271,54,73,328,319,30,129,130,143,
281,284,56,2,219,302,36,302,187,244,204,
250,53,175,52,310,
95,56,25,251,198,180,
147,65,238,6,10,26,
234,63,28,6,177,142,271,209,332,144,328,5,39,233,270,261,220,321,171,10,36,255,278,21,91,175,280,
172,86,328,83,289,243,
180,798,
103,74,16,139,16,69,42,55,198,240,152,35,195,60,107,103,320,44,211,
217,324,160,160,86,15,171,209,122,204,95,125,234,13,306,325,164,30,326,162,266,270,
318,16,203,214,53,287,273,105,17,30,145,272,80,84,127,278,
251,121,186,
190,169,147,28,108,69,249,175,128,26,54,320,306,199,262,31,0,138,187,
127,155,193,598,85,165,73,89,241,260,96,204,243,120,256,
67,703,499,157,10,23,45,45,229,215,14,183,80,271,110,149,304,262,
226,308,45,137,124,
161,164,225,93,297,147,155,177,279,250,298,167,20,109,158,
55,362,182,173,25,307,212,280,26,141,313,2,319,247,587,25,252,294,7,176,327,
66,284,980,33,247,272,
19,33,50,54,102,322,168,72,158,189,289,
6,234,362,86,280,6,102,176,328,187,216,330,78,36,90,
313,144,25,212,312,28,89,324,333,6,291,186,49,128,279,140,284,301,223,50,147,135,
114,201,155,9,46,143,173,179,201,302,302,58,232,164,
665,844,92,98,223,161,164,152,
111,315,191,319,316,181,177,191,273,
182,73,55,95,297,91,245,90,184,119,231,62,18,182,206,144,23,59,70,46,204,229,
798,107,366,3,98,282,91,122,294,84,163,185,85,127,180,304,29,299,288,207,
121,62,175,212,251,137,276,176,222,191,305,73,
137,324,331,89,334,66,302,147,44,226,193,299,259,
321,234,370,87,180,37,321,
122,242,315,306,10,136,166,195,99,163,321,323,120,186,
92,96,220,102,14,252,167,208,212,33,314,253,271,248,
294,55,45,275,
86,172,303,32,56,204,2,45,107,
246,163,238,63,182,234,
158,141,219,306,159,25,182,251,291,252,269,
272,318,331,
165,89,142,127,10,
164,227,161,107,280,16,184,78,261,191,80,292,227,217,93,118,
307,203,150,318,182,
56,35,58,38,260,218,187,298,324,82,95,230,265,240,225,
45,315,67,212,83,226,52,104,217,95,138,294,37,37,69,91,
844,665,300,215,328,75,195,96,110,13,222,58,
107,68,41,326,13,163,16,87,188,258,79,5,28,195,277,199,149,2,11,163,
98,328,143,163,248,121,147,252,104,
11,492,692,52,83,248,71,102,294,300,77,197,217,196,115,38,236,96,10,14,
48,14,298,85,267,215,258,8,55,229,284,114,174,219,
45,74,48,172,7,117,150,320,322,184,194,
0,408,
154,122,279,155,251,31,62,119,9,126,58,68,109,320,
175,121,291,37,250,267,75,275,175,164,244,317,317,52,57,166,89,292,34,
703,67,917,181,214,223,97,30,
148,10,10,284,10,314,294,334,329,220,219,233,
143,311,48,193,216,201,138,251,2,130,281,181,6,329,
222,57,106,139,164,189,261,271,5,295,19,130,140,267,161,
77,16,362,227,92,290,312,109,118,62,83,112,183,241,316,92,20,22,46,185,196,334,
4,95,211,99,213,331,63,175,256,188,201,187,262,236,146,109,137,244,3,9,324,
134,318,120,311,216,293,151,276,44,296,229,
366,798,131,152,5,102,194,53,325,330,208,179,
173,141,114,224,201,
324,216,155,105,89,159,11,35,93,291,291,137,255,319,217,207,174,201,146,258,198,174,163,173,242,172,308,10,236,
167,76,44,201,275,112,146,117,
160,217,292,178,49,
126,286,236,244,86,228,41,58,272,178,207,
10,166,101,148,73,322,334,9,62,130,299,311,85,115,249,
313,315,55,91,144,248,
238,278,251,51,102,140,
197,331,279,
155,324,188,246,592,127,159,286,253,154,261,22,70,95,164,15,71,195,294,311,297,333,212,
89,324,46,298,25,165,16,82,314,136,175,63,92,308,150,332,21,150,
311,143,12,314,42,232,15,124,313,56,109,328,309,50,185,155,295,334,
158,282,332,4,316,184,254,302,
332,234,162,267,74,14,23,135,196,263,116,158,259,85,144,189,206,
93,324,147,112,252,
318,300,65,161,134,107,75,265,302,127,117,167,101,239,13,118,332,284,146,120,136,
295,48,101,268,
327,298,201,229,
182,232,211,122,109,180,195,71,19,68,112,
188,155,107,92,
197,124,11,
240,103,1,23,299,
592,155,
285,603,292,35,159,95,
173,172,263,228,310,48,14,52,136,137,16,25,190,309,38,179,201,296,188,129,
220,96,92,30,304,67,109,158,206,161,313,141,280,288,95,75,123,111,85,25,89,128,318,266,323,
97,186,15,205,158,
362,211,306,179,55,306,186,310,2,105,129,294,305,277,6,188,33,77,27,6,220,190,214,300,78,112,91,122,138,309,253,91,123,281,
3,86,253,92,203,143,301,330,311,154,164,113,
282,279,96,17,
408,0,
279,12,282,167,195,2,171,154,211,221,144,321,88,161,132,94,295,142,331,77,151,174,55,203,314,72,116,
124,22,181,205,269,197,213,13,74,175,11,160,311,179,263,61,238,302,
201,324,114,260,12,125,291,275,37,327,264,40,80,103,284,323,
109,77,71,
129,362,77,147,251,254,37,140,77,227,316,107,
184,99,796,164,44,150,152,59,30,192,251,265,81,29,45,182,319,136,181,
292,227,267,142,160,108,107,18,167,285,6,145,208,259,
95,155,4,107,80,310,
278,9,7,88,277,330,107,142,238,173,118,238,20,306,55,50,130,
320,190,93,119,
298,56,89,126,149,207,254,101,211,327,161,46,291,
181,172,143,9,
14,796,598,160,114,163,282,288,292,318,6,48,230,246,264,420,153,294,166,168,309,61,136,217,131,227,105,287,178,12,141,112,296,180,168,
74,332,989,63,108,224,298,78,226,214,154,55,
284,66,178,31,8,5,142,192,307,42,111,216,279,281,121,229,24,89,322,1,297,241,256,
227,164,71,107,292,310,80,123,155,248,277,124,190,216,36,182,178,236,200,21,
238,310,194,50,134,268,330,139,12,146,147,192,226,262,138,246,23,132,152,6,10,102,198,27,110,192,
63,234,226,299,301,34,89,119,205,284,
93,86,14,271,320,266,319,221,14,117,150,248,232,277,200,97,332,311,326,
44,110,260,58,220,46,122,296,184,331,80,167,78,318,272,205,134,92,171,57,74,
331,62,4,5,26,137,270,36,73,197,324,328,81,272,246,62,248,219,262,250,332,217,278,120,90,126,178,272,
103,281,293,320,
128,328,70,
206,203,
281,305,84,69,192,81,103,149,207,198,122,239,274,244,254,280,212,219,282,362,69,138,315,
305,191,10,231,91,203,296,292,314,79,257,78,297,281,282,314,54,120,171,239,
203,83,115,156,318,162,95,186,307,88,67,128,151,177,252,273,176,117,206,156,101,3,96,
253,3,362,119,201,
294,155,315,125,136,124,298,
93,736,295,155,199,87,173,166,249,152,334,
261,222,150,93,91,
163,14,261,146,181,222,246,258,313,179,199,200,91,10,
183,67,258,22,169,212,304,90,281,269,268,233,
75,318,175,117,166,9,147,93,128,326,327,86,247,27,325,
108,74,
10,67,4,175,107,328,160,120,26,19,331,148,
315,72,86,162,45,47,226,188,327,13,137,67,187,155,122,157,294,9,65,111,283,313,14,18,320,156,317,26,197,154,295,100,188,296,151,246,324,
152,366,
86,40,86,107,315,3,93,172,259,126,2,250,171,94,211,91,180,196,151,50,160,327,
48,143,128,293,295,135,124,35,45,92,30,296,26,245,302,113,173,74,333,275,186,183,152,294,309,9,72,200,212,234,160,257,277,84,
71,227,39,109,189,
304,220,183,162,93,96,111,201,301,62,185,134,
150,57,184,138,314,13,261,4,220,262,21,56,95,97,22,31,
142,328,33,255,307,117,244,263,90,112,28,330,189,136,151,308,5,2,147,248,
2,362,86,172,25,27,51,256,141,228,272,143,177,135,241,229,229,327,266,255,26,318,182,246,160,
52,205,173,267,
236,227,69,299,52,10,84,316,
62,10,77,102,
6,147,6,
185,304,311,
86,126,
208,92,292,
314,305,
92,44,89,77,188,
295,93,
39,71,234,117,137,
211,279,74,145,
102,172,366,
258,107,48,
132,279,238,
80,44,
319,100,107,229,190,255,12,252,213,
251,211,238,
292,305,
219,158,
319,207,324,144,188,60,224,
19,10,222,
73,10,127,96,
95,282,279,
14,179,11,
189,5,142,278,
55,48,
181,163,216,184,
796,123,144,301,14,125,139,184,299,68,106,114,1,77,
251,154,184,95,
208,366,
75,262,186,122,50,
117,282,39,
321,122,
201,173,
200,163,48,
67,756,
286,279,126,
302,137,281,
316,158,96,97,
194,238,106,
125,217,201,
90,331,6,
27,2,
262,286,75,17,
46,114,182,
135,2,332,284,
168,14,370,
313,163,172,
270,234,
320,315,103,
156,203,88,295,
296,173,14,
89,127,220,
244,175,
175,10,4,152,
149,298,
130,10,222,
9,10,278,
280,6,281,
140,129,222,
334,311,77,
33,142,66,
51,238,23,
256,270,102,
316,5,111,
90,183,
171,234,
155,114,93,
190,319,227,52,
51,2,
216,181,6,
120,23,10,
67,315,
129,75,533,
125,294,
327,5,2,
63,246,136,
74,124,48,211,44,
124,160,262,
182,184,172,307,
316,129,77,160,
204,127,86,
287,14,5,
107,279,86,
31,190,154,
271,234,93,
93,75,121,
327,172,75,
192,281,232,
263,173,
207,126,324,
10,234,236,
99,122,
220,150,
10,122,23,
288,328,14,161,252,165,202,50,78,168,798,
76,136,167,
103,201,
187,190,
2,86,
204,281,182,
182,246,2,
62,121,16,
224,319,173,
91,362,234,45,
261,155,234,
149,17,603,
492,11,
326,75,270,
144,313,313,
162,332,279,318,
171,217,
122,44,172,
177,234,2,
175,234,172,
222,146,844,
107,86,129,
259,137,172,
50,278,311,
1,282,5,
199,107,
147,98,75,
129,282,173,
146,167,179,
242,122,324,
135,48,179,313,
33,92,19,
72,19,279,
244,126,281,
149,107,
330,6,366,
227,129,164,
119,154,253,
254,298,281,
219,331,23,
282,305,
23,238,
260,5,123,
199,190,
70,128,
146,238,4,324,
293,23,134,284,103,
262,331,124,4,
141,55,175,
248,92,142,
194,45,366,
187,6,281,
101,203,298,216,
53,250,366,
314,92,305,
77,11,
142,165,17,
318,2,307,162,
323,122,
164,114,3,
118,164,
57,232,222,
199,93,163,
288,220,892,
280,220,55,
317,315,
196,332,11,
269,124,105,
191,305,121,
44,123,103,38,
255,2,234,
117,75,93,45,
84,318,798,48,
36,281,
137,121,4,
143,114,
13,124,107,
980,66,224,300,
188,362,315,173,
62,154,182,
33,
149,67,232,
162,217,203,
85,127,10,
124,179,
207,319,798,
150,89,
34,63,175,
108,102,
315,281,102,
49,160,186,
280,234,164,
327,55,86,
256,284,127,
89,284,63,
229,327,182,
139,222,
162,315,194,
195,211,107,
191,111,164,
204,217,
14,93,
92,172,77,328,
272,331,126,
89,17,
291,201,324,
180,14,23,
296,134,315,
197,23,279,
320,179,45,
58,114,844,
319,55,
79,107,305,
294,148,48,
128,216,
229,67,2,
30,184,318,
69,281,190,
284,313,293,135,
192,238,184,
155,315,227,
215,25,
81,184,136,
96,127,203,73,
213,175,
913,315,
315,639,913,
209,122,208,
25,55,
213,124,4,
14,93,173,
201,304,167,
100,319,257,
206,332,220,
273,111,
252,158,93,
185,77,
119,63,320,232,
12,238,201,
270,217,
324,315,4,
266,220,217,
27,238,75,
10,165,324,
25,220,95,215,
120,127,122,
45,86,
302,114,318,
160,124,86,
318,220,44,
277,93,107,
187,4,315,
120,318,305,
243,127,136,
301,63,211,
178,284,331,
239,96,305,
133,328,179,
10,11,163,
102,238,238,
144,332,182,
289,172,19,
27,
73,182,
269,183,
271,67,282,
299,10,796,
118,77,318,
334,279,148,
216,143,284,
203,172,279,
311,10,3,
86,6,179,
308,226,324,
306,217,362,
70,182,598,
181,111,170,
178,160,126,
168,19,288,14,
176,203,370,
166,14,10,
95,220,45,
121,98,93,
322,284,10,
236,11,126,
300,11,844,
263,142,
209,194,
299,328,
263,332,
138,238,362,
167,279,
162,304,
38,282,173,
193,127,172,
26,10,55,
50,75,19,313,
29,184,798,
85,332,48,
52,236,250,190,
275,26,175,
220,44,362,
42,284,311,
262,238,67,
314,150,89,
291,175,587,298,
211,103,279,362,
128,179,75,
59,5,182,
309,14,311,
310,238,250,
22,328,
77,279,123,
145,211,292,
96,844,304,11,
308,89,142,
189,222,71,
193,137,
136,89,142,
330,3,
187,56,18,
261,163,164,
250,331,
307,279,
141,14,158,270,
107,292,103,
186,48,
78,6,362,
254,158,328,
138,281,190,
233,148,183,
219,48,148,
284,201,63,
21,89,227,
37,45,129,
19,136,182,
267,23,52,
26,147,2,
205,63,52,
55,279,74,
163,798,107,
322,23,136,
130,278,282,
184,45,158,
192,238,
294,
20,161,77,
310,95,173,
80,95,201,
186,96,122,
112,93,182,
117,167,
44,137,328,
7,45,
46,179,77,
18,182,102,
151,142,315,
99,184,
87,93,
217,331,45,
157,67,5,
232,93,598,119,
15,217,102,
223,703,
6,362,14,
300,362,980,
294,798,270,
256,2,
89,313,137,
195,103,
86,75,
282,281,279,
97,150,93,316,
299,798,63,
271,92,328,
123,362,260,
158,97,19,
154,3,74,
253,92,
238,124,278,
9,154,4,
147,313,142,
122,281,75,
332,89,93,
333,23,155,
160,217,10,
163,122,98,
195,279,
201,
134,238,
226,74,63,
278,234,
170,181,
112,167,
7,278,55,
61,124,14,
124,
195,23,182,
1,284,240,
264,201,179,
43,186,
101,318,
57,175,44,
259,96,332,
6,2,64,69,
5,222,366,
111,304,284,
178,14,96,
138,45,143,
234,17,217,
36,331,
212,155,92,
173,55,
0,598,190,
182,182,
309,362,48,
87,321,107,
327,315,
144,279,234,319,
176,121,6,
322,19,
152,238,103,
173,278,324,
287,318,
128,220,
284,318,48,
69,45,281,
109,161,154,
320,103,154,
22,150,77,
95,285,217,
113,172,3,
40,201,
234,246,48,
112,362,142,
198,103,
127,798,318,
298,74,
150,93,307,
25,173,282,
62,304,331,
181,124,123,
326,217,
11,328,
35,285,179,
189,332,19,
207,281,123,
188,319,315,
21,150,234,
247,75,179,
39,17,
164,222,175,
106,598,222,
288,290,16,331,232,
13,315,
294,14,
265,184,
8,284,48,
71,155,186,182,
239,318,281,
23,182,240,
174,48,324,
13,217,844,
205,97,44,
102,92,38,
109,182,4,
332,331,
247,775,66,
201,4,
214,74,
93,304,161,
151,86,279,
52,45,175,
219,281,281,
317,175,
295,311,279,
151,
212,281,48,
119,182,160,
9,370,48,
291,598,158,
98,798,756,
169,190,31,330,
201,173,253,
179,362,366,
159,155,
304,96,798,
267,222,
268,295,
32,86,
2,107,142,
141,173,2,
131,14,
241,
258,163,
46,298,89,
325,172,217,
84,236,
303,86,
314,279,148,
47,96,
180,23,
6,313,
332,328,
91,163,305,
12,677,587,
63,89,
231,182,
317,23,603,
122,217,182,
95,182,
297,155,
79,
222,121,
