232,182,261,
11,492,692,52,83,248,71,102,294,300,73,77,197,217,196,115,
185,313,9,279,62,163,138,235,
137,324,331,89,334,323,302,
118,124,163,181,90,318,55,111,28,211,257,49,217,281,299,19,135,228,
158,249,141,181,219,306,159,25,182,251,
603,303,165,285,19,219,284,186,244,
66,284,980,33,247,272,
77,16,362,227,92,290,312,118,
264,39,56,34,248,254,267,0,48,173,226,103,228,196,311,139,5,16,294,218,268,
17,675,
200,796,150,207,128,133,263,279,309,27,273,25,132,245,125,268,324,
44,110,260,58,220,46,122,296,184,331,31,80,167,
184,816,796,164,44,150,152,30,192,251,265,
164,227,161,107,16,184,78,246,261,80,
107,675,68,94,326,13,163,16,87,188,258,79,
143,311,48,193,216,201,11,251,2,130,281,181,
97,186,15,
103,74,676,139,16,69,42,55,198,240,35,195,60,107,103,
798,107,366,311,98,262,91,122,294,84,86,185,283,85,127,180,304,
675,17,175,5,33,107,190,73,143,179,209,22,123,51,201,269,318,111,258,19,241,270,287,282,
796,123,144,301,14,26,125,139,184,200,299,68,106,114,1,77,
6,234,362,280,
318,16,203,214,53,273,105,17,30,145,272,255,84,127,
211,723,4,7,193,89,90,134,
48,14,207,298,309,267,215,258,8,
53,222,186,159,
98,328,91,143,163,248,
313,259,185,212,312,89,324,333,6,291,186,49,128,279,140,284,301,223,
93,212,86,14,271,320,266,319,221,117,150,248,
14,796,598,160,217,114,160,163,282,288,292,318,6,48,150,230,246,264,420,153,294,166,168,328,128,136,217,131,227,105,287,12,141,
15,203,220,67,100,263,233,251,
129,362,77,147,91,251,254,140,
222,83,106,139,164,53,261,271,295,19,130,140,267,
181,158,210,62,77,83,93,300,
324,216,594,155,105,89,159,11,35,93,160,289,291,137,255,319,217,174,201,258,91,163,172,
703,67,917,181,214,223,97,30,4,
201,324,114,260,
592,280,155,
90,944,118,73,218,283,211,110,36,37,21,113,
92,96,220,14,
154,122,279,155,251,
328,142,96,22,67,15,22,85,128,54,226,98,253,332,119,299,282,72,286,273,
5,331,675,179,287,105,189,260,327,
182,232,9,
93,736,295,155,61,173,166,
2,362,86,172,25,27,51,256,228,272,143,177,135,241,229,229,327,
598,14,226,75,0,127,170,273,105,106,
124,22,118,205,269,197,213,13,74,267,11,
71,227,39,
147,157,238,
155,324,188,246,592,127,159,286,253,154,261,22,70,95,234,15,71,107,195,294,170,311,
55,118,362,182,323,25,307,212,280,141,313,332,2,319,247,587,25,252,
142,328,33,255,307,117,244,263,90,112,28,330,189,
76,136,370,101,207,215,138,102,190,267,
212,268,723,93,172,186,314,12,294,42,193,270,281,229,93,207,214,45,52,147,102,178,78,321,135,27,311,269,166,180,252,282,
322,175,220,96,125,331,309,316,
323,55,9,94,88,137,300,321,
234,63,723,6,177,142,271,209,332,32,144,328,5,39,233,270,261,220,321,
280,592,21,259,38,94,215,103,30,
161,164,225,106,297,147,155,177,279,250,
102,9,11,
207,235,23,48,74,104,195,134,207,284,51,127,307,219,35,
309,200,48,75,88,
38,693,40,179,86,122,62,
187,25,56,
279,9,12,282,167,195,2,171,154,211,221,233,144,321,88,161,132,94,142,331,
676,103,180,259,276,242,295,
328,10,14,146,321,
311,143,12,314,42,31,232,15,56,109,328,212,300,262,185,155,
62,216,17,120,258,52,36,43,324,
203,594,83,115,156,85,318,15,95,186,307,88,67,128,151,177,252,273,176,117,206,156,227,3,
304,220,183,
75,318,175,117,
370,816,84,6,290,289,76,189,314,168,89,212,176,128,321,
89,324,170,298,25,165,16,82,314,175,
238,9,207,194,50,134,268,307,330,119,146,147,192,226,262,138,246,269,23,132,
186,75,203,28,120,53,97,71,79,251,
45,315,67,212,83,226,
315,72,86,162,45,47,226,188,327,13,137,67,187,122,157,294,9,65,111,283,313,14,267,41,156,317,26,197,154,295,
816,370,216,184,217,160,293,89,109,17,
216,193,324,62,328,208,16,250,275,334,227,128,816,
67,703,499,10,23,45,123,229,215,199,14,183,80,271,
3,86,253,203,
284,66,197,31,8,32,5,142,192,42,277,216,279,281,121,229,24,
122,9,315,306,10,136,166,206,99,163,
665,844,92,166,257,98,223,161,164,
190,169,147,28,108,69,321,249,175,209,48,26,54,320,306,199,262,
175,675,121,291,322,250,267,75,275,175,164,244,317,317,57,166,89,
307,203,
148,10,268,284,186,293,294,334,
861,96,117,330,205,236,282,319,171,257,20,913,332,167,
114,132,113,201,155,218,9,46,143,173,215,179,201,302,302,
157,305,362,80,109,147,122,90,230,173,93,183,203,246,269,316,259,220,227,
222,
318,300,65,161,134,301,75,265,302,127,117,167,101,239,13,118,332,
292,227,293,267,142,160,108,107,18,285,
203,157,216,
150,200,57,184,138,314,13,261,106,220,
319,100,107,229,190,255,12,213,
74,332,207,989,63,108,224,298,
332,234,162,4,74,14,23,135,196,263,116,158,259,
182,73,55,297,91,245,90,184,
121,62,175,251,137,276,
331,62,4,5,26,137,270,324,328,81,272,246,248,219,262,101,250,332,
279,284,185,313,307,95,162,286,334,
282,41,14,121,95,210,4,28,117,158,25,271,
56,264,35,127,297,38,209,260,218,187,298,82,95,230,265,134,
19,118,675,
179,38,675,5,28,331,
160,760,169,111,
134,318,120,311,216,293,151,276,
172,212,9,81,173,282,30,92,68,45,150,69,74,177,183,120,86,181,315,102,227,331,45,2,313,324,
217,324,160,160,171,209,
281,305,84,63,69,270,81,103,149,107,198,206,239,274,244,254,280,
693,469,38,82,123,95,214,321,258,184,265,
85,328,203,146,4,196,150,164,224,13,122,57,196,89,199,237,
278,9,9,88,277,330,107,142,238,118,70,20,306,48,
127,155,598,165,73,160,
298,56,89,126,149,207,254,
305,10,231,157,203,296,292,314,79,257,78,297,281,282,
23,207,67,141,83,293,180,10,30,219,4,
86,40,86,268,315,3,93,172,259,126,2,250,171,94,211,91,180,11,209,50,
233,279,321,58,134,320,18,90,171,
227,164,71,107,292,310,80,123,248,127,124,190,216,36,182,178,236,
844,665,300,215,328,75,195,
281,284,118,56,2,36,43,302,
288,9,14,252,271,165,202,50,
4,95,211,213,331,63,175,256,188,201,187,257,236,146,234,137,244,
268,142,86,1,148,182,202,260,283,157,6,241,
9,362,279,10,127,172,102,185,189,201,68,258,139,278,77,989,238,288,226,98,155,83,323,175,73,162,22,122,207,70,224,73,271,182,
111,675,315,
163,14,91,261,146,181,222,246,258,313,
41,775,121,26,292,83,21,282,305,189,78,9,122,198,156,256,250,270,185,270,315,310,318,327,184,
183,67,157,292,22,70,307,261,169,212,304,90,93,281,269,
723,211,212,271,278,106,234,85,231,70,319,157,22,264,299,14,39,180,88,122,102,
220,96,92,30,304,31,67,109,158,161,313,141,280,288,123,111,85,218,
318,169,118,304,51,163,126,251,40,196,154,170,
25,207,117,55,146,187,
594,124,313,203,304,324,112,128,292,264,118,294,191,99,259,86,149,180,328,99,
163,118,130,136,213,46,235,29,
48,143,128,293,295,301,124,35,45,92,30,296,26,245,302,113,173,74,119,186,183,152,294,309,
297,56,219,157,90,216,311,256,334,232,195,
96,304,861,282,220,253,259,98,211,297,235,133,312,316,92,268,111,
10,67,4,107,328,160,19,331,
126,286,318,86,228,
264,173,594,10,95,207,61,95,125,30,261,167,310,
362,9,157,306,303,55,282,154,186,310,2,105,129,294,305,277,6,188,33,77,4,6,220,190,214,300,112,91,122,138,309,253,
366,798,109,152,63,102,269,
10,166,101,83,148,73,328,334,9,130,299,
86,594,172,
173,172,157,228,264,48,14,52,136,137,16,25,190,309,
238,278,
262,798,311,301,
270,212,41,294,
236,227,
211,279,118,
282,279,96,212,
150,14,109,
250,175,
319,861,324,144,
231,288,328,135,153,260,
206,203,
294,155,315,125,
121,284,41,
313,315,55,
117,25,303,
283,798,
226,9,45,
219,158,
321,234,370,87,
45,212,48,172,
328,311,594,92,
93,324,212,
261,222,150,93,
173,264,114,
128,328,70,
4,85,332,
284,148,603,
123,693,675,
246,157,164,
160,14,324,127,
293,23,134,284,
160,217,292,
246,163,238,
292,41,305,
217,816,14,
307,238,183,
70,183,278,
197,124,11,
188,362,315,
169,190,31,318,330,127,
492,11,
108,74,
240,103,
101,331,
194,238,106,255,
31,311,220,44,
113,90,114,
181,172,143,
119,238,48,186,
321,279,212,233,
314,305,
136,173,122,
320,190,93,
244,175,
980,66,224,300,
168,14,370,
258,107,48,
269,212,366,
95,56,264,251,
102,172,366,
95,203,264,
332,328,
256,297,
269,124,157,105,
292,594,183,
299,118,328,
249,158,170,224,209,181,
262,286,75,
251,154,184,95,
154,362,262,
52,62,173,
271,288,9,
46,114,163,
63,234,
75,262,186,
212,370,
285,603,292,
23,238,
172,86,
12,677,212,587,
213,175,163,
42,284,311,
6,362,14,
158,282,332,
139,264,222,
287,14,675,5,
162,315,194,
33,142,66,
301,48,318,
289,370,324,
295,48,
222,163,
278,723,189,
175,4,152,
281,212,
26,41,315,
167,264,44,861,
291,175,587,
19,10,222,
180,212,798,
218,114,90,
63,281,366,
166,665,
160,124,816,84,138,
123,67,
11,124,
57,85,175,
206,122,281,
251,121,186,
124,160,594,262,
155,114,93,
135,2,332,
107,292,103,
125,322,264,
270,675,234,
39,71,234,117,
68,9,
228,118,264,
70,723,128,
167,279,
129,75,533,
95,155,4,
272,318,331,
112,362,142,
91,324,129,
73,90,182,
256,41,2,
219,331,23,
313,163,172,
229,67,2,
195,297,279,
79,107,305,
36,62,281,
218,264,220,
286,279,126,
140,129,222,
309,173,322,
137,121,4,
184,182,41,
171,217,233,
48,278,190,
83,9,10,
9,10,278,
324,200,62,
199,190,85,
130,10,222,
190,675,319,227,
159,155,
67,756,
136,76,
189,5,142,278,
258,693,163,
318,41,675,
253,3,362,
241,268,675,
90,183,233,
311,134,297,
295,93,676,
146,25,
263,332,15,
188,155,107,
111,118,160,
92,172,77,328,
103,280,281,
13,150,85,
196,332,11,
216,297,
262,331,154,124,
146,238,4,
220,234,322,
267,315,124,
13,124,107,
27,200,212,
157,268,
319,93,723,
270,281,41,
192,238,184,
69,281,190,
261,232,183,264,
26,796,
303,362,
10,9,305,264,
220,157,150,
10,122,23,
90,182,157,
254,298,281,
125,200,294,
269,183,675,
185,311,
299,10,796,
149,298,594,
280,6,281,
95,282,279,
201,675,
100,319,15,257,
166,14,10,
117,282,39,
219,207,297,
107,155,281,
122,41,44,
316,157,96,
197,284,
263,200,142,
170,89,598,155,
103,264,
913,315,861,
6,2,64,69,
189,41,370,
87,321,107,
138,238,362,185,
288,220,892,
280,220,55,
180,23,
51,207,2,
223,703,
220,44,362,
247,775,66,
156,203,88,295,
300,362,980,
32,234,284,
141,55,175,
41,139,302,
62,185,181,
195,103,207,
284,207,313,293,
89,313,137,
234,155,4,
73,10,127,
163,122,98,
78,164,212,231,
22,328,
62,121,
229,212,
98,798,756,
152,366,
14,93,173,
165,89,127,
73,11,9,
201,
106,598,222,
254,264,
132,200,114,
163,324,185,
138,
186,362,775,313,119,
229,319,
199,67,
302,114,318,
282,362,
332,861,331,
250,41,331,
6,313,268,
61,93,264,
309,362,48,
327,315,
275,26,175,
144,279,234,319,
80,67,
257,665,4,
147,212,161,45,
294,212,798,270,
332,55,
143,114,
30,184,318,264,
328,10,844,
271,234,93,
11,86,143,
14,67,723,
99,594,122,
162,332,279,
334,279,148,
224,74,
314,370,
271,67,282,
303,117,603,
117,75,93,
85,220,723,
227,157,203,
134,56,211,
88,309,323,
327,5,2,
118,77,318,
89,85,211,
282,675,305,
43,62,281,
17,62,318,
127,798,318,
128,216,200,
212,45,55,
294,148,48,
268,264,200,
237,85,
302,137,281,
166,175,212,
160,217,10,
190,76,173,
244,281,4,
213,124,4,
94,107,
176,203,370,
77,11,
315,639,913,
127,56,227,
311,798,
106,150,161,
196,85,264,
186,148,603,
239,318,281,
265,184,693,
25,200,55,
295,222,756,
83,222,181,
233,234,15,
139,41,
8,284,48,
18,233,292,
131,14,
42,103,212,
4,362,703,23,
86,798,
268,212,
122,362,85,
175,175,9,
259,313,157,
127,169,207,
27,2,
0,408,
28,118,190,
106,796,194,
117,861,142,
224,756,85,
262,238,
317,175,
164,665,85,
177,234,2,
82,89,693,
67,315,
22,675,9,232,
288,231,290,16,331,232,
62,331,
164,222,175,
90,297,142,
22,183,723,
261,155,234,
260,5,
267,222,76,
252,212,288,
132,279,238,
151,134,
91,163,98,
84,318,798,
150,85,93,
13,315,
209,675,194,
187,4,315,
205,861,
109,816,366,150,
276,123,676,
321,693,190,
261,163,164,
269,238,
71,155,186,
198,281,
93,183,181,
277,284,
302,114,41,
235,163,
105,14,5,324,
101,76,318,
138,160,76,
230,14,157,
39,264,723,
0,264,598,
301,313,262,
94,279,323,
215,114,76,
142,279,292,
154,318,
307,279,207,
254,129,
181,163,
141,14,158,
36,90,227,
114,14,796,
209,122,208,
408,0,
209,86,56,190,
267,264,175,
93,157,
314,150,89,
35,56,103,
300,311,
128,370,14,
91,86,
151,123,203,
202,268,
40,318,
236,4,
306,362,122,190,
294,362,
258,62,324,
182,268,
293,292,148,
111,220,96,
300,323,181,
255,324,319,
293,816,
311,264,
300,11,844,
102,723,
116,332,
259,96,332,
228,126,
9,315,114,
177,172,161,
70,9,
180,723,676,
207,238,200,264,
397,260,
317,315,
255,318,194,
83,203,45,
186,48,
91,182,362,
331,172,
170,318,
63,122,4,
106,723,
198,103,
215,48,67,
74,124,48,
50,238,
185,798,41,
194,72,225,162,209,
289,72,120,
34,264,
142,278,268,
152,184,175,
134,238,207,
190,362,
216,143,284,
201,4,
214,212,703,
331,44,
772,383,
519,961,852,
286,262,677,
305,362,41,
316,322,
75,598,309,
29,163,
246,331,
146,328,
101,10,
235,185,
321,328,323,
16,173,
35,48,207,
5,264,
207,298,25,
86,126,
295,315,
25,173,282,
209,217,234,
248,98,93,
331,179,279,
80,44,
304,96,798,
2,172,281,
102,76,212,
276,121,134,
298,74,
281,143,
332,318,
49,118,
128,313,
226,264,328,
214,362,693,
25,2,158,
260,231,201,
231,723,305,
22,328,155,
297,305,
331,10,322,
195,155,844,
4,892,282,
274,281,
174,324,
166,93,122,
85,798,
186,212,
16,264,107,
210,282,181,
236,861,
294,14,
165,603,288,
122,5,209,63,154,
14,332,
107,10,798,
83,11,23,
207,207,
122,157,38,
226,238,
273,72,
33,675,
161,665,220,
25,55,89,
268,238,96,
105,362,269,
260,44,124,
319,55,
235,207,
54,328,587,
