318,169,118,304,51,163,126,251,
331,62,4,5,26,137,270,281,79,249,324,328,81,203,225,248,283,262,101,250,332,
844,665,300,
328,142,96,106,22,15,22,79,85,128,54,226,253,332,130,88,299,282,72,286,
131,255,88,45,318,293,94,124,202,64,12,252,311,
172,212,9,173,282,32,68,45,150,74,177,183,120,
211,723,4,7,193,281,
200,796,150,207,297,133,263,279,309,
593,892,201,217,217,318,
62,216,
14,796,598,160,217,114,160,163,282,288,292,318,6,48,150,230,246,264,420,153,294,166,168,328,136,217,131,203,227,262,
107,675,
136,78,65,250,39,135,285,54,161,167,0,148,157,181,320,311,86,248,
279,9,12,282,167,285,2,171,154,211,221,233,144,321,88,161,
143,311,48,193,304,216,201,11,251,2,
234,723,289,6,142,271,283,332,32,144,328,5,39,237,270,
315,72,86,162,45,47,226,188,327,13,137,67,187,122,157,294,9,65,111,283,313,
284,66,197,31,98,32,5,142,192,239,42,216,279,281,121,
292,227,81,267,
76,305,227,257,73,43,15,169,183,110,161,197,
944,90,130,177,326,
767,421,456,216,
723,211,212,271,278,71,106,234,101,231,70,297,18,157,264,14,39,180,122,237,
914,163,124,55,305,319,
148,10,268,
2,362,86,172,25,27,61,256,43,272,143,
130,944,143,46,236,40,102,297,155,13,41,95,40,260,
124,248,118,205,269,
203,594,517,115,156,85,318,15,95,186,307,88,67,128,151,177,252,297,273,
319,100,517,107,39,229,190,255,12,
137,324,331,
517,203,114,319,186,300,193,310,12,165,105,101,207,256,172,
69,40,208,236,330,265,99,163,192,262,147,4,53,250,327,192,
268,142,86,1,148,202,260,
44,260,58,220,46,122,296,184,331,
79,603,328,273,
280,592,21,259,38,94,215,318,
185,313,9,279,147,306,
288,9,14,
795,305,
282,41,14,
410,481,203,
118,124,163,181,90,318,55,241,112,28,211,257,39,49,217,281,299,19,135,228,
212,123,24,110,317,370,
56,264,682,127,297,38,209,260,218,187,298,
190,682,169,147,303,28,108,124,321,249,175,209,
249,158,170,224,209,181,
25,682,215,55,146,187,
10,67,4,
587,892,507,206,54,
861,96,117,88,330,205,236,282,319,171,257,20,913,332,
227,4,756,165,
175,675,121,244,322,250,267,75,275,306,
4,32,211,227,331,63,175,256,188,201,187,257,
9,362,279,10,127,172,102,185,189,201,300,68,118,139,278,77,989,238,288,65,98,155,281,323,0,73,162,22,122,207,70,224,
86,40,86,268,315,2,3,93,172,259,242,23,2,250,40,94,211,91,180,11,209,50,
238,9,207,194,308,
370,816,84,290,289,76,318,212,139,168,89,212,
41,775,121,26,292,83,21,282,305,135,78,122,198,256,250,333,270,
96,833,861,282,167,220,253,98,211,297,235,133,312,316,
300,517,9,65,
281,305,
11,492,692,136,248,71,102,294,300,
55,118,362,182,323,307,32,237,290,141,313,332,319,
114,517,682,201,9,173,174,179,201,302,
816,370,28,184,217,160,116,293,89,109,203,
142,328,33,255,307,117,244,263,
507,587,229,224,
362,9,157,303,55,282,154,186,223,310,2,105,129,305,6,188,33,77,4,6,220,214,300,
103,74,676,139,16,69,42,55,198,240,
48,14,207,298,309,314,
676,103,180,259,15,276,242,295,
592,280,111,155,
89,324,170,298,
318,370,215,218,
798,366,311,98,225,29,122,294,86,
184,816,796,164,44,150,
183,67,157,292,
71,723,157,46,95,
93,736,295,
227,164,285,71,107,292,310,76,112,80,123,248,124,187,287,38,174,182,178,236,
163,914,118,130,318,136,213,252,
675,17,175,5,33,107,190,302,143,179,209,22,123,201,61,111,258,19,157,270,
682,190,56,114,25,146,299,129,269,104,61,277,147,304,
278,9,88,277,29,107,142,169,
703,67,917,181,214,223,203,30,4,146,
311,16,143,12,314,42,31,232,15,
796,123,144,301,14,26,125,139,184,200,68,106,114,237,1,77,13,
313,594,232,175,209,70,128,216,240,
665,844,92,166,257,98,310,
693,469,38,123,95,214,321,
32,4,92,122,235,
123,796,212,262,151,276,119,135,147,255,291,
66,284,980,33,38,247,272,
164,227,161,112,107,184,79,246,261,
161,164,225,146,193,297,147,155,177,279,
222,16,215,
318,300,65,161,134,301,75,265,302,
304,157,143,272,
594,833,313,203,304,324,212,246,313,128,292,264,118,294,191,99,259,287,
305,795,10,231,157,76,296,292,314,257,78,241,281,
324,216,594,155,126,89,159,102,111,35,93,160,289,291,137,255,319,217,201,
264,39,56,34,248,267,0,48,173,226,103,228,262,311,
93,212,86,271,
157,305,362,80,109,112,116,304,71,230,173,93,183,290,203,246,269,316,
212,602,723,93,172,186,314,12,294,42,193,270,281,303,229,93,207,214,45,52,147,139,178,321,135,136,
16,222,311,127,323,332,92,332,157,201,222,310,282,
67,703,499,239,10,23,45,123,29,126,199,14,183,80,
332,234,310,
598,14,226,0,127,165,170,273,
118,9,
85,328,203,146,
134,318,120,
892,587,593,272,
250,136,160,130,48,138,187,217,167,41,98,113,190,327,219,
297,56,130,157,216,13,256,334,
38,693,40,179,86,
207,235,23,48,104,517,
215,93,208,15,25,222,38,160,177,267,318,39,277,94,110,158,30,59,252,310,120,314,333,
173,172,157,228,264,48,
603,79,165,285,19,
26,275,
366,798,109,152,29,
342,150,70,93,256,178,268,326,166,
216,193,324,62,328,208,16,250,275,767,334,
220,96,30,304,31,67,109,158,
158,249,193,181,219,306,159,25,182,251,59,
318,131,203,53,169,273,
313,578,185,212,18,324,333,291,186,49,128,279,140,
48,143,128,293,295,301,124,45,92,30,296,26,245,302,113,173,
155,324,246,592,127,286,253,154,
163,14,261,
181,158,136,
186,75,203,28,
233,279,
129,362,682,147,
322,175,
214,775,254,
775,214,41,247,159,186,
90,944,118,
182,602,55,
150,200,342,184,
10,166,148,187,328,
470,942,
281,284,118,
23,207,67,
136,11,212,
167,279,136,250,
285,279,134,
122,9,315,
232,313,
77,362,
29,278,67,
45,315,67,
323,55,9,
756,227,98,
942,470,
100,306,319,
187,10,227,
295,833,156,
106,328,
264,173,594,
244,175,
288,231,246,290,16,101,150,331,232,
481,407,410,
147,123,185,
246,288,594,
211,279,118,
15,203,215,
121,62,175,42,
126,324,67,
231,288,328,135,153,260,
41,130,
203,410,157,
76,370,
980,66,224,300,
71,227,39,
270,212,41,
321,279,212,
177,215,192,
93,324,212,
169,190,2,31,146,318,330,223,
160,250,760,
488,63,
3,86,
282,279,96,
126,318,
217,324,593,
191,
190,675,319,
301,48,318,
154,122,279,155,
237,723,234,
279,284,185,313,
281,212,
29,798,366,
75,318,175,
492,11,
5,331,675,
160,215,816,
123,693,675,
307,203,
262,42,286,75,
59,989,214,158,325,
282,362,16,
102,9,11,
219,250,158,
19,118,675,
298,56,89,
179,38,675,
299,118,328,
139,370,212,236,
172,86,
217,816,14,
101,288,723,
833,594,81,96,151,228,285,134,295,
602,134,212,111,201,72,182,
146,265,81,
310,16,215,
313,315,55,
65,9,
33,142,66,
127,155,16,598,
6,234,362,
289,370,324,
194,238,
256,297,
269,124,157,105,
45,212,48,
319,861,324,
209,313,675,194,
208,215,
578,313,
222,16,
174,227,114,
70,342,9,
59,215,
102,324,
281,9,331,211,
6,362,14,
39,319,118,
188,362,315,
212,594,
328,10,14,
22,675,9,232,
318,593,163,280,
250,69,175,
14,67,723,
332,16,328,
293,48,131,
285,833,227,
302,114,318,
314,48,215,
224,9,507,
201,324,114,
165,227,598,
319,55,914,
333,215,41,
228,118,264,
111,324,592,
209,122,208,
146,169,
247,775,66,
162,315,194,
285,136,
39,264,723,
213,175,163,
146,161,682,703,
252,215,203,
160,14,324,
122,5,209,63,150,154,
2,564,6,
229,90,888,
267,264,175,
67,315,23,
73,76,
93,157,342,
326,944,342,
283,331,234,
169,318,278,
231,723,305,
186,362,775,313,
128,328,70,
292,41,305,
371,269,
475,114,
6,2,64,69,
193,161,158,
285,603,
147,69,682,
43,2,76,
122,723,32,
252,131,163,
310,665,332,
295,93,676,
187,25,56,
197,76,284,
267,292,215,
42,284,311,
297,200,203,
111,675,315,
300,362,980,
180,723,676,
166,665,342,
61,2,675,
256,41,2,
17,675,
32,55,172,
290,157,55,
18,723,313,
135,123,41,
11,86,143,
212,370,
315,639,913,
12,677,212,
70,723,128,
142,278,268,
93,215,
187,4,315,
202,131,268,
311,136,798,
311,131,264,
203,14,175,
68,9,
270,675,234,
306,100,306,
156,203,88,295,
26,796,
223,703,
150,14,
121,284,41,
147,212,161,
95,693,130,
173,264,114,
114,14,796,
294,315,
287,227,594,
39,215,136,
241,305,118,
225,798,331,
271,234,93,
269,371,
913,315,861,
286,262,677,
112,118,227,
154,362,
256,342,
165,517,603,
205,861,
151,123,203,
2,169,86,
186,517,212,
42,120,262,121,
170,89,598,
236,227,
110,212,76,
306,185,175,
157,675,16,
292,594,183,
263,200,142,
39,71,234,
273,598,203,
321,693,190,
101,517,331,
120,215,172,
88,279,203,
4,362,703,
31,311,220,
332,861,331,
161,279,76,
309,200,48,
250,41,331,
240,313,103,
94,131,86,
251,318,143,
217,14,593,
80,67,
77,9,796,
32,234,284,
304,220,
79,331,164,
116,157,816,
305,362,41,
295,48,
239,67,284,
112,157,164,
269,682,
564,2,907,
519,961,852,
129,75,533,
209,86,56,190,
178,342,
198,103,
201,593,675,
152,366,
310,517,362,
303,190,212,
138,250,
229,319,
276,123,676,
109,816,366,
175,141,213,203,
330,169,69,
123,67,
163,69,318,
214,212,703,
38,215,56,
261,163,164,
12,131,
246,157,164,
86,798,
331,44,
316,157,96,
235,32,207,
103,264,
54,328,587,
260,130,44,124,
146,25,
28,118,190,
106,796,
257,118,76,
22,328,
141,55,175,
229,507,
275,26,175,
262,331,
144,279,234,
0,264,598,
332,55,
183,172,76,
128,313,313,
216,313,297,
25,2,158,
294,212,798,
257,665,4,
9,315,114,
30,220,215,
265,318,69,
233,62,90,256,
397,260,
989,45,343,59,9,
62,331,
16,288,103,
28,816,
86,136,38,
53,69,318,
168,14,370,
229,212,
166,14,10,
10,9,305,
289,72,120,
147,190,600,
75,262,186,
203,703,816,
143,675,130,
294,14,
107,164,278,
13,315,130,
199,67,
281,677,151,
0,408,
33,675,
201,4,
302,675,
293,816,
289,234,
230,14,157,
246,14,155,
216,143,284,
211,96,86,
300,11,844,
408,0,
852,519,423,
250,86,
117,861,142,
167,96,
108,190,
192,69,284,
237,796,
179,114,
297,723,
150,288,122,
26,41,
260,231,
256,4,233,517,
127,56,
175,4,
106,723,
98,250,798,756,
4,10,69,
268,342,
236,130,69,
64,6,
134,833,120,
249,331,
277,215,682,
91,86,
62,233,121,
144,796,223,80,
134,602,285,193,
232,283,288,
273,72,
220,44,362,
157,723,136,
130,328,250,
78,41,
214,59,301,287,
888,98,229,
102,130,
95,203,
105,362,269,
0,136,
133,200,96,
294,11,594,
55,25,
13,796,297,
40,130,38,
178,227,
272,892,2,
135,212,118,
109,220,
218,56,318,
334,216,297,
89,816,370,
131,14,
304,318,682,
67,220,
42,103,212,
277,278,
227,14,
192,69,
248,136,124,
71,11,
223,362,169,
242,86,
98,284,
63,122,4,
122,798,
258,675,
119,123,
136,14,
45,172,131,
273,318,79,
49,118,
188,4,
38,66,227,
27,2,
214,362,693,
226,264,328,
302,48,
92,32,48,
23,67,86,
207,238,200,
177,172,161,
159,158,
194,72,225,162,209,
303,362,
203,331,
124,48,227,260,
248,331,11,
237,55,
157,315,297,
255,123,142,
278,723,
153,14,
328,331,
332,16,
217,250,118,
236,861,
88,861,328,
171,279,
248,227,264,
282,172,861,
714,832,
772,383,
328,231,
548,763,
1,268,796,
255,324,319,
264,723,14,
98,9,
80,157,227,
262,123,69,
255,131,
253,96,328,155,
259,676,
139,9,796,
22,328,
314,305,
161,136,
286,155,
308,238,
262,264,14,
189,9,72,
317,
272,66,304,
182,158,227,
50,86,
193,399,216,
301,214,796,
75,758,
81,833,72,292,
128,594,48,
297,161,
158,215,
260,268,
259,594,280,
113,250,
30,703,48,
296,44,
291,313,123,
8,308,
970,727,
90,229,
887,179,
880,725,
763,548,
436,925,
894,809,
479,704,
399,193,
0,9,
104,207,682,
124,131,190,
162,9,
235,96,
122,41,44,
34,264,
296,48,
155,9,130,
327,315,69,
88,278,156,
15,676,
40,86,130,
275,216,
35,324,
159,775,
118,594,
226,315,598,
12,517,311,
292,14,
94,280,
187,250,
307,142,
209,249,
159,324,
31,169,284,
230,932,
932,230,
283,232,
279,200,
169,76,
74,103,
12,279,
286,328,
300,318,
64,131,
142,234,
175,313,190,
307,55,
67,203,
46,44,130,
83,41,
201,114,143,
130,163,
