113,90,306,315,
295,130,49,71,115,331,39,326,330,
204,103,318,203,1,197,293,86,328,299,176,326,
4,204,24,139,87,191,245,213,179,170,307,219,210,281,307,322,300,202,144,
245,150,86,7,263,283,
176,86,173,78,317,60,297,51,53,3,280,174,
86,26,35,295,322,245,38,172,128,235,66,220,
318,44,250,86,125,64,249,147,19,244,166,194,74,176,204,57,87,334,296,178,262,11,12,138,150,66,209,164,39,111,188,
214,48,276,30,79,250,154,166,187,74,239,173,81,150,238,143,116,212,36,151,110,
147,118,185,163,70,180,34,80,304,275,202,32,85,268,128,163,331,18,226,5,224,49,196,131,17,255,178,16,35,126,79,217,283,298,15,297,
97,248,205,123,123,160,171,123,278,8,219,187,74,136,
259,137,242,40,300,131,100,290,293,105,278,233,
26,305,319,295,193,317,122,26,99,11,58,183,291,175,114,207,201,305,49,284,158,259,90,61,227,9,258,210,75,267,269,131,140,254,178,136,216,288,2,164,266,42,164,209,130,74,323,56,310,8,165,118,126,94,322,317,184,42,296,110,45,300,66,256,133,94,297,318,124,89,35,120,146,4,94,203,290,184,332,305,148,193,206,
89,32,49,295,288,37,123,71,99,65,264,80,3,39,
316,279,44,288,143,160,
27,288,45,116,197,79,189,145,17,23,290,237,242,113,123,
325,220,0,266,152,120,28,111,234,313,96,17,228,234,83,12,154,170,293,111,222,318,205,155,57,311,94,94,109,185,266,237,145,101,73,123,323,108,
77,138,320,333,163,40,
117,300,136,41,28,240,139,190,19,249,143,127,171,32,283,294,90,332,246,294,253,195,89,305,71,174,120,104,147,31,99,125,98,310,22,301,49,286,
25,87,282,207,204,76,7,171,307,239,10,288,10,
188,12,155,172,265,261,32,131,178,284,236,307,245,260,179,14,126,184,151,201,203,104,172,
12,319,113,93,297,49,175,81,58,326,139,280,151,224,124,255,290,247,36,293,211,265,291,315,60,
332,213,310,202,255,26,41,315,273,194,60,85,166,203,83,66,41,278,174,
271,232,328,193,
212,44,6,139,44,57,262,
174,111,62,225,243,247,123,298,257,274,
84,33,86,250,27,188,274,141,265,177,86,6,192,201,288,
7,29,26,32,82,60,213,271,72,39,
331,39,100,230,37,133,176,
81,302,34,285,118,204,309,312,7,164,230,148,217,331,261,79,114,235,125,287,222,42,133,91,
281,284,226,4,7,41,289,270,114,197,19,131,112,
197,71,35,
215,237,7,282,138,279,97,144,
45,58,122,178,186,279,297,161,61,
87,4,175,180,225,297,311,109,8,63,138,197,131,321,1,174,
7,78,159,
103,310,72,42,194,111,296,
237,311,141,175,259,265,322,15,86,212,49,162,44,192,288,148,303,136,266,
242,322,225,125,247,182,105,307,75,146,178,262,89,181,256,
42,281,260,29,150,75,28,285,264,306,15,103,111,198,215,32,48,227,248,329,185,96,257,254,175,207,80,85,166,209,311,116,260,321,320,8,251,241,
301,165,235,176,1,294,117,153,224,160,176,139,71,197,313,290,130,101,16,171,199,
90,176,18,131,133,13,236,85,322,13,37,292,202,63,215,231,33,21,99,164,222,109,232,178,113,231,256,142,7,
55,272,288,320,274,37,325,165,239,113,227,201,137,37,264,
238,214,29,175,321,70,142,146,129,273,109,281,47,127,291,211,109,
8,290,87,64,175,
95,48,319,274,136,304,146,141,
300,55,296,192,259,240,319,49,116,
58,68,60,185,0,182,24,304,265,100,160,287,92,263,303,43,45,208,21,130,131,102,2,36,117,123,60,122,196,
102,220,288,149,121,145,13,278,231,294,221,148,
126,150,132,196,284,150,71,181,278,147,192,176,95,16,139,284,52,60,149,235,194,
202,215,116,193,219,42,132,162,99,34,333,291,16,4,227,283,
129,238,49,134,73,100,273,101,233,
26,200,62,235,
201,277,35,226,13,83,16,88,216,109,34,
143,214,324,121,
107,112,242,191,47,
52,149,277,43,13,183,34,291,277,105,
83,64,156,213,157,320,123,63,209,95,296,222,203,241,11,179,123,200,274,54,86,281,3,68,
49,288,248,196,256,12,
235,332,86,175,156,52,240,
295,89,291,239,206,205,208,79,86,30,103,290,136,112,17,149,311,251,292,137,257,38,93,281,288,249,
3,132,319,179,83,254,89,188,161,253,3,68,162,39,291,274,
171,193,286,241,
213,60,137,64,
49,146,89,235,181,292,147,59,317,136,234,
311,126,8,108,123,293,139,119,308,86,172,74,333,111,188,162,313,271,64,15,220,280,100,55,281,
197,174,291,171,211,289,298,17,118,193,123,8,14,57,237,79,240,37,44,143,133,267,11,70,142,328,146,238,288,21,159,96,146,162,50,279,307,301,146,183,17,227,217,83,329,62,264,320,
264,20,306,274,
254,295,147,
219,324,66,153,187,277,13,153,291,51,311,121,242,147,236,243,4,134,68,219,183,313,47,75,320,147,213,165,288,145,37,103,258,60,98,114,281,270,111,117,216,
132,112,127,19,185,84,126,231,305,3,131,46,330,248,137,30,178,32,68,101,289,244,
333,186,226,29,156,44,156,164,327,5,132,227,90,248,298,237,201,187,289,83,99,111,311,77,134,174,
300,136,88,133,275,13,128,
243,202,174,51,259,16,
277,152,317,189,12,279,174,161,187,116,244,193,201,318,62,266,
35,227,318,324,5,301,67,303,80,86,161,288,108,4,268,275,236,320,105,170,190,280,84,59,
83,121,175,286,43,333,282,90,186,7,139,332,100,329,329,176,113,276,
296,98,33,288,240,245,221,222,
290,26,12,221,142,290,224,64,136,166,57,239,
206,55,324,123,52,7,140,198,188,186,5,33,239,316,241,313,287,302,
291,193,146,292,153,199,295,294,137,219,287,321,124,174,195,40,238,27,185,178,215,99,212,282,12,46,253,266,133,184,41,122,81,192,
131,254,107,48,171,108,303,34,304,41,107,144,115,
271,124,215,165,311,
183,63,298,167,219,205,327,109,197,163,261,235,147,285,196,13,182,
225,242,236,65,67,50,191,64,240,104,6,291,205,102,142,213,271,
111,311,109,31,310,280,218,303,55,174,230,324,
280,59,181,325,145,230,251,
64,239,164,
260,246,175,325,47,93,236,248,268,261,16,308,134,152,96,238,252,230,169,238,333,67,131,280,188,82,112,291,100,248,9,267,
178,52,65,134,90,288,235,236,39,122,243,110,25,95,59,254,194,176,132,83,147,209,71,187,270,147,
326,123,66,328,216,81,130,251,
49,20,238,85,91,24,153,155,122,188,262,69,326,129,234,60,149,181,301,304,8,139,331,112,192,295,241,42,165,
294,301,235,84,152,55,127,178,191,26,133,260,177,208,185,162,184,11,119,62,131,143,11,93,124,244,23,128,172,66,245,171,236,302,172,248,62,155,162,117,222,293,3,90,301,256,81,38,24,296,310,6,39,83,182,92,264,254,269,
220,107,124,311,149,274,44,
231,272,119,179,275,27,257,54,164,16,127,202,14,273,282,167,208,244,132,43,99,3,266,238,193,
250,254,37,119,288,297,276,
27,198,248,139,70,308,316,
284,199,248,23,145,29,224,333,41,314,143,217,274,265,189,285,36,186,281,116,213,314,330,93,226,225,135,86,
307,238,164,301,164,306,257,6,182,142,91,329,82,171,163,288,85,278,51,278,95,142,235,57,83,118,221,65,278,135,230,227,197,110,103,164,19,85,297,222,266,94,224,199,
249,48,174,295,84,
285,38,91,284,272,20,136,220,319,5,5,166,310,206,162,284,330,
205,325,112,133,142,94,13,188,115,202,272,171,214,53,317,131,157,308,
305,289,51,5,0,286,80,40,243,212,
11,124,15,48,9,143,122,59,
110,295,
114,109,152,12,268,60,
13,132,298,237,242,
35,26,59,201,109,50,132,161,124,
279,2,197,198,300,316,173,258,322,303,
192,30,291,270,273,136,133,212,179,106,221,224,126,94,
7,81,282,50,137,128,317,115,203,281,72,86,166,217,
84,9,121,35,16,114,139,249,
99,116,329,202,13,289,317,134,244,48,96,
321,304,143,218,285,
64,219,33,95,239,1,160,33,286,18,193,206,330,45,321,46,321,183,14,116,213,329,45,151,175,186,191,156,290,213,246,258,123,29,310,
51,178,83,176,11,305,292,95,
298,150,299,9,333,8,155,48,89,36,132,18,328,183,291,84,18,
128,85,280,147,157,91,227,330,110,328,86,290,235,327,150,53,206,57,144,
164,262,334,90,231,99,94,187,91,156,229,232,259,93,159,252,
203,126,273,324,278,312,
291,109,101,193,1,199,51,13,310,257,248,179,307,206,
71,43,110,169,89,45,68,114,156,195,197,7,152,167,290,221,
155,306,101,9,241,138,242,225,43,
86,242,29,331,60,129,125,273,28,160,26,265,134,122,187,146,183,105,279,219,43,317,119,84,292,128,280,196,135,85,110,212,39,72,301,108,101,279,54,85,285,304,75,10,253,141,243,27,320,190,235,319,134,150,
288,44,316,49,267,190,57,44,136,331,310,141,122,255,283,102,154,141,241,
124,149,11,137,178,218,199,220,133,238,307,
46,256,132,72,273,95,254,231,27,116,180,47,115,210,
48,214,98,96,237,141,249,286,229,
231,96,286,123,203,10,38,242,160,
104,211,278,117,109,103,
134,12,35,270,219,178,64,70,83,218,293,333,218,330,110,34,
113,129,235,55,73,278,22,62,6,98,235,52,96,215,123,8,79,324,146,237,155,260,297,153,306,256,
104,141,133,39,250,313,194,188,
180,147,125,195,27,25,87,206,111,9,212,176,195,220,250,202,235,267,174,
297,0,12,23,193,158,271,321,52,61,136,91,41,75,173,147,
21,131,31,39,13,209,314,224,0,58,15,103,2,319,156,121,
327,171,193,222,18,42,324,250,203,
84,88,227,172,63,1,31,258,6,298,304,
141,297,237,111,122,162,183,199,0,274,88,190,288,95,116,
320,329,328,197,77,42,268,219,211,123,55,21,172,83,
5,234,206,305,217,
270,103,226,3,178,203,147,303,276,29,260,243,48,174,134,98,202,15,40,187,217,289,79,240,182,192,41,247,329,219,288,178,68,27,
136,90,80,333,228,69,214,192,67,210,53,
175,49,87,35,8,
118,94,311,137,277,154,50,67,163,
194,137,14,308,146,32,44,316,191,320,16,123,311,178,192,171,206,21,26,323,288,209,144,142,135,272,
268,114,206,257,265,138,189,
109,82,171,230,37,120,64,39,74,201,228,238,233,137,54,49,180,188,315,71,
209,101,248,238,85,97,235,178,136,287,83,194,156,260,176,99,
126,152,116,239,172,243,157,237,128,235,334,328,281,293,20,91,111,19,59,286,311,147,180,192,116,310,8,131,132,203,109,192,250,
325,133,234,82,135,322,327,248,165,119,105,181,183,281,75,314,204,303,133,260,41,330,218,164,264,17,
31,246,248,297,174,304,140,56,172,72,213,
48,108,72,329,299,245,109,222,269,34,9,95,60,322,124,107,215,308,11,132,197,
172,312,294,119,234,314,63,312,
235,301,86,126,265,329,
49,18,102,59,18,297,126,255,24,334,120,319,14,175,10,230,240,151,216,165,124,92,234,8,208,79,70,75,137,47,52,36,252,35,236,125,216,301,202,
116,99,126,68,156,226,20,76,181,202,53,242,104,237,91,192,241,315,273,123,187,207,27,141,
289,270,147,333,71,258,305,135,216,210,134,83,174,150,
140,62,6,
222,79,25,
211,25,309,238,98,40,79,327,132,
169,260,64,287,39,154,71,229,124,286,254,75,285,
332,70,178,117,282,16,174,332,331,295,261,235,83,56,86,151,131,195,316,306,
288,173,194,25,123,108,177,268,261,
134,303,57,236,287,304,
166,277,
303,25,228,290,134,247,263,269,289,
128,7,121,82,47,148,193,69,141,164,
12,172,246,63,149,212,114,234,207,208,160,
35,235,73,250,214,311,131,169,247,104,197,207,175,
117,170,131,98,219,79,204,251,210,
124,89,56,22,163,276,331,34,305,62,169,234,314,6,202,
212,180,291,12,127,289,124,274,
288,10,55,135,151,264,265,321,29,326,29,170,36,93,210,218,250,316,76,252,105,43,196,246,286,292,178,85,102,170,186,219,322,76,134,296,302,260,270,
192,200,109,30,55,56,157,49,149,56,122,249,
78,13,19,
235,164,297,208,173,313,118,196,171,234,219,178,265,307,39,297,205,81,0,232,18,57,196,207,213,243,183,49,274,3,290,192,58,132,265,180,280,304,
264,274,178,178,144,73,189,128,312,315,236,181,199,222,299,166,327,156,58,255,62,145,279,124,197,200,55,
56,62,8,155,64,3,1,177,101,164,8,24,218,87,52,237,280,56,138,89,124,215,333,19,185,265,185,60,276,213,
324,242,12,67,53,172,253,218,138,49,311,189,64,239,318,260,124,59,241,206,154,39,96,218,278,276,72,134,272,20,224,143,2,314,208,203,60,155,192,66,
297,9,87,82,98,24,176,177,130,28,141,222,31,303,207,96,170,
212,203,327,43,251,311,262,116,324,202,60,151,198,62,226,327,112,99,103,121,145,
39,16,81,273,93,90,104,127,292,235,75,200,40,156,109,134,17,
60,86,126,296,
78,187,318,192,75,281,58,57,220,4,278,301,230,170,51,7,41,177,
154,25,166,82,
149,49,295,124,116,198,75,79,248,218,110,183,232,93,242,
171,148,243,269,73,240,56,296,62,36,237,256,59,143,271,256,109,159,314,133,136,1,327,299,204,317,89,100,176,238,290,
311,292,73,238,210,94,133,195,118,11,132,232,94,324,42,11,219,123,206,237,87,71,251,35,194,200,106,209,31,216,317,242,
230,75,331,166,306,68,
240,100,306,225,248,19,
265,84,112,268,233,235,
103,72,219,295,3,204,114,208,104,
166,93,18,187,143,230,119,98,108,179,218,278,117,129,154,70,321,104,327,109,214,
136,132,117,71,237,313,207,234,284,217,92,328,273,122,238,153,297,0,4,140,70,256,295,64,17,127,95,20,192,188,55,160,86,14,207,306,156,
195,122,287,
277,42,201,79,219,229,52,67,131,166,216,303,38,82,227,87,118,184,
59,324,126,35,50,68,89,280,10,100,78,280,294,66,186,49,201,71,125,325,35,11,
215,84,228,1,
305,207,132,289,171,89,206,135,253,48,53,283,328,124,
14,235,188,248,174,45,297,213,14,174,62,
204,280,94,330,46,75,223,156,287,
290,151,73,227,269,268,324,4,213,41,181,56,248,251,15,30,104,104,329,273,87,266,41,295,170,244,48,109,290,
121,102,196,103,103,111,137,85,137,266,100,332,94,26,58,128,139,327,108,128,297,60,112,137,
282,83,278,215,169,
331,55,69,
321,193,56,291,69,162,87,
274,115,295,141,28,42,81,111,186,57,102,129,202,1,232,284,273,158,178,199,104,53,256,264,324,46,153,256,297,66,221,302,31,83,315,326,15,119,95,199,216,313,106,84,
75,101,42,216,134,303,170,221,142,11,88,190,119,251,193,133,161,230,43,242,233,251,326,322,
241,116,188,273,276,199,222,155,126,145,98,
60,86,179,209,298,214,255,210,212,320,235,271,204,33,85,48,263,109,9,300,0,133,102,36,45,151,176,45,139,245,260,26,102,111,34,159,47,
288,173,160,149,132,198,214,321,248,190,137,146,116,219,215,121,147,132,
193,277,238,219,231,26,171,317,116,189,
16,213,87,137,284,207,39,314,226,
93,200,127,109,258,60,133,228,141,209,20,95,173,220,
127,254,230,206,145,231,93,126,200,122,299,39,64,65,212,100,206,100,225,
131,294,21,182,332,17,66,150,161,90,40,180,133,288,216,313,136,21,182,223,36,282,310,304,178,123,132,260,334,44,109,277,296,31,12,259,139,155,61,265,205,168,
202,180,270,124,
123,257,113,12,85,156,183,308,83,156,65,94,116,83,267,89,243,143,154,222,76,273,326,161,19,211,63,250,86,69,
328,133,326,19,
225,108,203,299,
60,199,212,51,1,49,213,256,127,
64,55,13,56,113,121,169,253,134,126,128,248,254,166,152,11,64,87,303,73,311,8,37,164,
30,272,192,81,75,160,212,
137,4,167,265,211,42,251,291,42,194,220,70,143,138,290,111,225,226,192,251,85,282,11,30,36,33,288,203,292,124,29,213,295,327,121,253,22,
318,2,166,223,189,239,5,78,309,136,181,35,29,51,136,213,225,310,90,319,103,303,280,265,16,
99,184,166,158,174,231,149,216,177,89,145,
69,313,33,91,181,222,174,331,251,201,
66,183,93,8,27,100,179,317,
312,17,264,161,
280,321,206,176,110,
57,70,288,306,
176,180,126,121,204,15,
73,253,193,35,233,54,164,184,163,86,90,187,86,181,272,302,29,178,
108,177,321,199,136,
296,66,300,277,251,60,
133,27,68,37,121,117,58,181,325,303,324,290,227,161,219,263,179,334,4,256,189,200,290,330,74,200,313,152,54,250,221,292,152,29,212,
138,71,77,62,
9,298,51,145,8,13,161,149,157,84,291,323,220,
121,64,333,143,219,110,224,83,229,288,7,35,151,116,28,246,182,117,157,155,36,209,
86,140,214,73,248,85,252,
239,192,322,22,162,146,90,125,141,88,25,132,175,217,303,306,283,257,
274,79,210,132,
110,171,150,307,214,71,50,217,248,323,169,280,310,
86,60,311,293,73,214,83,284,170,24,
278,78,29,156,16,125,104,112,72,282,191,62,259,20,251,51,
146,197,49,136,209,323,95,240,296,
85,11,121,102,169,102,228,72,143,0,220,133,187,58,32,
3,247,231,108,103,89,83,325,285,
94,195,26,311,95,283,297,207,185,227,2,125,49,157,222,192,
27,66,79,62,89,136,62,309,
329,290,280,299,53,50,296,52,260,333,122,216,237,59,146,99,144,333,235,61,274,197,147,234,
200,203,39,
140,237,31,
32,7,310,299,140,
73,86,64,38,
215,7,228,
314,324,16,265,209,
55,300,192,311,111,241,
150,33,175,14,155,146,10,186,198,42,147,206,282,114,72,195,126,24,121,301,199,38,298,124,133,242,162,196,330,201,313,333,131,320,70,258,251,
135,76,284,321,130,112,200,232,298,
273,160,136,99,203,228,300,190,19,147,167,39,23,77,46,
25,131,315,200,123,159,120,222,281,178,108,113,150,222,
79,136,270,222,199,284,27,140,2,274,110,18,28,130,260,
27,179,9,277,326,277,107,36,310,133,246,294,167,88,231,128,329,10,251,147,43,145,5,292,201,164,29,156,220,313,150,224,8,230,246,91,45,17,
30,132,192,111,178,214,27,138,232,180,316,166,
313,149,27,308,109,133,69,282,150,177,221,313,164,319,200,104,147,48,76,318,248,158,310,245,83,
308,123,116,313,16,274,330,94,256,311,319,81,210,227,48,175,49,
101,260,26,289,56,209,98,178,85,75,301,333,236,39,188,30,202,32,43,182,98,155,197,285,136,174,208,252,
280,128,204,311,113,235,35,66,228,
29,73,58,333,166,284,224,278,299,73,181,62,290,190,185,14,22,66,141,177,137,178,285,64,105,80,
56,332,192,144,41,92,
213,14,173,134,
303,185,212,115,329,318,309,331,115,70,152,233,78,111,201,225,252,192,99,147,199,172,131,237,122,
284,16,188,121,265,135,56,26,117,
109,87,48,114,113,128,192,311,166,75,40,246,106,83,17,250,
235,192,102,194,275,82,245,197,313,45,133,302,263,183,332,212,197,256,240,113,160,231,91,243,285,135,258,209,310,25,173,73,308,43,116,7,321,286,102,115,195,203,14,327,102,309,174,238,235,234,
60,93,332,96,58,12,
57,189,64,208,321,141,33,0,211,327,134,242,
100,66,331,59,126,229,40,240,127,240,260,236,319,
12,134,318,291,102,68,230,143,43,323,
297,275,235,277,250,159,275,254,278,212,281,319,147,104,26,110,33,199,
303,174,64,111,239,332,212,112,
147,183,221,211,68,
297,25,14,274,131,105,136,167,
310,309,32,14,70,105,225,43,98,111,180,56,291,117,145,
185,272,132,159,94,151,56,79,
206,251,295,311,168,56,112,194,217,135,123,155,50,208,280,192,158,268,320,331,67,70,
135,110,305,24,172,111,307,228,
314,236,111,31,142,16,
288,291,73,49,131,30,129,245,248,313,261,227,278,281,319,197,97,187,36,96,312,103,119,27,333,121,163,251,217,255,315,205,232,20,284,250,23,136,208,258,109,56,311,
175,150,318,23,240,208,40,203,5,238,141,283,142,114,317,75,160,214,13,44,100,294,294,321,197,45,260,304,12,205,308,30,17,43,128,130,75,245,230,17,83,112,8,109,132,294,80,28,164,298,
33,205,31,296,64,122,197,21,289,84,69,250,224,35,19,53,
131,135,150,127,117,242,177,255,39,
183,112,109,
124,178,324,67,272,306,
322,237,288,14,310,0,124,
251,123,75,42,237,205,220,285,130,230,202,283,309,201,0,204,
39,324,160,169,226,175,321,67,218,149,222,62,300,67,3,3,177,
181,116,94,264,37,329,280,334,22,54,60,281,325,69,325,
133,235,311,124,235,192,62,334,146,39,79,56,265,314,86,100,330,79,169,208,304,153,262,129,104,289,124,66,82,322,328,333,272,137,29,24,190,132,93,85,98,291,89,171,75,191,31,135,316,164,200,326,
322,141,174,11,275,69,18,239,172,146,279,55,331,89,301,295,304,
88,262,134,149,163,158,165,81,174,189,182,215,195,27,300,88,186,
40,81,218,7,291,259,187,201,211,224,248,253,72,50,75,3,217,127,
214,205,86,278,166,
159,210,46,171,2,48,333,
146,288,329,197,255,56,152,129,192,255,168,11,206,
201,40,277,174,69,132,280,304,
244,215,99,289,
136,162,318,1,252,79,232,238,269,97,127,43,325,108,123,243,220,118,300,74,237,108,
306,76,53,264,75,58,134,113,155,175,141,214,89,246,139,240,202,203,124,
333,121,202,159,45,259,53,
182,242,101,279,159,21,114,192,206,237,
79,147,106,149,211,23,101,
202,243,13,226,310,146,179,228,57,129,89,40,231,77,319,89,
150,243,214,131,2,118,244,286,280,296,64,128,5,201,238,174,308,239,135,292,
292,213,147,194,23,130,80,208,151,156,311,135,181,23,143,148,128,139,286,196,249,151,176,12,137,186,156,316,329,128,86,86,253,5,144,303,190,23,136,288,74,97,333,115,178,
173,142,320,213,76,88,319,269,269,50,315,144,334,302,297,288,311,298,179,93,197,315,321,
312,81,72,317,66,100,320,172,204,200,56,326,
98,296,48,166,276,74,43,185,211,310,16,28,117,55,122,133,
149,12,126,9,283,
228,153,150,215,123,31,51,83,215,135,
169,35,110,72,
274,43,10,308,21,55,154,1,50,247,22,213,89,315,188,120,203,137,164,234,
122,265,33,178,174,95,49,110,45,195,43,
2,94,79,58,96,312,295,318,
98,219,298,69,17,194,232,116,
228,26,273,0,277,152,49,140,29,
240,50,247,275,265,51,123,236,276,279,186,297,
8,230,7,66,83,221,222,288,23,311,143,163,8,298,222,249,145,9,126,34,42,177,333,
265,122,237,
228,276,213,267,320,48,297,123,211,303,25,300,305,280,
203,203,270,333,170,276,208,225,247,136,180,17,75,164,120,35,176,63,197,213,30,208,273,46,329,151,200,232,306,
295,4,254,181,286,11,247,325,31,190,332,273,209,260,273,122,254,216,179,170,
274,303,235,329,174,
87,248,16,
151,121,82,74,
248,43,243,224,102,67,163,145,164,309,159,14,284,86,53,97,258,67,158,132,155,168,115,254,87,299,260,
117,166,58,121,83,74,291,
156,191,278,21,237,275,17,238,213,199,
234,12,49,5,109,320,208,157,66,
187,116,85,8,293,123,
287,43,169,88,224,195,
76,47,301,288,63,66,268,295,101,87,274,201,111,133,295,306,25,189,103,44,331,79,135,187,100,120,83,291,
147,219,96,254,276,288,6,283,
328,31,63,132,152,200,125,137,207,95,49,240,97,20,35,66,80,120,190,315,68,200,189,271,117,287,
38,200,12,44,330,200,178,282,28,137,100,206,38,292,160,306,212,239,323,24,231,204,219,131,162,141,189,285,102,95,182,308,
277,51,23,236,70,281,281,329,17,269,283,152,133,181,234,153,250,333,259,42,149,136,
165,271,83,219,28,316,
299,264,55,237,225,32,13,155,254,193,286,216,
49,60,317,324,190,94,221,6,42,279,
69,128,201,98,186,139,123,
145,99,127,8,9,111,123,
164,81,73,236,64,197,142,298,298,274,
7,148,215,84,288,71,38,186,217,287,255,
1,173,56,209,212,274,328,171,217,129,57,181,166,233,177,203,258,215,
191,225,4,178,282,186,
83,76,123,178,84,165,197,114,281,285,273,6,311,
310,313,316,103,254,128,10,224,
124,150,12,281,106,76,137,214,83,274,284,240,
217,239,7,63,45,260,271,
304,172,31,200,68,97,321,330,87,271,
226,39,55,178,201,92,255,202,
85,209,123,123,97,176,259,130,317,190,140,128,273,289,86,172,304,150,66,36,291,195,250,167,302,
112,16,49,281,233,
242,96,174,149,57,107,192,180,44,3,120,233,259,73,57,180,4,24,36,140,301,237,176,13,
31,84,21,125,123,69,130,
324,228,274,113,170,97,161,122,237,104,198,44,254,311,42,18,96,243,261,
123,116,97,58,278,166,
329,48,83,141,3,257,324,235,
44,316,161,9,173,287,109,296,98,273,167,45,74,242,329,163,158,196,112,123,185,321,333,168,288,205,165,80,194,228,96,271,83,212,105,76,216,168,217,220,188,318,163,14,208,
37,89,191,64,37,168,150,317,262,49,81,181,307,146,39,109,
254,250,42,161,226,295,127,264,33,94,95,12,131,148,259,44,302,130,145,174,
172,23,264,306,291,321,84,125,155,213,12,153,322,243,222,261,139,297,304,228,278,31,327,240,
53,305,152,322,333,
56,40,284,49,298,14,214,190,220,314,32,55,316,10,6,122,160,197,133,147,297,53,131,288,298,321,320,75,62,
236,101,240,225,134,164,131,295,292,
237,197,13,171,216,278,214,58,70,168,138,180,116,251,316,220,140,141,121,230,286,
146,238,291,30,245,218,62,208,145,37,289,
164,62,27,311,128,64,
211,84,223,222,
123,290,288,329,145,206,152,97,311,246,251,231,206,228,25,210,89,103,187,116,274,293,320,317,31,
141,324,29,322,97,62,96,209,29,34,57,161,
17,147,82,166,295,319,189,312,59,85,39,224,111,198,
248,294,213,292,205,209,290,207,260,107,246,256,83,155,69,161,123,7,291,46,209,233,221,325,327,109,300,14,169,31,205,220,323,104,13,42,
235,200,200,26,128,329,35,184,
1,301,60,206,
66,332,296,173,
330,134,133,204,285,295,262,
328,129,42,20,92,211,222,21,106,89,160,141,214,45,254,328,220,9,25,139,286,106,132,266,55,71,105,200,283,181,231,136,193,237,201,131,303,306,14,322,68,155,12,67,5,83,125,212,318,109,214,315,70,188,199,257,53,190,271,187,1,298,306,313,
13,117,13,102,319,90,18,301,72,64,276,154,2,258,52,323,136,29,196,273,136,1,220,201,99,300,182,332,100,166,171,299,
131,297,35,247,0,281,199,
111,42,274,325,214,204,331,94,306,48,271,301,137,258,84,124,205,142,115,140,322,266,302,112,40,212,296,62,257,121,139,234,306,141,82,237,72,206,174,333,164,314,121,48,79,140,239,
19,273,265,290,307,142,56,78,85,172,281,146,70,240,
250,277,123,318,84,29,230,104,134,14,
256,46,308,90,316,261,319,293,299,
16,194,231,202,188,247,111,213,112,201,84,281,
140,32,206,25,224,326,51,65,229,46,112,224,60,193,244,170,
221,8,248,215,315,170,217,290,183,329,96,207,147,115,209,
178,226,51,317,258,37,12,198,88,292,297,234,72,124,231,332,196,240,330,116,103,275,237,133,29,
233,248,96,72,41,118,93,311,43,132,144,218,185,285,73,112,57,1,23,166,261,116,137,49,265,112,270,
197,320,63,191,324,
147,117,107,52,225,219,334,127,289,133,303,42,50,250,69,235,74,106,227,231,227,243,259,178,111,204,43,
298,96,13,98,140,202,72,184,
162,197,28,72,303,239,237,80,231,171,311,173,72,141,212,43,
109,111,234,
123,167,230,240,97,284,32,243,85,156,172,220,73,228,311,228,51,202,174,189,83,169,305,
137,121,79,308,104,132,89,227,277,
86,84,7,123,
215,88,244,131,271,7,314,148,14,43,191,221,227,
188,49,147,104,253,3,274,157,241,312,
241,329,324,116,54,233,138,272,42,181,215,223,234,81,220,49,21,244,322,23,185,
174,212,105,244,225,176,304,203,145,297,315,190,244,334,157,310,190,71,93,40,72,219,138,184,142,196,65,177,122,120,264,198,149,118,274,62,276,114,254,4,277,312,300,108,268,201,317,246,0,173,230,333,
290,301,173,8,235,235,51,52,251,
121,270,227,240,284,246,22,123,178,327,132,317,111,275,84,143,
237,329,156,27,69,48,283,178,215,182,
303,146,292,274,81,269,8,68,260,268,123,140,334,199,274,141,205,299,
214,255,321,288,170,127,
190,119,112,292,239,177,137,29,217,49,239,272,26,
82,307,17,39,171,229,
284,79,288,62,
104,324,31,188,248,17,87,
70,288,137,85,306,277,25,47,137,138,332,14,203,221,24,59,60,85,207,286,82,27,136,316,284,272,274,260,312,
247,207,121,110,281,203,138,242,206,47,174,105,82,59,107,164,244,3,46,86,290,71,117,270,330,
94,123,264,170,140,204,117,118,51,23,108,315,146,121,325,286,
174,14,99,31,303,81,322,99,137,249,156,242,16,253,
200,152,235,311,25,155,192,248,58,26,142,93,304,128,138,59,69,189,133,
137,55,109,133,118,124,158,266,123,
13,189,13,202,100,139,193,162,81,167,199,72,77,81,233,99,189,152,312,134,9,228,291,216,294,78,56,291,183,
39,86,119,3,287,227,11,21,178,291,251,24,331,120,37,80,186,141,67,318,89,
43,45,106,43,7,101,159,269,75,
109,321,97,90,313,291,142,257,59,262,141,137,218,175,126,193,206,16,19,240,270,49,138,183,
116,10,284,190,237,212,293,108,148,227,240,279,
205,248,97,85,213,31,321,291,
127,147,34,7,318,308,332,203,152,223,91,294,75,45,260,127,54,107,
20,116,264,315,232,204,93,68,
75,325,39,56,169,204,242,
110,18,121,128,106,66,201,146,158,294,134,135,234,
84,132,83,129,6,211,215,237,
152,278,29,140,312,323,154,200,13,234,94,64,53,191,105,214,268,315,
116,64,55,256,2,32,269,141,176,330,95,264,127,241,87,333,123,0,293,0,145,320,
99,126,174,
82,128,277,154,263,
315,167,41,97,274,318,197,289,200,257,191,146,176,185,25,109,199,188,56,282,
329,39,191,76,108,116,47,101,150,135,270,86,203,181,239,290,144,
327,128,212,138,
108,244,46,168,76,333,263,310,329,213,225,94,64,178,261,165,329,12,80,282,64,71,94,170,61,265,72,70,
63,83,236,90,216,316,127,327,67,48,241,226,47,217,125,203,6,225,51,333,180,197,235,261,191,
173,292,279,164,321,21,114,106,149,176,162,217,65,74,290,233,153,77,206,174,
227,249,290,133,109,134,306,39,93,121,262,72,109,156,129,207,297,208,84,307,239,142,16,22,185,197,7,169,229,95,137,273,183,
72,227,48,162,138,226,58,67,275,46,85,103,242,69,334,72,211,31,218,97,169,
128,43,200,287,147,141,323,
218,324,77,6,124,40,210,241,146,325,50,165,39,319,171,34,
293,134,57,237,123,105,187,
146,322,303,297,50,25,247,87,239,
260,303,179,209,79,60,79,25,31,
230,166,8,109,127,260,78,21,116,125,325,257,192,41,52,171,217,149,74,209,251,86,
132,133,121,298,82,62,196,10,13,124,201,149,135,165,274,
321,267,83,202,286,97,215,135,231,294,70,79,173,34,98,108,119,42,214,286,
83,51,3,332,201,276,
286,171,295,150,77,279,305,117,
276,83,228,31,299,224,28,321,
222,25,91,62,285,155,229,187,119,34,269,100,74,202,97,61,197,109,0,249,75,35,55,143,208,215,39,143,259,211,
112,205,27,47,157,107,241,80,190,183,31,254,265,212,121,114,
62,327,284,262,53,9,172,57,8,56,69,56,79,292,240,251,18,123,234,96,97,180,92,164,136,180,183,89,277,26,278,328,171,321,56,86,280,46,174,140,264,106,329,313,14,
43,244,326,237,92,326,121,314,287,83,34,333,127,175,151,100,132,128,274,258,76,211,52,253,20,71,231,27,180,147,108,298,155,
55,18,115,64,71,222,69,166,263,305,148,303,51,226,206,299,207,331,93,139,51,249,
251,206,60,96,280,
304,199,95,85,300,298,327,201,
193,291,209,321,165,207,263,
199,310,119,332,259,144,304,52,124,125,155,51,274,294,131,43,196,244,274,36,139,202,268,151,256,75,318,60,206,249,328,101,195,8,265,124,105,233,61,160,300,94,
60,168,328,237,183,276,310,186,292,171,323,14,151,49,246,326,142,160,169,40,63,75,27,208,220,214,111,135,320,298,280,251,82,285,203,
329,94,303,91,190,122,153,123,50,92,38,150,269,5,241,293,320,220,245,56,271,186,221,86,147,270,277,236,179,
166,55,318,21,264,319,234,317,245,140,202,333,324,332,272,74,30,
155,121,309,249,224,276,59,316,
227,35,308,94,220,40,143,
96,233,44,260,172,257,100,315,5,101,60,157,231,145,298,48,137,147,305,
149,39,192,220,161,161,132,
50,197,218,
130,58,301,295,58,262,312,291,18,155,
25,289,297,19,149,219,3,211,206,27,122,225,303,282,303,247,253,305,154,248,126,
273,271,231,13,262,291,332,0,203,253,218,38,165,290,
18,90,263,235,
31,30,104,295,314,244,117,111,205,40,228,113,276,
274,124,123,264,297,310,
141,84,306,104,78,312,261,
298,174,328,164,
326,295,12,133,
265,235,314,
191,107,197,133,
275,300,178,
144,264,329,333,
255,288,226,
60,56,324,
251,278,296,290,
310,332,274,322,
167,71,85,
157,205,188,
273,123,83,
333,166,63,133,
297,172,307,146,154,
146,26,6,19,
113,83,313,
291,130,205,179,3,
199,108,241,301,
242,27,155,311,
311,164,83,
134,86,99,39,213,
234,152,241,
187,78,97,178,
142,314,225,
165,193,49,
177,288,108,
78,141,176,
319,256,300,
108,116,288,
284,126,123,
246,260,31,
205,225,295,247,
124,35,271,166,
297,228,250,274,
62,133,27,
317,193,49,
47,238,112,107,
83,109,123,321,
243,178,305,
277,52,63,228,
68,12,270,83,
122,295,291,288,128,
142,321,66,239,
278,166,172,
130,79,16,251,135,
140,79,228,
286,231,
183,221,66,227,
287,134,128,328,
174,14,332,332,180,
74,97,117,
60,140,7,
299,13,256,
248,240,86,
96,2,251,
56,310,192,284,
211,12,72,123,
39,295,37,
282,315,191,
237,293,84,
317,277,171,311,
68,304,230,147,
163,118,77,
67,39,206,
100,76,311,127,
160,199,316,
268,152,288,
207,12,35,116,
114,182,219,281,84,103,
9,11,155,
234,124,172,
68,3,116,20,
224,17,307,33,
229,227,222,140,
28,274,276,
161,151,9,149,312,
257,295,
261,233,108,
247,146,
19,123,132,328,
142,90,290,
136,297,27,
213,172,156,
289,303,212,244,
69,31,
138,109,327,
263,82,303,
126,99,127,25,
254,299,178,169,310,
77,173,273,
262,37,130,330,
43,43,215,122,
29,133,7,
258,150,219,
115,292,303,221,
326,312,204,
159,60,25,
38,273,277,73,
217,5,197,40,
7,248,245,127,
49,190,228,300,
272,190,185,
116,46,178,
112,303,260,
37,55,37,
24,38,39,86,
214,35,86,
48,159,131,
49,308,117,233,
102,60,225,
88,141,239,
157,234,128,121,
116,42,193,
41,56,
332,13,303,
307,37,291,
81,37,174,30,
196,147,
243,248,324,
179,192,291,295,260,
34,141,321,202,
123,273,97,
257,329,174,
285,3,321,
211,147,104,
292,236,291,150,
234,110,274,235,
321,173,276,
96,99,
202,166,226,
309,27,235,310,
156,204,136,
115,46,131,
223,318,211,
66,280,324,
47,60,46,
213,56,31,
19,109,33,
266,137,237,
170,140,295,
39,109,82,131,
225,25,155,127,
80,89,305,
43,12,98,288,
41,78,332,
185,241,56,
70,19,57,108,
148,102,7,
319,100,318,3,
306,239,57,332,
252,86,101,
296,103,146,
241,288,55,
255,146,7,
290,273,171,
144,4,215,
327,304,166,
281,311,42,16,
240,146,235,124,
271,225,217,
283,245,147,
6,124,147,
14,215,56,
128,300,310,122,
206,182,1,
144,128,131,
20,43,
242,
133,300,331,
196,183,58,
171,305,218,
316,70,165,
40,227,39,
70,166,
236,35,314,
293,204,116,12,
272,70,194,
50,146,
