133,235,311,124,235,69,8,334,146,39,79,307,265,314,47,100,233,79,207,208,304,153,321,129,199,289,
120,272,323,29,315,218,291,316,206,13,210,83,
116,111,315,86,161,
247,121,92,110,179,203,136,235,38,47,279,105,
43,206,326,237,92,326,121,314,207,0,34,333,127,175,207,100,132,226,
197,276,291,244,211,289,298,17,277,193,123,8,14,57,243,79,17,37,44,143,45,133,267,11,70,142,328,146,10,288,21,159,
201,290,296,241,15,198,323,84,81,263,57,51,291,309,188,124,188,22,242,114,105,121,101,64,309,112,19,303,77,69,317,123,129,213,225,132,269,32,164,87,
73,77,222,13,181,89,
8,230,168,171,
277,26,197,262,281,303,211,55,24,106,264,73,162,
166,18,243,143,230,
110,221,199,4,328,157,249,76,115,36,92,103,
157,252,263,33,46,51,130,217,118,70,263,97,241,194,28,84,148,66,
219,38,304,300,35,176,62,57,179,101,142,324,45,234,101,178,204,123,52,
86,261,60,157,203,164,69,140,48,
8,81,76,233,133,158,300,190,3,195,328,276,299,125,290,
64,284,95,206,1,160,192,177,41,193,206,5,45,321,46,321,183,14,116,106,173,302,151,
300,229,34,308,35,101,244,30,235,37,45,12,81,
133,27,68,37,121,101,58,200,181,325,303,324,290,227,161,219,272,179,334,136,313,256,189,
304,258,56,101,106,178,60,63,19,154,219,289,317,233,313,326,
305,47,31,104,60,162,188,229,246,140,321,307,92,112,193,184,213,282,
74,44,235,132,36,163,111,125,252,192,68,99,
92,266,240,36,11,270,52,309,289,31,38,147,170,250,303,326,78,279,262,114,239,258,250,14,151,168,248,280,111,141,289,284,43,101,41,50,66,246,162,221,212,180,186,298,271,8,77,65,0,88,190,255,109,80,80,96,178,192,319,99,191,19,57,14,222,75,208,305,66,252,101,125,275,
164,101,126,325,288,105,118,296,136,148,297,121,315,39,250,86,48,71,206,282,2,8,
150,33,175,14,155,146,10,186,198,42,147,206,282,114,72,195,126,24,121,
277,23,236,70,252,269,281,295,
174,217,246,314,174,110,258,58,55,91,76,91,103,217,290,169,80,248,
265,168,321,169,324,155,317,265,42,46,251,25,233,299,147,97,151,76,130,286,24,198,281,
62,200,98,198,109,226,
94,187,307,173,183,191,157,280,251,212,333,235,
81,91,48,20,25,6,321,167,239,47,60,225,134,68,95,326,148,121,113,206,2,93,163,98,215,18,105,324,173,280,153,182,127,105,212,12,131,238,267,217,296,300,
75,254,178,28,291,
151,308,313,319,146,223,76,44,169,47,180,253,
208,262,301,49,127,245,175,311,
34,294,121,24,97,277,42,108,297,298,252,317,76,41,140,
47,248,133,57,166,272,253,216,159,189,13,20,274,282,305,322,70,190,205,287,255,113,118,178,208,195,283,306,
68,101,130,197,168,95,320,20,161,35,
277,213,285,326,219,229,133,
82,274,49,311,198,60,25,
64,97,49,108,224,88,90,312,25,27,130,79,103,
56,62,159,155,64,3,1,177,101,164,8,106,218,317,
324,242,12,319,53,172,253,138,177,311,189,64,239,318,260,168,
64,55,13,56,113,121,
326,171,130,12,294,255,136,246,263,28,214,170,5,277,314,310,109,25,302,330,199,233,5,184,179,252,293,304,82,169,123,
19,175,116,267,5,65,193,102,286,311,
130,38,222,54,132,214,319,137,231,78,10,265,81,103,
141,116,117,333,93,173,196,217,114,40,115,188,
140,27,204,142,269,
235,192,102,194,275,82,245,197,313,45,133,302,263,183,332,212,197,256,240,113,160,231,91,243,285,135,258,106,310,25,173,73,308,43,57,
307,173,57,262,11,
44,74,147,333,72,132,53,210,174,322,235,255,281,
248,115,62,254,129,76,98,41,51,14,28,72,259,282,171,279,
170,92,206,12,235,37,166,294,72,8,144,254,175,307,101,233,75,318,208,84,291,325,136,267,
295,27,70,326,13,325,281,35,295,197,33,174,222,208,81,38,18,149,208,308,299,45,
109,4,171,230,
20,195,47,178,237,39,107,171,303,246,222,195,219,53,229,
87,26,274,116,
101,165,31,304,57,181,315,97,72,210,63,136,235,257,304,26,164,147,290,332,326,133,22,219,137,77,259,288,
8,213,290,45,72,196,235,47,78,13,82,134,270,164,
165,323,286,258,8,273,
222,203,130,73,91,62,285,155,228,187,119,34,269,100,
326,165,241,248,266,103,237,284,147,94,184,193,97,262,272,295,96,216,113,101,173,231,181,7,228,278,277,33,286,86,155,
235,247,198,8,33,261,76,257,
161,68,253,
258,274,208,61,
101,300,26,289,56,209,98,85,75,301,333,56,39,92,
169,281,140,200,
76,292,168,273,44,68,154,46,93,77,4,78,111,94,171,76,178,234,169,57,
249,12,203,302,47,288,333,134,109,54,60,9,134,316,318,
199,127,16,168,228,15,178,81,101,95,97,137,123,141,
240,178,332,275,68,
313,278,27,
56,56,110,253,41,54,175,290,27,285,262,94,46,256,182,229,93,303,179,258,70,270,264,304,266,306,28,274,188,187,15,59,52,228,90,63,222,45,45,101,329,
315,101,70,260,158,207,120,300,163,164,222,
281,210,115,169,273,15,232,196,
132,130,151,201,44,175,126,231,
296,53,198,318,199,151,63,276,173,311,64,78,302,317,
26,157,295,48,75,78,107,151,316,7,23,157,236,106,324,274,127,161,235,86,87,126,19,
101,174,282,35,138,325,255,157,194,322,1,62,258,143,290,187,259,180,185,189,322,22,198,312,144,234,292,92,143,287,153,162,212,80,49,89,271,188,328,325,68,101,321,219,24,306,4,228,84,200,26,220,326,
30,257,195,194,71,141,74,152,262,80,145,147,78,240,295,6,144,157,76,120,203,331,83,225,195,45,151,14,142,323,123,206,31,313,126,171,55,120,237,281,219,306,68,
184,205,131,103,184,157,302,288,32,28,18,321,159,
81,101,322,235,239,318,1,92,314,127,
227,249,290,133,90,134,237,39,11,
198,204,288,82,16,
307,133,309,8,153,280,227,
235,164,297,278,74,313,51,196,26,234,219,265,307,220,
38,324,319,115,247,86,157,208,
180,285,96,282,118,144,253,297,
117,326,283,296,172,204,143,254,172,54,142,260,163,220,238,44,203,17,277,258,183,30,252,309,31,270,78,30,291,
192,51,100,170,178,62,92,301,237,148,102,147,97,325,299,220,225,159,19,78,155,123,169,86,183,80,214,248,
138,233,27,
12,154,243,155,137,171,119,249,188,163,314,111,115,149,
192,71,106,130,202,64,229,177,249,95,252,188,
203,32,333,215,172,222,252,53,324,318,43,93,217,301,159,
90,176,131,133,13,236,85,322,13,77,292,81,63,215,218,33,309,315,164,224,
323,126,50,302,120,165,167,235,
287,292,87,282,150,148,48,328,227,37,268,87,305,241,266,86,261,131,
202,13,226,60,146,179,228,
23,240,4,175,82,28,154,114,220,312,111,
53,307,224,9,193,103,300,296,237,5,118,287,282,296,95,279,53,181,299,64,244,44,
177,324,6,137,207,309,259,168,331,
141,81,112,113,309,107,195,23,156,219,72,136,289,
77,89,206,67,56,138,206,73,211,278,322,232,182,191,3,273,
75,227,325,
284,199,248,73,145,165,316,333,175,314,143,226,300,
137,305,323,274,238,320,102,41,226,211,181,203,111,284,288,144,101,17,
197,69,172,159,4,292,236,254,156,239,277,295,123,36,5,42,30,150,49,206,315,221,139,224,222,128,91,292,252,197,253,241,295,92,138,321,68,241,89,218,
13,117,13,102,319,90,18,72,64,154,2,120,290,
13,189,13,202,58,139,193,298,81,167,199,73,297,
282,276,99,291,124,302,210,189,12,60,5,248,
63,56,83,291,90,216,316,13,327,67,48,241,226,258,
178,141,47,292,62,0,75,45,165,147,40,126,156,20,156,326,319,329,203,91,206,240,114,265,328,
176,306,288,313,331,2,59,89,283,
78,117,318,179,154,281,58,220,
102,81,45,23,121,145,
19,219,1,238,113,83,83,214,97,4,60,3,186,302,325,
70,159,212,137,295,306,277,25,47,137,275,332,14,
301,165,318,176,51,294,208,288,224,106,176,139,
208,124,74,19,16,101,51,206,131,273,323,136,242,97,285,20,38,283,201,153,173,220,152,196,154,109,124,207,267,290,169,278,222,293,47,11,111,135,249,83,69,80,124,55,141,264,47,98,302,217,205,59,220,220,302,118,289,255,188,273,172,50,92,310,67,186,15,144,177,149,56,159,47,137,242,295,227,317,
173,209,296,64,142,231,259,202,304,
311,292,73,238,210,103,133,195,262,11,132,232,92,324,148,308,11,219,123,206,237,5,186,
248,43,255,313,102,272,163,145,100,309,159,64,284,86,53,235,
140,288,272,201,167,2,169,89,304,255,302,
325,286,109,33,113,
262,188,288,294,123,66,64,268,311,23,296,45,7,
21,134,23,27,53,269,178,280,321,51,108,209,288,258,
45,197,239,300,265,273,156,252,16,8,102,76,36,182,330,180,262,294,103,291,224,29,127,
220,235,87,191,181,211,181,128,192,256,8,298,123,330,
207,300,213,286,147,171,124,115,
203,137,270,333,170,276,208,225,247,136,86,17,75,164,
71,302,192,
152,28,287,140,312,
208,148,180,206,146,89,297,109,121,288,
278,212,235,237,62,206,313,108,70,
329,70,55,106,108,
86,242,29,331,60,129,125,273,28,160,26,265,134,122,187,146,183,105,279,43,317,103,292,128,280,231,85,110,313,39,72,301,243,279,
303,59,212,171,329,277,309,331,115,233,152,291,78,111,201,225,252,103,
221,110,90,42,277,85,125,325,178,258,263,277,200,58,
247,292,45,123,254,303,290,167,196,311,177,
279,13,262,64,282,246,38,56,37,294,136,212,266,27,103,282,302,21,334,273,230,291,207,73,139,316,53,228,33,247,107,8,33,
270,103,206,117,178,203,266,303,276,29,260,243,48,174,134,
231,127,204,35,134,
39,186,168,121,
175,165,132,168,284,66,198,207,
72,248,44,141,288,18,
35,219,318,324,
106,56,140,64,
49,197,18,102,59,18,297,126,255,24,334,77,120,319,14,64,106,230,240,151,216,92,124,92,234,8,208,79,60,
194,137,212,123,157,32,44,316,191,320,
193,305,240,19,
206,108,100,157,279,25,135,286,22,64,75,118,43,145,161,227,235,262,284,78,79,56,0,326,
81,28,284,78,33,119,14,17,118,170,71,221,168,123,169,174,120,133,56,254,172,177,228,28,21,298,248,15,333,121,201,116,199,
213,220,6,120,266,257,268,202,257,102,278,200,280,1,8,106,100,207,277,114,7,323,29,245,
5,46,5,23,239,287,37,268,278,244,97,174,159,159,317,107,313,326,285,166,132,15,140,19,87,170,250,282,279,
290,151,297,227,231,171,324,4,88,8,181,56,248,262,15,30,104,33,104,
268,287,248,29,273,283,99,286,188,254,
233,133,303,148,247,174,193,329,74,217,297,138,198,
231,174,116,174,7,193,301,262,305,321,235,278,295,2,86,235,202,
255,254,280,262,258,323,149,216,228,25,122,270,27,254,284,79,47,109,136,289,80,64,
68,76,38,59,112,268,281,231,333,200,266,250,177,212,258,259,11,123,146,125,104,
206,259,288,162,287,57,318,58,47,115,274,304,77,14,100,98,4,209,219,87,150,100,326,141,150,206,324,
95,195,2,9,229,285,269,34,258,
315,176,41,97,255,
308,81,123,233,295,
123,309,113,225,85,156,183,308,142,156,147,
29,73,75,333,166,284,224,120,299,286,181,45,
140,159,272,86,333,45,208,270,279,233,
80,119,72,63,301,190,17,150,7,44,168,134,261,218,92,284,58,129,136,55,36,256,97,312,32,51,101,137,222,322,186,14,123,70,204,307,
258,168,108,330,
137,4,167,265,165,286,148,12,42,194,220,70,168,138,290,111,225,226,192,116,85,282,
325,133,234,164,327,165,119,105,241,183,
253,60,47,161,92,13,
170,171,156,8,193,26,321,155,15,112,7,172,43,246,
144,324,69,120,127,183,281,42,45,25,275,58,36,136,301,30,103,291,169,
288,62,14,174,266,120,160,141,247,97,7,240,45,81,100,135,172,174,4,197,30,241,74,133,148,185,169,319,228,137,40,184,78,81,87,106,129,242,147,
136,108,164,161,288,104,151,171,0,187,133,114,63,
200,16,133,11,254,136,62,224,221,67,277,
123,157,159,176,311,241,137,193,59,17,277,69,30,79,230,254,291,319,194,27,15,226,110,176,314,104,186,
76,47,59,288,63,66,268,10,101,87,274,201,
76,328,69,30,312,327,109,258,14,210,309,170,70,87,107,29,11,330,147,319,130,78,272,131,37,280,84,8,292,66,92,221,278,24,254,327,
106,235,49,62,
313,86,176,133,87,
132,198,81,278,208,
252,106,31,324,207,212,5,103,228,185,157,205,80,67,327,116,326,25,202,147,243,191,
324,26,6,219,317,18,77,25,
165,184,212,287,30,77,102,232,137,
277,286,62,
48,320,98,105,69,26,69,170,136,114,100,295,269,291,314,1,168,15,77,315,24,314,
100,40,18,48,41,206,15,293,329,256,262,202,29,214,270,210,165,173,190,92,169,274,289,158,
259,233,177,4,241,19,
92,311,328,283,87,208,42,245,173,262,33,0,90,257,64,218,79,311,324,137,6,334,63,204,268,147,254,302,174,269,261,247,8,190,311,313,
219,269,33,206,19,316,277,30,153,291,117,311,121,242,147,236,243,4,
250,100,228,243,231,1,98,231,294,278,138,
44,272,161,9,173,287,109,296,98,273,167,45,74,242,329,36,158,2,112,123,185,90,333,168,135,288,22,165,210,194,228,96,297,
75,322,282,214,213,233,234,304,17,291,31,29,280,312,72,325,208,132,174,15,105,324,323,202,324,295,265,
316,284,
41,137,8,58,64,234,321,16,316,246,3,
115,38,42,281,206,224,232,27,214,246,313,
286,31,113,33,116,33,177,80,12,298,99,160,280,106,173,71,37,263,288,135,105,193,291,39,175,265,228,137,239,52,30,273,134,149,207,215,99,325,207,326,277,29,62,265,17,
140,334,202,49,195,185,269,168,181,153,147,181,302,106,110,46,291,300,16,37,98,286,305,
289,296,255,112,62,113,278,295,216,222,212,
325,75,147,307,318,296,
171,290,19,8,295,128,235,11,17,146,303,203,
64,248,77,291,245,
103,86,311,53,144,109,212,331,23,279,29,35,60,303,
322,75,11,
33,93,298,294,246,1,287,215,146,224,279,295,109,75,192,220,228,192,301,287,247,83,96,271,
3,319,23,317,
179,247,291,326,182,116,145,44,277,119,228,
278,27,292,146,177,33,218,297,91,101,134,200,281,
159,266,6,33,184,194,29,37,45,228,305,133,329,199,47,131,199,123,98,261,211,154,305,287,236,277,26,127,172,246,209,284,192,205,5,104,184,
81,164,76,134,320,33,54,129,233,198,316,148,316,287,208,200,274,62,163,259,43,95,146,247,297,9,123,30,217,272,191,10,115,67,150,156,303,13,309,16,102,11,219,90,295,49,221,102,81,
96,325,180,4,0,
291,64,328,314,223,70,136,27,284,96,199,308,197,303,35,129,280,107,124,303,211,185,282,179,45,38,75,305,144,9,68,
136,74,318,158,
15,199,77,332,208,192,108,121,165,
45,33,15,49,178,7,333,247,318,23,215,234,7,32,267,110,
261,147,80,175,178,297,281,13,86,282,40,
243,228,317,172,118,210,91,117,86,
12,319,113,78,297,300,175,81,58,22,
31,5,221,24,292,67,97,283,42,292,45,36,145,216,286,207,65,55,101,188,308,211,264,139,200,284,302,62,36,264,30,305,39,55,75,212,116,
147,118,181,163,70,180,34,80,288,275,202,32,85,268,33,163,101,18,226,325,224,49,
328,289,63,132,152,200,125,137,207,95,49,
175,39,302,288,29,313,261,292,19,70,295,301,308,
274,49,60,253,
296,171,243,150,289,320,41,164,322,330,278,261,183,109,70,147,
176,116,69,17,291,137,315,285,48,235,
160,329,60,173,1,36,39,63,133,178,3,180,
288,100,241,288,
168,132,0,231,148,59,69,4,21,59,9,88,68,162,274,244,324,22,92,28,332,
225,30,254,
213,175,77,180,221,231,324,
38,200,68,44,330,200,178,282,28,137,100,206,38,292,160,306,212,308,231,204,235,131,281,
314,207,328,37,290,68,143,274,103,270,305,150,97,194,226,264,272,291,154,235,24,326,
23,141,321,5,2,187,
121,164,106,81,
227,116,321,275,75,
39,86,215,217,227,
27,308,302,295,9,277,326,277,279,36,310,133,246,294,167,88,21,128,329,243,251,147,43,140,145,5,292,201,115,29,156,220,313,
0,256,197,249,46,33,94,147,45,224,227,182,108,328,184,92,176,54,131,175,48,121,247,276,314,92,130,175,92,102,252,34,72,195,292,308,210,45,224,274,56,77,179,202,168,70,106,204,316,115,233,276,314,96,203,96,266,259,43,
69,176,48,190,82,144,218,17,204,19,15,311,153,5,133,209,203,321,174,52,116,
285,302,190,189,4,277,
288,10,55,206,151,264,265,321,29,326,175,170,36,93,210,309,250,316,76,252,105,140,196,246,286,212,292,178,85,
151,265,132,321,285,204,
284,273,81,110,64,235,98,159,176,151,78,301,181,230,88,301,81,138,137,215,197,
231,290,10,3,46,209,232,242,8,15,60,145,212,
262,204,45,92,48,50,174,
73,48,241,284,148,113,315,108,81,83,
297,2,261,290,128,179,
146,318,64,50,309,24,309,81,210,312,68,282,
324,260,136,284,26,33,277,229,11,72,284,144,56,7,189,290,286,43,149,236,233,316,5,218,81,98,84,38,203,215,269,81,121,
58,206,60,0,182,24,304,265,80,100,237,287,
208,130,228,258,240,295,55,45,209,138,101,334,
292,213,147,194,23,130,247,208,151,156,311,135,287,23,143,76,128,139,286,196,249,151,4,12,137,186,295,316,329,128,86,319,76,5,278,303,190,
267,318,181,45,149,136,288,81,239,159,
331,313,30,64,275,149,122,122,168,246,74,59,274,89,
23,299,3,65,102,219,330,21,289,99,74,88,148,208,
237,58,227,19,265,292,
35,182,274,106,152,184,220,254,304,151,142,306,151,261,109,1,
147,17,252,178,225,326,219,334,127,
212,70,39,31,32,301,315,45,31,128,173,51,177,245,289,
126,272,116,239,172,243,33,323,128,235,334,328,281,164,20,179,
147,186,92,25,187,199,207,137,329,261,323,195,185,124,83,205,148,109,317,92,65,309,1,0,318,48,44,82,75,234,250,181,325,312,70,252,123,
309,288,272,177,198,333,146,120,123,249,215,
169,151,192,168,144,112,131,
38,135,273,96,197,22,140,286,325,70,127,62,279,94,23,235,288,278,223,70,257,167,308,57,310,271,292,219,130,77,145,300,61,294,286,82,81,139,218,
77,154,272,90,288,213,273,224,318,15,304,289,279,295,4,
329,233,303,91,72,122,300,123,50,70,78,150,269,233,
228,151,252,333,204,207,323,250,298,312,134,81,49,201,332,224,57,279,32,47,60,158,210,179,
209,101,248,238,85,
25,68,252,64,170,92,
73,288,266,217,18,315,215,279,
146,8,278,208,
264,274,31,100,73,189,
244,197,214,34,30,88,170,32,5,81,212,17,280,86,124,53,67,330,227,287,
42,197,260,22,150,75,28,285,264,265,15,103,111,198,215,115,48,227,248,329,185,96,257,254,175,
294,301,235,84,152,55,127,178,191,26,133,260,177,208,185,162,184,11,119,62,131,143,11,93,279,23,128,33,66,245,171,236,302,172,248,62,155,2,117,222,293,3,248,301,256,81,281,38,58,296,310,
233,326,168,304,259,133,108,308,318,
126,308,150,132,
8,73,239,308,154,80,102,198,94,287,306,99,325,146,259,231,41,30,75,81,215,20,106,24,56,196,307,246,80,279,
204,49,282,252,231,140,177,275,
207,215,113,143,177,122,240,295,134,204,43,89,
243,179,101,86,285,230,
10,42,41,299,6,16,10,4,27,201,33,175,259,209,308,190,289,177,216,110,181,299,96,163,214,334,57,112,226,294,81,68,259,289,16,56,19,332,257,216,162,118,50,203,114,206,302,255,40,231,17,200,154,303,169,93,210,130,48,
60,160,186,328,237,183,57,276,310,
22,42,171,27,56,271,111,215,33,52,95,165,44,161,37,287,
52,321,50,219,
89,55,140,207,145,197,21,65,101,133,169,198,73,
60,28,215,9,84,86,170,189,189,233,15,301,166,172,241,191,41,218,231,32,158,302,279,295,49,
195,279,20,95,288,30,302,220,260,208,164,12,141,201,206,91,105,135,323,117,
168,137,68,261,16,69,213,290,269,164,142,199,
81,321,18,97,325,8,166,206,232,66,1,251,51,13,118,185,289,
254,142,255,149,158,162,124,313,187,81,124,225,246,75,76,144,327,252,
186,39,19,123,311,
291,123,78,33,22,199,295,294,
24,269,48,19,314,
59,168,56,76,167,228,310,55,326,303,122,257,181,192,206,176,164,
101,108,149,181,328,88,116,263,197,324,152,
266,32,56,215,108,155,164,328,160,189,188,270,74,155,40,122,68,3,297,172,73,23,111,244,264,39,287,157,29,243,
214,28,314,326,79,250,154,166,187,321,
329,70,299,53,50,296,52,260,
85,116,221,100,275,
265,286,83,272,206,224,192,75,0,110,250,
321,170,227,52,272,231,215,305,21,294,197,
106,241,126,183,267,304,72,174,170,0,50,227,282,213,63,221,121,114,299,301,160,288,26,254,125,329,305,
277,221,117,189,317,179,141,161,
160,107,112,142,314,211,
297,34,164,233,12,23,193,
317,274,240,277,34,107,203,
81,72,190,146,99,132,287,326,125,277,308,159,116,124,
6,228,30,17,93,211,147,238,300,7,33,45,71,324,192,279,315,161,184,137,81,295,227,131,233,333,314,
81,212,244,141,118,204,309,312,7,228,64,148,217,331,261,
302,27,31,269,206,274,249,122,144,227,272,86,156,323,200,175,208,195,285,128,71,275,279,282,310,
179,206,35,219,217,126,70,280,0,286,243,78,
4,77,110,285,19,92,18,109,318,38,323,
219,81,4,
27,22,123,4,144,109,138,164,
317,60,304,243,324,226,307,3,223,109,112,191,69,
148,242,233,240,246,332,
194,248,196,13,177,326,233,
214,19,246,172,
178,192,21,304,199,332,12,198,
60,113,274,291,14,136,
299,5,
5,259,266,101,292,210,159,224,64,287,127,255,69,60,111,5,299,265,328,328,311,
56,207,49,298,77,
45,208,262,73,199,144,77,95,157,
175,150,318,23,240,208,40,5,238,141,283,142,317,75,160,214,13,44,100,294,294,170,197,45,23,304,12,205,213,30,17,43,128,130,75,208,230,
302,142,204,67,177,289,97,201,184,170,46,78,268,132,224,273,110,22,143,310,234,96,211,213,293,316,
269,225,95,277,330,219,100,198,227,24,201,278,21,24,218,
49,20,238,85,91,24,153,208,122,188,262,
83,64,287,30,157,265,321,63,309,95,296,222,231,241,36,179,73,120,274,
72,186,106,95,146,220,166,203,328,81,121,260,241,90,87,280,250,
234,302,147,305,173,
199,159,119,296,259,144,110,52,124,125,155,51,274,294,131,43,196,274,36,139,202,268,91,256,
188,12,172,265,261,32,
242,231,189,115,221,192,
74,174,33,251,200,287,90,27,112,275,152,174,319,24,125,43,136,271,319,68,103,31,86,248,99,
180,57,102,298,208,224,134,196,20,131,
314,214,126,48,117,155,243,96,44,8,264,59,126,159,246,241,84,264,274,68,123,7,231,228,294,
206,30,170,151,4,24,161,52,114,229,77,110,119,233,61,118,42,243,12,268,45,25,320,235,146,179,77,191,228,63,68,262,236,270,208,26,163,265,300,
262,88,219,326,241,68,268,272,89,105,247,260,290,321,290,14,116,208,225,
238,137,81,175,
60,253,179,209,317,90,255,210,212,68,235,271,204,
181,144,105,287,147,274,17,74,239,259,85,203,168,255,37,4,128,10,172,77,191,197,130,326,267,212,101,251,266,248,73,
204,254,262,0,243,217,125,14,198,188,255,163,88,270,317,132,80,
24,34,269,
288,73,228,49,262,30,129,245,248,313,261,227,278,281,319,197,97,187,36,96,312,103,119,
28,258,56,60,304,62,243,199,173,10,99,323,222,214,43,224,218,262,0,323,75,119,140,210,191,
318,44,4,86,125,64,249,147,323,233,148,249,
16,218,41,137,215,142,198,164,
25,134,109,214,
291,178,94,328,5,268,197,182,311,147,48,83,85,291,7,59,318,232,319,243,116,176,91,290,126,322,78,225,45,291,140,131,92,180,235,259,
171,307,248,
232,115,2,218,302,135,311,
116,252,141,313,57,
274,47,314,35,87,309,81,111,186,57,102,129,202,206,232,284,273,158,178,199,104,53,256,264,324,46,153,256,258,317,221,302,31,83,
2,81,297,39,146,26,139,214,239,44,188,326,294,63,2,232,27,226,
289,53,130,20,12,12,185,24,80,127,191,223,192,269,21,172,150,185,163,8,232,237,190,151,14,310,225,308,20,216,3,45,287,131,58,228,72,18,49,149,40,251,32,54,201,19,189,183,250,98,24,317,328,333,32,113,74,242,334,117,261,33,205,91,121,298,33,286,
217,243,267,3,241,121,22,0,48,261,237,128,32,152,183,315,277,23,189,279,253,9,76,80,164,93,172,147,161,245,328,10,93,56,181,36,179,47,73,135,249,33,159,39,
148,137,141,211,128,208,277,72,69,25,100,234,100,134,144,236,
186,172,60,201,87,140,36,8,72,311,85,131,333,202,191,214,311,157,201,80,202,141,
248,294,62,
272,77,265,278,15,133,
142,16,207,160,123,87,30,182,
1,272,56,291,91,
72,241,148,8,292,163,332,329,54,157,112,
285,95,180,
100,248,250,206,273,291,114,264,288,54,
123,81,230,81,246,262,27,243,85,247,172,220,73,228,311,
292,175,237,31,
254,247,42,
134,78,314,25,147,86,118,251,80,21,211,278,227,5,176,299,234,288,301,288,80,328,231,
189,168,324,186,310,137,326,305,19,288,70,168,242,222,223,
207,189,314,255,32,31,141,142,260,125,146,199,283,286,160,100,30,302,296,273,92,53,160,189,247,109,330,279,56,45,67,280,43,315,142,104,133,221,
215,266,33,60,143,45,225,160,136,286,260,39,128,188,162,53,298,44,324,73,283,85,
98,257,0,62,88,237,
231,83,130,17,32,
28,23,248,157,107,152,248,
171,207,136,326,
149,165,295,
76,151,45,76,331,89,117,331,322,212,
288,44,225,168,133,
276,153,190,63,204,197,248,328,129,53,210,9,92,277,182,5,282,220,50,267,289,157,64,101,212,330,153,
307,238,164,53,164,306,257,6,182,142,91,329,94,171,163,288,85,278,51,95,305,235,57,83,171,221,
316,254,0,120,112,81,31,151,257,228,114,254,219,17,164,
177,302,64,294,295,208,172,231,288,288,163,58,20,107,211,252,249,247,
17,137,306,181,
280,179,94,175,171,55,
291,291,78,63,60,208,1,109,56,272,333,
135,16,309,38,288,198,198,208,59,260,312,87,158,33,35,129,25,26,99,54,126,177,145,298,244,333,193,106,143,143,7,137,44,246,2,168,274,14,
136,215,117,144,237,313,207,234,284,92,328,273,141,
287,152,303,118,288,323,5,287,146,177,181,165,119,
116,248,101,137,31,101,
14,282,77,92,89,58,181,123,71,228,249,224,80,16,20,
36,14,44,7,318,170,215,109,160,265,323,45,224,83,78,68,314,
92,110,49,25,
313,193,190,263,323,202,175,131,89,114,75,331,37,110,216,107,110,173,23,197,248,333,143,263,149,273,5,42,133,88,248,92,9,
154,10,70,316,51,290,22,198,179,8,286,76,16,9,276,196,12,37,229,256,313,48,86,202,187,31,320,52,253,23,106,282,78,314,23,134,64,
131,294,184,17,66,150,161,90,40,291,313,288,216,299,168,21,182,223,36,282,310,
325,220,0,241,152,120,28,111,234,313,96,17,228,234,83,12,154,170,293,138,222,318,205,
88,262,204,92,284,0,197,290,172,143,20,118,221,180,293,
4,292,71,18,2,96,103,29,254,27,259,219,84,9,
278,236,296,72,317,4,199,67,
90,117,136,56,301,21,218,60,104,298,103,207,77,77,304,
26,305,319,295,193,317,122,26,99,11,58,183,291,175,114,207,201,305,49,284,158,259,90,61,227,9,258,210,159,267,269,131,140,254,178,136,216,288,2,164,266,42,164,209,135,74,323,56,310,8,165,118,126,94,322,317,184,42,296,110,300,66,101,281,94,297,318,124,
17,81,277,147,244,253,197,176,316,140,157,
70,52,107,315,239,29,60,192,55,197,122,167,329,261,36,8,235,157,329,86,33,175,
325,16,81,75,304,185,286,218,96,84,9,3,152,134,
215,286,16,
55,277,115,64,71,208,69,166,263,305,89,303,109,
103,
173,142,94,160,307,234,241,269,50,277,
252,277,74,17,
240,48,324,254,208,299,289,207,86,317,108,193,234,204,30,
313,254,154,55,237,24,200,151,278,207,30,122,156,202,116,318,104,105,124,92,30,212,
290,168,291,174,125,294,13,
99,159,8,118,290,15,33,212,22,282,8,51,160,156,187,240,268,131,241,22,173,107,
282,180,154,
291,117,100,225,120,
127,5,328,140,208,69,131,202,231,
107,291,5,313,141,20,160,13,178,299,177,205,
168,76,140,39,212,189,69,287,25,288,260,
237,53,171,216,5,214,
174,212,251,244,225,308,304,70,145,297,315,190,231,334,157,310,190,71,93,40,72,219,288,92,142,196,65,177,81,120,264,198,149,118,274,62,276,114,254,
333,203,313,29,140,44,156,164,141,94,249,227,90,248,
241,173,287,73,325,288,
297,275,266,250,159,275,254,278,
101,80,63,47,116,144,187,297,199,193,285,290,196,331,229,274,161,102,57,91,196,11,142,199,5,101,96,243,
332,178,72,15,224,232,240,50,148,
112,107,191,216,18,312,68,94,80,201,141,32,17,289,0,133,314,96,160,265,72,
224,64,228,248,
300,160,53,253,207,133,55,
148,257,272,311,10,317,203,157,158,139,283,318,
252,228,117,69,33,192,180,177,61,103,
269,168,48,197,261,
4,23,206,139,87,156,245,278,213,179,218,307,219,
113,47,73,235,272,207,278,22,62,6,98,235,60,96,215,123,8,79,324,146,325,
319,329,107,252,324,51,20,219,334,292,29,38,79,122,3,
248,294,326,292,224,209,290,194,260,268,81,256,159,116,69,114,28,282,181,209,233,
321,83,101,245,23,197,
312,81,23,
55,70,59,24,252,258,37,295,150,329,280,
302,234,318,64,306,296,
328,129,42,20,92,76,222,21,106,89,160,141,214,45,254,328,220,9,291,139,286,106,132,266,55,71,105,200,283,181,231,136,193,127,201,131,303,306,14,322,68,155,291,67,5,83,125,212,318,109,214,5,
324,274,113,170,161,122,
318,36,81,299,69,157,162,267,193,172,234,306,70,136,297,301,233,
77,49,181,320,2,261,240,90,279,111,289,313,281,
51,235,81,309,21,67,
295,292,277,171,57,110,
212,103,327,276,51,311,262,76,
117,219,76,162,195,
45,219,291,159,160,117,295,
318,291,166,296,203,189,5,78,309,136,35,302,
241,170,251,217,50,162,133,318,213,45,102,271,259,272,333,221,106,301,303,22,324,169,230,23,114,229,272,325,72,61,6,295,72,197,47,259,198,139,129,258,106,211,
225,68,269,192,37,207,288,123,2,230,5,152,
308,95,174,260,8,61,27,300,264,72,162,246,300,263,276,300,38,203,11,126,311,248,
228,94,222,140,11,180,194,288,282,219,199,252,208,275,254,6,329,243,316,286,50,
277,44,159,269,160,156,80,173,17,
111,42,274,325,214,204,331,165,306,271,301,137,258,116,17,205,142,115,140,322,266,302,112,140,212,296,23,
88,168,244,134,149,98,163,158,165,
33,283,184,139,130,318,83,94,315,130,329,95,322,60,157,325,168,22,175,19,263,64,6,38,66,147,286,324,147,99,126,219,267,291,109,325,23,134,146,179,290,193,
100,148,206,222,
165,284,236,111,200,306,190,27,175,149,178,258,15,
252,302,55,303,204,76,
212,101,94,252,165,116,223,95,88,90,81,278,194,12,30,156,292,152,31,123,236,259,
254,148,159,204,0,190,268,297,313,223,250,293,216,316,334,185,293,200,116,251,106,
218,80,205,106,84,102,133,8,333,332,122,69,216,86,16,183,255,114,163,23,326,286,18,182,215,
330,269,
287,53,83,266,77,327,
116,212,126,85,156,226,20,227,176,202,69,
117,300,136,41,28,240,139,190,19,249,143,127,171,32,141,294,90,332,246,
168,181,160,307,258,113,204,48,135,189,192,129,81,199,233,131,8,309,169,157,285,175,257,
235,38,323,81,
109,249,103,206,27,291,55,177,325,208,237,305,297,
260,308,215,315,93,236,248,268,261,16,308,134,152,
288,71,77,176,177,198,275,15,296,311,264,288,
299,192,318,131,106,31,24,107,295,22,57,
159,278,24,189,282,248,196,99,29,266,46,100,249,69,165,165,169,156,56,273,70,5,297,242,73,117,247,55,
171,148,243,73,240,56,22,62,36,237,256,170,143,271,256,109,280,
78,134,12,81,284,291,114,33,167,291,151,284,329,312,260,
62,327,288,262,53,9,172,57,248,56,69,56,178,292,240,18,123,234,96,97,180,289,248,136,180,183,86,269,277,286,328,171,321,224,211,
269,62,277,324,58,117,
272,126,120,271,109,44,177,284,118,10,169,36,187,136,128,269,250,192,217,309,224,113,248,140,302,140,151,107,321,1,210,136,
116,262,66,64,55,256,
77,64,56,
96,233,112,44,
108,244,46,168,76,333,263,310,329,213,101,136,157,178,29,165,329,
121,64,174,157,219,15,
49,140,300,82,143,6,228,204,226,
174,185,231,74,5,64,162,312,332,0,104,122,0,30,121,160,295,54,59,146,44,
243,166,12,
198,233,265,62,
5,53,5,
8,92,220,
309,168,274,51,90,
60,202,5,103,249,
228,208,81,
87,4,5,142,
206,178,206,109,
7,45,81,314,
147,217,
166,55,318,
251,181,174,
311,92,82,208,
136,267,170,200,
211,302,148,
323,228,4,
230,166,8,109,
57,116,295,76,
169,174,89,
288,177,301,249,
90,227,44,72,
33,235,289,279,
218,120,90,38,
77,287,90,324,
108,73,233,
321,133,214,274,
66,116,92,
164,59,168,90,
55,288,159,
164,316,16,27,
121,34,102,196,
300,140,329,284,
13,81,63,
173,326,141,
330,258,244,
211,62,134,160,241,
206,59,270,120,
235,171,94,70,
18,81,324,
89,208,176,331,
85,209,123,123,
178,160,219,107,165,288,
123,212,219,329,
233,248,96,197,
80,192,8,
273,76,136,77,165,
297,13,318,44,180,109,
17,111,123,231,286,197,
116,81,87,
303,20,247,
224,265,62,
54,174,72,100,
159,45,81,217,
91,291,174,1,199,
274,302,331,321,
48,262,73,147,
210,28,146,243,
188,266,49,262,
315,73,116,90,
38,295,33,114,291,
291,170,314,328,
10,76,197,
180,147,151,252,
212,288,313,231,
281,294,38,26,77,
18,218,13,295,72,
246,115,20,214,
158,136,228,
157,108,17,266,
70,318,189,296,
158,60,148,
30,174,313,117,
162,277,117,
197,269,321,233,
68,25,146,291,
134,249,278,270,
255,315,44,
157,168,86,276,121,
156,4,
178,221,
200,101,31,169,
287,22,244,287,
86,62,326,116,243,
115,141,242,207,
283,215,148,
235,176,248,44,
290,99,
58,294,13,
206,164,278,311,
192,15,265,
258,95,165,241,
67,200,278,328,
179,228,
68,60,74,74,240,
64,81,296,
138,250,325,182,
78,36,291,296,
27,2,
303,292,
174,174,270,
182,77,179,
118,180,88,243,
75,101,42,
114,38,248,
57,228,60,
181,147,59,
182,218,142,138,
210,44,281,120,
133,288,277,
103,130,252,64,
140,34,111,
237,311,98,
265,237,
108,278,15,
127,147,81,45,
172,214,318,
57,299,180,235,
311,232,247,19,
188,141,268,
22,299,291,12,
110,295,265,139,
102,180,19,
32,188,231,
141,277,199,
233,318,140,329,
309,83,307,
258,165,63,
275,85,92,
205,325,107,
202,173,116,
70,329,174,278,
221,207,242,
181,
223,189,317,
305,234,140,
20,116,177,
13,253,81,
295,231,291,
51,212,301,
35,231,68,179,
332,70,168,117,
11,227,
275,70,204,227,
199,133,207,168,
139,4,148,110,
279,248,73,33,
5,134,237,
226,62,284,43,
288,208,72,101,
323,213,195,318,
255,248,140,
246,170,123,
58,221,174,
131,127,169,
298,90,13,
278,269,272,
136,247,60,
16,260,14,
29,108,268,
134,207,
100,85,
228,179,314,
243,27,197,
322,76,296,
99,74,23,
208,38,133,
109,62,317,
224,14,90,
105,325,247,
218,197,4,
310,294,
117,269,45,
317,296,56,
