19,182,90,52,121,245,16,170,2,324,98,214,170,217,222,265,62,123,
71,227,39,13,89,189,206,28,193,253,221,326,99,
256,270,263,300,301,15,269,252,106,211,287,16,29,224,330,320,
45,74,48,7,84,17,150,320,322,184,194,22,75,153,131,90,0,0,177,214,57,163,298,236,328,172,122,
63,174,308,140,237,29,90,158,296,129,247,13,
316,177,96,172,97,6,171,240,186,320,202,139,144,334,241,313,310,
192,281,232,115,323,102,6,269,83,102,167,322,
166,294,302,7,33,225,20,18,76,107,
137,324,226,89,334,66,302,147,44,36,299,223,259,6,107,206,267,217,295,307,237,73,273,20,270,287,8,220,285,214,
180,101,319,
200,62,127,36,91,123,59,208,256,266,27,203,261,101,175,290,93,179,181,196,160,24,100,116,107,207,110,
1,282,5,310,86,161,9,6,182,166,35,3,94,302,318,185,11,314,
334,136,50,229,316,54,29,296,168,235,334,108,260,6,
328,175,5,10,129,272,318,89,93,45,50,310,245,
4,234,332,61,
98,167,130,200,169,290,66,110,285,278,334,
122,148,313,176,230,152,
219,55,281,202,293,103,181,163,196,229,72,90,19,237,246,
295,137,5,27,42,212,135,192,24,293,
289,231,130,20,12,141,185,24,
263,173,256,210,303,163,240,324,10,167,243,226,242,219,63,298,149,233,330,
19,111,308,
101,313,77,
302,137,281,166,226,185,134,191,204,157,236,66,133,332,320,195,235,
319,89,238,312,333,63,41,72,180,233,258,202,7,183,196,
100,55,204,140,265,129,187,201,267,303,284,252,301,
179,38,5,28,331,94,263,17,123,126,274,96,123,212,277,138,38,246,143,14,91,254,27,72,170,47,128,262,
278,260,175,88,277,330,107,142,181,173,118,205,99,20,306,114,55,50,121,245,296,113,26,166,331,67,292,
211,279,74,301,93,155,18,300,66,226,275,290,333,162,301,309,292,213,129,281,138,188,201,152,
91,318,6,11,27,240,276,291,331,167,47,264,
79,173,318,12,95,126,136,202,231,192,118,79,
33,147,86,167,122,110,
201,304,167,251,73,148,288,
164,227,107,16,10,255,78,169,80,53,292,84,93,118,156,60,
270,45,147,118,
194,268,181,45,31,211,194,32,241,200,
131,25,14,88,52,181,135,330,7,36,75,
50,278,311,114,120,152,154,50,
97,107,182,253,89,
311,10,77,98,166,109,120,188,213,194,325,307,
145,182,170,284,178,107,3,154,289,
86,287,138,57,246,270,103,11,158,175,33,60,102,54,189,113,314,207,292,
93,27,14,271,320,266,319,221,14,333,150,248,277,241,200,97,311,326,265,302,155,118,7,16,
167,220,44,110,201,275,112,18,117,10,138,171,286,98,194,33,322,136,125,316,5,14,258,67,
234,37,28,6,142,271,209,332,29,144,328,5,39,233,95,261,220,321,234,10,36,255,278,21,91,192,227,172,4,78,195,172,333,88,106,202,289,
188,88,107,320,33,11,203,44,93,75,161,12,134,204,141,307,109,113,261,328,324,224,215,318,130,265,276,
253,327,77,148,188,209,
332,234,162,267,74,14,23,196,133,116,102,41,0,294,135,85,131,283,206,258,4,50,171,24,42,7,71,81,143,82,158,64,
146,54,183,155,171,334,143,222,
48,109,128,293,295,135,124,35,45,92,30,296,226,26,245,302,61,113,173,74,333,275,186,183,152,294,113,256,309,204,9,72,200,212,234,160,8,257,277,307,119,104,179,315,120,64,320,323,92,326,170,
146,238,4,324,6,271,270,173,30,
215,294,2,90,
23,238,50,122,278,301,321,316,159,246,215,
10,66,101,128,73,322,334,250,181,130,299,311,6,115,249,251,137,240,289,180,77,219,312,69,109,118,77,61,87,55,
135,332,173,42,107,316,99,240,258,321,172,133,43,104,274,74,87,118,120,
14,796,283,160,65,114,131,282,288,292,318,136,230,246,264,420,153,294,223,61,136,217,131,227,105,52,287,178,12,141,112,31,74,180,217,154,268,2,179,54,307,
149,93,45,32,203,270,304,289,263,69,251,
129,272,77,147,263,251,254,37,50,100,77,101,91,6,24,174,30,105,182,245,84,139,149,308,
129,75,533,105,200,187,180,328,320,258,
268,82,288,
2,113,302,172,25,246,206,141,228,272,244,227,212,241,229,229,327,266,255,26,318,182,246,171,160,103,166,290,321,258,165,179,293,209,11,13,
321,234,214,87,163,180,228,37,321,176,86,87,200,310,154,96,175,140,236,117,65,204,210,279,177,190,206,279,253,67,124,
293,327,300,174,186,107,278,148,154,249,128,146,
130,10,305,103,38,98,200,7,69,21,158,44,177,49,141,313,73,121,225,226,
55,4,123,133,247,25,307,212,280,26,37,313,2,319,219,247,587,25,252,294,246,160,176,195,100,315,317,48,112,322,232,65,75,290,149,111,270,
70,12,62,212,63,8,200,206,261,267,58,157,229,101,209,313,5,
138,45,60,117,212,212,222,101,280,26,91,294,
138,327,93,136,
182,19,327,
279,12,214,124,287,2,171,211,221,144,321,88,161,83,101,94,295,142,331,77,151,174,55,10,314,72,116,173,77,260,68,155,317,279,
135,48,179,313,92,131,62,91,116,334,
253,321,280,119,201,253,239,262,307,228,316,290,94,
230,103,77,74,
127,149,184,65,73,237,241,260,241,204,243,120,70,200,269,85,152,257,30,234,247,
182,153,118,97,307,181,122,146,215,278,
93,324,147,160,112,2,162,238,275,188,40,129,149,138,95,199,129,242,115,161,200,84,136,
183,64,258,22,13,146,0,169,212,304,30,123,281,269,268,21,185,54,298,123,44,247,310,313,59,123,149,252,149,324,
179,173,320,47,268,265,135,247,320,139,46,124,312,209,205,147,180,276,287,2,137,86,274,94,129,247,
204,127,86,7,149,321,119,224,305,151,101,130,331,
220,44,112,23,103,92,315,163,
265,100,281,162,
212,313,179,408,243,39,5,
186,96,40,152,174,63,
294,55,45,275,166,215,235,312,319,169,177,262,132,272,71,177,75,193,229,
74,48,142,211,44,199,270,80,311,48,136,10,11,122,201,146,
141,86,188,
3,113,147,311,
153,45,182,150,198,214,313,275,40,114,196,313,217,262,
210,305,8,68,162,99,11,
98,19,798,79,86,
281,305,84,106,124,192,81,103,149,207,198,167,239,274,244,95,86,212,219,83,69,138,315,180,36,170,203,181,217,104,5,
112,93,29,220,103,198,215,281,93,76,
238,258,93,327,76,83,315,
334,311,77,112,41,202,270,91,266,190,21,27,64,202,146,
45,107,147,169,256,184,268,328,114,
181,320,
156,90,307,60,143,
311,13,12,314,232,15,313,56,109,50,3,295,334,26,
280,92,55,179,195,77,22,286,22,30,163,331,282,
315,233,55,
57,232,221,200,25,284,320,120,12,187,165,195,62,125,282,37,
119,253,32,30,167,64,136,277,133,165,
312,68,294,
315,281,11,53,124,162,184,204,244,195,256,200,192,110,81,
91,129,147,0,310,318,13,65,
6,147,6,20,168,208,121,60,91,221,250,278,145,334,192,119,15,190,315,146,54,17,94,8,
270,74,334,86,149,64,286,321,72,220,221,267,
150,89,312,43,63,166,20,271,25,77,213,14,
194,45,366,243,46,292,98,172,328,162,17,97,
103,281,313,320,148,13,220,53,112,230,31,304,3,186,280,88,220,116,246,316,2,88,
324,216,121,112,105,89,159,11,35,93,291,291,137,255,160,143,207,174,317,146,258,198,37,174,163,173,242,308,10,236,258,176,56,38,168,110,162,263,312,14,183,36,195,130,172,50,240,
97,15,205,492,129,103,118,199,148,182,286,24,57,65,10,288,168,
258,147,182,146,256,75,274,
123,179,183,102,86,179,320,118,
313,25,212,312,28,89,324,333,308,6,291,186,49,128,140,284,301,62,223,165,87,326,147,135,212,209,119,101,146,153,285,143,35,3,
313,55,91,248,326,267,287,109,303,299,34,96,256,222,31,69,18,276,9,36,95,293,276,328,334,
281,98,56,2,219,302,176,302,136,204,157,217,219,264,109,132,237,172,3,265,28,1,92,170,320,37,300,270,
310,238,5,1,184,91,196,124,
133,204,55,
76,181,325,238,
96,844,304,150,94,
229,326,2,244,334,133,54,226,204,
222,171,2,
74,332,989,63,189,224,298,78,226,214,0,154,55,93,110,223,255,39,42,74,110,163,170,242,270,287,30,
169,294,238,
101,129,101,194,138,325,178,180,194,322,
143,248,39,313,107,144,158,32,254,10,169,
121,19,366,
123,179,183,42,26,2,255,19,
5,155,59,129,179,287,105,75,4,327,1,249,142,28,161,266,319,328,46,295,300,86,285,30,102,165,250,256,
258,107,75,332,238,109,253,35,319,285,2,142,285,62,147,327,16,68,329,104,106,320,328,192,
334,238,6,82,
308,147,63,9,185,244,
92,39,107,147,85,253,220,10,16,141,48,17,104,172,38,
282,1,14,121,210,4,28,4,25,271,54,73,328,319,114,30,243,76,183,143,178,327,219,69,185,87,109,64,172,174,199,
292,183,305,229,53,140,147,1,109,316,117,206,220,121,318,247,333,
79,107,305,333,42,0,165,315,291,81,139,226,287,126,175,32,76,233,
77,16,282,227,92,290,312,253,118,83,112,311,183,241,51,95,78,22,46,316,196,334,105,230,311,101,118,320,142,145,334,
120,127,207,285,135,241,234,111,100,269,
114,200,45,320,
276,313,290,158,188,290,
96,304,186,61,253,98,211,297,235,133,312,316,35,186,268,111,81,112,178,191,282,47,278,7,311,231,262,8,204,201,212,334,155,
318,16,131,187,214,53,64,273,105,17,30,145,272,71,80,312,57,127,278,120,79,191,7,286,240,327,178,254,
798,107,366,3,282,91,122,92,163,185,65,85,127,304,29,288,207,98,274,228,315,320,
8,75,162,91,137,206,223,176,278,
233,89,304,46,37,
277,93,107,31,3,24,118,262,282,219,279,108,324,37,
208,366,221,78,124,146,87,188,281,
275,107,271,153,186,273,78,
295,48,101,268,53,30,316,139,80,109,156,211,60,115,140,82,
89,313,137,328,300,179,168,140,12,
238,310,291,194,50,134,268,330,139,169,146,147,192,226,262,311,56,23,327,34,6,10,198,27,110,192,260,319,334,261,270,205,
54,183,86,6,255,183,203,149,
182,9,2,145,97,41,135,154,258,187,189,209,190,268,26,237,313,84,118,284,57,320,30,
50,334,9,
95,28,4,107,154,310,175,195,181,186,59,185,201,40,51,116,290,
200,48,57,129,45,273,140,315,98,114,116,190,145,177,294,328,233,298,233,284,
293,2,219,142,
204,281,19,302,70,218,190,133,229,67,302,135,305,14,311,
268,179,149,14,298,315,
91,200,334,294,6,
142,32,255,307,117,244,263,90,27,112,28,330,110,151,308,5,147,248,21,179,261,301,293,168,
844,665,193,215,328,75,128,195,96,110,13,222,207,86,37,25,307,308,47,231,
27,91,90,171,137,311,
112,103,334,221,
291,324,62,27,62,257,107,37,48,222,281,242,203,48,
131,185,332,181,94,119,172,316,
286,167,145,28,315,116,54,152,185,
147,65,238,6,10,91,26,45,3,22,35,20,2,33,97,110,270,216,258,308,333,97,226,
320,179,45,64,256,
8,48,70,10,205,133,251,
72,279,25,58,228,247,161,292,267,241,219,270,
214,45,321,103,68,222,
208,6,212,88,152,112,161,177,48,113,204,
312,179,10,24,127,221,
19,253,14,327,21,12,155,77,87,257,305,145,171,
14,217,19,
219,282,90,285,263,85,228,
227,164,71,107,292,310,62,80,123,155,248,277,124,190,216,36,182,178,236,200,21,14,321,162,45,315,329,
232,40,325,57,149,1,192,324,323,28,2,293,22,53,216,136,55,254,313,222,334,97,281,
327,5,2,172,408,138,225,121,293,253,185,162,181,135,115,235,2,245,179,64,143,161,
236,227,69,299,113,10,84,103,316,297,321,332,166,319,288,32,212,68,231,94,194,205,
121,278,6,4,174,
34,3,238,36,152,105,222,
118,277,93,123,
92,266,77,36,135,270,
185,302,183,175,231,25,87,
45,305,49,212,83,47,52,104,217,101,138,294,37,37,69,91,137,149,270,236,26,229,312,313,85,100,265,292,72,161,193,243,308,
237,63,
6,234,246,146,6,102,154,328,91,78,36,90,159,230,182,26,82,206,24,86,152,334,
202,136,334,316,
56,108,35,58,47,38,260,218,47,52,298,324,82,108,230,265,240,225,153,54,111,30,331,107,18,122,19,152,
84,236,175,18,233,319,
118,77,141,163,331,226,
320,118,93,119,187,111,71,128,168,247,77,106,177,129,135,31,135,174,314,
278,23,293,1,14,225,328,182,
366,798,131,5,21,300,194,53,281,325,224,208,179,139,161,121,330,133,
73,10,127,29,190,137,96,22,82,160,155,285,155,282,201,207,195,207,327,131,
105,279,129,219,301,34,128,
300,211,139,89,122,244,253,
37,45,129,70,844,171,178,
305,247,191,10,231,91,203,296,292,147,79,257,78,297,281,282,314,54,120,171,45,210,285,115,6,123,210,9,120,48,72,
162,315,304,327,11,120,131,187,265,
149,298,236,329,332,268,294,183,47,305,62,305,
39,71,234,283,137,92,143,38,315,334,98,263,87,174,128,45,228,307,
665,844,92,98,223,161,164,152,323,266,195,
173,151,263,228,310,48,14,166,112,137,16,25,190,309,128,179,79,193,91,21,135,89,303,252,263,2,
178,145,37,
106,256,73,305,187,
267,313,137,
198,153,
30,127,298,146,5,46,
107,213,68,41,326,163,16,87,188,258,79,5,28,106,277,38,149,236,11,163,45,128,150,92,126,4,80,97,208,100,211,275,34,227,185,119,151,167,273,200,151,334,209,
271,234,93,275,315,78,57,227,112,146,217,92,318,
282,277,73,89,
46,298,89,4,5,72,109,30,233,10,
292,227,257,267,12,142,160,108,107,18,167,264,6,208,238,259,309,304,90,110,62,46,
206,137,71,298,
174,63,293,30,57,81,328,
44,110,260,58,220,46,296,19,331,145,55,167,78,318,272,205,119,183,96,171,9,57,74,218,273,50,37,168,144,285,158,243,69,
88,188,157,160,185,203,77,199,333,
272,318,80,209,285,319,18,303,130,173,
175,331,281,291,37,267,328,275,175,98,317,89,317,52,57,166,89,292,34,120,224,190,332,
4,95,211,99,70,63,70,256,188,89,187,262,236,146,109,137,244,3,9,86,169,227,83,247,51,228,42,
285,181,258,
181,24,194,9,301,184,76,329,292,101,105,165,185,56,108,133,285,213,316,131,149,307,129,
172,234,194,45,229,287,39,61,63,200,131,318,
290,2,90,98,
181,265,33,182,281,19,193,
319,55,16,225,
245,19,328,
298,56,89,126,149,207,189,101,211,240,168,46,291,30,103,268,84,206,260,263,162,207,16,284,
310,95,173,89,63,328,
304,234,7,183,162,93,96,111,201,301,62,311,253,134,292,192,233,103,307,198,101,169,256,69,260,
266,200,665,
89,324,46,298,25,145,16,82,314,175,63,308,150,227,21,150,319,4,173,293,14,100,157,159,310,233,14,160,192,310,138,175,240,97,
158,141,306,86,159,25,182,251,329,88,84,44,269,30,49,111,207,69,185,
313,98,33,122,235,39,160,244,175,55,130,59,137,49,
162,332,18,318,27,290,159,262,50,241,8,199,75,159,221,318,82,155,
298,74,45,279,84,224,252,201,200,76,278,
17,133,156,149,329,174,229,122,248,155,248,318,332,264,45,
86,20,99,303,308,56,204,240,54,178,158,111,141,92,5,228,276,186,
90,19,6,166,219,281,175,12,316,116,57,290,156,219,227,291,27,247,124,61,148,161,
180,14,99,128,274,136,61,
91,234,45,76,8,310,313,0,287,3,287,45,216,
67,204,
320,48,179,181,114,
318,2,307,162,91,
110,167,
273,137,107,
107,291,56,
2,19,327,
136,119,334,
33,181,313,
233,319,200,
290,211,162,276,
307,304,156,
203,188,15,
10,92,164,
17,92,194,209,
30,119,183,
166,181,236,
272,328,294,
100,200,89,
101,279,181,133,304,15,
46,179,77,292,
247,179,72,
180,281,
142,258,
62,304,
99,86,278,
179,48,
276,91,
260,278,298,
15,256,
173,278,324,146,272,
147,258,
88,103,208,
256,45,258,
122,243,56,300,
116,200,200,286,
186,48,86,321,
200,172,194,
305,130,106,69,
140,63,
246,6,103,23,
233,84,200,
162,211,
190,6,334,
163,74,321,240,
170,145,19,253,
282,305,
145,6,44,286,47,
290,253,200,
194,101,167,
175,278,79,84,
24,181,295,
93,121,321,221,238,176,146,
135,327,
84,129,182,
315,6,118,268,
253,253,74,97,170,
175,86,90,
310,91,321,316,
209,107,182,
184,310,181,
247,90,
69,282,305,
235,334,
249,293,
15,243,203,101,
62,227,200,149,
274,258,135,
240,135,316,163,
39,74,313,
16,92,
292,194,45,
318,1,328,
104,135,92,
26,6,278,123,
181,131,219,217,
217,281,137,237,181,
313,183,103,292,
228,86,72,
148,90,253,
328,174,278,
215,112,188,
173,
26,147,2,182,
50,44,162,
245,129,327,
240,324,89,
310,24,104,
212,138,236,
321,270,186,
147,179,92,186,128,
133,181,17,135,332,
98,175,39,
185,181,88,
137,27,
148,201,122,
0,332,
104,310,48,
195,95,73,302,
141,289,130,
80,107,
185,282,327,286,
54,286,229,
57,182,
25,185,150,
209,70,253,179,
62,57,30,
30,129,158,62,182,
103,112,219,
244,2,315,
55,313,
140,295,321,
155,162,17,96,
75,258,8,131,
9,308,50,
157,302,182,
32,79,143,
170,179,19,48,
11,162,91,
30,174,280,
45,39,227,
313,182,232,316,
122,45,17,33,
101,204,101,
94,6,96,
190,182,204,
3,34,145,
334,77,135,
221,312,112,
79,98,79,
26,45,138,
223,14,212,320,310,
10,167,160,328,52,279,
145,77,200,
54,14,146,
95,79,
233,79,
85,332,148,
158,276,332,
112,173,208,
133,
110,147,324,292,200,33,
114,282,278,
287,74,256,
190,200,175,
171,146,27,13,
252,173,256,100,
265,188,179,19,
163,280,118,
229,219,172,
208,200,107,
222,34,214,
62,135,
47,91,844,145,
81,174,315,
108,334,
67,321,
97,232,147,
194,238,106,
116,103,90,
85,92,127,
21,130,334,
126,79,107,
252,298,183,
199,93,97,
183,319,54,
279,298,321,
82,162,332,295,
288,97,
224,256,
305,149,204,
318,271,17,
143,146,327,156,
261,238,
2,147,123,
104,281,258,
139,
155,279,146,
160,85,324,82,78,166,
10,234,236,8,
169,304,143,
266,92,334,74,
130,188,324,
5,310,70,281,
222,138,19,
334,334,96,98,
69,130,149,
274,179,798,
234,120,127,
168,334,97,
214,19,137,
128,105,39,147,
2,14,93,
170,74,
185,95,158,
212,295,223,
14,93,167,150,
136,74,281,167,
140,292,270,200,89,
152,6,211,286,
242,263,
280,138,253,
103,214,86,
101,70,138,
146,74,182,
118,182,182,315,
64,318,327,320,
161,327,208,
320,258,798,44,
315,798,286,
206,321,292,
195,234,324,
146,93,
71,307,
44,137,
190,321,73,
226,229,130,118,
131,318,162,
202,234,79,319,
82,6,73,
133,366,229,101,8,
71,320,
112,96,55,
40,153,
27,162,334,
124,
178,318,101,
254,179,318,
226,263,79,
3,281,
71,294,318,
88,103,131,
19,219,181,
136,14,138,
215,182,23,
264,91,17,
146,293,258,
149,54,129,
154,50,145,
11,210,2,
233,315,263,
278,8,98,
251,149,8,
294,138,91,
86,281,98,
76,166,112,
311,27,204,
131,73,
244,308,
48,305,208,
285,219,44,
30,295,74,
13,2,91,
118,79,135,
333,93,88,
38,324,92,
60,156,
269,120,192,
185,308,131,
63,263,310,
250,5,6,
18,313,166,
160,93,73,
157,70,
135,120,295,294,
281,291,211,112,181,
128,293,179,
20,150,166,
328,258,313,
106,258,107,
122,182,
262,179,153,
24,6,332,
97,194,147,
55,44,10,
7,131,319,
167,91,119,
226,147,48,
175,95,89,
62,258,19,
319,84,
326,307,313,48,
189,71,
132,281,
160,30,292,178,200,10,55,148,
329,17,149,
301,23,256,
109,188,295,81,
291,90,91,
95,77,313,
8,210,6,
284,
203,291,88,
9,305,313,
317,55,
14,93,173,50,
0,93,183,
247,320,55,
181,278,200,
313,45,153,
186,96,
35,313,
24,277,
77,19,279,280,
316,292,295,
96,321,73,
273,44,162,
72,45,270,
329,158,
22,147,
14,227,89,216,
253,19,300,
213,150,181,
317,324,279,
117,292,
72,305,319,
124,310,321,
330,256,366,263,
315,238,
74,135,230,266,
129,5,97,181,
216,91,
237,219,127,
138,86,167,89,
64,270,48,332,
279,279,105,
59,200,313,
36,324,131,
244,300,
131,45,
194,101,194,
99,210,
61,10,172,
70,37,127,
78,275,160,
31,103,320,
241,72,
100,45,120,
243,127,15,122,272,
52,56,19,
0,74,45,
315,39,
50,23,50,14,328,
54,86,334,
121,130,
62,291,292,
89,175,71,282,
102,123,86,
174,282,186,
225,130,166,
241,194,127,
133,119,302,
72,179,46,
44,314,38,324,320,
154,182,95,
59,95,183,
333,147,234,
182,129,6,
302,204,
177,53,200,
66,98,327,
16,19,258,
149,181,55,
272,243,129,
172,135,24,
258,129,167,
255,123,
103,236,
304,149,
37,281,291,
265,45,181,
123,55,305,
175,185,
39,212,172,
276,86,313,
316,253,167,
65,14,55,
10,201,41,288,296,
300,293,
331,91,280,
177,321,294,
237,53,182,
285,272,50,147,
19,204,
5,167,
312,45,324,76,
284,57,145,
185,1,289,
294,200,332,
332,175,
78,77,208,
269,256,
204,208,48,
2,215,222,
83,238,
176,281,8,
320,123,182,
65,321,91,
139,129,295,
82,268,
68,214,312,
12,89,90,
199,162,88,
231,289,
177,45,294,
207,86,200,
205,8,238,
289,234,145,
257,291,
281,232,208,
45,200,91,
290,276,95,
61,180,90,
288,268,201,
10,97,46,
116,95,135,
267,270,72,
77,150,88,
161,90,
314,320,44,
