297,318,103,209,233,319,15,55,133,253,40,221,119,118,233,51,118,246,79,321,142,185,156,144,58,160,117,
233,293,188,6,
163,136,170,79,23,248,291,92,139,18,
164,274,287,36,289,144,159,271,230,287,
104,311,261,287,61,167,24,189,305,118,126,209,64,
59,145,124,147,8,
81,39,239,20,25,3,209,167,239,47,60,225,65,221,95,326,148,70,
200,270,35,80,304,
275,28,23,144,93,
81,269,269,149,12,203,
10,42,41,299,6,16,10,4,27,201,175,259,303,308,190,20,177,227,216,110,99,299,96,163,214,334,6,57,226,294,81,68,259,289,56,19,332,257,216,
77,330,269,194,49,109,277,7,
323,107,6,33,235,229,250,159,195,55,21,193,
181,144,105,114,147,274,17,74,239,259,85,270,203,168,94,37,
327,303,194,169,217,287,
162,88,188,148,226,168,145,130,66,200,
289,202,166,
116,292,127,332,208,241,214,28,
303,111,116,127,306,210,185,123,157,158,271,
134,190,101,291,326,222,195,141,223,282,171,81,180,9,69,158,
277,65,132,65,17,313,
94,89,30,327,76,31,155,6,270,269,23,172,291,
213,43,258,2,112,32,124,32,194,318,241,190,191,264,317,159,258,73,27,223,
77,31,224,113,244,153,107,188,294,202,212,88,109,111,281,
219,39,186,
313,263,323,262,259,89,114,37,110,
101,132,18,69,298,133,
81,217,284,311,
30,139,17,15,301,234,71,98,
210,303,30,24,201,283,163,217,59,116,245,274,277,323,312,70,14,245,78,30,39,280,291,188,
38,135,306,96,197,22,140,286,325,70,127,5,279,94,23,308,288,
276,59,267,196,273,204,197,248,253,328,129,178,
239,269,67,113,186,81,3,44,0,191,
185,156,199,164,35,206,117,228,254,12,165,72,143,119,246,85,240,299,303,17,295,162,126,311,185,
43,292,104,188,49,53,272,
321,16,92,184,130,330,31,74,153,34,97,66,139,48,176,65,111,176,270,267,77,120,217,158,211,260,84,93,64,262,66,111,188,24,
235,122,97,275,82,144,251,
285,20,117,160,253,146,196,111,256,255,272,53,183,279,33,180,239,214,260,180,268,25,330,197,49,39,
262,28,80,183,12,3,272,277,197,313,
94,287,97,59,16,42,
59,47,138,253,298,150,114,200,284,328,188,157,159,121,270,8,276,152,131,153,
169,267,249,10,60,208,64,
15,215,0,42,321,
65,81,42,272,156,33,239,52,35,211,129,90,
79,129,256,60,203,101,313,242,142,220,273,268,213,242,313,288,215,52,292,47,236,267,
227,103,306,31,111,36,39,205,241,159,
8,94,104,308,36,80,102,198,52,287,
308,175,132,38,
88,249,175,
247,45,180,158,158,233,8,127,59,147,330,283,281,307,78,300,213,123,311,48,303,236,77,239,46,230,245,
132,270,74,304,39,37,
279,158,155,24,209,127,219,149,105,132,176,252,117,231,13,299,226,
179,111,78,258,90,144,258,294,
283,322,210,99,264,248,
122,294,227,235,270,311,157,52,25,7,138,152,307,7,146,166,177,145,245,140,
297,88,248,312,334,3,13,230,261,33,163,299,322,187,0,330,191,
176,217,206,321,160,214,241,325,332,201,330,10,139,5,259,322,142,149,
242,32,145,13,198,89,274,287,107,
86,311,29,289,60,129,131,306,16,160,26,265,134,122,187,
246,100,303,54,145,206,87,21,204,328,152,227,56,112,106,319,277,256,143,50,281,247,261,26,266,52,36,82,248,256,
180,97,2,132,194,273,14,10,93,202,114,41,
241,170,217,50,162,133,318,150,45,102,271,259,240,333,221,106,
146,149,240,172,16,301,313,280,143,
279,4,107,125,96,23,323,14,212,285,65,273,135,127,53,184,69,200,286,71,99,
132,180,92,308,221,277,198,186,4,9,88,
261,80,110,159,164,330,43,61,
10,236,235,127,69,109,53,175,
70,12,62,212,63,2,222,200,206,261,267,58,157,229,128,266,313,5,102,327,62,222,176,139,283,246,110,6,208,262,222,289,267,317,167,234,130,17,108,71,114,120,292,172,210,
111,186,265,73,126,251,86,33,286,81,42,48,277,185,11,211,216,329,295,213,29,153,163,81,127,258,
130,20,189,103,38,200,7,329,144,158,44,177,49,1,32,73,121,225,226,107,167,151,267,199,191,183,21,194,67,248,37,5,65,219,111,286,281,144,54,172,93,33,13,196,214,195,272,140,260,12,35,
173,94,147,77,33,231,65,157,55,96,324,179,208,244,98,136,235,102,
265,271,40,91,317,145,83,168,145,115,72,97,262,3,330,223,254,321,313,331,298,143,316,316,15,176,334,289,129,104,287,53,265,87,115,170,255,147,230,26,
291,44,228,187,206,64,154,248,147,278,52,192,301,14,270,
185,25,141,47,149,297,243,299,22,168,140,111,310,103,79,133,96,199,147,274,9,273,61,258,120,287,140,15,273,90,133,185,
244,173,229,55,
143,235,75,208,74,246,
35,311,52,44,121,200,267,179,121,213,321,
95,28,110,107,154,170,181,186,59,201,40,51,185,116,290,65,294,322,65,83,149,283,209,194,131,107,133,249,141,105,74,227,184,76,309,268,227,290,27,136,108,0,107,186,144,149,169,200,
200,324,147,108,232,70,117,256,41,103,237,
72,186,287,11,169,71,274,154,291,101,48,94,271,
159,203,213,140,261,227,
159,13,290,196,
270,291,6,128,
157,299,35,253,313,96,125,316,145,203,228,8,311,161,222,83,227,114,54,76,0,244,295,120,145,220,230,257,
80,279,310,144,261,113,121,103,117,
158,270,279,36,76,202,228,48,38,328,
84,194,265,36,11,281,
265,201,106,331,41,288,154,156,325,
36,3,84,177,
56,174,217,17,17,333,41,330,
245,36,40,33,128,26,219,195,
321,35,66,323,308,14,160,5,
88,1,273,41,129,123,122,
151,221,114,88,
178,313,306,29,74,276,331,93,
235,105,215,135,188,35,102,237,244,307,302,10,47,185,110,230,143,199,180,274,
293,328,39,
96,32,115,20,1,175,188,275,
279,308,116,106,227,
287,99,313,146,209,224,72,221,189,217,94,164,156,274,114,130,265,107,145,
14,180,291,215,
301,30,146,182,
119,44,126,193,31,297,257,322,185,202,42,175,228,52,133,324,78,251,253,46,224,261,233,39,192,94,217,49,
274,117,306,46,156,
279,139,285,64,323,293,38,56,37,
93,239,214,216,177,297,133,195,16,70,153,272,239,133,151,122,6,241,279,308,259,307,55,
177,26,133,53,139,88,61,183,156,197,148,6,19,299,57,133,264,167,36,
136,19,236,265,118,234,156,180,46,177,23,46,227,96,236,276,287,23,161,298,243,226,231,180,304,199,226,15,
71,306,269,284,26,56,290,49,120,33,202,310,221,
241,176,2,4,227,209,
265,248,205,178,
326,31,327,23,154,229,
18,326,54,
127,279,60,294,255,236,110,31,67,48,195,159,145,
229,324,217,145,307,244,187,201,
180,38,105,188,161,14,255,235,168,196,82,291,2,261,64,
270,181,13,45,198,209,308,34,105,66,256,
187,178,27,244,193,236,48,116,259,195,240,1,237,60,300,188,293,314,6,219,16,17,
227,258,218,326,289,331,193,122,156,319,209,157,93,72,78,297,299,78,95,104,279,
208,299,88,68,208,261,322,44,132,199,265,271,169,143,14,130,168,230,
135,309,38,288,198,198,208,59,260,312,87,188,33,35,129,25,26,99,54,126,177,
253,276,56,12,
324,247,53,285,219,190,66,121,334,165,215,11,100,218,54,22,229,143,7,73,218,270,268,143,172,173,200,240,78,94,282,33,
330,260,147,295,77,278,181,183,46,63,308,206,100,218,
305,133,94,292,71,88,233,163,164,176,192,113,
273,88,279,79,147,136,68,274,183,184,201,217,94,110,333,276,301,123,30,
73,227,292,148,191,220,291,182,237,
219,235,63,230,125,202,136,203,162,163,196,319,257,41,179,237,246,124,292,113,180,295,233,215,176,271,209,272,117,107,156,262,230,274,50,168,50,120,33,176,90,27,273,10,104,
77,123,79,248,113,192,186,145,137,298,228,167,16,307,173,129,199,36,260,
133,63,93,299,66,159,144,291,13,274,185,19,123,228,144,184,302,
8,269,59,25,36,312,133,150,152,243,164,112,326,232,327,265,280,
254,185,21,160,145,305,273,99,313,196,223,61,320,171,132,272,19,168,14,303,257,144,227,159,
327,94,172,408,138,225,121,296,8,264,90,181,236,115,235,60,179,14,159,246,128,148,159,274,291,215,188,41,33,130,267,47,92,328,70,293,205,270,306,194,18,168,96,43,212,14,326,327,
104,307,319,320,26,244,291,133,8,144,145,332,21,94,52,98,211,265,43,275,
6,39,30,17,145,211,270,210,300,216,33,
297,240,241,325,76,281,119,7,260,329,235,180,146,134,66,185,93,115,277,74,31,136,64,272,267,187,276,218,
270,164,240,150,116,258,317,171,147,138,113,299,216,321,122,327,158,86,66,273,250,332,63,236,200,9,242,94,202,327,
269,46,74,120,292,48,147,148,73,48,25,193,21,81,157,199,220,
221,292,81,282,151,78,115,
132,180,28,254,102,96,49,303,327,23,33,124,176,321,27,80,267,60,280,145,18,170,314,
31,94,272,227,127,273,145,129,
284,215,81,58,
92,266,240,36,11,270,52,309,289,198,38,147,250,303,326,78,279,321,114,239,258,270,14,151,168,248,280,111,141,289,284,43,101,41,50,66,246,162,221,212,180,186,298,26,8,77,65,0,106,123,80,80,96,
316,81,229,234,
113,19,158,55,123,107,0,246,331,276,75,141,193,189,24,70,119,245,189,80,134,305,
251,188,45,168,111,22,42,213,265,99,132,269,103,111,177,84,320,183,286,114,27,205,109,
79,20,29,250,269,301,332,133,132,27,140,252,314,331,222,77,215,217,78,136,123,35,298,297,73,94,84,190,260,273,329,256,
47,15,57,186,272,265,79,
256,273,203,133,290,209,300,164,3,25,39,258,115,260,151,71,66,12,334,79,109,232,181,230,31,111,294,7,45,104,203,45,206,246,168,184,
25,217,76,100,218,285,175,217,73,192,209,7,243,
308,95,174,39,8,61,27,279,264,
110,14,273,329,92,112,57,261,292,170,119,299,101,182,274,
23,32,129,293,150,2,34,123,6,54,275,315,125,323,314,
32,123,213,232,82,139,18,113,270,278,302,96,242,
166,181,31,307,75,270,273,154,201,255,236,115,289,307,
18,315,69,66,168,100,301,101,13,39,80,100,271,111,206,195,
130,81,2,104,156,187,160,284,63,303,19,84,125,127,173,68,107,118,196,70,295,241,192,43,186,235,38,334,273,5,22,
243,217,136,114,263,191,
217,25,328,79,191,63,108,134,174,279,127,24,56,119,243,209,107,69,274,191,202,64,271,
274,307,105,145,150,247,209,
307,145,269,120,166,318,88,
69,217,10,292,
22,1,114,209,134,139,
56,56,100,246,41,54,175,290,27,285,262,94,46,256,182,93,303,179,258,70,270,264,304,266,306,
49,101,30,22,256,326,42,180,132,282,275,68,43,47,94,259,
247,10,268,200,17,82,127,85,105,296,172,30,217,93,99,111,259,230,
302,105,118,163,51,172,201,274,55,236,327,293,152,
127,74,303,73,36,194,7,14,158,
103,3,201,260,325,227,20,245,174,249,101,179,251,97,144,20,33,95,86,196,253,56,293,
36,127,185,
311,248,291,28,300,31,81,185,152,
79,206,314,
311,84,86,39,82,127,243,88,104,164,318,38,49,321,26,152,270,46,301,129,
208,124,74,19,16,101,51,206,131,273,323,136,242,143,285,20,38,283,201,153,173,220,227,154,109,124,207,267,290,169,278,222,293,267,11,111,135,249,83,
208,208,107,169,45,59,132,137,184,
151,113,49,124,213,
186,269,219,50,12,98,39,13,72,92,23,272,304,55,201,
296,156,180,145,52,181,132,317,298,275,279,333,231,124,6,291,90,127,
192,48,115,115,323,76,102,187,269,83,102,167,322,290,5,19,242,129,141,220,74,18,42,42,2,130,269,45,275,182,127,214,276,207,15,222,9,301,314,174,330,130,306,293,
265,111,180,21,161,28,18,92,47,198,328,225,273,190,
318,78,311,167,81,70,307,204,
114,206,22,20,272,181,151,55,35,272,268,112,279,
131,296,86,
110,5,268,180,49,157,264,319,52,112,237,127,303,293,94,
106,219,285,197,268,125,265,278,205,306,92,72,314,157,307,54,
306,198,49,139,192,15,18,140,236,169,301,13,28,287,333,25,120,227,312,224,166,86,192,
131,124,326,41,
39,81,6,156,198,219,226,308,289,160,310,293,185,227,217,322,180,
138,327,13,69,26,31,67,246,202,207,203,233,260,327,106,220,227,102,38,101,135,84,147,260,305,152,10,54,85,236,59,332,102,241,134,231,88,8,88,113,311,13,115,6,255,57,122,20,132,
200,162,223,107,145,266,131,248,327,19,226,286,95,199,93,89,
50,264,291,35,101,45,153,203,197,186,213,69,134,279,299,27,92,34,307,162,75,183,
28,100,262,311,19,169,280,36,130,
218,80,324,209,144,133,
28,292,260,275,
41,151,45,93,257,314,274,4,82,78,
66,152,18,104,92,155,300,197,211,
141,24,134,314,128,129,233,213,262,170,136,177,72,208,
270,203,54,257,200,
180,49,306,265,213,92,
249,209,50,183,250,149,278,75,162,45,88,295,214,
6,100,169,94,236,264,23,308,15,139,169,333,
186,239,132,79,117,
311,117,36,247,239,157,0,226,74,207,254,15,61,329,149,85,239,107,295,35,154,320,84,298,331,114,20,
124,123,18,132,151,105,194,59,296,131,290,304,296,
99,77,30,302,236,113,250,266,112,272,30,253,62,88,9,39,267,127,43,334,198,161,268,326,87,267,240,251,197,285,167,10,217,256,283,217,247,170,223,32,53,
293,253,307,279,3,130,124,92,233,326,183,89,216,333,229,254,109,144,
227,91,246,50,176,122,148,130,292,296,296,142,65,299,194,271,136,175,27,203,319,214,45,328,316,
10,169,6,3,76,170,35,
14,203,198,180,326,281,48,227,
64,155,279,4,327,297,136,143,14,180,
88,99,141,177,73,167,297,54,58,209,148,153,172,162,302,104,194,195,158,176,307,250,48,
274,215,78,246,164,35,31,63,168,239,283,66,76,69,
321,79,186,117,246,305,41,
39,264,312,49,
145,38,240,297,229,227,256,88,202,231,290,254,276,20,296,201,274,59,41,159,69,242,307,89,287,78,162,251,266,276,
290,300,294,159,334,
267,63,260,35,287,275,86,6,276,36,86,313,132,130,169,
188,302,135,99,230,84,264,116,252,210,233,236,46,
298,144,31,311,276,47,
291,178,104,328,13,268,197,182,311,311,83,85,291,7,73,206,
164,329,147,261,265,300,305,250,173,309,186,194,30,265,
206,291,0,257,288,37,153,256,29,227,256,204,152,5,57,332,285,280,312,
129,153,164,3,183,154,88,88,208,217,256,254,77,
156,113,65,147,158,272,35,244,
151,227,41,
210,220,296,219,222,150,
177,172,38,5,240,26,93,308,154,251,249,37,49,205,211,88,
23,136,279,132,85,326,7,325,114,
217,98,202,101,25,115,265,157,91,61,258,99,41,36,225,81,234,
68,118,104,113,273,180,71,209,185,7,121,32,42,119,133,93,102,162,189,314,
308,329,205,272,324,152,136,155,
248,248,35,181,265,113,110,36,93,314,
94,111,132,312,212,8,273,185,305,79,27,98,155,36,20,281,306,328,306,
78,132,102,269,108,236,334,36,206,79,145,135,232,278,318,222,119,179,96,207,274,80,289,227,209,214,219,283,275,41,221,
3,192,103,232,236,112,313,
201,296,145,15,198,323,84,81,263,57,51,291,309,188,124,188,22,242,
241,238,213,244,314,332,215,20,48,
300,206,326,121,197,
236,327,25,323,36,252,135,70,127,270,10,31,232,284,136,154,302,84,79,205,
86,103,41,
76,328,69,30,25,327,109,258,14,210,309,170,70,87,107,29,11,330,256,319,
273,25,185,239,1,132,29,126,148,68,193,227,215,41,11,33,321,294,219,17,293,180,325,130,30,
329,282,3,114,198,257,54,308,164,105,25,209,121,87,128,310,
20,30,152,195,49,18,204,79,285,10,145,71,147,321,18,149,220,291,301,114,120,241,89,94,103,235,36,138,141,328,193,27,311,
64,248,322,153,41,131,217,
330,215,101,260,176,71,48,275,334,261,119,
310,39,117,176,329,
152,56,122,232,116,229,150,115,220,279,
303,10,246,110,197,7,278,293,42,228,12,108,222,264,254,132,254,327,33,
81,164,76,134,320,33,54,172,233,240,316,148,60,287,208,200,274,62,163,259,43,95,146,247,297,9,30,267,272,316,10,41,67,150,
326,220,99,294,255,300,136,246,14,136,5,131,
175,54,149,88,195,159,324,134,158,
261,229,203,265,165,170,99,66,185,18,80,193,300,112,58,21,16,175,320,95,204,100,285,4,5,253,62,252,278,227,264,80,91,289,302,104,307,181,128,208,33,15,117,84,144,193,
103,67,50,50,260,279,171,181,19,139,186,92,219,222,153,179,44,201,324,303,9,242,277,295,160,143,202,10,48,297,90,303,196,156,138,17,
112,3,8,114,
87,185,329,
302,250,154,93,
257,254,284,270,
256,99,306,216,76,245,
31,42,104,50,147,326,13,56,178,266,65,26,
56,158,12,3,60,253,280,56,316,82,
58,80,14,232,58,33,44,292,
152,80,210,244,116,39,38,18,15,170,322,96,309,203,24,69,138,150,150,6,67,32,233,199,2,332,98,284,206,102,83,54,147,237,215,45,235,145,40,240,313,
156,227,93,215,330,132,
154,177,72,196,311,70,129,51,166,22,198,326,236,286,271,126,302,9,276,6,
128,45,322,97,231,148,9,291,216,272,88,141,76,275,81,201,277,25,294,12,133,270,
109,149,293,251,
289,53,130,20,12,12,185,24,80,127,191,223,192,269,21,172,150,185,163,8,232,237,190,151,14,310,225,308,20,216,3,45,287,131,58,45,72,265,49,149,40,251,32,164,201,210,189,
326,49,104,109,47,252,282,194,245,32,18,66,274,332,68,306,
291,100,33,62,236,27,62,257,151,163,21,48,222,281,242,8,203,48,301,136,139,323,326,270,178,87,68,241,165,42,170,314,146,285,93,246,329,293,129,66,110,151,193,244,323,142,265,228,313,
306,256,229,38,251,303,203,205,198,169,180,300,25,178,192,293,94,126,163,
291,72,215,66,193,128,170,20,
111,251,302,
71,305,209,332,281,299,54,21,179,148,193,256,
328,129,42,20,92,76,222,21,106,89,160,141,214,45,254,328,9,291,139,286,106,132,313,55,71,105,200,283,181,231,136,193,270,201,131,303,14,
261,259,8,80,69,102,8,282,
99,145,10,49,95,21,261,299,135,56,232,180,179,
323,51,150,39,236,13,279,36,275,255,63,135,291,165,235,226,248,282,1,327,202,215,184,304,126,
62,105,288,
134,22,54,138,244,175,
209,239,22,
221,132,249,140,101,220,99,161,288,170,11,129,144,118,233,275,183,226,8,12,324,32,
49,131,97,54,62,94,17,259,150,93,237,319,119,110,
287,228,112,27,97,1,2,51,71,184,82,316,134,21,169,242,104,69,191,
234,1,304,30,115,16,
59,210,147,164,208,
4,145,279,241,41,124,
207,189,314,78,32,31,141,142,291,125,
285,120,39,56,219,156,49,187,215,239,5,51,157,14,284,259,133,92,179,40,48,116,240,149,134,20,150,158,84,153,24,298,111,172,167,279,78,152,66,173,46,291,70,83,294,242,52,289,233,196,3,81,332,250,
94,49,270,119,30,320,48,65,72,276,181,173,173,
180,273,109,312,293,191,230,221,22,5,205,334,247,221,53,194,22,42,194,81,89,13,334,144,216,27,296,199,205,326,309,313,198,110,24,33,167,251,20,68,189,285,
149,109,70,304,215,162,206,
97,71,94,28,265,251,182,13,63,239,304,128,25,154,235,246,115,216,257,263,149,120,
15,30,234,309,20,275,109,313,311,9,12,158,122,313,60,105,74,209,198,207,26,
203,291,217,108,256,83,267,303,13,289,278,217,66,278,319,4,162,18,256,270,270,156,271,209,237,330,202,112,26,117,289,
98,217,94,328,173,252,40,232,58,305,1,
314,41,197,79,248,
167,253,196,57,195,99,318,7,67,93,184,42,253,294,65,141,308,317,104,167,245,264,317,
152,66,311,13,334,
113,200,77,239,151,
186,260,267,55,89,260,192,47,321,
300,66,306,114,311,290,
147,120,7,162,224,291,174,327,79,82,75,59,166,227,270,273,173,330,0,334,166,213,31,152,31,49,18,60,76,117,331,173,
272,31,12,271,109,44,177,284,
304,149,79,
183,62,214,263,167,173,81,112,99,249,38,87,250,174,221,258,150,183,197,56,121,307,172,213,325,
219,78,210,
116,303,78,116,325,57,270,69,23,279,100,150,170,319,141,163,37,311,
22,26,150,292,55,130,53,137,
31,25,269,33,311,282,
198,92,91,197,318,102,327,276,34,91,166,325,33,204,257,191,289,17,41,41,215,292,71,264,84,174,174,277,45,11,17,2,116,13,304,28,293,106,154,235,
36,283,120,79,16,158,267,180,245,282,8,255,42,166,94,188,
147,186,92,25,187,199,209,137,15,329,198,323,195,185,124,83,59,148,200,156,210,65,309,104,20,318,164,
6,10,30,233,34,276,102,154,195,
75,302,197,252,143,
26,45,319,295,193,177,122,26,99,11,183,291,175,114,207,201,305,49,284,158,259,90,227,9,258,210,269,267,269,131,140,254,136,216,246,42,164,209,135,74,323,56,310,70,245,
185,238,57,235,96,285,68,
205,177,227,236,
139,30,177,279,34,176,156,
92,113,328,283,87,208,42,245,173,262,132,0,82,90,50,64,79,79,186,324,180,6,5,63,204,
88,29,96,273,234,171,208,112,153,95,60,106,138,242,88,110,144,322,8,171,
174,212,200,244,225,308,312,56,145,297,315,190,231,334,157,
15,115,107,237,41,269,156,163,87,175,203,237,
294,301,290,84,285,55,127,178,191,26,133,260,177,208,185,162,184,11,119,131,143,11,93,256,
136,110,163,326,301,133,
74,104,33,251,132,287,35,27,112,292,
127,130,192,161,10,249,290,292,178,84,139,88,239,310,
15,147,19,278,213,53,288,47,211,185,261,321,77,80,225,136,
202,158,127,71,289,180,323,115,178,
233,141,240,31,5,177,292,21,44,
279,295,103,114,306,276,163,64,127,329,263,304,36,1,328,217,80,217,
281,71,27,35,
25,59,127,59,311,151,303,57,305,93,104,102,179,327,131,59,61,229,147,76,207,236,134,0,8,246,301,282,277,320,328,128,31,282,
252,98,188,279,
288,62,206,174,266,120,160,141,247,
30,99,94,94,71,141,74,152,262,80,6,147,78,304,295,6,144,157,76,120,203,
0,256,197,249,46,33,94,147,206,224,227,182,108,328,184,92,176,131,175,48,121,247,276,314,92,130,15,92,102,113,34,147,195,292,167,210,45,224,274,56,77,225,
5,92,38,
196,103,130,276,212,233,154,0,330,183,41,285,136,158,191,
36,28,279,101,77,164,20,310,28,299,
163,117,162,323,267,297,153,268,
27,308,213,20,
54,152,49,79,23,175,238,291,18,270,71,23,158,4,86,219,
101,49,217,47,36,144,
193,232,197,261,55,132,213,269,25,66,100,158,192,174,175,193,138,9,1,142,250,166,113,173,177,291,113,13,78,20,
31,5,221,256,166,292,67,97,283,42,45,77,145,216,286,207,236,298,101,188,308,
267,167,255,208,227,81,193,240,42,334,186,26,283,35,222,
1,55,279,328,88,127,122,5,227,197,234,86,4,204,
49,79,194,202,113,119,123,99,257,309,313,123,105,231,285,26,148,145,303,86,223,144,203,118,228,140,191,
1,216,313,289,314,117,
256,260,86,307,163,23,292,102,129,139,230,27,217,254,85,201,71,
232,152,78,200,236,296,58,66,237,200,311,99,183,
169,6,240,276,293,161,147,275,208,140,172,
167,0,142,199,75,
240,145,81,117,0,8,266,99,285,205,266,47,93,233,132,169,130,48,134,266,209,187,146,229,26,241,130,95,130,
100,291,179,123,156,25,246,322,264,112,234,257,56,258,326,193,241,261,144,74,277,206,28,326,311,138,18,186,21,115,
27,187,214,256,94,132,187,215,281,
153,224,50,229,296,326,237,195,245,297,164,142,317,224,
123,100,240,79,223,92,4,298,124,116,1,115,56,312,272,113,
292,227,127,305,23,130,221,208,151,73,22,135,43,23,143,76,128,139,
189,104,259,68,240,
194,132,122,37,192,324,219,185,233,62,126,248,327,327,77,128,172,69,102,281,273,
120,80,211,8,129,147,299,159,172,10,49,224,40,110,161,155,185,40,4,307,240,170,
198,76,147,39,14,116,326,330,
209,256,241,270,212,192,249,12,25,2,152,48,81,123,61,144,248,36,81,227,68,211,251,218,
312,41,210,174,87,
260,186,314,37,330,47,318,28,154,47,328,158,
264,144,213,82,39,2,
14,321,
197,198,172,159,4,292,236,254,75,239,277,295,123,143,42,44,150,
118,211,269,220,323,65,223,52,322,190,66,275,319,331,289,177,230,93,68,248,30,120,112,
44,272,167,35,173,35,109,296,98,273,101,
159,266,33,184,194,29,37,45,228,305,133,329,250,
272,128,9,105,238,292,44,18,304,251,27,65,114,177,297,156,258,289,160,333,
299,267,50,133,117,195,227,110,
284,202,206,132,326,152,75,240,305,98,225,114,71,19,50,274,288,255,257,48,78,
42,200,328,101,181,175,65,49,84,56,216,246,298,15,36,277,325,163,321,200,233,15,256,
185,194,56,87,94,36,179,88,126,54,298,
227,120,43,144,73,10,208,147,145,281,96,69,29,317,267,323,36,14,151,263,
48,109,128,293,124,35,92,30,296,226,26,245,302,61,113,257,333,275,307,183,72,152,294,113,256,309,138,9,72,158,212,234,160,257,277,307,119,109,311,315,120,64,27,334,323,223,186,326,61,332,234,197,56,119,258,284,10,157,94,14,
292,110,209,28,199,262,
35,65,324,156,
314,79,192,83,45,232,73,179,260,203,204,141,0,0,312,312,317,114,43,195,
150,225,274,183,241,22,55,23,23,78,180,106,152,86,90,183,210,130,194,252,168,
80,319,63,301,190,17,150,58,168,262,261,218,92,284,200,129,136,
319,88,34,126,104,207,74,38,80,89,207,219,165,297,298,299,197,164,176,227,150,311,306,6,
286,31,111,116,33,177,80,12,298,99,160,200,173,251,37,263,
96,325,290,88,92,168,109,22,9,79,84,313,136,180,49,133,78,301,155,169,
202,206,89,64,283,49,85,285,220,101,215,169,292,330,195,289,92,102,159,199,217,265,7,16,51,110,195,87,
41,195,327,273,81,86,112,328,
24,239,207,114,196,321,113,316,235,228,123,72,70,280,141,276,40,59,319,285,58,47,118,58,273,19,217,315,290,32,71,313,209,
215,330,89,142,326,291,24,274,265,284,35,37,108,235,226,144,74,238,197,323,124,216,
188,235,304,77,219,233,253,43,41,167,
132,101,193,194,21,206,67,80,78,36,237,11,295,259,23,142,204,
102,16,141,84,277,25,67,30,93,94,311,132,227,235,261,195,251,
158,97,323,85,147,58,232,7,71,321,152,97,229,132,25,37,56,268,262,183,219,96,196,
54,12,134,
144,103,218,80,297,275,288,158,
153,88,77,141,54,256,233,99,49,274,293,
105,311,6,119,224,258,109,106,38,252,62,180,274,49,104,42,118,302,41,70,189,63,62,77,
180,107,269,132,134,24,131,150,39,
217,205,267,3,241,121,22,321,48,261,237,128,32,183,315,277,23,210,144,253,
296,55,232,131,210,124,230,244,
191,196,287,70,263,179,49,
183,129,183,330,196,262,176,109,198,216,304,293,169,162,
12,272,186,152,13,212,328,215,56,253,262,81,54,
114,121,202,122,321,202,78,270,100,172,252,281,54,1,95,122,33,211,280,264,320,113,140,24,107,238,163,185,30,219,18,285,158,60,194,
31,233,149,114,205,
104,147,328,74,326,70,317,256,84,192,219,
307,274,104,170,176,77,302,315,293,63,122,172,229,168,160,93,85,208,252,304,
195,134,153,170,112,254,41,32,97,290,282,43,58,244,333,175,202,127,218,89,
321,273,15,32,132,297,161,243,193,268,231,
106,241,279,
255,239,267,284,265,323,149,216,228,
269,229,71,119,229,234,197,312,78,156,285,1,26,312,118,56,186,265,307,31,27,246,102,92,
141,13,153,173,276,
175,42,318,23,240,208,40,107,5,227,58,283,142,308,317,
75,117,167,85,158,
259,220,285,106,97,16,294,174,10,296,132,304,313,34,327,12,107,
117,163,283,296,172,204,274,254,172,310,321,142,260,75,163,220,238,331,186,
334,217,130,290,292,
144,221,100,264,84,191,114,255,217,91,298,305,43,
2,90,241,75,157,110,215,18,149,235,160,234,251,131,141,264,194,93,
100,25,116,41,206,15,293,329,256,
239,65,250,274,209,255,285,46,34,60,
209,240,242,71,85,147,161,49,97,36,148,267,286,217,190,78,33,58,52,33,44,163,241,
70,161,228,26,138,330,53,35,206,200,280,106,223,301,85,157,
13,186,306,130,159,270,152,37,72,141,182,13,
285,128,3,26,238,291,65,281,61,13,151,188,15,86,179,251,324,212,306,106,221,314,
127,296,217,116,50,279,298,51,50,39,202,329,10,
320,240,311,92,272,104,190,117,248,313,210,166,
33,31,184,139,130,318,111,94,173,130,329,323,245,132,297,273,325,198,303,175,19,58,6,61,324,
305,144,104,79,66,160,119,
288,41,144,206,
203,314,13,159,14,3,145,270,47,138,261,299,
269,30,239,180,197,8,77,147,139,254,325,45,77,81,199,210,94,13,69,100,192,
265,202,217,291,84,160,317,
3,113,160,325,315,152,173,298,206,41,230,221,166,329,147,263,41,113,188,92,50,296,264,100,313,293,56,285,100,304,227,81,214,313,129,162,244,250,247,210,60,240,87,291,21,87,306,36,278,
328,59,258,11,104,217,7,42,195,36,293,227,7,85,96,158,279,1,225,313,160,227,98,249,
79,96,92,321,304,151,73,198,98,305,80,278,186,
295,273,200,181,41,38,281,279,167,235,298,153,157,252,107,313,332,330,295,251,302,304,289,114,67,317,185,192,132,
217,99,287,143,229,334,69,274,110,112,306,136,241,
145,49,322,77,300,4,71,288,6,152,
206,30,24,52,78,229,77,110,129,233,61,
104,66,200,256,332,258,332,208,273,31,7,322,253,50,270,26,217,76,300,213,
13,291,12,209,138,77,
107,175,6,311,171,313,279,179,275,184,287,20,
203,50,306,215,81,
74,57,102,192,42,188,291,45,89,286,269,32,275,286,319,59,227,271,95,185,186,4,125,297,334,127,206,250,7,244,295,50,301,324,202,65,183,178,
313,49,200,24,169,182,51,1,37,7,328,46,178,99,152,17,193,291,101,66,
45,305,49,280,212,83,47,52,104,217,101,109,258,186,37,69,137,117,53,236,26,229,312,149,85,100,247,19,72,161,193,243,308,67,86,175,48,310,45,39,304,156,21,192,251,58,138,135,289,292,268,288,258,300,261,100,269,73,249,303,136,154,143,144,270,26,85,
41,40,228,247,152,193,218,22,30,122,218,286,7,83,196,58,88,266,211,312,38,148,297,288,295,218,221,131,200,188,321,
210,140,147,6,289,241,102,320,
149,26,2,321,311,227,177,19,248,146,11,175,38,145,14,38,31,216,232,75,
215,241,273,156,1,79,284,62,98,162,149,187,14,
26,276,92,190,149,121,265,268,22,130,46,130,31,
101,50,31,304,
302,88,32,235,67,111,289,97,
179,213,275,159,48,142,38,210,62,282,25,323,35,
216,42,97,96,188,1,256,100,126,6,233,236,105,
304,272,30,183,132,38,201,234,
101,174,282,35,138,325,255,157,194,322,1,62,258,202,134,187,259,180,185,189,322,22,198,312,88,234,292,72,330,287,
23,132,150,186,4,
200,59,295,212,14,188,313,316,113,128,2,166,208,174,44,8,232,281,166,206,217,38,58,256,330,
147,169,181,152,272,
197,276,285,
35,138,44,267,257,54,235,123,60,262,263,212,332,182,132,281,
0,297,157,239,25,89,
114,23,49,330,18,142,
248,223,136,297,79,219,4,34,311,146,248,149,220,279,323,
105,124,270,
60,35,56,81,218,
117,200,311,80,
224,105,230,268,153,150,176,80,4,77,94,113,206,311,297,247,0,309,
170,132,195,165,10,163,
167,88,83,316,311,44,331,141,333,44,12,115,177,49,313,188,
324,74,308,284,26,35,277,229,11,72,284,
172,81,189,263,333,103,172,111,159,173,177,308,234,146,54,63,116,25,3,190,288,154,286,88,268,48,8,
289,273,118,308,146,142,86,244,295,78,203,44,327,
114,231,192,196,119,177,297,74,231,229,27,29,237,253,105,270,70,199,321,284,122,10,108,326,304,180,31,162,
220,202,224,157,208,326,269,217,75,74,240,152,57,321,210,84,108,189,197,
129,206,35,65,140,31,
240,212,91,177,320,140,300,
206,0,180,291,327,265,284,333,236,59,232,295,176,230,132,114,318,328,176,251,114,178,32,79,208,119,
259,273,49,198,134,261,181,51,267,189,
113,229,112,92,49,68,100,34,309,22,193,193,51,309,51,248,123,209,
169,6,327,183,
18,91,231,47,265,37,188,50,280,132,302,165,3,284,51,46,80,117,163,308,124,2,170,85,90,201,
1,273,123,215,248,291,96,98,
93,2,302,275,
46,239,330,188,
183,74,150,313,232,
74,215,143,
158,303,54,175,144,
271,154,72,160,
130,208,267,240,
317,314,175,
331,309,311,
104,320,162,227,
110,248,88,
30,118,273,164,
313,96,3,183,320,
263,243,191,
10,219,247,48,180,
160,130,265,272,271,
265,287,269,208,
222,267,210,
254,129,256,
273,79,270,166,
250,164,239,159,
48,284,172,88,
100,6,18,
16,86,
84,236,220,238,225,
326,165,114,
270,209,328,92,113,45,
44,289,197,
162,149,104,114,
144,164,235,261,
251,235,272,
328,20,260,227,
121,35,300,80,
271,164,
206,330,100,
47,235,49,298,
240,185,120,324,152,
58,175,284,195,
80,18,15,132,79,
182,301,35,
274,235,242,
293,302,110,
310,80,71,
55,150,22,244,
5,321,233,
162,68,185,200,
292,74,58,334,
52,88,79,209,
243,321,25,
82,264,92,56,
69,18,261,
282,36,195,165,
160,307,305,
236,6,3,216,
212,12,77,
123,23,303,
168,80,274,307,150,
3,262,239,
53,22,43,99,
314,1,285,68,
324,175,194,
61,261,33,
43,261,144,
240,189,3,
149,176,81,
73,269,213,
183,251,
35,248,274,129,
186,164,100,
40,98,152,
130,150,28,162,26,
195,314,18,
318,175,297,147,
304,323,114,56,101,
131,294,64,
8,88,261,
217,119,327,
275,96,330,
191,239,217,
88,177,77,151,93,
53,10,
205,217,306,31,
14,327,328,293,
13,31,18,
76,116,178,157,147,10,
231,174,138,
88,101,132,52,
84,251,104,
14,208,210,
168,256,208,
35,74,79,
313,107,146,
196,167,
225,150,0,84,
52,35,8,
275,179,104,235,
229,153,306,81,
34,6,23,139,
49,209,151,
11,84,324,
76,292,104,
282,261,25,31,
158,260,134,75,
137,208,22,
163,297,209,306,
179,191,
41,217,56,180,
325,183,265,
321,15,
213,35,104,
281,84,77,
152,147,302,311,
89,200,0,
100,269,330,
7,77,291,
323,279,158,
206,149,288,
102,138,256,173,
266,145,56,
4,1,
331,147,117,178,
252,150,307,
87,202,312,
166,36,320,
233,188,42,
76,198,
168,181,
322,283,176,39,
231,128,321,
102,210,6,
215,203,
2,180,264,
70,191,81,
299,203,36,
56,103,56,
277,262,77,
90,65,296,
327,8,270,
42,197,94,
197,220,
126,216,185,154,
156,274,139,
184,287,
248,1,64,
143,146,197,
275,78,221,
113,156,270,
152,8,59,
263,35,227,
300,6,
291,207,94,
114,311,287,
156,265,136,
262,292,30,
101,44,110,
291,210,
199,292,208,
159,254,
144,133,293,
21,233,323,
18,114,20,
72,141,324,
39,285,210,
256,200,42,
287,327,164,
58,98,
272,43,147,
298,185,59,
75,149,
204,1,
47,260,
142,114,176,
306,326,56,
182,110,
192,269,194,
200,162,270,
