-0.0399401201680698
0.00458261179234406
0.0540126034615503
0.0785133570398627
0.0863306477797442
0.0949071506187061
0.0993500718433763
0.104206403006922
0.112236873646822
0.115112551026456
0.117068437119314
0.11999837082671
0.125861792653922
0.131617652350201
0.136260930756391
0.143048527850725
0.144777161245073
0.144439114828413
0.14636702380237
0.152034925070153
0.154127140113886
0.156608126780881
0.15729671821388
0.160900857450281
0.16550797692127
0.164550412549521
0.169063145242447
0.166609110860754
0.169397827968752
0.170422315658949
0.172001770300959
0.169415110494044
0.168880377922614
0.170307183921501
0.171083968332955
0.173061698802546
0.173574222962438
0.174695138588632
0.174898739911263
0.173185630494384
0.172330319966015
0.174851176442635
0.174581230489029
0.176558063795912
0.175148692599303
0.176777889516335
0.179746625562104
0.180085686833498
0.181554913890794
0.184470801623139
0.186220430867922
0.189286811267636
0.190251200109914
0.190958073872947
0.191383951725416
0.197913101378479
0.194127910478939
0.198483685914269
0.19846412845699
0.200120998709686
0.199581150272653
0.197478690816672
0.195423937615427
0.194966063168462
0.194791474435229
0.194363060478659
0.197381355339006
0.198507387056966
0.198582977759856
0.197994164916629
0.199174712873589
0.199346830203345
0.198674782526851
0.199830315785551
0.199960237650415
0.200069852379786
0.199963132851444
0.200093263609514
0.199214026801425
0.201452287569178
0.199879844042348
0.199363070512503
0.200030945798885
0.199085935177816
0.199123195165067
0.199521348694243
0.198775280593786
0.196064738618467
0.198911767068934
0.199872934975271
0.201473404747054
0.201274790724911
0.203131912782818
0.202588007684839
0.205497014239093
0.205497662146451
0.203633028393275
0.203700056462665
0.203634806817103
0.205405059567024
0.204069291699304
0.203034515250511
0.202945033186971
0.202375199841025
0.202460498841757
0.203271415579127
0.207430532497636
0.207973311315061
0.20601702884357
0.206708665672281
0.207293304538263
0.207088519040461
0.20750739894125
0.207043893766887
0.207319490554763
0.204844718738307
0.204347525739829
0.203870975357971
0.202772489018907
0.202086355944709
0.203410693079953
0.202990730598603
0.203302570978828
0.203073621415588
0.203104848180069
0.201599215148878
0.204961998235757
0.203629408017251
0.203503791612822
0.20257267001086
0.203107372181245
0.205697252648553
0.206729059654634
0.207967137511068
0.208661595412196
0.208438988468574
0.207979136046376
0.20684239086696
0.206373258294331
0.207299223996796
0.207547662569081
0.205317946857821
0.203216915953151
0.204451005071101
0.204206999476979
0.202742941753724
0.201724264681729
0.203296763228789
0.201833862851556
0.203795591137292
