0.289258287039259
0.290095517431106
0.312835469373179
0.340066398721681
0.348500036254747
0.349738458293905
0.362838566954257
0.367746489049398
0.376497075783171
0.378607102762937
0.378195318085026
0.386737249590271
0.389784949324762
0.393303819383414
0.396671012664236
0.399739824146402
0.402073937823574
0.404224479559928
0.407621377484122
0.40867781268161
0.415719513469247
0.417279135321759
0.419054510655226
0.422972065218508
0.427392638840067
0.429759053463469
0.429809486678954
0.42801754504087
0.42702433131921
0.42780717819581
0.429322798560338
0.433144272239082
0.432698668264555
0.436786789719022
0.437989480771931
0.438844404818462
0.441278606344981
0.445534569911446
0.444837644153934
0.448691233621124
0.449703382473452
0.451766297344882
0.454417974888428
0.457652259254983
0.459183501686574
0.461248817855476
0.464068228675985
0.465027830464597
0.467401139519799
0.465637566291704
0.466491436390636
0.468855156465091
0.470348144923942
0.470470842742141
0.470348979199402
0.472677995462469
0.472685607582073
0.474559853834235
0.474180658822772
0.476626012522357
0.478571321096596
0.477841191840965
0.476772262255683
0.477211107197327
0.477067170114089
0.477802381442489
0.479651124848673
0.479518850361898
0.479249343760685
0.478200363455708
0.479052557156214
0.479347298547522
0.479283260401772
0.480736036235575
0.480840307027013
0.482812989907887
0.483729455045866
0.484028912697122
0.484993164170278
0.485064934286852
0.484838613190376
0.484800871914706
0.485534282733669
0.486264803150939
0.486151137172848
0.486374965292527
0.487888205314293
0.487129896425094
0.487866802099246
0.488396854485574
0.488072078057182
0.489613189565296
0.490032020125446
0.489722499727059
0.489985266173991
0.490704565047615
0.491517299663405
0.490415695367305
0.490463635501194
0.490041318434274
0.490143202576443
0.489272494312305
0.489645925441487
0.488924219595967
0.490351599392752
0.488812906815724
0.489408354732308
0.4898108777711
0.489894724547013
0.489757361943778
0.490220364484715
0.491678659048941
0.492210577675619
0.491421999349448
0.491663149540394
0.491247397708451
0.492144458292441
0.492715499038139
0.493426591293872
0.49271365426528
0.492120567345363
0.491189509115147
0.492124074007861
0.491592453771488
0.491591392249296
0.491776771555868
0.491095534302018
0.491532973937755
0.491219884517295
0.491627066262219
0.491572205019478
0.491992972872273
0.492466665360291
0.492065573586551
0.492791583131439
0.493812778304813
0.492562792261311
0.491139231336646
0.491795189330441
0.491167356554683
0.492398525142789
0.492491025564141
0.493049728787209
0.493530661040317
0.492711527399609
0.492355500244416
0.492200147031908
0.492671224102641
0.493545731236156
0.492778144647972
