1.47111111111111
2.03555555555556
1.19333333333333
1.22444444444444
1.59333333333333
2.04444444444444
2.50222222222222
3.12888888888889
3.64222222222222
3.79777777777778
4.42888888888889
4.90444444444444
5.15777777777778
5.29333333333333
5.21333333333333
5.29555555555556
5.52666666666667
5.48222222222222
5.55777777777778
5.94666666666667
6.18666666666667
6.12
6.08
6.18
6.18222222222222
6.12444444444444
6
6.1
6.15111111111111
6.18888888888889
6.10666666666667
6.18666666666667
6.16222222222222
6.20666666666667
6.14
6.16222222222222
6.06222222222222
6.16444444444444
6.20666666666667
6.02
6.01333333333333
6.16222222222222
6.07111111111111
6.10222222222222
6.10666666666667
6.02888888888889
6.10444444444444
6.27333333333333
6.23777777777778
6.20666666666667
6.19333333333333
6.17555555555556
6.12888888888889
6.04444444444444
5.95111111111111
5.91555555555556
5.95333333333333
5.91111111111111
6.01111111111111
5.95111111111111
5.80666666666667
5.76
5.85111111111111
5.81111111111111
5.76888888888889
5.71333333333333
5.72888888888889
5.81333333333333
5.98
5.97333333333333
5.91555555555556
5.97777777777778
5.94666666666667
5.99111111111111
5.82666666666667
5.96222222222222
6.00444444444444
5.95777777777778
5.98666666666667
5.98444444444444
5.96666666666667
6.03777777777778
6.00222222222222
5.91111111111111
5.86888888888889
5.88888888888889
5.86888888888889
5.87111111111111
5.89333333333333
5.85111111111111
5.88222222222222
5.94
5.99777777777778
6.01777777777778
5.99111111111111
5.88888888888889
5.87555555555556
5.82444444444444
5.80888888888889
5.72444444444444
