0
0.517777777777778
0.342222222222222
0.448888888888889
0.666666666666667
0.855555555555556
1.19333333333333
1.56
1.81555555555556
1.84
2.30222222222222
2.4
2.34444444444444
2.63777777777778
2.46444444444444
2.59333333333333
2.49555555555556
2.40666666666667
2.51111111111111
2.63111111111111
2.89777777777778
2.86
3.04
2.98888888888889
2.99777777777778
3.13555555555556
3.15333333333333
3.38888888888889
3.50666666666667
3.52222222222222
3.79777777777778
3.92666666666667
3.85777777777778
3.69555555555556
3.70666666666667
3.90444444444444
3.66
3.68888888888889
3.87111111111111
3.88222222222222
4.03333333333333
3.72
3.96
3.84888888888889
3.57777777777778
3.59555555555556
3.85777777777778
4.09111111111111
4.27555555555556
4.28666666666667
4.47333333333333
4.60222222222222
4.54444444444444
4.20222222222222
4.72222222222222
4.72666666666667
5.08888888888889
4.97555555555556
5.14222222222222
4.79111111111111
5.10444444444444
5.14888888888889
4.97333333333333
4.91333333333333
4.32888888888889
4.25333333333333
4.53333333333333
4.78444444444444
4.87111111111111
5.16444444444444
5.26
5.19333333333333
5.17111111111111
5.26222222222222
5.08444444444444
5.44444444444444
5.32888888888889
5.54
5.76888888888889
5.60666666666667
5.29777777777778
5.40222222222222
5.15333333333333
5.00444444444444
5.29111111111111
5.38
5.41555555555556
5.49555555555556
5.84
5.58666666666667
5.79777777777778
5.79555555555556
5.59333333333333
5.65111111111111
5.60666666666667
5.57111111111111
5.66222222222222
5.53777777777778
5.45111111111111
5.72444444444444
