0.00251256281407035
0.429250891795482
0.397435897435897
0.387725631768953
0.424261874197689
0.372258446947244
0.411052631578947
0.402640264026403
0.386150712830957
0.403446528129752
0.403014676715589
0.383527454242928
0.399455288243305
0.390163934426229
0.380415162454874
0.408444240477283
0.408318425760286
0.393673110720562
0.395450917797287
0.393179950698439
0.417680454176805
0.420246703530413
0.409279204639602
0.395867098865478
0.413237165888842
0.423699169217315
0.441101694915254
0.449409780775717
0.451286377056094
0.435964912280702
0.454622203461376
0.437881873727088
0.452612112806288
0.429848078641644
0.449124270225188
0.455636519502786
0.474462365591398
0.470511708586297
0.469954413593038
0.45125786163522
0.466149202242346
0.44767173812817
0.449195763044331
0.469817501169864
0.445
0.497411764705882
0.471772428884026
0.466497031382528
0.472588185295368
0.467400162999185
0.476534296028881
0.460016155088853
0.472932005197055
0.495310406431443
0.477349307375515
0.47233523189585
0.463941380640185
0.471727955713721
0.472222222222222
0.492300923889133
0.49513807856865
0.486349453978159
0.470319634703196
0.490220048899756
0.491190373871938
0.474989491382934
0.478731343283582
0.474882260596546
0.46983261969638
0.470798996775349
0.492525871981602
0.482092555331992
0.477000386548125
0.46486268174475
0.492190628754505
0.479472140762463
0.461273006134969
0.475565280816922
0.47606483226536
0.485647788983708
0.486532706284737
0.490505050505051
0.46468253968254
0.491010787055533
0.485667485667486
0.464
0.499605055292259
0.471858134155744
0.478933127174333
0.493119266055046
0.477358490566038
0.495160089352197
0.507373455559984
0.48268921095008
0.473458235753318
0.467970847717683
0.494408021596606
0.485428809325562
0.485521618405395
0.480286738351254
