0.252277952266666
0.322222425644444
0.271654212127778
0.236285083938889
0.244774921127778
0.224715477966667
0.207141783988889
0.1715675879
0.160872784883333
0.155074877172222
0.147062201794444
0.141942666783333
0.135995446922222
0.121020112205556
0.110547684977778
0.107420383011111
0.104803377111111
0.102445463127778
0.0948756352111111
0.0874377017611112
0.0816110857833334
0.07965844005
0.0750071222722223
0.0758777506944445
0.0717376063111111
0.0695615038555555
0.0673727104777778
0.0677613667444444
0.0699276412388889
0.0696581864277778
0.0647153104777779
0.0618644539555555
0.0595485531166667
0.0581406527777777
0.0605022142222222
0.0633099218388889
0.0648616033611112
0.0680579924333334
0.0691983254111111
0.0746719764111111
0.0721367047555555
0.0676264933611111
0.0667535943333333
0.0694046479277778
0.0677275759944444
0.0629105819777778
0.0665619259666667
0.0664283822555556
0.06385469325
0.0620014442111111
0.0632443117055556
0.0662116146555556
0.0626454492166667
0.06419534765
0.0655100271944444
0.0668823303222222
0.0677663955833333
0.0678930864
0.0658359554055556
0.0678621345111111
0.0666900133277778
0.0683371645611111
0.0652017034888889
0.0676013082444445
0.0680920553666667
0.0640626337277777
0.0674342560944444
0.0620700228222222
0.0623998664055555
0.0619884997777778
0.0590180798833333
0.0596435421777777
0.0596135582944445
0.0576286507333333
0.0603065339388888
0.0584007726388888
0.0597054848555555
0.0642093202888889
0.0650888914611111
0.0645730874888888
0.0684882583833333
0.0745186982055556
0.0709868575111111
0.0702065424333333
0.0668467700111111
0.0651776539222222
0.0662076505
0.0613734797777777
0.0649977397555555
0.0638939645444445
0.0644592925
0.0620641632055555
0.0630392981833333
0.0644234932333333
0.0668604561111111
0.0628155906222222
0.0633322646055555
0.0628465832666666
0.0645196121611111
0.0622417502277777
