NaN
0.0109611274587681
0.0228487389645974
0.0241319645720974
0.0334177528077022
0.0412291657905178
0.0587168820252391
0.0781847775679414
0.0911375421985318
0.0932308841954368
0.114973564662215
0.128122275236071
0.131668891537147
0.130604471025745
0.119034683387115
0.119045915057834
0.12229149416365
0.12750487921018
0.134752459572095
0.144393924466117
0.15847379165306
0.183246153291803
0.179054155164626
0.180449714981879
0.185909260089675
0.187890305641428
0.195549014765802
0.203785817269353
0.23448420528672
0.231455580017296
0.242673189824257
0.254604125919357
0.245146846832834
0.231176065195259
0.22541170400694
0.234326086914247
0.236461814368054
0.242916717749612
0.258542017841247
0.262719772404298
0.265839625341086
0.261202885235103
0.268269361009483
0.264774631831096
0.256339402098382
0.250542080734856
0.256043179474271
0.272523248758005
0.294466686531124
0.297301765717499
0.306864998706483
0.308344736750985
0.30503452331784
0.297717959634896
0.297647400302421
0.304458490862791
0.306776502053828
0.312387262439032
0.309070900836642
0.310572231708125
0.316298172602708
0.325970134309455
0.312283608082152
0.305245572102021
0.295026613710229
0.274495690787648
0.275457334697048
0.28877469880575
0.299674895770689
0.31489197382808
0.326341657337335
0.326528301749231
0.319173779517298
0.312883625908226
0.308450804574598
0.318984690822771
0.315741006512714
0.3251731593326
0.336064347809424
0.345574860090881
0.334374954416008
0.323713665020116
0.305223602768662
0.3033614278964
0.306546530974383
0.309222590957255
0.321231368824312
0.312102155521588
0.32050205455515
0.329581497297759
0.318975172432673
0.331034628929021
0.34128596272161
0.342568847786063
0.34481720675168
0.33238178545606
0.326264717035862
0.322313655277166
0.312687432359157
0.324827341485893
