0,25,99,125,83,206,359,382,494,145,220,111,289,405,546,70,221,284,327,539,288,530,50,112,181,192,232,320,492,159,428,440,541,409,476,
538,375,142,156,211,507,377,438,114,422,464,500,120,113,302,338,360,376,382,453,526,
439,345,81,90,342,25,343,410,172,17,100,63,301,61,310,123,47,58,413,455,201,496,380,424,457,530,
592,575,59,82,164,253,326,341,38,361,450,521,317,373,269,154,156,202,186,225,
287,3,31,46,364,418,151,404,430,110,211,270,51,364,388,407,333,387,72,403,428,447,511,547,345,349,355,386,
421,146,152,279,67,106,353,97,347,
364,287,3,197,351,4,226,281,424,446,211,470,
146,120,346,420,55,188,261,336,421,430,189,324,416,12,384,153,250,251,254,338,377,417,468,188,323,360,454,486,
334,527,195,455,
156,538,382,231,358,382,480,494,302,486,501,
120,25,146,214,123,84,155,61,208,350,274,299,547,160,62,399,520,539,24,209,353,538,81,156,160,454,485,
25,0,714,272,483,120,158,214,428,153,68,39,331,10,151,251,143,160,384,546,113,68,
61,120,0,155,385,216,327,352,
382,0,225,156,313,274,327,118,364,435,270,153,330,401,427,449,62,195,158,250,321,359,360,380,402,490,521,81,260,471,497,
25,439,95,21,184,194,334,415,487,387,67,300,355,397,471,489,521,
375,686,1,80,88,263,309,406,475,14,334,532,61,117,118,141,149,141,331,405,470,503,513,538,136,136,155,243,276,434,23,149,309,317,41,16,523,103,58,27,149,155,171,176,145,372,334,526,
270,287,88,384,388,3,24,265,418,421,
166,71,525,240,
88,338,82,270,279,308,348,46,54,73,86,127,523,311,120,367,516,
46,287,176,219,430,426,531,201,
142,538,27,121,360,283,334,36,440,522,372,
3,191,345,269,282,287,101,127,434,110,46,231,321,35,51,364,367,171,450,61,12,187,270,68,165,237,395,403,424,445,487,500,388,335,430,457,297,
427,382,288,139,253,12,
440,142,0,58,476,
494,156,
47,439,284,226,5,300,
355,287,25,
476,440,0,
160,25,120,201,239,344,376,480,172,381,421,
243,375,197,
284,296,470,110,295,47,86,146,313,375,
351,364,45,
338,146,265,
482,
27,375,142,56,
226,47,364,
62,382,120,198,479,489,
211,287,95,127,243,
155,61,
410,439,253,393,390,432,432,533,80,388,265,
250,382,146,226,
418,55,270,
424,364,3,186,
95,97,211,25,239,194,237,442,66,479,364,481,421,41,
535,529,475,546,128,412,202,451,
529,472,378,535,87,354,433,63,394,313,390,
176,375,
397,25,
240,327,166,
302,156,538,
380,395,439,
288,0,105,131,427,449,5,
106,421,
82,88,0,
471,382,25,
149,46,375,108,
201,439,160,265,46,
227,327,176,265,458,
239,95,377,441,
421,270,160,95,
2,
496,439,114,189,
194,25,95,58,
86,88,284,
360,477,142,
127,211,327,
300,25,47,
186,424,592,
56,27,
489,62,25,
457,3,439,
526,538,375,
81,382,120,
501,156,
259,59,362,310,549,297,
442,71,
265,201,338,
454,120,146,225,
117,450,375,125,391,437,486,508,73,128,325,225,303,539,
237,3,95,450,
395,3,380,
445,3,
141,375,
216,61,191,
61,439,3,
393,71,17,132,509,187,320,541,
438,538,408,
450,3,237,
494,
73,117,358,479,
108,149,327,
209,120,
197,243,
487,3,25,
461,
50,0,
480,160,156,
509,393,
430,287,46,
231,156,
126,
423,
486,156,146,
349,287,
458,227,
426,46,
530,439,
347,421,
156,120,
113,538,25,
352,61,
481,95,
72,287,
360,146,538,
5,288,47,
226,250,
338,538,
430,3,
541,0,393,
353,421,120,
334,25,142,
171,375,
176,227,
468,146,478,
136,375,
479,73,
390,410,529,
401,382,
348,88,
331,375,25,206,46,430,
160,120,
114,538,496,
0,82,
359,0,
225,592,
158,382,
265,227,270,
281,364,
377,239,146,
202,535,592,
327,61,
451,535,
321,382,
452,324,
331,
270,382,
384,270,
327,
41,375,95,
58,439,440,
16,375,185,
408,438,
455,439,
492,0,
265,450,410,
149,99,375,
388,3,287,
330,382,235,
393,410,
243,211,
195,334,
55,418,
415,25,
403,3,287,
255,356,
428,0,287,
382,156,
118,382,
251,146,
500,538,3,
24,120,270,
46,88,
527,334,
139,427,
364,382,95,
51,287,
303,117,
520,120,
188,146,
468,296,99,
105,288,327,
356,187,71,255,
101,296,418,
354,529,
80,410,
388,410,
382,538,
45,351,
36,142,
145,375,
549,547,
531,46,
310,439,
453,538,
354,
211,364,
161,
386,287,
185,16,
376,538,
66,95,
381,160,
345,287,
424,439,
219,46,
172,160,
285,
470,364,
455,334,
21,25,
12,427,
509,
497,382,
97,421,
296,
100,439,
526,
446,364,
253,427,
359,382,
239,160,
490,382,
442,95,
360,382,
547,287,549,
154,592,
225,117,454,
281,
232,29,0,
388,270,
146,284,
189,146,
301,327,
332,
54,88,
333,287,
539,117,120,
183,
46,331,149,
384,25,146,
373,592,
478,468,
299,120,
449,382,288,
202,235,
23,375,
123,120,439,
432,410,
128,535,117,
106,71,
253,410,
240,
216,71,
99,214,194,357,426,84,149,468,371,
473,290,71,
344,964,512,
306,491,153,484,366,459,148,259,143,502,450,237,324,428,475,153,25,146,
385,33,85,435,68,25,
433,15,217,511,267,337,480,27,172,375,258,326,351,402,
369,371,99,
540,16,395,39,402,6,316,531,431,545,407,343,27,320,155,98,76,227,442,252,378,139,177,
257,263,211,84,361,370,136,43,460,159,342,393,170,80,159,31,20,302,191,216,
199,469,502,278,368,199,34,507,125,248,361,592,
363,
93,269,592,
192,413,273,225,203,141,298,446,408,46,345,445,318,415,94,37,272,463,253,311,88,
91,8,499,430,145,47,223,92,283,142,
121,270,351,206,163,201,35,248,378,
344,24,119,25,530,0,
323,166,536,473,305,532,
184,480,137,263,304,361,113,12,398,330,429,49,42,246,437,471,490,462,113,213,327,
69,422,124,78,242,481,517,402,382,
90,134,207,313,284,
170,70,209,132,152,420,182,146,399,
102,454,393,241,332,110,236,205,286,456,546,502,198,157,535,337,75,231,295,544,297,