284,17,337,213,
103,174,28,148,141,70,65,263,102,431,410,4,228,112,0,450,500,407,548,
450,379,186,466,423,107,22,159,238,129,549,318,21,405,368,270,
381,380,526,12,187,488,196,250,373,480,115,256,526,546,169,325,62,287,9,175,344,30,544,458,548,227,481,541,87,136,292,305,384,408,323,400,
208,393,175,382,417,360,481,268,494,239,289,392,458,467,537,338,287,
112,379,246,541,50,402,378,103,97,283,428,
345,473,267,20,405,10,431,466,415,34,135,285,360,539,101,49,161,174,472,268,58,222,324,376,160,212,
425,331,466,103,265,515,2,169,192,388,403,414,458,299,31,
91,512,321,216,31,206,291,
88,393,512,267,304,405,272,329,534,538,69,6,392,434,40,83,33,72,104,139,150,160,171,311,313,331,438,151,335,478,284,306,428,
270,496,438,210,83,101,243,151,328,346,315,414,451,144,450,
539,253,
391,446,463,93,239,242,403,395,318,192,278,331,346,545,
90,522,382,187,
456,246,81,73,291,406,513,366,376,451,90,92,333,189,363,62,277,183,175,543,230,280,342,516,
223,46,49,173,175,93,228,82,7,269,427,293,201,259,247,280,370,415,423,474,275,330,
446,380,7,445,63,78,20,82,271,526,401,500,535,549,114,280,340,214,475,196,384,494,188,312,387,390,446,215,265,341,416,65,92,252,211,363,391,217,67,467,425,513,458,464,304,28,522,460,119,474,
17,321,267,519,407,12,332,92,480,439,525,381,44,141,150,194,284,378,494,116,84,103,458,492,104,413,437,497,
365,187,481,122,148,179,289,508,
508,10,61,245,408,231,
31,26,247,183,303,485,56,97,238,384,477,24,376,177,468,457,352,424,273,326,512,111,28,111,146,321,448,231,239,
463,391,
374,318,382,451,497,417,6,200,332,381,393,51,107,545,219,293,349,443,246,46,344,508,
430,337,312,192,
375,120,303,30,76,198,54,283,369,470,121,157,53,521,283,310,
474,246,337,365,32,153,457,478,419,495,
513,456,178,185,305,119,534,542,
339,82,393,13,484,129,425,443,65,85,318,488,
318,191,374,205,158,176,224,312,395,411,517,259,463,0,129,135,424,257,5,408,493,30,140,15,468,450,473,
478,62,187,451,278,138,259,385,456,246,207,290,382,472,170,
86,397,246,76,452,24,350,502,223,398,64,145,176,292,418,25,11,469,538,126,351,306,89,476,79,94,261,396,0,128,379,515,276,176,315,533,230,306,5,147,60,344,347,205,347,97,402,476,527,544,10,336,401,404,410,437,461,107,318,349,421,470,
496,331,149,15,341,270,293,334,231,481,183,535,429,124,205,523,139,247,476,353,19,494,183,367,50,402,234,72,344,36,198,292,301,358,
272,93,329,187,370,385,90,182,33,82,77,125,230,15,58,304,133,381,376,390,305,17,184,261,308,477,499,185,480,431,535,106,404,133,144,483,524,34,248,289,120,373,381,468,548,294,10,377,22,69,371,449,387,516,174,210,219,511,
390,272,446,416,216,261,455,496,510,448,240,
404,473,272,289,458,32,235,260,432,506,47,197,289,392,
497,331,
10,272,508,
531,27,37,46,340,59,63,82,215,344,83,283,149,248,69,28,246,101,178,308,313,493,547,531,126,178,361,325,463,473,
245,508,522,83,210,410,
396,86,473,342,58,110,218,308,149,205,355,54,375,497,195,463,515,456,
512,0,103,382,347,91,88,352,49,250,108,35,190,513,216,272,33,127,69,470,495,34,390,406,463,486,34,177,235,415,419,543,444,463,507,372,
187,62,263,469,396,208,303,146,151,430,494,268,251,93,241,384,254,413,232,238,365,89,69,426,470,359,419,158,23,406,259,380,454,531,203,22,168,373,425,478,68,168,213,245,353,452,265,540,478,204,541,90,321,346,349,426,237,509,
380,369,238,113,109,174,104,88,85,55,434,529,446,441,230,266,473,16,488,507,408,396,515,71,137,501,331,334,78,381,434,64,409,325,359,346,194,175,354,541,197,282,373,386,281,419,487,342,500,260,295,324,333,391,319,231,493,174,12,201,440,448,85,227,56,125,437,234,170,332,436,
234,519,171,182,452,342,76,406,236,249,375,48,93,491,338,
24,330,28,322,374,175,456,432,261,400,195,228,329,547,104,317,331,455,
250,381,27,475,506,56,368,390,480,405,31,
405,211,379,111,453,311,381,393,238,309,381,
34,345,272,426,
473,379,380,29,132,350,90,330,364,102,106,345,400,183,45,238,174,93,76,404,85,264,149,461,396,484,280,322,337,51,372,477,241,378,507,424,267,304,368,240,419,474,492,369,506,522,343,318,255,325,433,525,
103,425,17,
526,381,64,195,213,441,494,152,402,438,
390,186,512,321,300,342,506,304,
433,357,221,474,269,252,335,387,533,177,273,322,351,162,455,522,243,19,53,102,195,294,431,458,468,161,237,382,472,175,110,203,450,456,471,424,
382,179,294,309,167,512,302,352,367,63,265,90,452,462,499,124,60,155,205,181,402,522,79,189,318,194,262,22,270,456,152,119,39,81,385,444,331,342,197,286,309,318,384,486,
508,72,69,517,204,492,159,192,387,391,
537,143,208,
186,450,141,46,296,445,482,390,540,24,136,398,49,226,304,307,
357,326,433,248,509,64,135,187,213,240,348,417,502,
519,17,454,383,108,36,549,234,24,22,233,520,136,338,188,33,311,448,149,197,278,368,448,119,230,54,106,117,385,460,469,520,
522,221,147,228,110,90,301,379,8,542,344,186,347,40,482,388,332,67,90,373,477,71,113,515,113,268,277,393,491,245,243,
330,24,473,51,369,49,346,429,
379,86,307,187,82,43,137,354,52,56,112,327,405,434,22,461,472,493,18,252,440,431,450,474,525,194,521,143,198,405,379,189,434,351,208,545,
46,368,531,462,261,111,183,238,289,296,308,450,455,323,388,477,374,315,427,470,
337,284,485,291,424,430,164,237,288,402,371,352,467,330,28,6,208,367,62,474,543,409,523,303,494,
251,207,246,148,416,492,275,
118,337,78,84,277,452,288,223,427,47,480,103,280,68,231,50,10,357,44,486,538,203,129,139,415,197,533,43,82,381,108,124,122,162,291,143,305,263,372,224,246,267,547,48,357,83,116,131,361,357,
278,516,302,120,499,216,271,542,107,172,289,351,429,171,335,280,162,471,97,456,224,539,381,146,96,272,73,284,189,191,419,459,178,276,290,481,137,110,358,449,66,281,307,182,226,262,314,300,533,
205,86,318,42,150,394,117,144,154,525,
393,208,88,382,501,382,339,99,347,456,133,278,2,100,258,345,481,166,297,379,78,146,501,503,535,42,239,305,516,
321,44,528,237,444,130,17,71,385,319,386,387,384,410,535,97,91,421,366,387,493,234,272,27,82,202,326,256,382,158,150,113,451,484,328,524,205,231,431,515,108,488,495,383,81,94,317,382,506,204,309,490,292,342,
303,186,476,13,432,338,477,488,348,358,470,215,178,281,280,428,
293,496,474,407,285,440,154,208,343,517,214,511,352,
112,262,
69,174,246,88,67,384,349,229,391,548,34,87,134,520,539,20,
246,215,86,101,335,304,326,151,399,437,161,447,508,547,83,358,456,69,300,145,88,74,112,516,313,43,492,224,251,123,258,531,24,474,490,268,261,348,281,253,370,428,504,478,
135,345,318,
368,194,24,236,375,79,543,370,238,46,270,219,315,419,231,281,397,47,463,212,153,397,526,390,396,448,534,328,429,382,354,214,415,435,491,533,296,362,374,484,400,475,450,
514,116,340,182,381,432,237,141,367,110,118,230,515,230,21,389,445,41,33,68,102,123,131,314,410,330,542,443,
347,393,86,96,
262,112,196,
458,404,17,425,
417,45,424,374,531,544,23,41,7,470,488,44,541,408,118,174,488,
473,93,143,268,95,89,404,489,21,292,52,535,122,336,
408,381,508,417,
380,187,275,28,
258,246,393,257,454,248,
383,321,519,
410,86,290,
358,303,278,496,
250,247,512,
169,381,
321,187,
292,473,519,
363,456,
419,473,512,
126,531,
59,531,
432,514,24,
304,446,
450,103,
143,379,
545,391,379,
122,
375,234,396,
139,
414,425,270,325,
351,433,
486,118,382,
455,390,46,
64,357,526,
342,390,456,
208,337,267,
458,208,
285,
21,450,308,
524,272,
467,337,
151,270,88,
499,272,
485,31,
288,337,
97,31,378,
534,368,88,
387,321,22,
116,514,17,
175,24,456,
62,456,337,
108,512,
151,246,
304,88,390,
300,390,278,
381,405,272,
415,223,345,
468,318,
329,24,
506,404,473,146,
201,380,
18,379,
449,272,
248,272,531,
188,519,
144,205,270,
525,473,205,
213,284,357,
5,318,86,
491,368,522,
525,
367,382,533,
391,508,69,
49,330,186,
185,513,
219,374,
129,450,339,51,
448,380,519,25,
303,13,
228,103,223,
267,473,118,
159,450,
449,278,
506,390,
118,417,
470,86,46,
289,365,404,
83,118,245,
361,118,
417,357,
426,34,
325,473,531,
493,379,
461,473,
267,17,88,452,
214,446,
275,380,
226,278,186,
342,321,382,
443,339,374,514,
410,514,515,
187,381,379,
492,473,17,
53,
343,293,473,
25,86,28,
270,382,
531,417,531,
109,
268,522,208,246,
326,31,246,
131,118,
348,246,357,
352,465,293,
228,522,
351,159,379,
263,103,118,
0,103,318,
357,118,534,544,
318,86,391,
426,187,
119,519,382,
82,379,
103,
61,508,
51,473,374,129,
346,270,187,213,
183,46,473,122,
349,187,69,
268,438,473,
143,473,118,
278,478,393,
338,519,
90,522,
27,250,
30,381,318,
488,417,339,
519,292,
477,
97,86,
122,473,
268,345,
192,425,
509,357,
478,88,474,
314,514,278,
233,
120,272,375,
403,425,391,
338,
451,13,456,
360,345,208,
30,375,
215,246,446,
238,46,450,405,
470,417,375,
515,425,396,410,
72,508,496,
493,380,
85,
102,103,433,
85,380,
308,396,21,206,
340,514,
111,405,
289,404,208,
434,20,379,
390,368,
106,
34,69,512,
208,379,
463,512,531,
309,405,382,
305,393,
240,357,390,
405,379,450,
54,519,375,
307,278,186,
212,345,368,
106,519,
247,223,250,
437,17,
346,391,330,
508,365,374,
85,473,339,
516,393,456,
196,262,381,
119,513,446,
331,391,24,
427,223,
216,91,278,
22,187,379,387,
432,404,
69,508,
131,514,
231,380,508,
287,208,
395,
428,246,303,
48,234,118,
323,46,381,
230,456,519,
448,31,390,
10,235,345,
265,187,425,
331,88,382,
533,118,367,
35,512,13,
19,496,433,
108,321,
372,473,512,118,
404,86,143,
261,390,46,24,
480,272,
472,433,345,
325,414,
331,425,
194,379,382,34,
458,381,433,
330,514,223,
301,496,
192,430,391,
306,88,
290,224,298,169,276,343,350,383,530,260,203,410,478,
544,381,86,
89,473,
471,433,
25,448,
33,514,519,
42,393,205,
354,380,
382,478,
451,270,
6,337,
108,519,
28,31,337,
367,496,
445,186,514,
207,
137,278,78,
174,380,
203,433,
149,496,
195,396,526,
24,186,246,
438,88,268,
93,391,
146,393,506,
324,380,
236,234,
227,380,381,
65,103,
393,374,522,405,
368,473,519,
6,374,88,
529,
342,380,396,
322,24,
424,473,31,
548,381,
127,492,
467,446,
117,205,519,
31,91,250,425,
73,278,456,
149,531,
527,86,346,
285,293,345,
253,246,539,
182,278,
416,390,
2,425,
504,246,
405,250,
267,345,208,
88,380,
463,396,
192,508,
325,
28,24,446,
474,473,
543,456,512,
344,496,
110,514,513,
259,187,
189,278,456,379,
162,118,433,
7,223,
110,278,433,
34,512,194,
445,
383,290,
257,318,
438,270,
129,318,
175,381,380,
83,246,
327,379,
526,446,
170,380,478,
381,405,
283,112,375,
547,
424,433,
56,380,
497,17,
400,381,368,
511,272,
174,272,417,
336,473,
278,391,
436,380,
433,473,
520,519,69,
310,375,
111,31,46,
97,112,
128,86,
197,382,404,
316,
28,531,
543,
210,245,272,
318,382,339,
15,318,
148,365,
299,425,
291,337,91,
542,514,513,
338,303,234,
428,112,88,
407,103,
507,512,
444,512,
473,531,
133,393,272,
417,208,
247,496,
260,290,404,
107,450,86,
521,375,
335,433,88,
174,103,69,
296,368,
246,118,
369,473,
198,496,
370,246,223,
68,514,
349,374,86,
547,24,531,
256,381,
280,456,223,
456,396,433,
423,223,
248,357,
32,474,
157,375,
525,17,
306,
371,272,
12,380,
178,531,513,
490,321,
437,380,86,
69,531,272,
382,368,
434,379,
292,381,
49,345,223,
259,223,478,
477,272,31,
205,496,
530,290,
