117,33,212,
28,200,
18,192,161,
79,200,
161,18,
127,226,
548,
419,307,
415,514,468,
161,508,312,
456,298,24,
107,241,200,
20,171,
262,106,297,
190,35,472,
438,92,
192,18,
139,327,
279,241,
338,141,
512,485,
288,
514,415,
298,456,
312,161,
28,258,
39,499,
195,309,
421,421,
443,9,
266,205,
321,90,
468,415,
242,117,
141,338,
508,161,
385,291,
413,446,
85,287,
430,271,
489,
506,186,
289,157,
224,396,
471,
327,139,
27,264,
117,242,
288,90,
287,85,
92,438,
58,
90,321,
485,512,
9,443,
89,26,
186,506,
205,266,
307,419,
241,112,119,107,279,
137,483,
97,337,375,197,107,31,96,23,375,440,497,465,367,436,201,101,462,
81,447,120,69,406,468,247,456,300,533,452,60,268,307,255,455,44,382,464,68,116,88,127,218,349,27,5,195,144,458,323,26,321,258,28,
543,355,23,141,120,395,226,113,128,492,44,321,108,484,200,453,376,417,32,277,483,137,
459,434,404,451,398,416,55,505,484,365,5,266,418,461,129,252,123,
135,407,276,179,218,279,
491,147,188,243,204,354,317,48,121,454,539,85,360,304,124,128,242,479,180,326,257,342,24,435,303,349,460,182,118,10,322,278,133,314,166,358,409,54,407,548,433,348,61,52,357,498,212,2,213,457,453,37,299,136,77,189,374,402,319,262,112,275,282,460,326,356,448,549,152,427,245,248,61,340,187,237,86,289,500,509,1,435,510,306,87,267,390,503,47,470,84,422,148,75,445,283,226,359,441,239,514,227,112,399,100,300,224,378,223,166,89,225,137,203,168,110,343,270,119,170,321,539,366,449,275,111,32,466,517,380,227,36,131,104,475,200,480,357,63,429,275,494,362,480,492,125,295,446,413,
284,190,331,481,463,45,534,449,489,300,447,163,515,450,464,386,368,473,67,176,249,477,160,247,355,150,100,89,508,424,339,337,207,152,84,333,231,35,190,
331,317,306,139,376,244,394,486,481,16,115,3,109,78,541,521,155,293,378,129,85,547,547,438,109,442,214,346,99,467,91,273,476,384,86,380,383,238,123,118,230,429,387,96,
87,479,313,108,174,146,69,281,143,454,509,8,189,126,109,327,424,486,403,370,0,169,52,518,226,127,
328,527,172,32,43,394,295,413,193,445,1,517,484,40,143,513,487,407,119,
70,82,438,157,289,
532,163,311,490,139,170,171,255,41,118,353,490,253,149,292,489,299,401,113,516,346,