154,209,90,237,246,310,39,192,408,535,253,477,501,261,
440,83,50,184,509,385,403,366,100,144,170,
479,486,102,30,129,295,116,
209,111,206,401,432,192,27,154,205,193,362,377,538,201,1,349,128,78,116,387,494,522,94,220,261,279,382,397,535,86,
78,50,180,39,129,360,537,
97,90,440,113,130,206,242,195,170,314,473,395,
90,146,0,358,305,477,482,522,97,162,452,361,371,154,470,490,6,270,277,491,88,244,423,502,276,326,342,401,425,537,543,405,482,228,
526,538,256,409,147,27,515,209,217,257,73,126,175,268,286,372,440,472,139,424,
432,209,484,287,362,32,18,128,540,514,63,237,228,346,295,379,494,515,340,458,
177,440,355,
454,146,279,404,470,114,102,35,197,225,0,272,19,104,445,458,478,546,93,144,228,379,410,495,524,
468,421,460,455,84,273,301,307,356,522,69,260,261,421,440,
542,163,147,118,56,189,259,264,54,72,161,228,412,73,517,538,164,317,209,325,135,523,49,269,392,400,20,478,357,87,181,422,532,439,478,537,
75,267,114,357,87,
203,524,440,264,429,475,155,357,503,306,342,526,321,350,458,513,
524,445,203,270,166,49,261,426,142,
225,146,454,197,424,122,355,448,482,230,286,335,342,343,
146,346,420,55,188,308,261,336,421,430,189,324,416,12,153,254,72,417,468,188,323,360,405,486,98,209,132,302,428,454,116,195,90,524,522,29,447,533,538,117,8,402,348,524,40,250,522,435,225,470,52,57,79,102,165,253,272,362,183,509,537,217,258,88,453,494,12,
360,477,167,134,2,218,192,54,45,361,386,418,517,199,254,325,11,204,428,76,138,160,256,539,205,418,448,520,262,347,537,290,252,267,277,370,540,503,97,105,347,164,340,300,438,58,371,
272,522,454,181,216,367,
397,249,202,389,162,135,151,217,350,486,68,133,401,289,326,368,86,520,530,155,282,406,426,
418,287,360,18,269,
325,542,279,356,181,397,420,367,321,
287,432,418,478,54,
99,351,224,480,373,19,52,210,291,402,422,389,448,478,534,82,436,56,
193,209,452,
76,35,300,86,138,88,413,276,234,158,188,482,275,72,421,44,166,52,387,408,489,532,357,96,341,244,221,370,50,529,502,39,149,280,97,101,104,500,
482,76,90,401,411,295,394,60,423,8,193,177,487,109,137,
204,360,188,419,465,139,87,114,337,87,191,108,339,333,37,22,269,519,520,542,118,336,56,75,380,504,56,124,
491,90,238,186,69,260,327,346,376,380,386,5,452,546,342,419,382,
394,128,296,543,5,335,307,312,413,399,455,497,255,259,430,139,139,150,238,293,353,398,342,343,451,493,536,
421,146,152,279,67,186,347,45,327,55,306,45,402,130,528,144,15,478,533,69,12,394,455,280,415,446,458,279,19,458,108,0,197,310,315,410,435,113,468,387,531,209,130,351,
347,421,200,64,156,267,8,69,493,503,232,323,66,82,94,213,478,117,348,373,229,212,229,385,
326,140,0,104,213,178,55,545,70,113,367,72,75,46,44,274,386,548,162,257,294,415,
331,135,486,136,386,
422,99,542,290,511,
162,397,253,38,158,202,204,245,259,355,378,420,525,526,
522,90,6,92,272,82,130,351,85,154,175,284,319,417,57,142,463,158,356,369,419,439,
428,360,214,339,48,214,58,134,211,347,4,389,224,306,328,371,413,433,
428,146,103,161,538,283,453,105,171,124,22,46,173,285,117,173,362,50,399,358,410,33,57,173,268,272,489,538,286,328,349,522,416,138,335,445,
197,421,454,445,250,413,509,282,
490,230,10,148,294,301,490,442,531,
192,56,433,464,191,231,405,495,
440,203,0,58,253,294,495,124,38,75,215,462,524,36,128,162,325,177,26,249,240,199,534,362,143,97,311,34,109,180,518,529,534,509,73,216,112,362,14,331,457,282,283,
83,262,134,440,129,404,33,130,169,189,259,432,509,221,410,519,11,186,386,
85,351,487,14,485,11,82,359,430,
105,21,522,236,278,297,440,
88,76,116,405,
200,347,322,188,
98,146,214,162,204,372,
113,97,326,409,
180,78,
267,347,75,268,49,
73,542,324,1,141,
144,454,
404,454,83,403,
522,428,105,203,435,
286,526,428,
102,454,146,310,
453,428,144,212,
495,454,394,
419,204,
128,209,432,
346,432,491,
170,440,97,
31,139,351,
445,454,197,343,
6,90,292,
296,351,394,347,
470,454,90,146,46,
394,495,421,
386,326,491,409,
486,331,
19,421,99,
537,90,49,
452,193,90,
10,355,
161,201,29,451,542,159,
380,491,204,
355,225,162,10,
532,542,
503,82,313,415,
10,146,92,387,490,423,159,268,381,526,
418,360,
419,522,491,
228,432,542,131,90,
38,162,
211,428,63,
529,76,
514,119,432,
312,394,
257,326,
371,360,428,
465,204,
158,162,272,
301,490,468,
253,146,162,
420,325,162,
490,490,
186,491,83,
534,440,
493,347,504,
460,468,
279,421,325,
272,428,146,158,
57,428,146,
494,146,432,
372,526,98,
192,154,209,
259,162,
339,428,
370,360,
367,326,50,132,
543,260,394,200,253,
355,177,
385,347,
335,225,428,
426,524,397,
537,542,78,
116,209,
56,204,99,
405,88,90,
448,99,225,
262,83,
357,75,203,
260,491,
349,428,56,
87,204,542,
206,97,209,137,
343,445,
228,230,454,
318,
521,
146,10,
270,90,524,
464,
290,360,
144,440,453,
212,347,453,
191,192,
82,522,99,
18,418,432,
204,98,
256,360,526,
455,394,78,
54,542,287,
416,428,
295,479,432,
84,468,
438,360,
209,421,526,
39,78,76,
117,146,428,
276,76,90,
155,203,
261,154,209,
519,56,83,390,
105,360,
166,524,
423,90,10,
509,83,146,
0,454,421,
478,347,542,
539,63,382,496,303,430,
386,331,83,
362,432,
230,228,490,
12,421,
229,12,347,
356,468,325,
306,203,
177,482,
256,283,
148,490,
164,360,542,
72,146,326,
291,99,
275,76,
55,421,
179,
259,83,
475,203,
327,421,
347,428,360,
350,397,
70,
269,542,
15,421,
56,542,
379,454,
124,204,
181,325,
413,197,428,
216,272,
158,522,
478,287,542,
162,326,98,
138,428,
58,360,
25,
458,432,203,
409,386,113,
261,524,468,
531,490,
350,203,
395,97,
430,85,
439,522,542,
291,
509,197,
526,162,
88,90,146,
440,468,105,
441,
342,225,491,
128,
231,192,
5,394,
408,76,188,
56,23,500,192,341,389,349,489,519,
487,140,85,
403,440,404,
155,397,
536,394,
379,432,
482,225,90,
504,493,204,
382,539,491,
429,407,
57,120,548,
342,90,394,
220,209,
410,454,83,
416,
63,432,211,
389,56,
238,394,491,
8,347,482,
213,326,
410,421,428,
520,204,
1,209,73,
325,440,360,
191,204,
69,491,468,
367,272,325,
294,326,
49,537,267,
360,78,
86,397,209,
39,154,
424,526,
159,161,10,
413,412,445,
11,83,
130,97,
149,76,
142,522,524,
236,105,347,
307,468,
452,491,
535,209,154,
46,538,
425,207,
368,397,
387,421,10,
46,470,428,
531,421,
326,90,397,
401,90,
381,10,
114,75,
181,272,542,
279,209,
180,440,
70,326,
351,522,31,
237,154,
401,397,
333,204,
116,146,
435,421,
230,50,
490,90,
515,526,
167,347,
458,421,
22,428,364,
138,360,76,
188,204,76,408,
76,360,
412,413,
440,526,
57,522,
37,204,
93,454,
319,522,
154,522,
412,
139,394,31,
50,76,
11,85,
52,99,
336,204,
221,83,
268,526,10,
402,99,
362,146,440,
458,454,
264,203,
75,390,
65,
33,428,83,
348,347,
429,203,
58,428,296,
393,410,70,
315,421,
430,539,394,
522,146,209,
135,397,
486,397,
151,397,
94,347,209,
128,394,
129,83,
397,
168,538,
399,428,394,
252,360,
400,542,
362,428,
209,542,
1,
481,160,
15,538,
207,359,
126,
349,209,
188,200,
496,
525,162,
139,526,
143,
131,228,
501,154,
103,428,
356,522,
229,347,
253,154,
415,326,
112,440,
101,76,
397,325,
230,225,
240,
361,90,
322,
286,225,
434,
147,542,
100,440,
56,204,
306,428,
137,482,
382,
136,331,
328,428,
246,
442,490,
436,99,
269,418,
290,422,
378,162,
511,422,
109,
289,
479,
72,76,
260,468,
12,146,
52,76,
283,440,
27,526,
331,
359,85,
445,428,
343,225,
130,421,
495,192,
477,154,
224,428,
300,360,
406,397,
524,454,
245,162,
10,
515,432,
258,146,
21,105,
204,162,
52,
273,468,
382,209,
389,99,
343,394,
217,146,
463,522,
351,421,
525,
342,203,
548,326,
282,397,
473,97,
493,394,
451,394,
6,522,
464,192,
393,
472,526,
30,479,
397,209,
122,225,
135,331,
390,519,75,
292,6,
408,154,
340,360,
85,522,
222,
175,522,526,
73,526,
138,
289,397,
284,522,
457,440,
509,440,
141,73,
237,432,
502,76,
118,204,
455,468,
425,90,
520,397,
331,440,
530,397,
432,83,
92,522,
20,542,
502,90,
