311,350,279,155,463,374,456,34,365,525,86,129,170,287,476,523,544,
469,209,240,46,174,522,122,84,368,225,447,225,
27,375,56,241,356,138,112,161,51,40,92,15,400,88,228,246,276,346,527,226,226,506,269,385,446,31,520,175,373,269,392,
194,209,272,132,205,353,432,83,48,126,189,428,523,534,
482,76,90,68,401,411,219,295,
58,508,2,455,520,88,430,
440,203,0,58,233,253,294,463,495,124,38,75,215,462,524,36,128,162,325,177,26,462,51,534,199,512,534,362,97,311,346,34,440,518,529,534,
542,163,118,56,189,259,264,54,72,161,314,397,412,73,517,538,195,209,325,374,523,269,392,400,
93,76,20,99,166,258,151,296,390,
397,249,202,200,389,68,328,162,
541,209,10,358,436,265,230,397,514,
80,427,72,288,400,407,68,152,225,337,203,91,510,368,463,484,
428,146,250,200,161,376,538,283,453,105,171,22,56,173,285,58,117,173,335,362,440,399,
86,88,273,216,260,383,367,396,481,76,494,170,31,334,469,257,390,406,418,39,273,352,355,
453,538,267,136,
200,397,428,248,453,80,74,115,
394,296,543,5,307,312,328,413,30,261,328,399,455,497,
204,360,250,188,465,465,71,87,114,169,191,339,404,
508,82,58,4,58,0,74,357,2,115,167,268,426,516,463,336,
90,146,0,358,305,477,482,522,237,97,162,343,404,541,154,440,466,470,490,
146,346,420,55,188,308,261,336,421,430,189,324,416,12,153,250,254,201,417,468,188,323,360,405,486,98,209,132,302,428,454,116,195,90,35,524,522,29,447,533,538,117,8,402,348,524,40,250,435,
393,71,17,132,509,187,320,355,402,84,185,235,419,
421,146,152,279,67,186,462,347,45,357,55,306,45,402,130,528,144,15,478,533,69,12,455,456,78,415,440,446,458,491,458,
250,146,242,428,386,397,440,22,53,383,136,168,204,98,40,395,255,374,162,472,515,
526,538,375,256,409,147,237,515,
76,35,300,86,138,88,413,93,234,158,188,482,275,397,421,44,166,387,408,489,532,357,
50,152,78,363,265,360,535,
375,686,1,80,88,263,309,406,475,14,334,532,61,118,141,149,141,405,470,503,513,538,136,136,155,276,275,434,88,23,149,299,309,317,523,103,58,27,155,171,145,372,55,334,526,188,220,455,194,191,491,501,412,151,383,349,92,43,41,334,337,545,326,359,465,475,33,58,102,134,262,306,176,360,398,
360,477,167,134,2,218,192,362,416,3,48,45,361,386,418,517,199,254,325,11,204,428,76,138,160,256,539,358,448,520,262,347,537,252,267,277,370,430,466,540,503,
54,538,354,521,15,20,75,84,115,
347,421,200,64,156,267,353,361,493,503,232,323,
209,111,469,194,401,432,541,27,140,154,191,193,335,362,377,538,368,201,3,
454,84,146,279,404,470,504,
428,360,214,339,
326,140,0,104,213,178,55,545,
432,209,194,484,287,362,438,474,
10,541,30,92,
374,542,250,510,
423,250,474,96,514,
122,469,
56,27,500,192,341,
465,204,241,491,
462,440,256,168,421,157,219,408,71,
88,338,82,266,279,308,249,54,73,86,127,523,311,120,367,176,516,379,480,488,43,293,357,98,305,328,456,461,1,391,537,341,493,193,461,514,105,511,
539,63,464,382,496,268,303,96,
203,524,440,
465,204,375,39,
296,0,367,
327,184,364,99,493,275,144,150,225,278,397,476,504,529,56,261,505,
455,58,219,
522,90,469,166,
548,
99,327,351,
386,250,
154,209,90,
27,209,
83,194,262,
97,90,440,
305,
58,508,
524,445,203,
357,508,88,
192,56,433,304,
68,482,397,
15,421,54,
534,440,194,
78,50,
230,541,334,
85,351,487,14,
404,204,90,
325,542,
376,428,359,
128,440,
456,421,311,
192,64,
68,448,80,326,
267,453,
272,194,452,
535,538,50,
464,539,334,462,
503,82,313,415,
58,428,375,
343,90,
265,50,541,
510,80,
228,27,316,526,
200,347,
393,410,70,
395,250,
191,375,209,
219,455,482,
504,454,
400,542,
493,347,
312,394,
246,27,256,
205,194,
162,397,250,
98,250,146,
430,58,360,
185,393,
287,311,432,
470,454,90,
428,194,
269,27,542,
399,428,394,
515,526,250,
296,93,
75,54,267,
440,428,421,
167,508,334,347,
335,428,
302,334,180,
413,412,
335,209,
543,260,394,200,
105,88,
296,351,394,
383,375,250,
160,466,481,
534,440,
256,360,526,
367,296,86,
453,428,
177,440,
497,359,
412,413,
2,58,508,
362,428,
523,542,
368,209,469,55,
161,201,29,451,542,
480,88,
357,89,421,65,350,403,101,340,419,
3,360,209,
55,421,368,
88,76,512,
397,542,76,
355,393,
536,362,156,
48,360,334,194,
136,375,
479,73,486,102,
237,90,526,
71,204,
0,508,
365,311,
5,394,
307,394,
69,
117,146,428,
408,76,462,
193,88,209,
22,428,364,
275,327,76,
140,209,
520,27,360,
326,375,68,
416,360,1,
267,347,75,
84,454,
463,311,
334,393,302,48,406,195,455,516,105,184,233,59,242,327,390,230,89,357,167,462,0,517,267,464,
213,326,
92,27,375,
493,88,
481,86,
73,360,358,479,
536,240,
256,246,462,283,
116,146,
466,360,90,
370,360,
30,394,10,
96,423,539,
392,542,27,
51,27,
40,27,
168,538,
261,394,327,
34,311,440,
490,90,
523,194,311,
463,80,508,
81,
84,469,54,
404,454,
39,465,86,
56,542,
74,200,
267,334,360,
250,146,
115,54,200,
440,440,90,
514,423,541,
487,140,85,
520,58,
209,542,
33,375,
104,
139,
525,311,
73,542,
353,347,194,
359,375,
358,360,541,
40,250,
481,160,
445,524,
233,300,440,
64,347,
264,542,
461,88,
51,440,
512,440,
400,80,
138,360,76,
377,501,
374,311,
325,440,360,
418,360,
235,393,260,
12,421,
354,
419,393,357,
86,311,260,
455,394,328,
538,
339,428,
541,90,
516,508,
504,327,
262,360,375,
474,423,432,
40,146,362,
373,27,
191,204,
268,539,508,
194,375,94,
152,80,50,
429,407,
334,86,
377,209,
283,351,
189,542,
188,204,76,
402,146,393,
76,86,360,
46,538,
337,375,
168,250,
422,351,
509,393,
362,360,40,536,91,348,548,
233,334,
57,120,548,
150,327,
50,410,
129,311,
14,85,
512,88,
426,117,378,
303,539,
249,88,397,
87,204,
336,508,
491,421,
195,542,
1,416,
397,327,
136,453,
411,482,
166,93,76,
207,
255,250,
56,428,327,
46,469,
503,347,360,
314,542,
354,54,
382,539,
173,428,
539,360,
35,146,
425,207,
41,375,165,
421,
283,144,428,256,
53,250,
162,440,
364,327,22,
207,359,
15,27,
225,
23,
400,27,
412,375,
244,
229,496,
141,375,
500,538,
54,542,
262,83,
438,432,
166,522,
176,375,
279,454,
529,440,
151,93,
91,80,
126,194,
472,250,
304,192,
397,541,
518,440,
510,374,
398,375,
101,357,
340,357,
491,465,
355,86,
252,360,
500,56,
136,250,
273,86,
458,421,
0,334,
241,465,
368,80,
201,209,
435,146,
540,360,
362,432,
390,93,
277,360,
505,327,
328,394,
357,76,
189,194,
497,394,
170,311,
403,357,
257,86,
219,462,
266,88,
10,
328,394,397,455,
173,428,
426,508,
278,327,
517,334,
347,360,
162,90,
313,
350,357,
114,204,
169,204,
409,526,
45,360,
361,347,
216,
11,360,
346,440,
458,421,
78,421,
102,375,
387,76,
203,80,
496,539,
350,311,
74,508,
69,421,
157,351,
348,146,
132,194,
475,375,
436,541,
31,86,
20,93,
201,146,
385,27,
517,542,
507,207,
212,
99,93,
421,76,
511,88,
29,146,
448,360,
15,538,
207,260,
199,440,
316,228,
97,
514,88,
328,
448,68,
302,
340,156,
116,
443,
348,362,
493,498,327,
341,88,56,
534,440,
43,375,351,
447,146,
358,90,
413,76,394,
88,27,
88,375,
303,491,65,
242,334,
150,501,
165,41,543,473,
443,351,
353,
524,146,
463,440,
466,410,
170,351,
548,
455,375,
520,0,
202,235,
104,326,
482,519,
173,141,
256,382,491,303,498,
346,210,316,29,290,401,482,
363,124,480,156,46,108,212,271,250,
442,180,239,