394,476,107,173,
166,297,164,64,
289,473,18,241,526,
341,399,
341,249,275,323,370,
277,
250,366,
128,497,
194,11,
133,87,
318,276,
77,364,534,
372,277,
144,71,
4,83,
11,194,
2,204,
304,127,
0,245,
16,500,
366,250,
8,126,
187,489,
183,173,
6,157,36,142,259,262,
159,378,261,361,546,329,121,90,71,231,369,8,414,149,517,397,261,157,172,325,345,30,244,177,481,19,313,170,116,52,387,129,1,478,500,160,300,83,347,368,523,80,396,510,506,76,131,519,163,405,365,477,36,258,395,147,283,549,424,50,58,239,219,361,69,218,23,259,63,521,413,13,106,114,233,135,348,305,27,299,102,505,140,424,349,162,419,311,
219,449,0,520,159,222,243,284,244,246,191,375,470,214,391,217,436,111,514,102,253,297,399,341,
426,511,28,33,373,137,378,509,184,153,152,436,512,505,255,32,540,192,272,459,85,295,293,117,465,489,417,377,238,95,200,281,65,15,169,351,207,461,59,523,480,1,456,149,180,392,64,412,242,136,442,47,254,194,417,126,180,249,201,498,350,147,249,459,502,67,347,124,333,380,44,12,195,398,197,482,25,508,414,55,82,450,230,100,128,10,108,77,104,204,394,59,525,451,310,318,19,260,408,455,101,357,526,486,377,111,193,99,399,104,58,276,363,386,24,385,362,462,471,376,110,2,401,386,488,468,439,94,429,400,391,239,175,483,429,296,370,172,498,345,513,489,17,512,108,490,185,353,151,21,37,435,102,278,210,474,162,511,459,30,428,198,398,330,74,435,203,199,431,341,443,131,137,25,120,151,495,299,75,163,37,287,261,25,335,31,19,42,472,503,525,269,
532,272,166,388,445,296,371,
72,515,156,83,342,33,470,531,63,433,496,60,448,247,66,418,88,227,
10,498,61,202,484,20,109,343,147,286,116,215,384,176,467,313,269,531,171,402,395,416,419,69,430,338,306,
47,501,26,524,212,359,188,227,
250,72,88,123,148,256,402,61,169,456,385,397,95,123,112,541,369,22,522,47,208,104,318,284,220,528,310,433,353,197,194,201,257,182,320,11,494,432,292,184,314,142,546,286,75,
84,367,285,386,440,49,232,344,42,119,168,174,236,385,522,296,140,5,499,371,523,297,53,317,