436,135,818,581,915,108,565,782,564,238,637,635,803,345,438,622,515,577,271,282,167,426,741,253,400,715,477,854,555,923,507,389,542,289,229,440,251,98,580,454,510,693,79,367,33,309,388,633,517,136,572,975,17,868,919,907,11,770,618,140,659,10,147,142,686,793,725,819,535,248,928,0,998,613,505,808,84,844,652,574,922,979,154,300,208,77,602,596,100,16,670,299,576,26,90,883,628,980,950,88,714,894,997,491,717,357,171,710,859,668,
413,
330,
182,
283,
92,
687,
598,
913,
109,
407,
701,
773,
29,
648,
336,
799,
233,
849,
281,
368,
724,
721,
156,
210,
520,
605,
553,
846,
311,
681,
924,
379,
53,
394,
700,
143,
408,
259,
931,
982,
619,
650,
466,
123,
513,
258,
65,
539,
296,
815,
184,
224,
804,
370,
48,
500,
625,
734,
343,
256,
4,
37,
35,
270,
72,
742,
641,
526,
840,
20,
872,
627,
27,
476,
886,
401,
274,
999,
276,
372,
120,
351,
698,
46,
221,
158,
847,
827,
875,
490,
74,
130,
983,
118,
425,
460,
496,
216,
284,
498,
410,
247,
647,
486,
91,
586,
235,
240,
709,
89,
170,
779,
137,
685,
546,
175,
703,
146,
929,
502,
297,
835,
661,
990,
992,
18,
485,
234,
1,
451,
831,
730,
755,
419,
51,
196,
14,
810,
131,
797,
937,
817,
981,
110,
994,
508,
674,
584,
735,
355,
178,
22,
102,
533,
272,
590,
66,
366,
534,
31,
15,
751,
141,
525,
30,
695,
679,
888,
775,
523,
264,
593,
615,
550,
499,
288,
938,
117,
319,
468,
738,
603,
729,
514,
47,
307,
814,
612,
52,
384,
94,
186,
862,
683,
494,
104,
347,
563,
316,
899,
344,
583,
431,
852,
848,
617,
646,
111,
421,
786,
599,
614,
392,
406,
592,
257,
377,
845,
199,
965,
174,
86,
433,
382,
941,
246,
769,
144,
891,
568,
380,
920,
446,
927,
24,
385,
34,
707,
531,
566,
820,
939,
293,
267,
798,
488,
909,
164,
728,
910,
802,
970,
644,
678,
268,
269,
838,
906,
378,
228,
481,
348,
855,
873,
780,
364,
705,
692,
3,
277,
365,
600,
932,
63,
418,
321,
806,
961,
459,
861,
286,
187,
805,
183,
903,
201,
946,
747,
434,
471,
822,
951,
462,
897,
688,
153,
334,
876,
626,
624,
807,
105,
636,
159,
579,
882,
244,
225,
190,
947,
260,
87,
571,
237,
231,
675,
6,
356,
506,
106,
921,
504,
207,
825,
287,
444,
610,
230,
191,
828,
265,
391,
393,
863,
960,
126,
957,
750,
474,
655,
