203,524,440,523,429,475,155,357,503,71,342,526,321,350,513,96,175,199,204,120,367,41,200,
85,351,14,485,11,82,430,114,191,203,39,294,11,10,454,258,412,485,173,340,385,449,
146,10,5,522,39,282,
453,428,144,51,338,123,137,448,466,486,297,367,97,247,343,448,151,240,
6,90,292,201,17,192,266,440,447,4,223,226,252,312,346,458,533,
54,542,380,287,318,435,
524,445,203,270,49,261,110,46,142,439,264,271,394,435,442,
405,536,90,445,4,166,507,
440,83,50,184,165,385,366,100,144,333,164,92,412,352,3,413,135,55,189,203,428,224,
537,83,200,44,382,455,
440,203,0,58,253,294,495,124,38,75,215,462,524,36,128,162,325,177,26,249,240,199,534,362,143,182,311,34,109,180,518,529,534,509,73,216,112,362,14,81,457,284,59,282,283,421,522,223,240,272,430,485,325,84,526,153,317,374,386,512,
90,89,0,358,305,477,482,522,162,371,352,470,490,6,270,277,491,88,244,423,502,276,326,425,537,543,405,67,228,26,526,452,487,343,212,219,406,123,77,300,527,
83,262,134,440,129,404,33,130,169,189,259,432,221,180,11,186,386,224,412,459,75,394,537,287,136,246,312,320,461,428,212,226,156,
508,250,432,412,308,317,
105,231,10,155,278,297,440,117,463,17,34,104,258,315,328,470,474,265,316,465,480,
10,388,146,92,423,159,268,381,526,484,406,161,179,471,
73,542,324,141,484,153,100,48,66,165,289,431,159,267,506,534,
360,477,167,134,2,218,192,54,45,361,386,517,199,254,325,11,372,76,138,160,539,205,418,448,520,262,347,537,290,252,267,277,260,540,503,97,125,105,347,46,115,340,300,58,449,474,422,74,527,309,488,496,505,404,442,
193,210,50,57,190,221,285,352,398,203,375,189,147,244,223,263,524,94,
470,86,90,46,494,36,272,305,519,
522,90,6,92,82,130,85,154,175,284,2,417,57,142,463,65,57,356,369,419,439,297,526,93,192,223,518,327,229,269,302,383,547,380,
542,163,147,118,56,189,259,264,54,72,314,228,412,73,517,538,334,317,220,210,209,325,135,523,49,269,392,417,20,478,357,87,181,13,49,532,216,439,537,287,297,59,117,456,511,520,147,282,318,542,271,
459,57,418,8,233,405,121,
421,113,152,279,67,186,347,45,327,270,306,45,402,130,528,144,15,478,533,69,394,455,280,415,446,187,19,458,108,197,310,315,410,435,113,146,531,73,130,351,61,293,281,424,307,312,343,313,521,
32,81,397,200,225,270,485,516,
526,522,90,71,271,46,86,269,346,429,299,425,521,
287,432,418,149,54,89,71,397,161,225,367,493,83,329,295,118,133,461,520,58,141,320,471,537,
200,347,322,188,482,543,80,371,537,105,126,262,32,40,233,302,
129,394,542,
61,404,421,228,
347,421,200,64,156,267,8,69,100,503,232,323,66,82,94,213,478,117,348,373,97,229,95,460,166,182,289,354,154,445,450,183,494,
224,83,526,100,412,
491,90,186,269,327,376,380,339,5,546,342,419,39,83,380,529,544,75,199,80,137,518,78,227,
19,421,297,239,
180,78,179,354,444,452,462,493,167,353,366,388,400,423,
76,35,300,86,138,413,276,234,158,188,482,224,421,44,166,52,387,408,489,532,357,96,341,244,221,370,50,502,149,280,97,101,104,500,88,397,476,519,227,123,386,40,
380,491,54,417,240,107,113,412,464,302,75,78,256,434,
418,287,360,18,269,120,352,393,459,85,218,33,117,366,
78,50,180,242,129,360,537,78,284,528,348,493,254,3,237,497,302,385,
404,83,185,119,257,59,61,427,44,154,302,537,360,534,240,
490,24,453,76,481,74,216,422,61,401,274,
121,67,287,378,295,309,470,
177,440,355,104,188,192,476,483,405,496,136,163,5,17,112,280,316,386,
432,191,484,287,175,32,18,540,63,237,228,295,515,340,122,508,544,502,325,431,494,
428,47,103,161,54,538,283,453,105,171,124,121,46,173,285,117,173,362,50,358,410,33,173,268,272,489,538,328,428,99,32,335,343,148,301,236,210,494,170,388,183,366,448,
380,491,522,97,292,
462,98,180,
537,102,90,49,337,73,211,367,449,481,8,205,107,272,279,41,357,469,
536,394,405,439,504,
447,6,444,
326,140,0,104,178,55,545,70,315,367,131,75,46,44,274,548,162,43,257,176,415,54,81,192,196,89,62,347,372,102,226,538,443,538,340,454,
98,45,462,214,479,162,204,64,431,519,528,256,101,247,467,260,
394,3,421,69,129,238,474,51,99,343,536,123,49,389,443,496,59,180,305,327,
325,542,181,77,397,420,367,321,138,299,464,342,225,456,457,141,154,512,289,383,
503,82,313,415,181,526,229,292,300,346,
228,432,542,61,90,96,480,
117,105,542,450,
204,98,78,
57,193,459,191,116,302,173,227,248,254,263,425,195,499,
297,522,542,19,89,63,529,
270,90,524,
102,537,
528,98,
534,440,251,
119,404,137,
368,343,
15,421,
383,325,522,386,533,
544,491,432,84,
78,455,78,204,
81,32,425,541,213,
542,542,129,
75,491,83,
443,326,394,
56,23,500,341,389,103,489,
494,428,470,
412,440,83,370,
522,440,
154,347,158,
343,368,85,131,219,334,456,107,
39,491,146,
367,326,50,132,203,
537,542,78,
37,197,
466,453,64,63,4,225,209,247,471,533,
59,542,404,
230,
223,522,440,370,
493,180,
85,343,418,
86,526,470,
455,537,
430,539,394,77,
318,54,458,
316,105,177,400,
397,287,76,172,
82,522,432,
521,421,526,
496,177,
532,542,484,
197,421,250,413,509,282,132,74,229,514,37,520,527,
31,
445,405,
464,240,380,
170,428,
86,397,
272,428,158,329,440,
270,255,32,
44,537,404,
405,459,
527,197,90,
468,
456,343,542,
520,197,542,
183,347,428,
154,404,325,
388,10,
257,515,326,45,
63,466,
295,479,432,
352,440,418,
474,394,360,155,
81,326,
386,383,177,65,
385,85,78,
289,73,325,
305,394,470,
291,
406,90,10,
389,394,
488,360,
494,432,347,
534,73,
537,287,404,
110,
496,360,394,
401,397,490,
58,287,360,
18,418,432,299,
412,85,508,
3,394,
325,440,432,
116,57,
547,522,
65,229,522,386,
412,224,
276,76,90,
46,470,428,
221,193,
528,78,
54,428,326,
284,78,440,
153,440,73,
302,78,404,
141,325,287,
8,459,537,
309,121,360,
335,428,
342,491,
302,57,522,380,
229,522,197,
2,522,
478,347,542,
448,
158,154,272,
255,241,270,
96,228,203,
519,76,98,
430,440,
233,200,459,
240,464,453,
282,146,542,
179,10,180,
78,380,491,
219,90,343,
212,90,83,
3,440,78,
247,453,98,
374,440,
495,
461,83,287,343,
76,490,
266,6,
24,490,
240,380,440,404,
372,326,360,
131,326,
225,287,325,
77,325,
484,532,73,
315,326,
302,200,
161,10,92,
49,542,394,
229,503,65,
481,160,8,
419,522,491,
100,347,224,
334,343,542,
55,440,
272,537,
455,78,
97,453,347,
203,193,440,
107,380,537,343,
189,440,193,
226,83,6,
5,177,146,
410,421,428,
149,76,
186,491,83,
481,490,537,
147,542,193,
258,105,85,
191,455,432,
445,347,
165,73,
490,90,
381,10,
155,203,
206,101,137,
175,203,
343,90,428,461,
172,397,
428,428,83,
137,491,453,
105,91,360,
458,318,
417,380,
257,404,
338,453,
191,85,
299,526,
533,6,466,383,
504,536,
230,50,
531,
355,177,
350,203,
223,193,6,312,
121,428,459,
93,522,
386,440,76,
191,57,
262,83,
269,491,542,
388,428,
175,432,
71,287,526,
357,95,203,21,
368,397,
205,267,537,
327,522,421,
8,347,482,481,
475,203,
476,76,177,
294,85,
46,524,360,
162,326,98,
435,524,54,
75,380,
292,380,503,
227,491,
519,470,
318,542,
40,76,200,
41,537,203,
403,
442,360,524,
360,
529,297,
155,474,
300,503,90,
308,508,
346,503,6,
480,105,
499,57,
469,537,
84,544,440,
256,380,98,
77,90,430,
135,440,
536,394,
504,
225,466,32,
263,193,57,
210,193,542,
180,83,
317,440,
439,536,524,
343,421,453,
74,490,360,
17,177,
366,180,428,
227,57,76,
113,421,
367,537,453,
89,90,
95,347,
449,537,
136,83,177,
440,272,6,
246,83,
526,440,
92,161,522,
502,432,
215,
405,177,
392,
518,491,522,
431,98,73,
448,453,
114,85,394,
352,193,90,
122,432,
56,542,
360,78,
130,465,421,
230,
181,325,
463,522,
429,407,
317,508,
425,526,
4,405,
471,466,10,
312,6,223,
271,524,542,
340,85,326,
268,526,10,
154,522,
482,76,90,401,411,295,394,60,423,8,193,177,487,109,137,501,
46,538,
430,
444,447,
429,526,
204,
99,428,
538,326,
46,526,
505,360,
112,177,
120,418,
4,466,6,
101,98,206,
389,56,
74,197,
354,180,
527,360,
452,90,180,
115,360,
66,73,
118,287,
297,453,
135,397,
80,491,200,
149,287,
210,428,
51,453,
123,453,90,
354,347,
460,347,
117,428,
408,76,188,
57,120,548,
430,85,
144,440,453,
229,347,
509,197,
261,524,
159,10,73,
122,
347,360,
259,83,
33,428,83,
290,360,
95,357,
251,534,
412,380,
524,193,
280,177,
188,
425,57,81,
514,197,
199,491,
315,105,
26,90,
487,90,
239,
320,83,
431,432,
417,542,
133,287,
45,98,257,
413,440,
454,85,
166,347,
252,
100,73,
347,326,
236,428,
69,394,
453,490,394,
287,121,542,
319,
73,421,
224,76,
188,76,408,
293,421,
97,
349,397,
89,287,
192,177,326,6,
420,325,
439,522,542,57,
325,440,360,
57,522,
181,542,
326,90,397,
11,85,
87,542,
423,90,10,
70,326,
348,347,
129,83,
15,538,
138,360,76,
15,
187,421,
321,
295,287,
213,81,
252,6,
376,
272,470,
166,405,
36,470,
394,524,
388,180,
534,404,
458,6,
220,542,
434,380,
448,428,
313,421,
94,193,
264,524,
61,490,
382,537,
119,
