172,154,163,121,173,41,
96,0,59,
178,48,21,105,123,40,159,106,122,165,
170,72,81,116,49,106,141,126,36,5,9,148,
169,113,75,190,183,111,143,186,
19,142,17,160,191,38,132,119,121,3,62,138,75,15,73,128,67,140,
63,138,42,175,
133,159,164,8,153,118,184,9,142,47,110,5,14,42,124,105,113,143,141,67,169,58,117,8,172,16,32,91,142,184,
2,121,11,176,150,162,32,123,134,62,31,23,97,136,85,106,
168,50,86,132,171,38,26,41,
148,60,126,41,65,119,169,
179,96,191,84,78,129,165,
105,73,28,158,164,123,116,170,83,168,50,149,111,6,
159,102,168,6,152,154,118,139,178,60,5,80,99,82,113,79,
183,177,134,105,107,16,47,119,169,124,168,100,110,45,0,130,
48,60,50,26,76,191,3,172,
12,143,121,122,31,42,30,22,4,24,117,26,148,174,0,77,112,127,135,2,168,99,172,98,140,156,88,66,
186,72,177,130,80,96,174,
85,47,4,20,169,87,168,149,
162,2,149,24,3,24,138,
113,130,29,
156,82,120,156,95,163,
117,112,157,165,96,75,30,11,161,141,118,166,26,169,184,
142,110,55,131,56,115,166,138,
189,186,16,177,51,
110,135,73,
167,172,41,72,15,29,173,85,
82,24,148,104,156,181,156,154,108,75,109,107,
3,48,22,72,141,162,
185,132,116,19,18,3,19,26,130,25,
32,133,67,
160,136,132,123,169,80,11,161,142,185,159,103,119,169,24,73,0,30,149,139,47,77,167,166,73,51,188,176,47,119,144,64,70,24,81,77,37,73,152,26,27,176,169,172,45,154,166,86,40,97,156,52,156,51,164,140,8,144,27,178,142,
130,172,7,86,
4,129,186,105,138,138,
50,30,167,171,
10,24,123,13,
72,171,16,159,90,62,36,60,190,120,65,25,9,128,74,141,69,32,152,46,106,143,166,167,186,105,
186,21,165,72,
134,9,86,60,88,42,173,88,176,94,17,50,42,95,50,62,69,
115,59,139,26,177,81,177,22,
100,63,115,22,1,126,110,29,74,
13,43,180,31,24,124,88,129,141,
95,75,40,81,55,125,6,
24,59,107,
86,146,75,172,75,133,5,
13,172,50,186,85,148,18,95,58,168,100,74,7,50,139,
20,171,161,103,146,39,65,145,
149,30,47,129,158,161,184,29,
51,107,55,110,158,176,91,
75,78,189,136,117,69,141,
139,112,47,166,47,163,133,75,57,38,112,151,159,56,
184,133,117,68,101,138,144,61,131,186,
191,60,68,181,179,
176,144,169,36,51,
134,169,24,56,10,94,21,
69,92,134,84,6,67,130,17,144,129,72,147,60,66,96,7,56,75,18,102,
24,162,108,83,
141,124,145,72,2,137,
92,34,27,103,60,
186,77,187,73,160,59,13,35,147,66,141,
181,152,144,144,0,112,111,85,180,172,183,102,153,99,62,8,
168,122,85,9,79,
22,41,29,38,134,107,140,47,187,163,58,
65,18,50,135,125,89,20,94,180,93,185,188,72,
2,43,188,45,72,42,151,11,186,23,73,50,109,82,160,12,175,
26,1,32,52,92,122,165,32,91,31,48,48,151,117,111,
72,161,123,1,88,106,2,155,28,107,126,
20,127,85,127,134,190,0,4,140,74,119,
112,154,60,181,61,114,141,
47,8,135,34,15,139,47,16,187,
21,55,39,7,57,
7,138,162,55,129,39,110,150,120,36,152,105,135,41,
172,89,91,115,
127,20,163,120,17,13,81,143,166,140,171,
134,41,50,28,55,131,
139,86,31,2,110,13,159,112,187,187,82,157,
77,73,102,
33,132,10,141,
122,178,22,40,94,134,3,28,32,188,6,
144,147,6,41,45,31,160,10,85,49,75,10,28,181,89,191,162,176,40,157,177,
32,131,6,36,110,162,
102,69,133,139,142,181,110,40,138,
10,78,161,100,33,53,7,
70,55,95,30,175,2,89,41,41,
166,81,135,177,116,18,26,
1,57,141,58,103,143,176,26,91,3,65,23,158,10,66,142,54,34,74,75,60,172,70,158,80,107,
44,15,106,127,3,60,77,96,50,
55,134,127,
2,8,9,168,139,114,141,134,
50,149,5,55,145,158,19,51,76,60,68,42,87,110,175,119,25,177,168,26,172,168,155,105,189,122,
114,132,177,
172,181,133,80,50,14,
60,154,111,51,40,
56,6,142,139,159,
112,139,41,187,
78,9,42,168,171,89,48,189,64,37,147,150,91,45,155,190,120,145,135,130,167,103,24,112,113,171,83,162,162,80,3,18,123,
73,36,2,186,141,99,40,52,110,17,79,155,153,
17,22,25,148,1,23,38,34,149,67,149,164,88,
176,133,0,148,87,14,105,63,129,18,16,186,140,58,
184,154,179,120,116,149,103,
30,18,50,4,127,154,103,108,79,110,31,50,126,123,121,70,
59,5,119,48,49,108,96,81,24,29,76,
164,141,9,8,100,
6,159,60,178,117,
130,85,89,97,41,106,180,178,73,139,169,113,162,102,
84,169,80,
191,112,64,126,
4,163,20,
100,32,62,79,85,80,121,31,157,142,96,119,183,
162,40,164,109,19,
21,178,10,82,31,86,39,138,
38,22,17,
78,10,95,160,74,120,183,2,124,13,102,
16,189,176,108,5,24,89,101,164,4,172,84,63,76,106,174,67,35,70,
169,134,1,91,
154,5,159,112,109,109,172,140,5,5,184,186,
154,106,17,17,172,55,115,122,138,
138,74,185,94,101,121,100,103,52,66,
138,184,39,99,49,28,102,
154,55,87,54,30,103,2,84,
156,10,18,87,43,161,182,
75,55,20,5,49,177,117,21,
60,60,127,191,48,52,87,
51,50,126,45,160,110,93,39,177,1,160,38,
138,99,130,8,169,17,94,68,31,9,182,120,83,102,188,4,40,188,47,128,91,
170,157,186,2,4,169,103,120,98,148,124,5,171,58,186,134,9,149,
26,42,127,
10,125,29,28,125,97,41,113,45,127,115,120,75,
42,43,93,170,144,60,134,18,68,35,177,95,15,134,81,142,73,
174,148,12,75,50,82,52,132,84,97,181,
134,111,47,80,78,135,151,
92,16,102,26,18,31,14,51,66,24,43,136,150,135,
127,154,68,58,136,55,173,104,26,
23,175,2,17,95,70,53,162,
86,49,112,22,9,7,62,73,
175,70,28,23,57,177,18,184,171,98,124,107,142,
42,174,163,166,
177,38,21,17,
181,37,132,18,5,11,50,95,
39,26,82,134,145,
17,15,127,177,127,161,61,27,54,113,19,73,
88,17,164,151,136,108,123,124,163,3,53,172,153,190,118,90,161,17,
85,80,189,2,108,8,5,
40,32,75,85,41,
139,55,81,102,81,
8,47,15,85,61,
186,187,2,146,67,79,70,18,158,126,183,
136,150,56,149,136,49,57,75,135,179,166,188,
111,68,186,46,
102,170,55,92,126,101,103,140,1,92,108,6,130,
134,122,22,119,2,20,87,99,52,
107,184,4,187,37,155,51,24,
118,88,79,90,112,
127,12,54,67,4,60,30,164,78,103,116,96,
40,128,47,116,142,188,59,95,99,26,9,30,173,0,161,
11,80,52,110,162,77,17,48,
179,111,10,
87,117,134,4,100,183,40,103,
80,42,5,116,136,181,60,131,103,0,133,
174,3,12,96,5,41,16,30,32,42,91,41,186,
70,92,95,1,148,38,30,
43,105,183,121,15,42,8,153,92,133,110,74,121,17,
136,80,7,153,
36,73,1,50,165,139,
124,181,127,123,45,
67,5,92,148,142,109,100,162,73,77,80,50,12,
64,9,129,74,148,85,22,52,99,111,1,139,186,191,
91,99,165,134,182,158,
22,32,168,92,115,115,100,25,12,28,10,136,72,
90,88,118,
173,15,7,100,
132,64,185,65,52,27,154,187,114,33,88,185,55,82,73,66,
112,14,139,139,
176,50,29,30,160,61,32,152,18,
141,90,33,146,140,142,25,
177,189,42,159,44,47,64,149,73,114,126,
64,122,85,55,44,102,60,18,149,
135,136,42,57,21,116,
58,176,133,107,131,160,122,50,
4,189,14,91,46,173,83,58,113,87,
171,8,121,175,134,175,18,18,20,146,
8,63,135,139,
129,59,111,22,
65,131,148,
32,2,14,176,135,174,92,27,
181,80,82,31,47,3,
25,50,79,91,144,179,120,143,141,178,121,139,138,
34,1,91,47,43,67,112,
134,171,39,78,91,75,95,
17,3,43,136,130,92,3,118,101,189,
29,101,1,70,176,59,
39,4,30,21,123,80,50,
50,174,181,177,130,
94,138,41,129,112,43,150,
160,85,188,51,
94,96,119,119,7,178,55,
55,154,142,7,42,47,95,138,145,189,35,21,148,9,51,
60,134,1,
120,7,81,180,124,38,184,
186,60,50,35,112,182,64,100,173,50,67,187,54,
142,60,73,
84,91,60,179,36,92,
157,50,183,47,26,88,117,68,141,135,54,
54,157,10,164,154,103,28,111,23,
53,64,136,117,43,
87,117,39,54,122,145,165,141,154,93,
82,75,162,92,13,1,168,24,21,189,
154,171,29,15,112,154,128,127,145,32,135,60,107,
148,29,170,110,165,
85,91,122,15,189,15,34,46,15,79,160,154,178,130,
45,148,105,32,70,38,
92,17,69,180,164,70,147,32,
52,26,3,108,11,7,123,153,171,9,
135,157,171,80,75,16,145,89,47,110,36,52,76,19,
121,2,5,109,171,152,181,72,43,
42,92,112,110,49,68,32,48,85,144,88,139,
28,22,54,72,177,
186,170,140,115,189,94,160,84,41,4,126,84,39,189,187,110,186,119,
22,162,3,69,36,106,17,63,86,91,3,154,38,120,171,129,128,
133,18,76,139,139,176,169,98,5,1,91,138,68,127,
134,17,153,65,87,182,68,
103,153,102,80,154,111,143,
108,85,52,12,186,185,116,48,24,142,159,138,
94,157,48,99,3,105,86,140,166,5,58,183,107,121,
73,177,157,84,
72,65,150,77,5,186,
163,42,32,12,4,42,156,
3,130,135,
12,22,79,
185,138,65,
120,127,170,111,21,161,78,6,133,
122,25,96,123,107,111,78,49,154,160,104,26,47,81,147,114,168,
80,159,1,84,
34,67,91,158,169,110,65,
40,73,180,186,
31,23,73,30,6,3,136,139,68,115,108,84,26,13,141,92,157,
120,66,31,137,137,186,188,126,161,25,
185,124,77,35,114,
113,148,41,
9,164,170,42,0,116,104,101,55,123,37,134,84,183,168,14,2,
111,16,183,103,110,9,122,66,119,12,91,189,114,129,26,
90,141,147,32,49,127,41,25,27,19,73,5,
138,108,142,47,154,
138,7,25,10,3,
77,185,186,136,161,100,
96,44,166,86,167,69,184,170,179,23,86,76,
51,91,114,
73,110,189,90,
73,132,53,77,178,86,
187,186,63,42,107,186,89,103,
71,8,13,66,85,158,20,
177,48,115,186,158,15,85,55,
141,75,117,137,147,
55,80,94,165,106,156,139,12,190,174,154,158,75,106,94,70,167,177,16,132,
3,64,145,172,65,
177,41,75,143,155,131,40,71,140,92,28,
158,34,86,172,91,130,34,
126,41,120,122,102,191,132,149,
50,2,67,30,28,88,164,132,145,39,68,142,176,134,120,160,13,48,49,58,99,47,7,
96,42,44,124,
119,35,186,176,89,63,143,50,
117,133,87,154,75,20,87,130,
168,9,22,116,46,159,52,166,68,16,35,128,67,13,134,50,143,6,108,
88,161,42,36,97,
3,44,185,88,38,190,
40,128,189,122,178,48,65,119,162,123,
82,39,148,
130,158,38,25,28,
68,27,156,183,
6,78,49,141,119,24,5,82,145,54,126,175,47,143,155,
141,170,1,115,23,66,164,169,39,104,94,101,75,
67,85,16,80,102,
60,64,80,92,43,138,174,
114,116,51,110,140,88,30,38,125,185,114,2,
130,69,138,17,172,77,145,
111,152,82,59,90,70,86,157,9,98,34,60,27,89,103,54,
29,138,66,113,126,
81,107,106,162,120,2,109,141,170,120,123,122,42,119,64,77,
96,62,62,
98,17,75,121,
24,180,82,
60,35,42,159,52,95,68,147,46,161,36,
49,42,15,108,
80,164,133,11,6,31,23,91,157,172,4,83,
80,47,61,82,102,67,85,90,135,134,186,180,26,
149,64,85,17,43,126,
32,81,26,35,170,76,151,171,91,29,
66,115,179,145,161,29,186,108,
81,133,59,183,
179,96,25,80,66,118,158,9,77,31,65,184,94,
108,88,31,16,94,30,66,82,
7,105,87,60,154,78,119,111,
111,62,134,160,55,14,109,176,181,179,48,71,24,
183,111,108,44,165,46,
119,29,81,150,94,67,165,52,35,32,122,19,50,44,160,59,23,99,102,107,173,
52,64,22,132,60,6,40,150,138,177,162,110,
67,186,186,148,78,121,113,89,144,51,
110,190,135,148,112,127,
124,80,14,39,141,181,146,163,
133,161,102,99,43,43,80,24,80,73,14,64,32,96,120,119,184,165,
151,32,77,105,14,
191,188,103,
114,164,111,183,
7,8,88,23,10,65,94,52,184,130,26,173,173,
181,174,27,124,191,96,
15,166,49,17,21,175,
88,134,49,60,
15,44,85,72,142,107,157,35,158,140,86,8,173,180,184,
68,111,63,47,
190,20,10,110,146,
130,27,185,186,50,62,
161,164,23,88,77,
89,21,27,
39,82,7,107,144,9,81,11,49,72,
145,55,87,31,170,56,182,11,146,
115,138,66,173,191,131,74,154,21,142,119,9,74,79,80,83,
0,181,183,96,124,40,
188,173,124,140,160,191,136,44,
40,88,52,63,144,138,177,
160,128,82,60,9,173,78,115,137,73,8,125,115,186,150,77,50,186,
5,67,94,75,72,66,
161,129,27,0,162,70,6,42,120,133,175,110,96,165,80,17,42,68,98,72,189,
95,161,65,123,28,134,99,
165,78,155,61,90,111,164,94,91,148,
107,80,51,13,63,156,65,63,82,93,104,8,
182,156,145,
81,91,52,153,115,140,166,139,127,
85,145,13,154,80,118,163,165,171,16,166,108,91,175,9,67,
63,106,105,107,40,
72,170,88,5,87,105,106,22,
24,91,82,110,172,162,27,
91,15,144,157,191,22,98,
104,7,82,173,110,113,107,
186,11,67,39,1,160,165,
161,26,6,43,38,149,130,95,180,120,103,140,20,40,124,
83,169,24,
169,141,115,78,109,176,63,130,
25,144,17,
49,6,136,23,138,20,86,
119,115,40,
142,42,102,99,175,
31,79,138,120,50,89,133,146,23,48,2,166,
39,97,50,21,169,138,133,
91,115,75,172,151,169,179,
102,75,163,26,66,110,135,137,29,144,139,60,67,77,171,
76,16,50,187,180,
87,65,181,60,101,
135,82,132,3,65,166,11,8,49,112,
48,108,186,178,62,128,
157,99,6,105,73,41,167,155,
28,99,33,191,122,134,58,183,109,123,116,
9,84,39,76,
161,66,17,
100,138,173,75,
66,14,120,187,5,75,29,142,134,180,5,
148,70,82,124,
144,42,181,64,9,
184,7,110,159,147,156,117,
143,177,12,25,71,53,
50,13,31,186,
106,30,36,33,39,
136,98,41,181,17,173,92,166,36,53,88,75,13,91,168,24,54,
50,186,29,36,108,174,
60,160,191,0,186,147,34,84,84,148,21,99,107,
190,169,160,2,106,178,
34,17,75,99,
47,3,110,64,2,37,64,166,
106,178,131,21,63,170,70,8,
89,130,8,153,18,67,70,
29,150,185,134,105,22,154,173,148,30,127,64,
3,31,17,46,190,65,52,152,47,174,138,38,
123,105,141,95,10,116,16,
165,186,16,186,55,151,190,
66,111,138,69,
24,23,16,126,165,10,134,108,13,189,112,
171,103,135,168,22,133,16,114,82,178,50,
64,133,47,177,29,14,
88,40,28,72,47,13,
38,105,121,30,103,130,138,29,74,87,106,55,70,152,
124,13,78,181,96,144,
70,111,49,94,175,164,105,175,
147,37,58,54,84,
74,38,138,3,29,
77,160,179,148,73,151,178,24,40,
86,60,158,96,21,14,134,149,111,139,170,127,177,123,157,130,168,
62,2,96,48,190,
8,75,11,129,102,94,73,117,20,16,20,165,126,13,
129,8,124,4,183,
96,117,174,122,100,179,94,69,190,19,133,186,131,
123,9,28,122,115,72,88,127,79,135,178,110,121,
175,53,171,15,126,166,70,
12,108,7,2,58,63,
107,27,31,25,175,100,191,39,122,95,38,184,58,22,17,100,54,72,
42,101,134,115,119,177,162,
99,12,73,91,119,
78,138,134,134,
21,120,75,103,
133,160,86,81,
177,40,51,43,40,53,122,50,52,12,168,
172,24,88,166,147,44,
10,21,191,54,67,44,76,190,191,68,88,50,154,
131,177,119,65,96,96,
180,120,161,92,169,24,76,66,133,13,78,
101,9,16,66,152,48,29,42,115,75,166,16,63,29,18,
144,184,187,48,25,39,
67,10,148,186,34,32,89,102,
85,64,71,141,
27,68,89,21,43,92,32,
47,68,21,139,
68,44,30,102,133,167,168,51,
51,92,85,67,146,
143,126,127,71,63,
12,143,26,
126,1,24,164,179,29,58,100,
99,142,50,134,
108,59,168,182,24,15,133,47,
95,134,60,173,
59,111,47,154,186,89,129,160,101,
27,17,181,160,130,149,
153,43,38,110,103,134,
43,26,101,99,18,39,168,127,57,177,16,153,185,121,50,88,82,47,65,142,
84,16,107,31,129,77,9,73,
94,165,115,75,
145,61,17,50,66,18,141,
113,4,67,
105,176,157,105,178,29,7,112,155,9,151,41,45,172,4,74,
75,82,47,143,53,66,7,171,100,20,26,94,117,191,82,33,27,98,16,170,185,102,19,149,86,182,8,137,174,118,82,
75,103,28,8,41,60,
164,92,161,54,181,25,114,162,
148,14,102,113,64,116,61,67,4,
76,135,103,133,40,188,59,
141,81,43,164,26,86,187,127,150,47,74,8,4,74,
116,185,170,8,
14,46,83,10,66,112,
154,59,190,2,56,
188,47,135,135,40,2,53,43,80,187,82,151,47,39,65,
163,139,48,172,127,159,5,22,
37,128,71,181,131,
110,111,7,151,100,92,51,124,
119,100,7,
27,161,13,175,90,3,10,111,84,181,39,56,24,
38,81,191,177,51,189,19,18,47,43,
175,2,17,51,
75,139,1,5,19,37,125,40,
45,144,124,
65,3,183,107,158,40,140,95,87,134,138,
30,169,91,149,73,28,68,
167,122,50,
183,28,78,
127,133,123,12,20,93,121,
60,103,6,86,77,52,43,89,119,186,88,74,30,60,104,120,124,108,120,173,7,62,135,63,142,159,
105,94,54,47,38,107,122,162,94,183,
70,126,41,16,
187,66,107,76,
135,188,188,110,181,84,114,60,151,39,4,91,191,121,130,106,123,36,
75,25,101,162,187,95,126,141,170,69,94,72,136,150,126,
63,132,103,187,56,136,129,143,71,100,110,5,
73,124,103,93,82,156,128,140,103,63,23,87,93,10,105,168,138,40,142,184,79,
36,136,176,6,106,39,60,
181,24,121,45,
103,91,186,60,34,166,171,127,142,175,63,73,76,49,76,20,30,161,21,191,
1,100,
10,179,69,73,118,158,67,62,73,50,156,157,39,114,80,6,142,136,
41,70,87,22,130,176,145,188,39,136,134,62,166,65,113,112,
99,104,
164,18,126,6,105,97,
8,164,141,116,18,
1,93,72,144,56,28,169,
110,51,50,120,149,154,87,157,142,32,123,32,11,7,73,60,102,
6,161,144,28,56,176,96,95,
82,30,80,111,135,89,24,
129,44,149,176,40,49,84,156,48,67,112,139,183,23,
145,56,85,15,62,117,160,85,124,16,50,79,132,78,3,41,124,66,
23,7,121,174,
152,159,148,121,34,
30,115,83,156,31,126,82,165,39,54,154,106,95,
41,70,134,136,
75,172,112,84,41,109,21,188,169,32,87,53,101,134,
14,151,142,24,
139,131,102,8,129,115,122,
181,164,136,40,124,91,69,32,131,180,189,191,140,
138,40,162,29,63,191,78,190,
120,31,8,110,81,36,154,91,140,122,160,10,156,184,133,
18,89,69,64,164,36,
35,18,0,17,60,105,119,35,32,94,
4,56,85,177,142,54,116,104,72,158,
155,50,157,154,141,67,
110,24,183,
57,148,21,135,30,132,
31,120,167,30,27,
7,110,104,
169,138,35,34,84,30,83,
17,19,95,111,20,145,98,35,107,134,142,36,
32,84,58,95,
138,21,55,4,52,
157,135,15,1,78,98,156,
186,9,103,134,155,40,67,159,26,108,134,54,48,187,156,114,46,176,120,45,26,154,
47,181,38,34,190,54,
91,23,51,4,42,103,186,20,169,34,85,58,
162,11,166,144,72,130,180,
21,106,27,26,177,11,23,15,126,183,145,14,186,47,89,39,135,27,119,109,2,
75,34,183,40,
161,156,10,
166,101,136,85,139,15,13,162,152,69,
42,63,187,26,124,103,135,55,91,126,
108,85,102,35,49,
172,3,86,56,126,76,179,
188,120,84,67,6,64,106,64,135,165,142,
151,139,4,91,
79,159,30,
63,68,16,60,67,145,22,12,
18,35,42,156,120,37,1,
166,123,147,103,136,172,93,
28,169,65,89,144,104,75,95,54,50,87,56,
42,91,96,63,65,47,44,6,163,114,
154,77,85,109,14,30,115,155,174,178,132,117,141,
117,53,6,
55,111,165,38,100,
1,165,186,36,29,41,126,19,176,
152,166,181,176,38,
99,95,60,138,181,
109,121,154,46,101,
32,57,100,47,40,163,119,125,156,
41,63,30,74,75,168,144,121,171,132,167,144,126,145,94,157,17,67,34,
115,106,31,160,100,35,99,111,26,29,91,154,26,190,94,
18,165,126,109,5,65,187,106,8,132,101,137,97,13,
49,103,122,
112,105,25,116,105,48,94,106,166,191,136,62,105,34,
47,59,55,32,40,138,134,30,164,50,134,149,138,
126,87,70,149,18,32,119,65,6,126,186,84,42,164,182,143,75,100,177,
95,17,181,163,70,9,75,42,23,184,
91,158,25,32,30,
154,22,154,82,130,178,
5,20,133,92,16,154,90,57,45,
186,40,166,13,
29,167,100,101,32,
42,161,80,
73,17,130,
71,143,143,
28,30,105,
23,129,31,
190,88,154,55,62,
18,101,38,
88,10,132,
147,172,
6,36,40,
150,75,136,
101,109,17,87,
119,99,133,
39,124,21,
190,96,
9,115,95,64,
135,7,32,
178,85,171,6,
89,59,
40,76,177,102,165,
95,32,156,70,
184,175,120,107,
181,27,
36,84,88,135,
18,181,176,13,
173,188,127,
8,116,89,106,
81,32,95,
124,145,175,119,
41,7,40,
187,139,22,112,
2,78,190,
142,133,10,188,
165,178,183,133,
126,148,175,72,
74,105,115,100,
36,32,17,
57,72,136,
23,96,24,161,54,2,
11,186,117,135,
155,72,
64,81,188,53,
72,75,121,3,
16,47,8,
38,45,168,
7,21,86,12,
13,8,10,
127,124,110,10,
191,181,
32,126,22,45,
159,56,177,
171,102,72,
87,38,156,
108,183,50,
17,41,11,
41,148,177,
80,67,39,
148,45,17,
24,181,92,136,
182,134,91,
146,171,51,
77,81,
79,31,168,
141,186,155,3,
162,52,23,
90,111,165,
99,159,157,
95,78,30,
45,2,183,181,
10,134,22,
79,73,12,
166,142,94,
66,71,132,
142,17,66,9,
35,186,186,108,
172,167,48,130,130,
115,42,172,
134,66,183,
62,134,19,
173,95,7,116,
84,32,9,
5,154,86,
23,21,49,
183,68,181,186,
54,136,4,17,47,
0,9,35,80,
56,27,28,154,
56,136,
13,27,18,127,18,
156,40,154,
177,175,144,
39,87,10,
50,10,39,134,
161,88,60,
84,27,188,154,
128,48,37,
67,188,
53,23,175,
183,81,87,114,
82,43,159,
119,148,134,42,124,
142,14,108,
68,161,127,174,
74,20,72,141,
49,135,70,
13,166,78,
101,59,
166,117,127,42,
143,103,
121,43,30,
8,107,181,
106,44,154,
60,75,102,
51,68,175,189,
41,172,174,
14,124,133,148,
26,166,168,115,
116,40,28,173,
82,160,188,
92,84,177,
134,29,99,47,
177,4,115,
183,129,75,
119,131,21,32,
71,177,63,
146,141,145,
27,31,21,
114,114,21,
60,112,72,110,
105,70,72,
44,129,172,
35,16,35,
31,179,82,
156,156,68,
175,63,70,
185,97,29,
6,102,188,
82,31,171,132,
122,87,50,126,
58,22,126,
102,78,80,64,
56,4,134,
78,165,180,
106,190,72,
103,184,87,
25,122,185,22,
24,14,111,
105,72,112,
131,139,142,
67,17,129,
47,43,108,
68,191,60,
89,82,172,
41,70,168,
9,168,86,
165,188,179,
87,72,134,
156,184,157,
136,22,112,
12,163,174,
173,167,104,
137,141,141,
133,108,180,39,
100,10,87,55,
113,169,159,
160,133,190,
153,73,88,
61,8,145,
122,139,58,
124,120,110,
91,42,51,
114,112,122,
190,115,47,
131,37,58,
83,115,80,
132,126,41,
80,124,115,
31,145,
30,176,29,
109,111,162,
180,40,15,
16,123,101,32,
40,77,181,
28,130,175,
63,169,101,
120,186,18,
72,162,60,
102,148,
149,177,17,170,
135,134,92,
25,90,112,
5,63,154,
85,40,51,
140,181,65,
30,174,57,
160,120,59,
152,72,
39,27,141,
4,80,
28,123,88,
99,34,134,
176,1,
158,4,91,
97,88,164,
28,134,138,
113,104,17,
178,154,190,
85,167,181,
10,138,144,
121,123,98,
96,127,181,
110,104,52,
100,126,13,
2,21,154,
126,51,186,
6,105,120,
112,135,86,
124,148,
119,94,20,
157,139,31,
35,169,15,
145,20,
173,172,186,
123,124,40,
89,144,135,
153,89,136,
7,136,50,
9,52,160,
4,30,151,
14,64,172,
140,127,81,
91,84,138,
40,87,138,
141,123,13,
190,165,138,
183,9,43,
171,154,127,
79,118,73,
62,181,112,
166,175,47,
11,2,
134,2,41,
54,107,105,
189,161,85,
43,38,53,
5,163,67,
146,86,190,
68,31,134,
101,75,141,
53,10,73,
12,177,127,
76,9,48,
65,43,20,
136,41,136,
3,74,181,
188,41,76,
29,149,74,
32,133,75,
17,154,138,
46,111,60,
169,148,28,
107,1,175,
111,165,
82,39,139,
174,23,60,
39,106,20,
48,42,177,
109,82,21,
97,130,18,
179,172,91,
151,26,165,
157,100,110,
