338,37,146,265,480,515,142,484,44,311,422,508,152,376,499,541,
162,427,88,
211,151,127,401,409,451,17,48,407,446,464,158,299,440,239,240,309,318,347,391,412,509,
142,538,27,121,360,283,334,36,440,522,82,180,60,372,129,143,378,82,362,315,492,
351,364,45,17,170,283,358,472,338,443,262,37,445,472,
0,99,125,83,206,359,494,145,220,111,289,405,546,70,221,284,327,539,530,112,321,181,192,326,320,240,159,428,440,541,409,476,402,491,520,33,295,114,90,239,296,
440,142,0,58,476,233,253,294,463,495,16,38,75,215,304,462,524,36,128,325,
492,61,120,146,28,260,355,256,
427,162,25,86,253,32,132,187,493,55,240,74,514,229,380,459,479,139,183,532,
364,198,3,197,351,4,226,281,446,215,40,470,364,187,317,331,321,150,303,524,539,327,367,405,477,485,55,174,197,204,225,381,483,530,538,
149,46,375,108,131,247,68,184,497,22,2,280,309,
243,375,197,89,179,304,187,319,329,338,420,467,252,275,364,391,416,50,163,173,297,
197,518,243,193,63,72,118,307,440,108,78,402,519,
476,440,0,32,144,166,228,116,450,522,105,144,147,150,250,514,336,362,
538,375,142,211,507,377,110,114,422,464,500,120,54,360,376,382,453,526,215,515,517,181,14,101,467,
250,146,242,428,386,397,440,520,383,149,
421,146,152,279,67,186,353,482,347,45,269,357,306,450,223,402,130,528,
311,338,
226,39,364,182,260,350,377,500,375,376,2,13,177,299,378,462,418,
360,477,142,134,2,47,218,192,273,362,416,497,149,143,361,386,418,517,199,254,325,366,
88,338,82,270,279,308,46,54,73,86,127,523,311,120,367,176,516,379,480,488,162,43,293,510,98,305,315,328,456,461,1,191,472,
120,146,214,123,84,155,61,208,350,274,299,547,160,291,399,52,209,353,538,156,160,108,485,492,235,45,340,373,507,0,339,356,431,453,475,
61,120,0,385,327,243,185,40,140,240,315,407,492,533,17,128,235,461,542,6,410,261,114,62,104,256,396,
270,400,88,384,388,3,265,421,221,409,447,503,20,402,500,529,198,
375,686,1,80,88,263,309,406,475,14,334,532,61,118,141,149,141,122,405,470,503,513,538,136,136,155,243,276,275,434,88,23,149,299,309,317,41,67,523,103,58,27,149,155,171,145,372,55,334,526,188,220,455,194,485,491,501,412,198,383,349,
146,120,346,420,55,188,261,336,421,430,189,324,416,12,153,250,254,338,377,417,468,188,323,360,405,486,87,375,155,209,132,302,428,454,116,195,90,453,524,542,522,
27,375,142,56,241,356,112,161,15,400,88,149,228,246,276,346,527,
347,421,200,
3,191,345,269,282,463,101,127,434,110,46,231,321,35,51,364,367,230,171,229,61,12,187,270,164,68,165,237,395,445,500,223,335,150,430,549,297,302,54,447,67,548,37,324,244,353,372,394,253,60,518,488,225,423,23,
209,120,111,469,
61,165,3,253,46,384,282,388,464,
86,88,273,196,260,383,
428,146,250,200,161,376,538,
362,142,360,476,
76,35,300,86,140,413,
315,61,7,340,
501,394,29,437,150,157,324,
542,61,163,
160,120,
144,476,283,526,
127,211,327,203,140,
236,87,
353,3,293,
160,119,120,201,239,344,376,172,381,421,85,216,525,
377,239,146,226,385,
80,72,
326,140,0,
394,496,3,
265,201,338,98,533,240,
156,120,
47,360,
256,492,61,
90,146,0,
376,338,428,359,
525,240,160,
334,393,302,406,527,195,455,516,105,184,221,233,59,242,327,390,
355,492,
120,57,256,387,505,
57,120,548,
327,61,
496,171,114,189,548,394,223,
390,410,529,507,
87,236,146,289,539,121,138,196,296,335,507,548,
393,71,17,132,509,187,320,541,
56,27,510,192,
386,250,126,
395,3,
0,122,
357,421,
208,
303,
247,149,
347,211,
548,87,57,
335,87,
538,428,364,
296,0,87,
472,88,351,
196,86,87,
462,226,
37,338,
548,496,3,
382,
200,397,428,
492,142,
142,338,
532,410,
329,243,
253,440,3,351,
176,305,
253,61,
225,3,364,
412,211,
469,209,240,
260,226,86,
193,197,
423,3,
453,538,
526,538,375,
192,56,433,
375,146,
116,476,
46,355,61,
463,410,3,
393,410,
98,265,88,
344,
250,476,
509,393,
187,243,
463,440,
399,
161,201,29,
121,87,
366,360,
359,0,
430,3,
7,315,
2,226,
418,360,
299,226,211,
508,82,338,
367,364,
293,353,
122,375,0,
67,375,3,
58,
484,410,338,
54,3,538,
150,476,364,
86,427,
510,56,88,
40,61,364,450,
480,88,338,
256,120,
407,482,61,
485,375,410,
60,3,
119,
240,211,
385,377,
309,211,149,
413,76,
431,120,
239,211,
173,243,
72,80,
280,149,
1,88,
283,144,
116,146,
149,27,250,
140,127,76,
25,427,
198,270,375,
228,27,
15,27,
403,
246,27,
527,334,
541,0,393,
315,142,88,
383,375,250,
165,61,
168,
519,197,
327,334,364,
460,539,
529,270,410,
384,270,
497,360,149,
185,61,
244,3,
252,243,
464,211,53,500,
542,146,410,
338,243,351,
233,300,440,
305,176,
188,375,
302,334,3,
384,61,
410,392,253,393,390,432,432,533,342,80,388,265,50,466,484,532,542,485,463,529,63,
114,538,496,61,
46,88,
239,0,160,
388,61,
128,440,
349,375,
500,270,464,
0,120,
13,226,201,
150,501,3,
16,440,
44,338,
23,3,
126,386,
402,270,197,
487,140,
507,390,
304,440,
514,476,427,
146,492,
221,334,
507,120,
472,
539,364,460,
364,243,364,
223,421,
144,476,
451,211,
381,
454,146,
194,375,94,
401,211,
467,243,
483,
215,364,538,
155,146,
283,351,
421,270,160,
479,73,486,102,
325,440,360,
526,144,
391,211,
518,3,
482,407,421,
171,496,
400,27,270,
158,211,
522,146,520,
373,120,
503,270,82,
447,270,
459,427,
520,250,522,
68,149,
233,334,
108,120,
375,226,
229,3,427,
453,146,
524,146,364,
273,360,
409,211,
302,146,
265,
497,359,
466,410,
50,410,
269,421,
317,364,
536,240,
221,270,
426,117,378,
397,202,200,389,
141,375,
500,538,3,
446,364,53,
41,375,
432,410,
265,450,410,
73,360,358,479,
200,347,
163,243,
207,359,
143,360,
192,360,
405,146,
346,27,
483,364,
88,27,
336,476,
114,0,
199,360,
2,149,
453,120,
530,364,
531,
22,
111,
204,364,
340,315,
503,359,
62,61,
499,338,
381,364,
475,120,
191,88,
6,61,
55,364,
507,87,
183,427,
104,61,
445,351,
421,
38,
300,
178,
181,538,
396,61,
509,211,
82,142,
240,265,0,469,
20,270,
52,120,
88,375,
22,149,
149,360,
517,360,
63,197,410,
461,88,
50,243,
164,446,
422,338,
242,334,
243,61,
45,120,
198,364,
261,61,
328,88,
21,359,
412,375,
307,197,
380,427,
17,211,
340,120,
407,211,
164,3,
305,88,
187,364,
440,250,197,
479,427,
342,
443,351,
416,360,243,
14,538,
446,211,164,
295,0,
420,243,
37,351,3,
450,421,
110,538,
275,375,
240,427,
515,5,338,491,
520,0,
170,351,
202,397,
491,0,375,
132,427,
447,3,
455,375,
497,482,
358,351,
273,86,
388,410,
360,146,538,73,
195,334,
36,142,
382,
253,427,
353,421,120,
189,146,
136,375,
153,146,
202,235,
106,71,
98,397,92,536,408,123,471,19,179,493,258,
543,484,33,220,126,147,480,113,549,77,16,523,
249,147,455,0,133,489,11,115,288,93,47,470,209,230,500,288,274,384,355,294,8,326,542,510,129,447,410,61,
186,254,196,65,42,517,19,477,91,477,364,
342,437,279,197,332,285,41,
224,113,57,515,138,87,
275,216,456,88,
213,482,290,4,443,56,41,