380,187,306,28,102,31,74,162,175,18,434,493,116,358,142,248,266,275,52,542,259,423,169,191,372,505,196,314,505,525,510,79,524,68,69,212,472,483,
380,369,238,113,109,174,104,88,85,55,434,529,441,230,266,473,16,488,507,408,396,515,71,137,501,331,334,78,381,434,64,409,325,359,346,194,175,541,197,282,373,386,281,419,487,500,260,295,324,333,391,319,231,493,12,201,440,448,227,94,125,437,234,362,332,436,161,422,374,79,86,96,495,227,252,449,327,535,164,194,419,517,256,236,222,399,525,85,428,
150,419,484,69,211,308,298,190,320,376,463,
327,380,452,139,35,222,450,519,86,163,510,525,110,123,322,419,3,151,173,190,
375,234,380,114,148,230,0,153,335,293,350,25,
109,339,397,261,160,418,
379,307,394,43,137,354,52,56,124,327,493,461,472,145,252,440,431,450,474,525,262,108,521,198,105,19,379,189,282,434,545,347,54,249,286,26,178,324,361,474,480,343,348,38,438,265,461,536,420,488,150,234,259,368,391,450,529,
352,465,16,51,52,15,475,103,250,385,242,232,105,254,290,323,418,451,529,540,
18,380,455,110,374,
28,88,531,67,
431,363,127,125,344,172,187,189,246,423,431,497,208,528,
179,234,295,151,342,409,451,531,
248,139,531,206,178,446,505,128,208,366,271,40,134,262,340,485,27,447,453,485,489,541,482,
482,91,26,30,47,105,249,425,34,308,347,367,79,545,119,135,158,213,376,469,514,
208,151,175,382,417,360,481,494,239,289,392,55,467,338,287,73,494,233,245,253,510,56,205,175,511,524,444,458,471,334,167,29,107,272,417,442,77,123,207,303,67,254,440,
458,17,96,476,31,284,405,512,55,73,149,248,274,330,4,529,24,180,497,451,17,41,237,443,527,63,473,480,501,112,
187,62,263,469,396,208,303,146,151,430,494,268,251,93,241,384,254,413,232,238,365,89,69,426,470,359,419,158,23,406,246,380,454,531,203,231,168,373,425,525,68,168,213,245,353,452,177,138,540,478,204,541,487,349,126,237,509,145,176,11,395,45,164,128,394,434,458,34,130,530,35,56,179,298,488,511,527,37,61,16,40,317,
492,473,17,59,465,154,410,430,177,369,36,208,
459,365,343,214,19,485,57,221,298,408,539,
419,150,414,239,
91,337,165,31,206,210,43,473,265,336,245,263,338,465,482,81,159,197,446,528,56,432,209,427,124,179,297,334,442,516,
531,27,37,340,63,82,215,344,83,283,248,69,28,132,101,178,308,313,493,547,531,178,487,178,361,217,431,463,473,67,255,128,440,458,10,518,1,358,171,390,163,182,329,369,342,385,400,406,359,484,357,372,458,525,302,70,124,137,188,415,425,466,514,
151,88,270,317,37,187,216,477,501,511,517,88,277,508,419,13,212,342,362,432,503,
450,379,466,423,107,22,301,97,445,549,16,45,195,367,17,341,268,519,217,188,95,453,127,375,396,221,178,209,255,308,486,520,7,401,
267,17,380,88,452,451,403,284,304,469,8,150,200,257,61,
343,473,293,459,14,85,236,328,377,545,6,373,431,450,542,96,135,113,435,500,501,151,162,300,491,528,237,392,
61,30,90,403,264,303,316,365,267,
234,240,171,182,452,342,76,406,249,375,48,93,491,338,506,82,179,133,80,286,319,329,333,532,224,145,407,478,142,470,282,186,36,329,507,79,170,92,13,122,158,304,406,525,
473,379,380,29,132,350,90,368,364,102,106,2,400,45,238,498,174,93,76,264,149,461,321,484,280,322,337,372,477,241,378,507,424,146,304,368,240,474,492,369,506,522,343,255,273,525,505,176,52,89,91,306,183,186,272,145,184,215,245,297,409,522,
130,187,201,17,27,178,280,522,
363,311,179,169,237,428,149,265,431,505,53,527,11,41,121,286,161,460,484,543,57,58,403,36,84,88,48,176,262,449,
326,235,13,60,308,32,476,246,109,177,449,
365,187,481,122,148,179,106,508,98,208,256,35,103,30,339,443,117,13,255,264,407,506,459,19,131,178,394,412,169,189,250,257,184,420,433,512,63,110,111,487,65,80,304,
454,138,215,318,
547,531,367,
188,217,450,257,255,231,388,
383,80,7,290,92,183,210,411,115,527,475,211,278,39,187,214,228,410,466,476,81,39,309,340,71,110,538,10,117,76,458,482,508,516,267,401,77,265,328,
432,338,13,158,225,21,350,120,233,30,430,274,91,
337,485,424,187,119,164,237,14,402,371,352,330,281,215,208,367,405,543,409,523,303,494,46,396,328,360,356,250,462,474,381,64,125,276,396,498,505,340,362,375,
38,300,416,247,323,354,395,
381,380,526,12,488,196,250,373,480,115,155,181,546,325,62,287,9,175,344,30,544,458,114,227,481,541,37,87,136,292,305,384,73,400,132,62,311,112,310,77,549,84,129,155,274,289,31,25,125,313,392,404,37,75,172,444,49,290,307,
261,22,477,106,279,79,28,105,242,275,348,388,64,254,458,109,101,170,223,
176,339,187,509,84,338,
19,343,379,208,219,149,185,88,200,92,101,63,228,154,188,236,355,277,60,430,30,89,177,234,277,
494,513,208,477,89,119,135,162,464,27,135,176,204,306,425,475,142,196,264,320,542,283,282,
476,383,237,272,
545,379,22,67,264,521,359,408,293,344,424,310,388,395,273,197,35,268,372,218,337,410,126,539,189,287,3,262,302,97,409,
132,531,29,0,52,188,40,63,238,425,
122,473,427,159,365,278,
235,193,184,322,368,101,69,258,328,290,320,326,177,464,50,539,391,544,24,0,76,240,86,79,326,417,439,503,
9,455,391,29,45,90,162,316,18,88,311,371,
360,337,510,516,189,58,184,406,
202,8,326,432,545,256,
473,93,191,446,95,89,404,489,21,52,234,535,122,112,416,336,240,305,545,305,288,498,240,160,369,14,91,215,428,278,40,194,281,409,57,518,356,115,387,480,482,179,256,
135,97,54,174,288,150,95,204,248,119,86,356,374,315,89,97,411,104,345,234,387,186,193,253,398,144,435,118,184,209,232,165,416,428,433,456,475,476,322,97,165,216,230,247,274,317,428,310,
117,365,118,454,47,61,117,149,126,156,222,347,367,388,547,32,209,221,236,237,301,178,356,382,387,466,497,
300,38,239,65,537,76,415,
513,178,305,191,534,542,396,494,207,415,373,483,127,91,227,441,523,293,465,89,68,114,384,515,528,160,10,338,395,332,
289,208,110,517,150,259,291,351,165,46,323,481,479,510,534,194,298,33,497,
391,136,145,70,432,34,103,259,231,108,345,367,445,249,9,548,199,324,84,446,153,549,150,302,446,436,
148,375,303,370,5,29,51,237,300,8,397,513,216,356,
367,450,547,79,135,192,272,327,
498,473,473,46,8,105,194,307,416,209,
88,123,119,267,405,272,329,185,538,392,434,40,83,33,72,104,139,150,160,171,311,313,331,409,151,205,478,236,284,306,61,62,69,426,517,64,475,241,490,78,83,338,348,28,130,186,416,467,305,363,395,188,257,275,105,323,
339,82,85,13,484,145,425,443,65,318,488,108,176,270,294,310,417,492,241,86,106,316,322,360,109,283,0,249,549,90,342,101,135,77,269,248,500,547,235,381,488,420,252,255,259,311,402,436,483,505,
358,377,19,48,142,203,249,506,514,475,192,86,92,113,147,377,220,285,513,204,367,206,214,
245,222,74,210,410,219,194,262,313,409,107,122,161,391,360,91,246,46,431,529,12,322,496,195,254,257,548,56,215,232,283,329,249,483,525,303,448,277,449,466,542,516,
351,289,
17,267,386,407,12,332,92,480,279,439,525,381,44,141,150,194,374,378,494,90,84,60,458,492,104,413,437,19,417,478,484,525,100,61,246,405,296,442,480,490,40,459,426,24,283,304,388,130,323,344,380,468,513,
338,91,18,13,362,486,56,110,388,176,
115,519,383,69,34,81,350,453,22,
14,473,343,10,496,48,62,392,494,518,
201,266,380,130,30,349,7,282,334,368,57,
455,185,4,305,52,171,121,9,78,18,244,296,369,493,422,204,395,217,
337,91,191,138,153,415,528,533,
145,262,379,471,381,
188,88,132,
405,337,458,302,496,
525,245,187,21,
462,470,387,
125,337,431,
316,9,61,
186,234,88,
120,432,
278,383,473,428,
194,245,
200,19,
255,365,
116,380,450,
242,261,352,
510,208,482,235,360,380,
79,234,367,380,
333,234,301,
177,187,492,
446,473,391,
496,14,405,
549,339,391,
506,473,
40,187,132,
344,215,431,
249,245,379,
121,455,
374,135,18,
160,513,
204,455,494,22,
425,482,494,132,
403,498,61,70,
529,245,
445,450,391,
450,379,116,
323,38,352,88,
4,458,455,267,
196,494,380,41,
300,343,148,
372,473,420,
0,375,339,
482,383,510,
209,498,450,
207,208,487,
22,261,204,
282,379,234,
490,17,88,
392,343,14,
48,358,
347,482,379,
328,343,432,385,
348,88,379,
101,235,339,
511,472,187,61,
454,117,
178,531,379,
403,267,363,
69,150,235,35,115,340,381,399,106,63,
133,532,234,
135,482,367,
177,326,19,
298,459,
48,14,363,
188,19,
497,458,
13,365,326,
367,482,358,
88,363,151,
110,365,327,
501,458,7,
165,278,
470,462,
215,473,
265,363,91,427,
420,365,379,372,
475,494,135,
255,450,188,
395,88,513,
231,380,
280,130,
290,352,381,86,
310,545,18,135,
256,202,365,276,
76,235,383,
240,235,473,
67,
278,165,449,
428,380,473,
139,248,327,
179,363,187,
129,381,507,
505,380,
163,327,
136,391,
487,187,207,
40,473,
121,363,
514,482,531,
237,343,476,
388,188,338,
545,202,
449,326,363,
282,494,201,
119,482,
158,482,234,
63,458,132,69,
252,339,
58,360,363,
254,352,208,
298,150,187,
465,513,91,
508,151,
227,380,381,
86,135,290,
170,234,
86,327,
57,473,363,201,
510,289,327,
124,379,428,
283,245,494,
317,151,
147,358,21,
406,531,
222,327,117,
16,352,450,
304,234,365,
56,91,338,
215,454,473,
406,234,360,
528,431,
213,482,
88,9,
533,337,
529,352,379,
85,343,339,
548,391,414,245,
233,432,
419,327,
322,327,135,
369,492,531,
542,245,494,
302,545,391,
161,245,363,
340,383,
258,235,539,
471,145,208,
246,431,326,
433,365,135,315,
501,151,343,
135,343,494,
512,365,
340,337,248,
305,455,
56,208,
524,208,380,
360,236,208,
145,391,187,385,
377,358,
334,499,208,
193,135,235,
295,179,
117,383,
123,208,327,
366,248,
303,208,61,
427,265,122,
428,363,
217,450,531,455,
474,379,337,
216,151,
18,338,310,
525,327,531,
236,380,88,360,
107,208,
545,252,474,354,
79,261,380,
370,64,
446,91,391,
159,91,122,
417,17,208,
30,381,432,19,
461,473,
453,450,
79,235,482,
256,473,380,
13,151,234,
170,261,
376,150,482,
522,130,473,
466,531,117,
208,492,431,
367,391,
272,367,476,
16,187,
262,363,
259,379,339,
257,267,188,
365,122,61,
33,289,
77,339,383,
206,248,358,
188,531,
409,473,179,
247,135,38,
68,513,380,
179,473,91,
409,460,88,545,
411,383,
140,
8,202,498,
142,494,
520,450,
204,358,
176,473,
88,380,338,
458,383,531,
105,482,379,
19,459,17,
394,379,
475,358,211,
203,358,
52,352,
64,337,35,370,
385,352,531,328,145,
106,365,261,69,
71,383,
289,381,
452,327,
251,262,
394,365,
128,531,
259,289,380,
67,208,28,
483,380,339,
192,367,
62,381,14,
35,69,365,
342,151,179,
7,201,450,501,
350,375,115,
212,380,151,
539,459,258,
264,545,499,329,
474,473,
26,379,
330,
482,473,
528,343,337,
487,531,365,
490,329,
453,248,329,
111,365,
315,135,
267,4,383,
237,117,148,
207,513,
264,494,61,
493,380,
27,250,130,
145,234,
303,148,245,
4,192,
189,431,545,
449,380,278,
483,513,
56,245,187,
189,360,365,
232,135,245,
396,337,
416,88,135,498,
26,482,
372,380,
306,473,
61,117,
209,135,
61,88,511,
500,339,
91,473,473,
89,473,494,
110,289,383,
329,245,
150,391,
90,9,
476,326,
13,
478,234,
335,192,375,
153,375,
338,513,432,
285,358,
486,338,
290,235,383,
481,289,
367,117,
484,363,531,
69,414,
142,519,234,
19,358,365,
54,135,
380,267,
123,88,
224,234,
127,450,431,
328,235,
10,383,531,
178,130,117,
436,391,339,
540,352,
194,289,498,
418,352,109,
85,380,
368,379,201,
10,14,513,
297,91,473,
150,267,379,
145,473,
428,135,
417,235,
191,337,
160,473,109,
122,234,
153,391,337,
34,115,
8,148,267,
356,148,117,
113,343,
326,235,202,
453,115,
432,202,151,
439,235,
190,327,150,
274,135,
162,494,
497,117,289,
503,235,151,
451,352,179,
516,91,245,
173,327,
151,179,327,
248,
408,459,
311,339,9,
425,531,
124,91,531,
69,380,
105,498,352,
216,148,135,
307,498,381,
70,403,531,
112,458,
354,38,
381,145,69,
415,300,531,
317,135,187,
65,365,
234,379,19,
45,187,9,
74,380,
253,539,
60,326,19,
314,380,
513,148,17,
29,9,148,
231,187,188,
525,380,
485,459,248,
51,148,352,
505,380,
298,289,
308,326,482,
149,
84,363,176,
34,482,
284,267,
185,455,
