118,10,78,50,107,452,114,223,321,427,80,33,280,68,231,387,393,409,
380,369,363,113,227,195,104,317,85,55,434,529,45,446,441,230,266,473,16,488,507,202,336,353,9,396,515,401,409,501,
193,210,50,340,190,181,285,398,190,375,449,147,244,263,247,94,71,98,33,504,51,59,218,299,143,329,415,548,16,4,183,227,383,549,227,317,36,175,246,83,511,
61,76,421,456,286,185,229,23,121,174,236,328,445,48,103,149,268,110,270,72,350,546,385,359,375,408,418,537,
3,528,16,289,449,111,402,522,
190,59,259,399,297,502,528,
154,325,70,194,149,191,199,204,531,77,10,36,108,192,527,532,419,512,194,74,88,361,381,418,
100,496,173,473,16,30,92,179,416,96,337,382,
59,88,181,29,196,452,287,303,227,173,540,38,194,199,477,500,531,308,387,
121,67,408,287,378,295,47,470,202,306,168,225,48,118,96,546,271,451,478,525,517,205,213,355,427,171,392,326,94,540,
464,297,446,144,350,190,292,371,245,267,
278,405,421,120,499,5,216,271,372,385,
318,325,438,322,118,32,321,41,160,342,246,155,129,334,184,147,469,140,416,454,
316,105,182,400,399,527,542,0,30,513,91,406,377,111,473,
119,218,137,
325,114,397,367,321,138,299,464,342,225,456,457,141,154,512,289,49,165,319,330,225,492,17,77,289,292,341,482,17,5,164,365,138,341,40,477,150,467,434,456,500,318,501,
329,193,451,460,19,373,414,469,522,
86,397,246,76,30,20,24,350,502,223,398,45,64,153,170,176,292,418,428,262,375,401,469,
194,154,442,236,
330,405,325,59,103,138,393,489,187,370,27,53,516,162,228,257,299,387,90,280,311,368,155,451,83,217,504,
47,520,128,242,123,326,421,6,159,
238,405,386,232,250,298,314,415,175,255,286,402,483,54,232,340,483,214,
88,494,59,147,273,491,527,301,12,478,28,108,150,24,427,432,257,275,394,53,426,162,209,257,263,450,174,242,402,470,
167,156,522,19,141,369,408,
216,272,464,
374,113,524,467,469,154,53,412,55,151,167,192,236,315,
156,78,60,87,132,167,199,225,272,538,415,171,126,370,536,208,463,218,6,12,148,290,422,13,
147,193,10,474,59,196,356,
438,318,240,360,409,55,520,501,347,500,339,
219,64,159,212,416,432,
421,152,279,67,186,45,327,270,306,45,402,130,528,144,478,533,69,277,455,280,415,446,187,458,108,242,310,315,191,435,113,146,531,73,130,351,61,293,281,424,307,73,312,343,313,476,465,157,163,204,327,338,437,419,145,448,500,109,278,366,369,459,310,345,128,98,341,
446,380,264,464,16,38,445,63,462,541,
473,483,100,13,66,430,
177,494,374,
405,166,507,150,238,330,316,30,422,524,273,387,40,22,273,214,278,27,175,393,396,196,312,358,387,514,41,315,475,183,270,457,470,516,315,433,
297,522,89,63,529,175,52,115,365,508,536,547,310,250,416,513,36,222,419,464,322,108,129,394,484,108,197,430,465,494,55,427,463,
425,526,431,389,285,519,149,225,294,79,474,162,105,449,200,344,446,
306,121,220,132,446,169,
108,88,202,259,360,
59,330,80,147,310,84,190,223,431,523,231,17,212,193,201,397,408,412,103,147,369,392,
503,82,313,415,181,526,104,27,292,300,5,375,312,122,311,383,271,243,393,105,130,33,352,45,148,104,176,272,294,352,467,517,
351,200,322,401,
442,225,173,83,86,152,259,442,18,194,
483,494,193,281,67,17,65,434,32,272,518,274,356,453,473,271,225,327,118,168,127,
321,44,528,237,250,130,17,277,385,299,319,386,423,
526,522,71,271,176,151,269,346,429,125,283,425,118,250,173,537,83,535,273,111,189,225,422,370,304,9,52,406,291,411,464,337,345,360,
528,307,98,3,381,406,42,167,221,3,95,153,201,142,347,377,249,57,240,127,325,445,502,539,145,313,432,449,464,
360,477,167,134,2,218,192,54,45,361,386,517,199,254,325,11,76,138,160,539,205,448,520,262,347,537,252,267,277,260,540,503,97,125,105,347,147,115,340,300,328,449,422,74,415,91,152,226,496,505,211,287,393,21,460,54,156,372,387,484,528,134,279,366,77,291,346,480,519,108,141,447,
494,483,88,246,356,177,364,37,366,216,90,141,152,314,538,273,360,252,290,474,536,273,344,372,
85,351,14,485,236,82,262,114,203,39,294,11,10,454,485,173,94,385,449,156,167,192,98,431,492,505,333,420,452,492,178,192,408,170,176,179,522,349,233,489,
98,45,232,214,479,40,64,431,201,528,428,101,284,467,260,105,345,442,458,533,81,324,489,475,193,415,231,457,153,347,13,156,80,392,465,486,246,
504,193,456,34,168,53,396,93,373,
103,330,61,335,123,335,343,141,130,338,353,230,59,216,352,381,
496,100,374,394,195,15,
522,27,6,92,303,130,85,230,175,284,50,417,57,142,463,65,57,356,369,439,297,526,192,327,167,269,93,246,72,222,192,135,414,191,133,175,112,21,312,350,156,411,40,325,347,1,81,221,335,389,441,512,529,371,92,218,381,425,542,
227,380,536,234,244,374,500,11,245,328,414,459,519,
60,156,81,281,79,48,325,356,393,476,343,416,420,493,527,294,403,
194,59,224,384,256,290,340,446,
322,527,318,351,158,297,50,339,114,129,289,299,309,280,374,477,5,445,480,353,486,510,532,
462,444,169,141,534,127,368,81,193,261,25,421,306,423,509,
51,134,193,94,16,356,370,321,475,531,542,285,293,96,11,239,326,502,504,
187,62,330,469,209,396,208,446,472,251,
368,330,462,24,
175,238,193,496,
17,483,166,156,167,466,467,
518,58,483,61,
512,522,154,
465,421,
356,483,51,67,514,115,217,256,408,
255,241,86,336,
16,446,51,
257,88,349,262,
13,473,98,
340,
272,329,216,
246,132,86,
251,131,
394,496,297,
202,380,385,
321,51,118,58,
502,51,190,
271,524,
343,421,453,
147,59,
312,405,325,160,
218,119,19,
282,
446,425,194,
236,61,
343,103,504,
277,321,421,
428,86,98,108,
115,360,
108,297,154,218,428,
209,88,187,
415,156,98,
520,47,438,
153,98,86,
406,105,528,
83,526,
208,156,
199,156,
236,194,374,
55,374,297,
421,47,462,
536,494,
517,121,
534,462,353,
53,88,330,420,
128,47,421,
303,59,522,111,
132,156,159,10,
225,442,325,121,524,218,392,
467,325,17,
52,297,
445,528,322,
292,86,464,
384,194,
291,526,
149,154,61,
364,494,
147,318,84,
7,
78,156,118,
223,59,
192,154,
317,380,
159,47,219,
486,322,98,
47,121,
449,193,528,
345,98,421,
444,462,
173,524,442,
33,118,503,
374,177,227,
132,306,246,
36,154,193,
499,278,
290,494,156,
473,380,
292,325,
422,438,405,
353,380,103,
477,59,322,
94,51,
453,524,483,
371,522,
536,227,
401,86,380,351,
245,464,227,
273,405,494,
13,156,
256,356,194,
373,504,329,
218,156,
403,60,
434,483,102,
383,193,338,385,438,
310,421,59,
170,86,
472,187,
278,105,
328,360,61,203,
496,360,
347,98,528,
110,61,
476,60,421,
475,51,405,
289,3,322,
360,494,438,
80,98,118,523,
38,446,59,
10,144,92,423,118,526,444,484,264,179,122,471,449,280,463,235,132,137,362,147,154,28,99,171,
369,59,167,
509,462,
223,118,
300,503,
205,267,526,465,
189,526,
467,524,374,
225,526,325,
230,50,
500,227,438,
195,496,380,
231,98,
347,438,
437,421,102,
70,154,
478,121,88,
419,154,421,
155,330,
500,325,59,
250,238,321,
162,88,
129,322,297,
166,214,17,
325,414,312,
375,503,
272,
273,405,88,
107,118,
285,425,
475,98,
151,374,526,
541,446,
216,103,278,
340,194,238,
385,278,202,
427,297,
18,442,
315,374,405,
19,329,167,
387,59,118,
412,
538,156,
416,318,219,
98,85,421,
352,503,103,
156,17,98,
212,219,59,
348,
414,227,329,
402,3,88,
372,278,494,
200,425,351,
393,118,
337,526,100,
353,322,
240,528,438,
314,494,
294,85,
406,453,
244,227,
148,156,503,
493,60,
45,86,503,
286,238,61,
218,522,225,108,
168,483,504,
411,522,
441,522,
52,526,
531,59,51,
456,504,325,
415,238,360,
469,374,318,
152,442,
118,
387,405,360,92,
65,522,386,331,
95,357,
72,61,
399,524,
516,
370,51,
432,88,
538,494,
262,86,85,257,
53,504,374,
381,154,103,
510,322,
522,329,3,
339,322,438,
409,118,380,
167,374,17,
246,193,318,98,
191,522,
54,238,
408,61,356,167,
41,318,
225,156,483,
160,318,312,
396,405,69,187,
232,98,
271,121,
214,238,
326,121,47,
464,216,526,
449,425,3,
402,238,
169,462,
420,60,
81,60,462,
393,330,257,
118,121,318,483,
257,88,
374,322,496,
154,
114,85,394,
304,
420,85,
20,353,86,
385,61,
527,154,322,
273,494,
310,297,
243,503,528,
199,154,
264,10,446,
158,322,
217,473,
135,397,
313,528,
532,322,
58,321,518,
68,118,
66,523,473,
5,322,278,
496,175,
381,528,
201,98,
412,59,374,
462,446,
474,147,494,
371,464,524,
194,154,
27,405,330,
92,522,100,
192,85,
327,522,421,483,
529,522,
336,380,255,
233,85,
86,
114,322,118,
433,
149,425,
406,316,526,
519,360,
167,528,
130,465,421,
335,522,103,
519,425,
205,121,
363,380,
125,526,
69,396,524,
196,405,59,
477,325,
358,405,
357,95,21,
147,88,
37,494,
375,86,61,
344,425,494,
83,330,193,
242,88,
361,154,
111,3,316,
517,503,
231,59,118,
169,306,
214,166,
11,51,227,
9,380,
423,321,462,
17,321,
104,503,
174,88,
528,190,
294,503,60,
150,88,
504,330,51,
96,100,51,
386,321,
127,524,483,
162,425,
542,522,
469,329,86,
432,528,219,
501,380,325,
537,61,
74,154,
141,103,360,
251,523,187,
341,421,
540,121,
217,330,356,
365,325,
439,524,
465,297,98,
145,421,
202,108,
451,330,329,
79,425,60,
72,522,
12,156,
30,100,86,
6,156,
502,528,
120,278,
446,187,306,
508,297,298,
135,522,
9,526,
408,59,
312,503,
84,147,
281,483,
215,
45,380,
17,59,325,
364,
77,325,154,
448,453,
522,85,
50,522,118,
203,328,
247,193,
167,85,
155,318,
353,534,
129,318,
431,59,
222,297,522,
387,405,330,
141,494,
18,363,299,
446,116,
438,422,
137,10,
212,
505,360,
186,63,
268,61,63,
145,528,
392,59,225,
349,466,
232,238,
105,425,
306,462,
239,51,
272,503,156,
88,154,
473,316,217,
430,473,
290,194,
404,
64,219,
299,321,
418,61,154,
429,407,
234,227,
183,405,
255,238,
179,100,
318,325,
411,526,
159,132,
