368,440,413,100,333,38,75,175,213,99,65,166,243,345,423,62,102,26,497,28,349,361,519,153,275,386,430,278,356,526,537,403,102,79,317,
341,289,
198,510,98,211,168,462,303,368,493,458,443,86,452,37,514,232,238,252,117,170,148,482,
391,70,432,34,103,259,231,108,345,367,265,249,271,230,199,324,84,257,153,202,150,210,85,436,234,298,334,473,22,71,129,211,267,4,336,52,499,60,223,410,527,450,150,45,428,492,58,208,159,407,322,371,351,70,97,431,434,464,481,487,502,541,463,322,407,0,310,435,476,334,460,517,74,405,316,515,118,138,211,13,338,419,139,523,105,
197,367,63,374,89,316,393,155,452,127,352,7,485,534,18,280,458,396,
139,166,545,390,15,52,392,480,244,323,252,282,316,90,168,205,330,338,382,430,
39,452,23,165,541,15,122,36,317,117,282,153,348,424,516,
24,491,493,221,
148,65,46,71,132,6,146,322,70,468,356,489,309,408,
482,165,181,351,414,209,232,476,173,4,260,286,56,410,429,109,197,202,342,117,273,311,331,360,
46,10,431,48,211,121,237,52,298,101,398,433,529,70,90,24,359,524,371,185,219,369,60,361,34,165,307,232,192,264,22,332,344,196,236,271,296,13,75,510,405,461,173,233,244,153,482,35,79,129,377,453,9,176,115,28,348,102,114,129,270,226,401,283,330,198,424,452,361,382,523,
289,152,178,174,196,230,341,63,503,415,436,533,100,293,13,516,396,455,516,172,307,481,538,
494,136,477,30,119,135,162,464,27,176,169,306,280,320,283,111,478,446,506,36,361,122,302,9,72,221,300,341,362,469,372,223,271,283,129,75,129,135,303,392,17,329,443,185,238,362,474,402,130,40,210,281,421,150,232,387,397,473,
324,119,188,378,351,240,426,517,493,
88,174,314,115,354,172,382,491,204,327,25,434,209,
223,150,106,369,152,157,170,323,332,338,216,498,414,130,329,407,17,105,350,364,373,
16,275,347,81,176,35,116,66,96,167,280,334,487,13,253,170,208,325,75,294,321,165,202,310,360,503,538,220,16,125,262,509,280,510,
482,409,510,356,29,149,406,10,400,46,255,510,56,265,416,475,236,249,487,549,36,198,278,282,538,545,309,465,
161,236,148,141,221,128,483,523,161,164,58,200,280,492,361,343,4,436,267,391,441,309,272,408,
409,232,30,295,314,449,189,322,452,76,437,463,266,3,74,75,194,67,91,195,101,251,466,433,
462,256,23,144,294,92,51,219,243,248,283,352,344,386,409,429,439,193,0,414,466,505,126,314,146,162,63,454,487,311,319,432,146,481,
198,21,449,261,181,431,464,514,32,129,285,313,351,462,473,0,150,279,417,433,421,
449,278,117,26,9,468,101,521,192,340,10,89,123,370,547,131,198,224,417,149,175,400,436,409,442,107,278,145,38,507,286,493,373,80,236,33,158,547,424,346,
50,545,35,299,255,245,336,349,70,21,162,323,354,441,134,504,542,133,476,408,497,348,205,389,542,352,532,
493,314,165,140,24,494,521,53,134,139,227,505,418,84,97,463,375,
65,32,462,333,248,257,148,175,432,40,47,130,140,363,283,541,354,355,516,58,254,92,466,215,59,82,290,86,471,532,369,271,285,327,331,
178,525,80,239,289,182,227,368,491,58,126,470,11,520,168,408,242,296,354,15,31,89,391,500,166,280,393,58,184,316,6,440,441,90,382,443,535,536,431,540,
309,347,147,159,239,545,316,99,21,255,167,245,314,359,376,6,413,432,406,502,0,174,161,340,389,509,276,162,256,342,
167,502,
418,266,376,173,490,155,493,76,254,327,486,546,
322,148,40,
40,322,65,98,212,90,493,354,277,17,238,253,449,505,
502,279,14,21,106,346,157,283,325,88,167,356,25,407,170,473,100,369,430,457,548,286,457,473,37,103,148,200,229,158,347,463,498,85,405,427,437,276,140,
347,146,231,334,515,526,14,266,547,187,7,535,203,328,285,544,16,357,529,131,59,386,542,266,309,303,58,544,411,41,244,383,241,255,248,310,110,166,234,219,198,
403,187,78,391,39,397,257,16,102,61,1,160,180,399,408,428,512,113,338,388,466,368,200,300,332,507,
216,536,
485,248,238,346,186,196,253,520,
114,529,
365,78,12,15,265,354,52,221,227,339,356,368,72,260,179,320,113,32,465,295,321,435,528,137,492,118,421,457,543,216,350,517,
32,65,365,486,9,109,465,
353,137,6,10,177,400,491,241,419,2,15,330,256,3,147,10,257,424,492,107,122,153,342,409,94,498,393,38,263,296,389,226,344,145,375,426,509,
310,71,461,137,363,371,59,347,309,1,276,249,29,440,76,365,369,457,142,
63,197,510,380,488,42,128,386,240,344,361,
248,74,290,491,542,156,176,534,485,422,144,335,331,356,327,115,213,
307,21,145,159,401,
256,462,36,61,218,342,63,268,449,28,74,225,66,520,532,239,392,467,494,58,339,42,148,237,316,400,24,303,353,388,524,328,
341,314,412,217,487,277,319,374,
375,455,380,114,420,230,300,440,153,492,466,36,293,25,145,468,492,14,294,322,357,218,70,155,211,253,343,450,485,9,209,180,536,23,540,96,397,201,232,397,480,59,443,468,478,15,69,34,211,303,230,463,494,199,478,137,206,286,50,68,69,458,340,501,493,
386,278,23,
288,457,462,225,93,124,48,121,166,173,249,38,66,23,457,498,338,342,500,
491,353,248,24,255,285,482,147,170,441,
188,440,42,358,149,268,245,461,510,11,297,332,108,418,435,130,219,13,490,509,57,324,19,151,158,236,266,495,54,278,8,521,159,253,284,380,196,297,52,545,42,
211,375,104,396,175,179,140,240,326,189,231,152,243,437,204,133,455,484,102,156,353,45,499,209,202,38,471,502,512,130,438,483,
378,211,324,70,17,177,108,435,74,159,265,168,270,
236,415,174,309,161,42,206,407,215,79,0,353,170,369,134,343,235,18,321,489,10,60,406,409,449,316,128,188,249,
497,133,56,311,70,296,166,267,71,409,268,
529,155,291,114,152,284,141,165,366,224,449,491,
71,310,126,137,20,50,216,365,516,
493,314,198,209,131,431,494,324,
314,426,88,305,477,104,498,183,165,57,109,13,166,341,493,219,287,7,76,484,192,311,493,57,315,174,379,421,71,176,279,363,380,215,317,
354,178,365,399,150,12,52,170,174,409,
341,545,176,328,302,289,118,393,297,159,352,483,275,383,387,136,204,524,324,500,251,544,311,343,45,482,201,88,149,233,151,304,340,431,541,267,330,348,168,151,499,193,260,386,417,464,539,336,418,11,371,375,476,482,163,371,373,168,251,459,493,
545,22,67,264,521,359,408,293,344,424,251,388,395,273,197,35,268,372,218,337,410,126,539,287,3,262,45,97,339,245,260,181,530,6,384,457,341,195,249,115,100,241,117,351,358,17,4,342,377,28,49,211,183,50,324,532,144,276,530,34,292,415,423,457,327,359,6,412,455,77,139,262,136,219,426,222,332,341,25,233,151,255,269,309,413,159,35,330,510,60,266,362,405,462,255,303,344,430,91,
340,233,449,108,27,459,0,224,505,307,
278,32,428,60,245,285,523,541,299,127,168,217,465,99,282,336,37,169,222,386,89,346,410,450,230,466,133,183,62,39,21,386,482,98,128,369,413,
187,471,403,140,165,233,355,514,434,280,264,439,319,249,270,345,428,367,125,139,239,427,130,223,229,324,411,
58,68,178,461,26,218,29,278,432,2,525,132,505,510,
542,347,109,205,525,92,125,
174,314,504,309,56,113,398,
150,362,223,238,174,228,281,466,125,140,155,506,345,452,32,15,100,257,312,354,371,311,
12,34,57,422,438,505,523,544,428,140,153,201,450,431,226,476,324,70,205,260,264,319,85,547,397,538,
475,92,385,178,409,26,330,255,425,317,197,218,196,391,540,25,285,97,153,
42,236,319,251,2,
510,482,235,238,110,204,258,200,94,352,270,351,107,2,113,364,478,263,350,492,148,270,90,389,464,514,201,47,132,191,126,159,276,198,226,234,375,378,96,207,232,270,311,393,540,340,146,432,125,334,261,338,445,527,6,107,58,247,349,372,467,505,315,398,
362,494,150,368,102,151,273,270,94,147,216,325,406,419,233,250,422,483,236,144,241,138,425,515,184,369,415,442,132,236,270,273,375,447,518,533,234,347,241,369,
420,15,343,7,142,146,244,177,238,545,25,537,512,
440,314,340,368,384,544,225,215,188,227,353,40,385,443,280,285,432,301,308,215,545,549,20,44,149,383,401,21,460,41,60,312,186,472,153,100,45,338,100,542,379,473,28,375,116,185,477,154,503,237,309,204,245,124,405,446,472,257,373,533,
127,83,197,352,476,
397,403,9,126,255,135,12,156,311,404,513,516,52,
9,449,266,31,397,424,102,142,452,493,528,125,288,279,464,
270,239,510,145,267,332,440,18,114,170,210,100,334,385,102,377,452,526,151,
155,69,418,
510,128,72,375,392,464,522,181,465,0,198,9,146,495,63,101,3,539,95,368,394,464,8,279,179,211,294,337,496,277,332,465,531,201,252,312,421,103,130,1,289,543,74,523,
121,288,
355,187,365,
316,197,309,139,
497,50,368,494,445,443,
226,339,12,327,
93,225,288,8,
494,256,375,293,
528,9,365,1,
249,482,310,103,
471,269,187,
82,65,
464,510,293,
107,103,353,
130,494,510,
344,487,462,
367,337,147,
125,150,443,
169,278,
285,491,65,
177,66,420,
152,211,289,182,
140,65,
266,9,188,
75,16,368,
250,362,
279,502,9,
435,365,102,
244,139,420,
335,248,
129,46,494,485,
249,288,187,292,
414,223,462,62,
238,494,198,
415,362,289,
92,65,236,475,234,537,
540,62,475,
487,228,207,394,434,327,202,465,486,
86,65,
7,197,420,
352,
398,510,174,
225,93,288,
428,187,
238,485,420,
541,65,18,
463,375,
2,58,42,
544,12,347,
429,482,
494,493,497,493,
130,65,
426,545,314,
90,40,178,
159,309,188,
24,256,
399,354,403,
492,353,161,176,
239,309,256,
253,485,40,
17,223,40,
523,510,391,46,
462,198,65,
408,161,148,
210,270,494,
34,12,375,
413,309,545,8,
237,440,256,
165,314,493,
278,368,58,
516,39,289,
280,16,178,
409,482,353,
166,497,347,
286,502,449,98,
140,150,493,502,
70,375,46,
9,510,375,
105,223,391,
454,
547,449,12,
282,39,
533,362,434,133,
99,368,309,196,
461,310,
9,46,32,
282,139,482,
537,420,92,368,
377,270,
490,
285,198,475,
509,16,309,
431,198,493,
340,341,
6,309,148,
405,46,440,
245,50,440,
65,368,
348,46,446,50,
260,341,365,
36,256,
28,46,256,
40,494,
240,63,324,
90,139,
23,386,288,
165,39,529,
350,223,365,
365,355,71,
146,148,462,
52,354,188,
112,156,401,
238,
257,391,229,270,
58,256,161,
165,187,482,
6,545,510,
330,353,341,
232,46,494,
311,482,150,
137,71,
262,16,
329,223,
327,88,248,
125,187,16,
168,278,198,
441,50,
391,178,401,
369,310,223,
386,368,278,63,
545,420,
221,365,
52,46,365,397,
431,391,
251,341,545,
62,368,540,
278,188,449,
487,482,344,
91,409,545,
368,178,198,
103,107,249,
361,63,46,
131,493,
373,223,440,
42,188,
465,32,482,
430,545,139,
309,148,482,
516,71,397,
233,187,362,
498,353,502,
170,236,223,
261,198,
388,403,256,
70,12,148,
126,71,397,
239,178,187,
31,
536,216,
113,403,174,
75,494,
208,16,
500,178,
441,161,
153,39,368,475,
382,88,178,
372,510,
487,391,
332,510,
515,362,
409,475,
260,482,12,
132,148,362,
437,502,
85,502,
452,150,39,
232,409,198,
219,314,545,347,
322,391,409,
321,16,236,
209,211,88,
71,148,391,
173,288,482,
148,502,198,
424,9,449,
356,368,148,
525,542,58,
457,288,365,
119,324,
255,397,309,
266,418,545,
77,545,
241,353,
419,362,353,
417,341,
452,197,198,397,
30,494,
380,188,
15,150,
516,289,
50,375,
101,409,
176,314,16,492,
197,482,475,
502,211,309,
505,510,
202,482,211,
514,187,198,
531,510,
521,188,493,
142,9,420,
410,482,
168,341,139,
12,354,397,
142,310,
97,475,493,
74,510,391,
147,491,367,
0,198,462,
272,161,
509,353,
205,139,50,
330,139,
27,340,
76,314,418,
277,341,
369,278,65,
257,150,440,
196,485,475,
540,510,178,
344,63,545,
317,39,475,
158,188,485,
70,50,378,497,
174,88,236,
512,512,73,
173,46,206,
251,409,42,
142,
8,188,
397,12,494,
545,482,188,
462,198,545,
279,314,
267,161,
129,198,494,
145,353,307,
506,150,
79,46,236,
391,161,475,
327,487,65,226,
547,449,
371,341,150,
107,243,510,
133,497,278,
409,236,
504,50,
441,178,
114,46,380,
426,
166,288,178,
133,211,50,533,
338,139,288,
352,127,50,
125,510,542,
187,
382,46,139,
319,341,
13,391,
243,368,
273,362,482,
338,403,391,
69,155,375,
524,256,
241,362,
150,494,354,
489,148,
1,510,403,
144,362,248,
68,375,58,
430,368,
61,403,
492,365,
255,491,50,
360,16,
482,46,
434,533,187,
196,46,289,
418,341,
146,510,420,
38,288,353,
159,378,545,
276,545,309,
534,197,248,
339,256,
155,150,
132,58,
307,289,340,
44,440,328,190,
313,198,
227,493,
538,12,482,
60,236,545,
43,
353,256,
421,365,198,
505,340,493,
21,440,
490,188,
518,368,
316,391,236,
8,176,443,93,413,
369,236,362,
483,161,362,
518,362,
440,310,178,
148,256,
204,440,
170,168,502,
280,161,
256,353,309,
255,545,
296,
404,397,
510,58,16,
546,418,
92,462,542,
481,289,462,
449,40,529,
505,40,58,
396,197,
458,198,
170,354,491,
500,288,
279,198,
317,368,314,
58,510,
486,418,
517,324,365,
83,127,
303,545,256,
507,403,
89,178,
433,409,198,
293,494,289,
476,127,
109,482,32,
346,449,
216,71,365,
79,368,
200,403,
428,12,
223,187,
213,248,
198,347,46,
220,16,
183,511,
139,493,187,
389,309,50,
26,58,368,
288,9,
115,248,88,
18,270,
130,223,211,
56,174,482,
25,475,420,
526,368,270,
304,
