538,406,461,
461,538,
60,29,
92,126,
28,
373,344,
456,191,
344,373,
78,390,
514,153,390,
466,409,
230,455,
292,242,
118,37,
338,477,
406,538,
322,300,
105,174,
232,445,
112,51,
228,523,
151,170,
465,140,
477,
520,195,
523,228,
263,210,
409,466,
342,4,
455,230,
77,280,
178,91,
37,118,
170,151,
242,292,
445,232,
249,256,434,275,102,477,38,227,53,417,336,300,322,
100,186,206,
284,348,88,501,228,150,110,498,165,90,386,94,531,269,262,491,97,123,149,360,494,119,33,50,150,360,441,291,164,313,399,0,165,4,94,478,231,350,56,436,190,249,43,207,384,439,73,258,8,
477,398,539,166,0,235,427,488,176,462,476,121,155,283,484,83,259,107,289,539,158,511,153,280,487,197,407,53,468,86,17,108,384,71,318,285,199,309,177,356,179,475,517,275,76,510,111,140,546,244,74,486,391,113,536,24,374,402,81,15,479,442,521,58,370,45,219,389,418,57,325,387,349,87,170,175,379,543,527,512,321,89,60,63,339,423,224,310,419,350,534,348,
332,530,311,75,86,416,366,429,232,99,184,253,177,251,2,105,352,337,30,472,65,420,416,293,324,544,68,149,467,143,110,216,334,437,362,22,174,417,115,346,134,217,431,335,14,287,7,498,438,181,313,246,57,339,452,220,283,331,279,27,126,92,
26,112,485,171,221,10,82,236,439,507,187,131,114,380,69,317,98,176,403,292,315,264,192,292,386,407,104,110,370,451,420,543,233,289,91,473,151,334,513,120,464,358,258,528,505,390,272,146,119,125,307,117,410,459,342,453,284,212,25,368,285,279,427,127,252,53,304,549,265,366,382,203,237,340,72,116,203,415,62,48,229,292,536,499,399,218,458,521,186,295,429,78,46,512,47,494,393,58,221,39,252,
12,184,485,422,129,533,45,277,186,168,507,23,476,138,138,401,137,248,198,392,538,166,88,543,397,299,182,504,481,104,527,334,123,12,509,482,422,524,452,540,128,116,396,497,152,109,131,238,319,273,326,548,497,119,541,487,193,136,159,257,529,508,115,311,138,447,6,280,
278,205,267,501,282,35,86,5,379,243,367,67,24,106,516,79,351,
109,440,31,372,39,54,132,347,320,519,362,483,217,346,13,