226,186,509,1,86,142,59,264,390,8,467,493,545,160,167,220,333,409,19,
383,80,7,121,92,183,210,411,115,527,475,211,278,349,39,187,214,228,234,410,466,476,509,547,309,340,546,
545,391,379,22,20,67,264,521,359,408,293,344,424,310,93,388,395,226,
275,156,380,325,354,469,71,345,327,30,525,103,364,412,419,486,523,
404,473,289,458,32,235,38,432,506,47,289,392,11,22,206,2,356,425,8,56,130,370,392,274,159,213,403,
374,382,451,497,42,200,332,381,393,107,545,325,293,349,443,246,344,508,544,414,414,128,147,533,
293,474,407,285,440,154,208,343,517,214,511,352,211,246,326,367,524,84,248,127,359,420,533,207,374,59,414,524,
91,31,206,210,43,473,265,336,245,263,338,
425,335,331,466,103,265,515,169,495,388,126,112,458,299,31,160,288,374,420,524,300,117,433,537,132,318,346,467,
187,62,263,469,396,208,303,146,151,430,494,268,251,93,241,384,254,413,232,238,365,89,69,426,470,359,419,158,23,406,246,380,454,531,203,22,168,373,425,433,68,168,213,245,353,452,265,138,540,478,204,541,90,321,174,349,126,237,509,176,11,395,45,164,383,394,434,458,130,530,220,
450,379,186,466,423,107,22,301,238,153,445,549,131,45,392,195,367,17,341,268,519,217,188,95,453,
351,159,379,221,
458,404,17,425,90,31,284,405,512,60,73,149,248,264,274,330,4,529,24,392,497,327,451,
234,240,171,182,452,342,76,406,249,375,48,93,491,338,506,82,179,133,286,319,329,333,523,532,546,145,407,478,470,282,
432,24,8,13,158,225,212,21,350,
19,391,379,208,219,21,185,200,434,484,101,226,
545,508,252,212,
34,426,5,150,41,548,390,133,178,263,411,444,463,
352,465,293,24,52,
215,342,
248,531,298,
391,188,239,242,395,318,192,278,331,86,545,19,366,475,501,546,232,30,508,522,166,260,485,
531,27,37,340,63,82,215,344,83,283,248,69,28,132,101,178,308,313,493,547,531,178,126,178,361,217,6,463,473,67,255,440,458,10,518,317,358,
379,86,307,82,43,137,354,52,56,124,327,493,434,22,461,472,252,440,431,450,474,525,194,212,108,521,198,19,379,189,282,434,351,545,238,54,235,286,26,178,324,361,437,474,480,
235,103,26,322,368,69,258,328,348,464,484,
358,377,48,142,203,249,506,514,475,
450,242,103,507,525,
499,264,
513,178,185,305,191,534,542,396,494,533,415,373,483,127,143,227,454,441,523,293,
186,450,141,46,296,358,482,540,24,136,398,49,226,304,307,55,19,8,33,417,67,140,231,286,366,377,
103,174,256,28,148,141,70,65,263,183,102,431,410,4,276,450,500,338,407,548,130,375,458,534,536,46,207,322,431,274,320,306,471,
150,34,484,69,74,211,308,
24,4,28,322,374,294,456,432,261,400,195,228,329,547,104,317,331,455,446,447,106,288,299,318,412,425,504,352,228,253,65,439,544,93,222,374,391,
262,196,440,475,542,
126,290,531,500,74,
391,136,69,321,432,135,103,259,547,108,345,348,445,
131,365,17,390,
365,187,481,122,148,179,289,508,121,208,256,339,103,28,235,339,443,117,131,279,255,264,407,506,459,
339,537,365,56,122,159,437,
337,485,424,187,164,237,14,402,371,352,330,281,215,208,367,405,543,409,6,523,303,494,46,396,328,360,356,250,462,474,
69,174,88,67,384,349,229,391,548,34,87,134,520,539,20,65,300,22,378,416,287,461,499,384,24,129,28,32,113,124,232,279,311,316,10,530,131,236,344,
300,38,239,327,
473,93,191,268,95,89,404,489,21,52,234,535,122,416,336,240,305,545,189,305,288,498,173,369,
323,381,121,238,451,464,513,
343,206,293,473,293,459,
86,397,76,452,24,350,502,223,398,64,145,176,292,418,25,11,469,538,126,351,306,89,476,79,94,261,0,128,379,515,276,176,315,533,230,306,147,60,344,347,22,97,402,476,420,527,544,10,336,401,404,110,437,461,203,107,318,349,421,470,34,19,130,176,271,524,473,475,391,403,520,
208,175,382,417,360,481,494,239,289,392,55,467,537,338,287,28,73,494,233,245,253,510,56,86,175,511,524,444,458,471,
135,288,150,95,204,248,119,86,356,374,48,89,97,411,104,345,366,387,
88,267,405,272,329,239,538,69,205,392,434,40,83,33,72,104,139,150,160,171,311,313,331,409,151,205,478,284,306,61,62,69,426,517,64,475,476,81,241,490,78,82,
17,267,386,407,12,332,92,480,279,439,525,381,44,141,150,194,374,378,494,90,84,103,458,492,104,413,437,74,398,478,484,525,100,131,246,405,344,442,480,490,524,
363,27,169,237,428,149,265,431,505,508,527,11,41,121,286,161,
245,508,222,210,410,219,194,262,313,407,409,107,122,161,391,360,91,246,286,431,529,12,131,496,
508,482,469,13,61,245,398,231,527,545,50,69,196,442,462,502,519,520,194,291,469,53,74,203,320,331,338,160,287,320,330,
339,82,13,484,145,425,443,65,318,488,176,270,294,310,417,492,241,86,106,316,322,360,109,283,359,412,549,90,342,374,
472,
381,380,526,12,488,196,250,373,480,115,155,181,546,325,62,287,9,175,344,30,544,458,227,481,541,37,87,136,292,305,384,323,400,132,352,433,112,310,549,84,129,155,274,289,360,392,267,
380,187,275,28,102,31,74,162,175,383,523,434,476,493,116,358,142,248,266,275,453,542,
90,187,71,194,544,458,126,244,442,545,149,333,358,464,529,267,145,
419,473,62,28,499,537,134,367,406,
473,379,380,29,132,350,90,368,364,102,106,400,183,45,238,498,174,93,76,404,264,149,461,321,484,280,322,337,372,477,241,378,507,424,267,304,368,240,419,474,492,369,506,522,343,255,273,525,505,176,
519,421,
289,404,208,173,517,
103,425,17,235,536,44,274,264,449,467,493,290,48,101,318,376,513,
537,143,208,339,447,45,108,452,454,8,433,209,204,234,539,
121,365,383,323,220,371,130,113,260,496,524,
118,337,78,84,277,452,288,223,427,47,480,103,280,68,231,50,10,357,44,486,538,203,129,139,415,197,533,43,82,381,108,124,122,291,387,305,263,372,224,269,267,547,48,454,116,253,361,357,279,148,309,316,287,319,350,442,
380,369,238,113,109,174,104,88,85,55,434,529,365,441,230,266,473,16,488,507,408,396,515,71,137,501,331,334,78,381,434,64,409,325,359,346,194,175,354,541,197,282,373,386,281,419,487,500,260,295,324,333,391,319,231,493,12,201,440,448,85,227,125,437,234,362,332,436,161,242,422,374,79,86,96,224,227,252,320,327,535,164,194,419,421,517,546,
455,185,4,305,52,417,239,527,
293,53,351,534,415,
261,22,24,
250,247,81,153,440,534,535,364,
327,380,275,
201,454,380,130,
85,380,
151,88,
375,234,380,114,148,230,546,
415,410,293,
492,473,17,465,
454,537,
212,432,545,
342,215,
361,118,
486,118,378,334,
354,380,328,
192,495,391,
137,
267,17,88,452,
392,404,458,
342,90,
431,103,363,
8,432,
131,450,69,245,
495,356,192,425,
381,253,428,
117,425,365,464,
414,374,111,234,
494,513,208,477,
115,519,383,
405,337,458,
497,212,331,193,
234,383,537,
238,379,
194,245,508,
148,375,118,
358,90,380,
207,103,293,
54,379,
333,90,226,
318,425,103,
392,381,450,
267,473,118,106,381,90,
48,358,
318,86,391,437,135,
49,186,
370,404,64,
547,383,391,
52,352,
264,365,226,
179,234,
360,337,
212,497,379,
470,86,
374,339,24,
493,380,
82,379,88,
69,88,
19,86,
338,91,508,
6,531,337,
61,508,
60,458,
187,
314,468,
469,275,508,
220,226,121,187,
462,508,
264,545,499,
428,363,
443,339,374,
329,24,
13,508,
475,86,358,
417,186,455,
367,450,419,
74,380,
352,381,351,
325,275,374,
279,365,
433,425,537,187,
520,508,
46,337,103,
8,537,226,
471,103,208,
26,379,
74,508,150,
403,404,86,
490,17,88,
445,450,391,
459,365,343,
427,371,
176,339,187,
533,513,447,
183,473,122,
321,187,391,
331,88,
109,339,
255,365,
530,69,
305,455,
524,208,293,
188,391,450,
28,531,
64,35,370,
331,425,
510,208,
264,458,103,30,
312,
224,380,
289,381,
253,24,
129,381,409,69,507,
410,515,488,415,
185,513,
20,545,
383,380,
333,234,301,
239,455,88,
486,247,275,
529,90,245,
260,121,391,
376,103,
132,531,425,0,
517,289,380,
265,187,425,
515,425,410,
474,473,
360,208,
174,
279,17,118,
56,404,208,
476,383,
464,90,117,
294,24,
112,381,
25,86,28,
372,473,118,
144,23,354,545,
508,391,363,
374,135,293,
185,455,
122,473,
114,
133,532,234,
533,374,
451,13,
211,293,
256,103,365,
58,
225,
461,473,
480,
247,250,486,
537,419,425,
74,17,126,
440,250,262,
509,226,
178,531,34,379,
547,24,531,
119,234,
27,363,
499,419,69,
69,508,
293,446,
130,103,86,
81,250,88,
411,383,
287,508,
161,245,363,
421,380,519,
348,235,391,
38,404,300,
266,380,
90,17,
391,24,86,
21,432,19,
366,135,186,
474,379,337,
546,383,380,
377,186,358,
344,69,17,
464,323,235,
122,339,
130,187,201,
507,129,450,
434,19,
327,300,458,
282,379,234,
530,187,
419,380,275,
10,69,531,
269,118,
527,455,
205,88,
159,404,339,
120,
4,24,
93,545,24,
176,473,
135,318,391,
298,248,
55,186,
118,
102,103,
27,250,
358,186,531,
498,473,473,
134,419,
1,226,
62,419,
206,343,
124,379,69,428,
130,121,404,
45,187,537,
22,86,545,
390,226,
79,380,
434,20,379,
265,363,91,
300,425,69,
290,126,103,
234,414,119,
278,383,
320,380,
506,404,473,
88,380,338,
285,293,
470,
420,293,425,
344,486,
268,473,
407,245,
366,391,
475,391,383,
513,323,103,
153,450,250,
286,186,245,
28,419,365,
166,391,
95,135,
409,129,226,
252,545,
173,473,289,
227,380,381,
30,381,264,
508,365,374,
143,513,
187,337,383,
4,458,455,
24,458,69,
509,383,
113,69,
26,235,
116,380,
467,226,
203,358,508,
317,531,
497,458,
549,339,
454,513,
246,17,293,
101,103,19,
253,539,
231,380,508,
369,
454,201,118,
189,473,
158,432,
544,381,86,
349,187,69,
238,450,
449,
271,86,
439,
61,88,
523,380,234,
205,88,
217,450,531,
174,187,
194,90,
398,508,17,
484,19,235,
211,150,
524,17,121,
200,19,
22,187,379,
365,380,
394,187,
501,
288,473,
407,234,365,
222,245,
142,358,226,
273,
383,187,
86,208,226,215,
263,91,34,
147,374,
48,234,118,
157,
42,
73,
274,458,381,
349,383,
483,513,
453,450,
235,379,365,
244,90,
427,
28,208,
107,245,
409,460,88,
276,103,
549,381,
194,379,34,
404,86,143,
433,381,
289,365,404,
463,531,
345,135,391,
19,186,
136,391,
404,
309,383,
523,275,513,
231,186,
364,250,275,
451,323,458,
350,118,432,
346,425,
447,
261,
241,88,
437,379,339,
308,150,
458,208,
103,275,365,
94,
360,381,
480,379,17,
149,
453,380,
160,508,226,
500,126,
442,17,118,
328,235,354,
22,261,
110,86,
69,150,235,
236,69,
59,226,293,
340,383,
11,187,
30,275,
167,226,
330,508,
455,
258,235,
86,135,
121,363,
242,380,
78,88,
128,374,
322,235,
412,339,
478,234,
145,234,
458,187,
320,508,103,
48,103,135,
310,545,
359,339,
542,262,
316,118,69,
53,508,293,
0,132,
470,234,
228,24,
371,427,121,
476,88,380,
546,375,234,
