100,217,60,143,128,222,224,522,57,446,254,73,
309,246,519,299,417,184,
433,357,221,474,269,252,190,387,533,177,273,322,351,162,8,455,522,243,19,53,102,195,294,431,192,217,296,
278,105,123,423,
17,321,267,519,447,12,332,85,480,17,439,525,381,44,141,150,194,
290,494,224,62,244,169,276,
278,516,302,120,499,216,271,542,107,172,289,351,429,127,171,335,280,162,471,97,456,224,539,381,146,96,545,272,73,284,189,191,419,459,
234,519,171,182,452,342,
186,450,216,141,46,296,445,482,390,540,
512,0,253,382,347,91,88,352,49,250,108,35,190,513,192,340,401,272,102,127,470,495,154,309,390,406,463,486,
108,259,267,434,67,26,65,216,151,346,176,417,494,519,319,393,476,513,33,0,293,469,473,212,259,447,545,393,516,11,398,
514,69,216,182,381,432,34,277,141,367,110,118,230,415,515,230,21,389,141,543,445,547,
337,485,424,430,164,288,402,371,440,467,233,327,330,453,
381,380,526,12,187,488,232,250,373,480,115,451,526,546,169,325,62,287,491,9,175,344,385,544,
38,500,187,461,326,22,277,384,
496,331,101,15,341,270,293,334,231,481,154,183,535,429,124,205,523,139,247,476,353,19,494,183,367,50,402,
473,379,380,29,132,350,90,330,364,102,106,345,400,13,45,238,211,174,93,76,404,190,264,287,149,461,396,484,280,322,337,372,375,477,241,378,507,
384,41,417,220,303,536,122,227,232,512,521,535,275,442,113,28,215,295,324,341,446,497,516,116,203,212,263,512,
396,80,86,473,342,58,227,110,218,433,
249,246,443,373,77,242,431,482,489,
118,337,78,84,277,452,288,223,427,47,80,103,280,68,231,50,10,357,44,495,486,538,203,129,139,415,197,30,82,381,108,124,122,162,291,143,378,263,372,
517,321,226,143,83,228,537,86,128,223,259,527,
266,112,515,99,243,56,517,189,256,89,286,2,542,10,59,151,296,501,
417,384,13,53,78,175,27,267,285,362,478,540,396,508,531,139,320,139,306,477,41,443,494,523,103,129,284,325,379,433,539,
379,86,307,187,82,43,43,354,52,56,112,327,405,434,22,461,472,493,18,252,440,274,431,450,474,525,194,309,521,
545,278,86,104,259,500,24,144,187,15,522,530,54,234,287,428,465,506,
283,103,393,
410,382,56,223,54,478,59,48,263,186,36,393,527,63,80,260,519,66,29,273,281,
368,210,194,24,236,375,79,543,370,238,46,270,543,378,219,315,419,231,281,397,47,463,153,397,526,241,390,396,448,534,328,429,453,
450,379,186,466,423,466,
374,318,
88,393,512,267,304,405,272,329,534,538,69,216,392,471,434,
522,221,147,110,90,301,379,8,542,344,186,347,33,40,482,388,332,67,90,373,477,216,
303,186,483,476,13,184,217,216,80,
531,27,154,37,46,340,59,63,82,215,344,83,283,391,149,248,405,447,246,
393,483,208,88,17,382,501,382,339,99,347,456,133,278,2,100,258,345,481,
272,93,329,216,187,370,385,90,182,33,82,77,125,230,15,58,304,133,161,376,390,305,17,184,261,308,477,499,185,211,431,535,106,404,133,144,375,483,524,34,248,373,381,468,548,
223,410,173,175,93,228,
127,519,483,94,318,186,104,207,247,251,261,307,333,364,442,453,278,243,150,179,222,224,313,434,
246,11,86,101,304,249,151,399,437,161,447,508,547,83,358,456,69,106,300,309,74,112,516,313,492,496,224,251,123,258,531,
518,244,446,440,547,
318,191,374,205,158,176,224,241,312,395,411,517,259,463,129,135,424,
253,512,145,407,491,508,307,363,492,49,41,186,523,542,81,107,408,441,
483,494,193,318,67,65,485,32,272,53,274,107,271,7,327,118,393,104,127,57,56,525,447,57,231,500,11,364,184,499,303,31,543,194,127,305,232,173,255,470,483,509,82,525,211,453,49,139,434,529,
473,93,108,143,268,95,89,404,501,
34,514,494,100,327,56,109,164,193,209,251,490,118,151,361,364,382,435,518,
380,369,238,113,109,174,104,88,85,55,434,529,446,441,230,266,473,16,488,507,408,396,515,71,137,501,331,334,78,381,434,64,409,325,359,346,194,175,448,541,197,282,373,386,281,419,487,342,500,260,295,324,333,391,319,180,493,69,546,
187,62,263,469,396,208,303,146,151,430,494,268,251,93,241,384,254,413,232,238,365,89,69,426,470,38,359,419,158,23,406,259,380,454,531,203,22,168,373,425,478,68,168,213,245,353,452,422,533,374,504,540,478,
143,100,517,
321,44,528,237,444,130,17,71,385,319,386,387,384,410,535,97,91,421,366,387,493,234,272,27,82,202,326,517,256,382,158,150,113,451,484,328,524,205,231,431,515,108,488,495,383,
375,80,303,30,76,292,
389,543,422,400,
456,246,81,73,291,406,513,366,376,451,90,92,139,189,545,49,101,216,277,
503,103,22,268,419,378,478,486,453,
519,57,17,454,383,127,549,234,309,24,22,233,520,136,338,188,466,
543,194,368,514,389,98,175,508,333,361,403,169,85,76,425,430,514,82,191,324,475,228,258,305,86,95,222,344,476,491,513,
494,483,246,356,300,114,366,216,90,152,424,422,87,192,252,290,223,91,344,81,176,456,259,4,452,394,519,265,147,287,312,9,34,65,128,154,323,260,487,273,63,533,188,471,
244,290,198,12,309,255,427,440,364,463,511,538,484,518,471,60,253,481,300,339,399,410,
446,380,216,7,445,63,78,20,541,271,526,328,401,500,535,549,114,280,340,214,475,196,384,494,188,312,387,390,446,518,265,341,416,65,92,252,211,379,391,533,233,281,425,513,458,464,
194,543,448,413,142,239,477,212,525,539,36,106,156,289,174,179,304,340,350,376,
103,324,503,17,28,148,141,537,391,263,283,102,431,410,4,228,280,374,
382,179,294,309,410,512,302,352,367,328,265,90,452,462,499,124,60,155,205,181,402,522,189,318,194,262,22,270,456,152,203,334,85,
345,473,267,405,10,431,466,85,34,135,285,360,539,
208,393,175,382,417,360,481,
86,397,246,76,30,452,24,350,502,223,398,64,145,176,292,418,25,11,469,126,351,306,89,476,79,94,261,396,0,545,379,276,176,315,533,230,306,358,147,60,344,347,205,347,402,476,543,527,544,
85,351,14,485,236,82,203,39,78,11,10,454,485,173,94,385,449,156,167,192,431,492,505,333,452,492,178,408,170,176,179,522,349,489,96,7,88,96,465,333,529,51,196,69,118,367,384,416,451,84,107,168,83,127,210,527,414,196,382,
31,483,545,26,183,303,485,97,238,384,477,85,376,405,468,457,
491,253,63,16,381,166,328,350,406,
393,257,274,355,463,533,216,372,114,123,283,231,232,85,44,328,300,336,
293,496,474,407,285,
80,174,118,523,396,375,379,184,437,453,469,522,66,329,363,429,96,342,303,
250,381,216,475,506,
216,272,539,464,95,443,85,186,73,337,454,84,77,171,320,146,183,257,275,476,110,99,16,248,250,330,70,158,40,425,468,472,304,425,434,541,261,327,336,513,
401,512,267,
478,410,187,451,278,
405,379,
46,368,531,462,
287,207,46,304,224,163,365,399,428,
508,253,517,
341,14,384,
495,181,118,466,438,24,143,147,446,538,
442,127,196,
417,108,424,547,
380,187,
270,496,
69,85,246,88,67,384,
413,194,
251,127,246,
390,272,446,
24,287,207,
24,330,495,
154,496,115,274,531,
62,290,
330,24,473,
351,
367,382,
207,24,174,436,394,
440,337,
190,433,473,
17,103,393,
323,494,
34,345,272,
339,393,13,484,
205,86,318,
287,473,
11,246,483,
285,417,
430,337,543,
425,543,216,
451,13,456,
508,543,417,
513,456,
112,379,246,541,
526,381,
210,368,
304,216,88,287,
215,384,385,
358,86,
281,446,410,397,
112,262,266,
99,266,
390,186,512,
247,127,496,
143,473,118,
372,473,118,
545,31,
404,473,272,
217,433,303,533,
280,103,
350,194,491,
391,446,
261,216,127,
493,380,
523,417,253,
267,345,401,
347,393,86,
447,17,108,531,
451,381,85,
187,381,379,
227,292,119,396,
497,384,331,
211,473,272,
313,127,77,
336,393,216,
385,215,381,
90,522,382,
69,380,514,
434,483,127,
258,246,393,
461,38,473,
493,379,
267,17,417,88,452,
375,272,473,
443,249,417,
139,417,483,
91,512,321,
77,145,272,187,517,249,175,203,224,265,313,
14,454,341,373,231,478,
106,194,
432,514,
110,514,216,513,
448,380,
328,446,
188,494,519,
101,456,496,
547,514,518,417,
309,379,512,
327,216,337,
184,303,309,
374,103,187,
365,187,
214,446,
19,496,433,
35,512,13,
417,208,309,
207,127,287,
524,272,
477,473,
378,118,368,
161,272,500,
357,326,433,
434,20,379,
475,543,
18,379,
88,380,
216,278,108,
434,108,216,88,
216,514,446,303,522,
83,517,85,
533,446,187,217,
422,187,
416,269,
228,103,223,
303,13,384,
525,483,194,
192,512,494,
107,85,
230,50,378,
232,381,393,
90,522,
180,380,
268,503,473,
476,216,108,
53,483,417,
275,384,
194,379,382,
477,417,
288,337,
114,109,393,
485,31,
387,321,
145,
57,519,483,100,
293,108,
334,382,
96,278,80,
544,381,86,
423,278,450,
304,194,
360,345,208,
129,318,417,
174,194,80,
527,517,86,
429,368,
383,321,519,
89,473,
203,382,77,
446,495,100,
22,503,382,
248,272,531,
76,543,375,
405,31,531,
300,244,393,
106,246,
440,518,379,
85,17,345,
169,381,543,
499,272,
278,478,393,
467,337,
41,417,253,
85,543,
8,433,13,
186,253,303,
468,216,
361,543,
83,246,
486,118,
390,368,102,
263,384,103,118,
97,31,141,
241,318,368,
25,86,379,28,
82,379,483,
13,473,
151,246,
22,187,379,
33,522,372,
274,379,
307,379,253,
56,266,34,
351,433,
453,368,337,
154,512,
135,345,318,
150,127,17,
501,473,266,
17,17,483,
466,519,450,
491,543,109,
21,514,
292,375,
222,543,127,
255,244,
442,384,
277,514,38,
102,103,433,
453,483,127,503,
141,514,97,
445,186,514,
294,433,
414,85,
338,519,
483,272,17,
60,100,244,
333,127,13,
328,382,393,
262,112,
73,216,
30,86,118,
526,446,
469,80,108,
259,187,545,
109,34,
534,368,88,
24,519,545,
46,287,
63,410,531,
59,531,
102,390,512,
326,68,243,342,
220,
541,216,
537,517,103,
250,512,
379,446,25,
342,380,396,
496,246,
541,446,
73,278,456,100,
367,496,
477,194,272,31,
4,123,494,
205,496,
333,543,
327,379,
425,216,187,
289,194,
108,321,
270,382,
133,393,272,
481,244,
139,118,496,
109,380,
545,456,108,
139,417,456,
396,368,
217,100,
324,384,103,
158,318,
419,278,503,
276,13,
347,86,466,
128,100,
487,494,
275,216,
363,253,80,
256,266,
466,347,495,
100,34,
344,86,
340,512,
175,208,
108,512,
415,514,
517,266,508,
522,80,
13,451,132,25,51,126,30,475,160,417,8,492,303,5,63,82,276,382,518,339,319,9,35,321,333,
540,187,186,
504,187,
149,531,
435,34,
175,381,380,
44,17,393,
378,473,503,
242,249,
465,545,
103,417,
433,396,417,
342,80,
399,287,244,
216,456,88,
296,266,433,
85,393,31,
10,266,345,
373,272,522,
486,503,512,
471,494,88,
49,456,483,
123,278,246,
285,293,345,
224,77,127,
546,380,
230,86,
331,496,
59,266,
30,375,
328,368,491,
428,545,287,
478,503,109,187,
179,127,194,
406,512,491,
158,187,
476,543,
518,34,
67,522,
141,186,17,
192,433,
513,216,543,
95,473,543,
539,345,417,
218,396,
468,31,272,
344,381,543,
441,253,
100,393,
464,446,
151,34,266,
2,393,
452,267,234,
81,456,253,
481,208,393,
233,446,337,
340,194,
255,483,501,
500,483,25,110,38,333,519,161,147,407,204,545,262,351,
463,318,
36,410,
384,31,38,
117,
58,396,
54,545,410,
431,433,345,
322,473,
456,382,
542,266,253,
66,80,
391,103,531,
305,483,
60,382,
306,417,
324,380,543,
260,410,380,
539,216,
162,118,433,
231,321,14,
189,278,456,
525,483,17,
116,384,
490,34,
431,321,103,
141,103,
305,
509,483,
517,77,
300,246,
484,473,244,
522,382,100,
347,522,
364,244,
539,194,
463,393,244,
438,
215,
10,297,119,
223,118,
43,379,
387,433,321,
424,318,
63,491,494,
