185,136,182,
14,67,3,2,178,
52,111,190,68,
89,162,3,22,47,151,130,
154,26,2,119,70,55,59,
160,76,44,
152,8,122,106,100,
130,22,153,46,26,76,8,92,188,26,37,82,
23,190,164,121,129,54,142,58,
22,45,152,0,38,122,76,140,47,7,163,158,152,131,64,125,
76,130,151,160,175,86,186,53,166,59,106,
130,32,165,149,114,62,28,12,
161,69,14,111,147,85,12,12,160,117,94,176,102,
2,36,24,51,73,57,
148,95,91,117,95,69,
55,24,48,170,94,151,177,47,105,
122,98,
59,145,30,20,101,3,154,76,113,
178,57,69,160,2,101,135,191,63,170,146,73,
147,36,86,183,19,
24,3,156,13,60,79,107,55,161,59,2,
87,82,104,40,30,101,102,146,128,191,165,129,129,
189,32,14,149,
136,16,171,10,190,
45,126,158,67,191,12,53,136,97,
58,36,23,190,37,
28,147,18,144,16,22,79,
21,51,148,
19,64,43,76,
13,4,163,36,179,
87,97,90,177,112,164,
147,141,160,96,167,39,16,47,45,163,23,189,188,15,86,
66,111,138,69,80,125,43,88,77,129,141,
155,122,77,30,3,4,127,18,167,116,33,63,135,104,
6,39,28,35,141,3,126,12,116,130,127,
158,138,69,33,150,83,82,48,81,
32,19,130,88,
8,85,179,168,84,
156,162,174,
106,69,46,134,57,
64,26,129,74,148,104,22,40,99,111,1,139,91,191,80,77,87,129,152,
168,51,82,82,127,
152,10,128,69,137,170,107,
34,7,23,69,
42,77,181,99,53,111,
168,181,8,
51,110,76,129,55,61,67,160,151,
43,101,66,187,143,81,173,1,118,181,66,42,48,
95,110,133,176,100,114,71,94,156,71,3,164,91,55,
150,84,97,26,119,53,95,111,20,
79,67,25,30,183,112,37,175,84,101,118,137,69,158,128,28,112,
68,113,144,56,
136,185,3,123,
79,49,16,97,129,188,24,137,89,108,
142,162,77,134,114,170,118,171,99,55,
174,126,
172,121,183,89,39,74,135,64,109,60,9,155,185,35,
54,51,102,162,17,
61,5,128,141,101,97,
74,76,172,148,171,19,18,137,123,60,
188,130,88,59,88,40,4,179,30,53,67,
7,72,81,124,107,84,163,181,
106,116,70,47,21,91,157,127,175,152,172,137,145,139,
172,162,175,174,106,72,108,49,69,11,108,
22,162,43,121,50,83,71,115,
118,179,84,112,117,190,86,35,160,
182,181,178,81,3,163,94,133,3,36,13,8,157,165,144,77,
82,3,168,157,
46,101,151,99,123,179,83,43,62,
190,169,51,160,0,106,149,58,49,75,149,6,190,152,138,60,153,1,58,26,140,66,
110,52,125,82,99,119,165,69,140,178,
42,30,72,16,31,161,
163,182,105,129,42,184,119,35,
5,61,111,53,43,27,122,13,93,35,61,129,173,118,
70,31,154,84,57,
73,157,22,92,178,52,20,30,37,95,12,159,115,
59,79,102,133,107,
107,51,102,51,48,29,
165,110,82,
64,122,85,55,44,90,102,105,18,176,44,169,172,63,67,190,19,110,22,63,40,
5,18,32,118,64,
159,73,6,91,
120,18,96,176,77,
9,181,55,138,42,116,104,101,55,37,183,87,14,134,123,30,11,
151,19,127,10,157,65,
129,12,86,21,52,35,111,97,114,60,
7,142,162,113,183,11,134,108,46,191,
1,95,43,165,26,114,107,11,135,
126,87,121,149,90,34,119,65,6,126,186,84,32,164,182,145,169,5,178,124,132,54,174,50,47,132,
93,115,111,18,
152,22,79,76,117,
132,14,100,21,126,29,79,
42,91,96,30,63,65,47,44,6,181,114,81,119,137,146,166,142,26,141,
23,10,146,101,7,83,18,93,3,91,157,97,
5,20,100,92,48,106,178,57,45,129,185,
88,119,18,51,114,100,
3,14,87,89,181,15,8,
66,60,18,100,7,106,167,
100,60,109,
102,170,55,112,122,101,177,140,1,92,14,181,175,12,41,107,
151,36,189,60,51,92,
114,15,103,21,56,13,47,88,47,14,30,63,
102,69,133,64,118,27,110,40,89,108,24,87,176,95,73,40,
57,102,
81,100,54,63,3,53,182,116,88,
63,6,32,4,146,17,7,111,155,114,
170,157,81,2,4,169,103,120,98,148,124,5,171,58,186,134,9,91,50,63,67,5,164,
54,146,28,81,23,148,102,
179,63,133,118,18,115,120,123,104,30,8,30,101,126,32,190,
36,107,153,151,80,187,52,
106,190,72,175,26,65,99,78,17,147,141,63,122,
119,38,129,26,4,148,53,121,
73,190,2,51,141,99,133,40,52,89,110,17,32,155,82,19,73,144,81,102,
176,18,2,72,
28,69,99,33,191,113,134,58,6,109,123,0,38,54,109,134,161,24,157,88,144,
4,77,168,52,94,117,115,184,79,153,
97,79,111,190,60,
82,24,148,115,156,16,110,165,77,107,45,157,87,168,73,
183,129,101,46,26,3,102,160,158,140,
148,14,102,165,64,116,61,42,4,69,137,68,106,36,44,155,
98,17,190,121,140,68,122,77,95,37,63,4,
79,135,66,148,13,152,47,19,59,161,18,
124,110,123,25,147,10,37,112,109,60,149,139,85,146,113,79,
157,189,16,161,98,28,23,82,
36,136,65,156,39,188,3,16,120,53,165,
26,106,130,152,
115,138,66,173,184,191,131,74,72,146,21,90,172,31,119,32,123,161,79,164,83,73,103,164,96,
39,129,124,115,6,55,111,34,46,100,175,129,171,58,
32,57,18,41,121,83,89,52,125,156,107,157,162,
160,133,190,85,60,57,18,128,78,19,186,
119,17,154,52,102,88,163,56,163,
69,23,70,84,6,67,32,17,144,129,106,147,60,66,98,7,56,77,18,102,75,140,114,
136,98,9,102,173,10,175,36,81,149,13,91,168,58,119,22,61,
14,124,133,17,148,161,26,129,39,132,38,86,184,189,98,
19,97,
152,153,51,55,13,119,84,109,96,170,26,146,
148,79,17,132,175,
19,10,160,147,
115,141,85,56,83,139,139,
149,124,60,81,115,124,128,101,
66,115,179,99,37,29,32,81,132,78,35,188,
85,30,92,175,
79,146,51,124,124,84,
126,82,119,119,70,111,
114,130,107,138,113,
142,176,31,26,43,34,50,38,55,63,
179,144,47,80,66,118,158,9,110,76,65,47,94,125,143,170,67,90,
82,119,54,18,56,57,
169,50,190,108,59,133,182,135,
107,80,51,13,63,156,59,82,93,36,95,24,
118,61,178,168,40,80,171,111,5,
176,186,95,0,66,81,142,41,117,158,116,102,146,92,53,3,8,24,
136,177,56,149,67,79,60,0,135,179,174,146,90,
171,74,118,58,
168,94,30,119,25,
181,177,66,43,189,116,
47,8,78,151,15,33,47,85,187,84,190,114,
44,57,10,160,
36,92,2,17,84,147,148,112,9,58,28,43,108,55,142,
169,149,64,74,122,173,99,27,85,86,
94,55,168,9,55,161,
151,171,4,34,56,148,113,53,51,41,148,52,21,
73,60,164,40,178,67,148,141,30,17,93,84,
153,36,129,110,126,15,152,86,33,4,
138,190,122,7,148,101,121,143,103,67,66,25,102,56,156,49,71,8,50,
31,59,30,167,30,27,119,177,116,70,158,141,110,156,54,91,
42,63,164,
90,13,83,62,
67,166,64,181,182,73,150,67,110,
181,153,51,101,157,49,123,96,33,10,63,111,172,3,20,7,142,163,182,
139,99,105,160,124,20,23,5,
164,95,135,42,184,9,101,
137,148,182,74,61,
86,153,189,
146,42,81,63,156,30,23,9,153,
144,15,84,139,158,175,190,177,
49,181,94,63,180,118,91,145,191,139,
17,104,8,148,81,63,119,81,54,182,
86,49,60,38,168,44,169,
6,190,95,60,159,33,120,93,152,1,53,44,83,153,
124,91,181,14,39,189,181,146,163,149,34,34,45,
149,30,4,176,158,82,63,29,73,190,114,132,169,16,19,136,
36,55,152,137,66,157,176,
30,49,188,128,61,73,168,184,163,
175,106,51,148,10,5,
139,115,2,144,122,32,169,138,
51,8,181,107,94,141,189,
182,137,67,129,
13,5,36,161,177,85,112,
129,87,119,146,142,
163,13,48,162,13,159,5,167,22,191,26,14,154,35,100,
51,107,85,178,124,170,135,115,83,159,13,
163,18,10,4,119,
190,175,
43,156,160,5,154,142,85,120,
162,187,149,41,21,7,7,148,169,22,148,23,121,156,9,102,118,32,
69,11,103,37,172,18,
167,155,116,39,29,188,52,79,154,66,
190,100,55,18,24,23,98,177,138,52,52,162,160,
104,83,174,189,1,23,155,45,
129,5,64,
84,91,67,150,106,92,139,79,35,147,120,4,
84,97,118,89,
186,176,114,131,51,88,
27,31,63,133,10,52,82,8,161,115,
129,160,5,66,79,66,153,153,
5,158,171,
83,97,158,123,97,
171,42,116,123,168,83,133,16,114,132,140,136,78,
38,145,110,8,142,
36,102,81,150,97,3,60,
181,157,67,31,42,68,72,80,34,152,63,
66,156,43,151,
22,4,176,134,
56,114,100,37,119,9,26,68,8,69,
157,54,6,105,53,17,167,98,40,134,181,120,157,82,7,23,
160,18,101,129,147,140,37,12,10,156,87,74,
97,59,150,25,116,104,87,19,
4,171,190,133,13,0,22,64,
46,106,83,124,50,
78,40,66,86,95,63,85,83,37,
10,61,137,19,54,121,71,
55,30,111,51,2,154,95,7,16,
110,90,73,95,123,16,72,155,18,43,38,64,58,179,157,
189,67,151,2,14,154,154,121,188,129,180,122,
117,112,157,165,43,148,30,77,161,118,152,26,169,169,82,121,
68,48,76,52,48,98,116,65,
153,181,43,38,110,26,71,142,162,14,102,30,111,190,152,46,129,145,
39,35,101,147,92,69,151,
101,87,76,23,74,173,
160,183,178,190,84,43,124,131,67,41,
188,83,100,169,
60,5,6,85,77,52,43,89,119,25,80,74,30,187,104,120,124,108,120,173,136,62,70,74,114,159,100,135,24,166,155,166,23,103,190,136,186,149,182,22,
163,32,80,152,25,36,26,
129,51,124,4,183,140,37,48,119,88,145,60,108,138,82,114,131,141,
36,13,13,163,188,
94,166,16,103,40,88,174,33,49,11,70,15,119,4,101,
87,9,31,6,162,32,68,35,109,136,39,
119,7,126,168,
186,139,160,40,83,51,39,92,33,49,142,115,
137,86,152,141,95,119,59,115,171,
8,182,67,174,
47,158,18,
18,51,110,141,48,128,137,
23,60,85,12,34,163,72,186,19,
44,187,53,84,66,142,121,146,148,
120,85,179,169,144,76,9,
63,98,179,181,27,40,100,111,184,161,
35,163,18,100,64,155,172,
63,64,49,110,70,168,
4,30,151,108,61,112,163,146,119,139,93,83,
175,86,58,52,190,52,
95,137,73,107,148,10,80,67,78,41,
175,114,45,52,172,
151,68,8,67,
172,181,106,92,115,
38,141,93,142,30,0,101,25,
170,51,142,161,
168,189,118,165,3,
70,64,106,160,
173,165,63,153,111,
121,172,22,71,60,92,
142,42,186,125,38,2,188,140,153,181,22,
101,61,179,38,73,164,
120,175,8,110,81,36,154,91,179,140,122,26,18,146,87,133,158,55,17,129,165,106,
78,95,171,53,
128,11,115,159,3,61,30,8,34,17,
18,55,35,113,116,5,44,55,79,
82,122,86,115,103,13,
4,149,98,102,86,
181,123,132,72,5,11,102,85,117,148,128,168,147,42,9,
8,27,40,93,56,50,
134,106,9,22,
155,100,41,61,35,
53,67,100,191,54,24,183,6,33,81,146,42,
189,147,104,176,31,
77,10,102,
105,176,157,105,181,155,9,41,172,4,152,139,161,150,125,1,17,37,10,141,
8,47,51,85,61,188,174,181,117,
122,181,126,128,44,169,106,141,152,10,
13,137,39,95,182,100,4,24,37,90,135,
72,87,88,179,87,25,106,7,80,169,8,163,16,21,97,
135,4,79,169,172,125,17,98,80,
31,133,174,185,5,42,
91,42,114,147,102,65,148,165,95,102,23,159,31,
119,136,35,186,176,89,63,148,143,50,42,175,150,51,114,14,12,188,
121,120,98,104,154,35,105,17,75,122,191,81,
162,172,69,87,96,67,116,12,89,
83,70,4,47,72,
129,189,121,96,116,186,
79,4,167,21,75,
40,76,102,165,116,73,124,179,186,16,61,78,96,52,44,48,183,54,64,
51,152,181,22,21,76,66,31,88,
59,133,188,84,127,4,186,
112,10,13,52,87,
164,39,32,181,148,8,9,110,54,
91,118,170,60,20,92,95,26,52,
31,147,13,142,189,99,87,
43,26,101,99,18,39,168,127,57,16,153,185,19,50,88,82,47,65,142,122,33,43,110,149,185,71,151,22,
156,81,160,55,169,135,56,185,
3,36,176,
81,133,84,34,14,79,120,34,109,17,7,110,72,
96,162,17,59,88,120,
60,66,72,110,87,164,191,101,125,115,100,110,151,57,86,54,
88,96,176,109,129,47,6,186,
57,148,21,135,30,84,132,105,178,160,2,44,130,60,189,
41,178,77,185,64,
187,66,107,186,158,13,128,43,56,125,36,147,21,161,60,
13,69,24,152,151,18,115,130,100,114,31,22,31,37,19,89,125,107,
124,40,126,158,56,148,79,
47,147,179,79,77,143,88,41,114,95,60,121,
54,100,174,40,66,97,0,60,120,
26,130,142,104,
25,38,163,
3,155,96,13,23,186,71,
188,147,167,177,
100,110,4,21,152,95,54,81,182,95,35,
3,124,24,176,81,82,70,136,105,
98,111,69,157,115,
117,8,24,161,124,
4,129,36,105,15,45,135,83,81,189,46,188,182,36,
185,5,31,43,157,121,
17,19,93,111,116,20,42,98,35,73,32,159,34,36,8,105,174,106,185,
177,87,119,155,181,106,51,140,92,79,188,
115,160,4,67,
88,30,103,72,47,60,188,67,78,146,109,108,122,
116,127,162,176,103,18,81,136,139,
147,84,80,161,91,28,58,50,54,
21,176,58,57,56,129,187,102,49,106,78,132,174,73,69,32,4,
175,102,156,85,
4,104,163,21,
176,18,0,88,148,161,87,14,105,61,63,102,161,18,24,65,140,15,2,
67,115,151,71,
125,66,64,104,135,151,101,
77,142,61,4,155,179,47,87,28,12,182,
122,25,186,14,46,111,78,164,160,104,26,47,81,147,114,77,82,155,177,67,173,152,18,157,116,169,
137,111,156,186,106,
54,158,162,66,126,53,18,88,183,71,115,153,85,82,154,
109,96,64,38,94,149,177,173,99,110,156,88,181,
109,55,87,152,159,25,100,144,161,69,
49,186,86,81,148,166,30,120,94,
83,58,109,52,97,104,59,13,38,53,7,157,191,54,16,
8,151,44,69,152,80,128,
87,175,72,3,84,103,107,40,64,49,25,
111,5,82,52,88,10,126,101,131,137,107,181,93,98,87,
2,43,186,45,62,42,151,11,14,23,0,73,55,109,82,160,176,86,58,154,121,
24,102,188,44,84,117,57,121,191,47,88,
33,47,94,17,111,43,135,
52,190,151,130,4,12,175,13,32,
156,109,24,
3,107,59,37,18,93,
90,177,32,
178,65,146,111,44,51,182,14,118,159,101,81,165,145,
119,115,52,152,92,96,116,153,121,0,126,31,177,8,82,129,117,34,
26,160,32,8,154,122,165,38,91,48,48,151,117,111,46,124,163,14,187,160,9,94,148,184,
3,6,183,17,187,159,31,
32,73,163,112,164,166,90,174,69,5,130,139,189,110,43,66,
92,35,165,
102,10,191,77,109,162,54,125,
51,190,27,79,99,109,18,83,137,
189,168,85,0,39,44,157,113,145,85,156,115,
67,8,182,177,39,139,
131,111,12,19,116,
165,168,67,137,104,
76,161,81,74,40,179,101,101,49,51,101,159,157,19,150,189,102,
166,42,138,2,67,170,155,3,182,
133,4,96,
55,5,39,18,104,82,119,
129,101,23,122,
41,47,95,150,
10,52,191,27,182,44,76,190,191,68,151,50,163,154,174,15,23,112,102,190,150,
65,63,36,112,111,61,
25,60,146,164,
181,96,8,180,67,31,
39,154,189,164,138,
165,91,120,92,182,159,177,80,30,160,173,
184,14,164,
12,99,150,181,30,161,63,176,119,
68,87,181,100,186,81,132,169,73,8,76,35,170,
18,35,147,120,37,1,155,32,30,25,92,159,79,160,28,
10,124,160,15,26,
51,23,126,45,31,110,93,39,54,1,168,35,117,86,186,122,145,17,175,
158,31,183,
137,79,36,5,10,181,143,3,168,151,22,154,
130,57,6,107,97,
63,81,148,118,180,1,23,
27,135,74,102,51,30,95,20,160,177,
114,87,91,102,148,149,
71,115,138,3,10,
177,165,4,55,
18,101,64,32,101,47,90,120,176,190,131,127,139,45,59,116,
70,158,63,3,
19,142,73,160,191,10,132,73,121,3,138,32,15,73,128,67,140,151,146,14,115,127,
30,90,60,151,179,168,
14,124,81,21,77,187,161,77,61,18,
11,128,14,69,97,83,9,
178,126,76,110,20,5,49,58,41,105,77,
158,148,5,133,182,58,45,47,124,87,117,181,
67,95,79,22,67,146,
12,43,129,73,26,162,45,112,159,23,115,185,77,34,30,
17,51,96,121,113,128,46,3,
30,18,12,4,154,167,79,110,31,146,126,123,139,88,188,127,102,35,27,100,99,70,118,42,
171,82,120,64,119,4,151,32,
151,89,13,30,66,
35,35,115,118,184,5,18,
104,165,64,26,
124,64,40,2,7,3,1,14,158,133,
59,3,31,96,144,13,
116,97,181,81,18,
119,171,110,144,115,
60,129,
97,83,146,129,11,83,84,23,
113,126,48,92,18,68,168,87,124,17,114,59,
135,164,178,100,
32,100,87,18,113,30,178,
94,0,177,116,161,
16,101,32,161,79,130,2,149,157,33,160,49,69,155,55,40,
96,42,122,3,101,82,109,191,181,133,41,115,
148,138,74,70,124,
163,147,129,
30,169,165,149,73,67,46,79,7,42,161,191,85,9,176,79,
115,51,12,32,22,54,27,186,39,135,0,189,133,40,179,
81,107,106,162,120,2,109,141,170,36,123,122,103,106,70,77,44,40,84,136,103,121,62,68,107,
182,4,67,38,10,
190,6,10,97,169,146,64,89,100,52,138,
85,76,10,133,80,118,163,165,171,16,166,64,7,175,9,23,96,189,78,139,
0,38,28,112,48,166,
115,106,18,152,35,35,99,111,160,29,167,26,93,76,44,81,50,82,172,18,
169,162,156,120,119,57,
77,66,98,42,162,157,79,45,31,90,
26,91,81,137,
63,106,178,
93,17,6,4,38,2,
121,156,5,8,97,13,180,129,119,157,12,67,
144,147,181,78,31,68,10,85,49,75,10,55,18,89,191,73,157,177,
67,122,162,22,54,
37,105,124,160,66,58,176,85,187,69,137,61,24,
102,153,158,57,66,76,
133,160,1,157,81,48,165,27,31,59,77,98,172,124,15,187,114,
67,14,30,165,174,141,83,58,
138,148,129,158,68,87,117,
61,155,14,86,
70,60,83,29,179,108,31,104,
60,124,36,172,
18,158,72,54,43,66,107,176,23,144,187,
100,5,190,161,53,32,84,91,99,83,16,63,74,163,30,132,27,135,
4,36,52,55,50,176,142,59,121,177,
48,161,26,147,191,13,68,113,29,111,40,40,55,162,113,0,
148,82,63,63,
73,110,189,70,153,50,35,101,100,17,3,21,
100,157,13,68,13,56,190,88,126,188,66,155,
174,32,136,104,31,166,54,1,111,33,156,58,
134,133,157,84,158,81,
124,68,147,
35,81,66,92,
102,135,148,101,24,60,176,85,54,114,18,
111,63,33,150,126,118,
61,61,5,7,
10,19,85,31,20,77,112,
69,16,34,
86,129,147,189,2,14,115,175,52,4,
35,18,140,17,75,105,119,52,84,22,94,35,181,37,
160,180,51,26,43,15,
105,178,157,
94,115,178,55,65,49,
87,72,64,85,119,114,99,30,113,
10,111,86,44,85,16,81,95,101,
141,191,58,182,170,38,68,36,46,107,105,
141,81,43,164,26,86,187,127,150,47,74,4,5,61,152,115,137,30,6,156,191,106,80,28,131,
12,6,27,
135,136,57,162,116,27,123,51,56,127,5,115,161,102,34,155,
176,22,36,12,3,58,176,
157,106,166,32,87,87,
148,138,82,124,118,74,49,58,95,119,36,105,150,189,21,98,118,151,164,
110,51,100,120,149,154,87,68,32,153,108,77,73,94,60,102,51,96,91,121,170,81,88,
82,126,51,162,74,92,13,68,1,171,168,157,21,189,82,9,149,
146,14,4,54,79,97,25,162,
80,159,147,66,8,68,162,
147,101,124,15,72,56,150,86,187,84,121,161,124,48,2,17,96,123,25,
58,186,147,148,92,96,191,175,179,
83,90,30,188,99,
69,162,178,39,
85,102,169,189,118,
63,87,42,170,4,108,65,137,26,
103,66,87,69,116,88,93,2,189,
81,171,4,115,75,26,156,49,35,158,116,122,
177,190,67,144,136,13,90,126,181,154,120,144,138,
84,92,152,61,134,144,7,170,70,7,70,130,79,
40,115,8,64,157,155,124,131,157,125,
81,43,111,10,149,
191,114,64,141,29,141,37,53,83,178,145,
115,119,71,101,94,166,
18,141,69,64,130,36,146,25,92,141,32,110,186,88,79,47,93,
157,50,183,47,26,88,40,117,68,141,135,181,151,185,63,102,38,100,8,45,181,107,10,165,171,105,
85,87,37,120,43,
55,80,94,165,106,156,156,12,190,174,154,158,155,94,106,94,126,167,109,16,127,0,
158,34,113,172,107,98,124,134,120,68,140,161,146,186,70,171,29,
102,87,183,36,109,175,191,188,52,24,59,126,133,143,77,123,161,
164,176,115,148,
66,187,79,187,5,46,54,38,2,77,54,118,18,18,
133,102,59,
111,16,79,80,103,81,150,9,122,66,79,119,12,91,189,13,42,26,136,81,8,48,105,42,65,
41,151,146,102,155,96,160,
101,9,125,66,152,48,95,115,81,183,16,76,46,18,139,178,85,96,16,43,79,94,145,
63,132,158,149,161,181,87,11,
108,70,63,172,103,
30,115,83,166,14,156,31,126,165,54,44,54,83,14,95,59,8,40,
25,72,109,18,162,124,
58,190,39,67,171,
156,36,66,159,189,43,137,137,146,110,159,167,175,141,139,182,
126,51,58,66,17,113,9,85,
85,8,51,54,
159,3,165,
173,13,5,
52,83,119,129,91,4,45,84,40,14,137,110,112,91,31,36,
158,63,79,
101,18,111,181,46,126,129,46,
77,110,64,69,41,
114,120,122,69,8,175,161,129,78,186,
2,166,16,124,119,139,173,176,188,
92,84,119,72,113,85,127,172,159,151,57,72,129,154,
161,187,14,105,170,100,101,24,
83,115,67,69,22,
181,176,42,92,82,12,51,59,
133,164,159,102,99,134,43,158,24,80,73,34,14,35,73,111,17,184,160,95,85,98,169,118,73,157,115,80,26,
176,120,181,37,18,164,189,
61,8,41,77,10,61,109,158,137,90,
151,125,46,137,
85,156,115,189,146,116,8,5,22,17,151,
18,163,66,122,35,115,14,
19,13,74,
127,72,151,30,12,93,121,114,86,157,6,68,172,37,18,107,2,168,
102,163,26,66,110,135,137,29,144,154,60,36,4,21,91,
95,91,93,125,31,49,
0,115,55,
165,148,87,157,
80,118,95,133,
76,120,59,
111,153,161,102,
3,59,128,36,
145,101,38,106,
189,4,85,103,
5,31,139,135,17,
144,28,179,120,59,
45,124,82,
26,183,
142,7,129,
106,177,81,66,
17,33,133,5,
170,152,178,
31,52,77,51,
58,126,110,
33,6,155,
87,63,120,
118,43,
154,137,189,
169,188,122,
140,190,183,
15,114,147,
34,119,62,128,
16,42,10,36,
162,146,135,54,
40,63,188,
139,30,106,116,
4,63,13,97,84,
54,10,157,83,
32,115,
103,108,94,81,
183,40,147,
174,8,67,
124,46,
170,141,
176,176,149,
123,136,54,83,9,
120,36,
130,84,
83,11,32,6,131,
95,47,101,
85,155,124,184,
22,51,19,
107,130,127,
165,30,
10,95,136,
189,86,134,
9,146,120,
67,170,136,45,181,
63,64,142,
25,168,147,
101,178,39,94,
22,28,137,
164,23,87,
121,117,116,
123,147,
33,16,158,153,
76,152,68,
152,58,6,
159,80,92,
55,142,18,142,
184,30,63,85,
168,137,30,
11,63,7,
6,63,164,88,
32,174,17,18,115,
83,78,51,4,
161,79,48,
181,9,177,144,
143,138,102,
128,87,152,79,149,
139,156,67,
73,2,19,
148,54,164,
32,171,
84,160,47,8,
191,102,121,
56,156,82,
116,131,167,106,
80,8,36,
109,172,61,
14,114,153,
188,66,142,24,
54,67,123,
153,73,146,6,
48,68,43,
147,181,163,
163,30,181,25,
187,133,37,
174,31,17,
160,70,16,
137,63,26,
68,80,124,
80,165,163,
115,189,82,
97,83,130,
66,190,181,102,
120,177,114,
179,13,58,
62,46,34,
138,190,39,139,
186,129,187,
102,111,157,
99,83,142,30,
28,130,77,
17,135,157,
67,188,53,
118,91,85,
30,87,55,
157,110,160,
107,157,111,
141,51,67,18,
9,164,172,164,
180,121,181,
51,73,186,
95,148,1,
36,107,
189,57,181,148,51,
154,54,163,
110,164,156,
91,95,49,
58,21,2,
111,63,97,
9,123,11,94,
76,115,22,
37,13,127,
96,129,85,
89,13,84,
49,87,190,
114,1,129,142,
39,167,14,
38,109,182,
144,28,119,
145,178,153,
61,65,37,
21,79,
0,4,136,
64,41,35,5,
97,61,45,
171,157,81,137,
36,4,4,
50,46,8,
30,165,114,
120,84,43,
107,81,141,152,
185,17,156,
138,177,166,190,
122,106,102,
141,66,
107,18,13,
9,26,136,
99,31,110,
84,44,100,73,
32,179,21,
13,52,79,
185,12,172,
10,175,157,
58,178,174,
46,4,17,
165,36,178,
127,59,155,
178,110,32,
29,70,107,
93,8,103,
27,12,169,
146,41,44,
87,157,162,77,
161,42,16,13,
112,65,0,79,
8,17,80,
157,77,185,
190,144,179,
151,43,39,
69,83,109,
18,82,69,
50,22,138,
175,144,87,
121,10,126,
11,1,172,
31,70,10,
149,189,43,190,136,
79,132,30,
98,135,14,
115,86,
57,169,106,
175,76,119,
146,120,178,
77,82,120,
158,102,22,
97,4,119,36,54,
186,2,58,
148,26,158,
119,137,169,
52,35,175,
18,74,160,
90,136,61,
70,84,126,
132,63,
50,125,158,191,
69,148,56,
47,55,106,
57,92,82,
72,92,176,
137,51,13,
29,158,
11,94,9,
55,36,36,
82,158,181,
186,137,59,
122,139,129,
15,4,153,
101,161,149,
175,102,106,
115,137,98,
105,3,55,
164,25,170,
110,67,
139,49,
13,51,121,
121,185,2,
85,13,47,
80,72,135,
166,157,0,
160,165,115,
86,61,82,
7,119,61,
67,189,160,
62,2,90,
59,137,18,
27,100,
123,179,102,
88,32,28,
131,141,186,
16,83,136,
119,94,97,
188,119,36,
75,79,35,
111,173,55,
14,11,19,
117,158,138,
155,63,148,
26,63,163,
151,85,
150,41,36,
162,80,25,
81,66,134,
182,185,17,
20,150,
179,72,77,
17,85,126,
90,126,179,
130,52,18,
5,175,55,
181,158,109,
170,152,68,
161,94,63,
114,133,95,
129,163,92,
106,76,120,
23,63,139,
135,1,33,
141,147,42,
71,153,67,
43,33,32,
8,138,114,
19,131,23,
12,130,119,
49,178,
35,163,73,
142,36,
65,68,151,
