49,181,94,181,63,180,118,
190,88,100,55,62,18,106,143,23,98,177,138,52,126,52,162,160,
122,47,98,
147,105,80,161,91,28,58,50,
181,153,51,101,157,49,123,59,96,33,10,63,111,
187,66,107,158,13,128,43,56,125,36,147,21,161,60,
58,62,127,85,176,
147,160,96,167,39,16,47,45,163,23,189,188,15,86,
39,129,124,115,6,55,111,34,4,100,175,129,171,58,
86,129,147,42,2,14,42,175,126,52,
189,52,151,124,51,14,144,154,121,188,129,180,122,
101,111,150,108,161,65,91,4,60,55,115,126,4,74,98,56,
88,17,164,151,136,151,88,124,163,76,53,39,187,190,118,183,163,17,186,190,160,127,130,3,97,175,
40,26,8,64,157,155,124,157,7,
156,81,160,55,169,
130,145,73,126,101,105,
181,96,8,
4,129,36,105,45,135,84,81,35,188,182,
47,147,179,79,77,143,88,41,114,
59,140,3,3,186,110,101,55,158,185,114,18,
172,121,183,89,39,74,135,64,109,
102,153,130,57,
39,154,189,164,64,
28,147,18,86,
95,99,30,45,191,22,169,
84,164,18,96,124,128,92,6,
68,87,181,100,186,81,150,169,73,
10,52,191,27,44,76,190,191,68,151,50,163,154,174,15,23,112,102,150,
126,51,58,62,66,45,113,9,85,
157,6,105,53,41,167,98,40,134,181,120,157,82,7,23,
156,36,159,189,43,137,137,146,68,159,167,175,141,
148,82,63,
1,191,43,165,26,114,107,127,
3,107,59,144,59,37,18,84,
48,81,95,102,84,
97,83,146,129,11,49,58,83,8,84,
23,190,7,121,129,122,54,142,58,
174,164,39,81,137,101,
36,32,117,2,17,84,147,148,112,9,58,
27,31,63,133,10,82,8,161,115,
128,11,62,115,159,3,61,30,8,34,
29,190,30,125,13,64,33,101,
41,151,144,102,
191,64,141,29,23,141,37,53,178,
47,8,78,151,15,33,47,65,187,7,126,190,114,
37,105,124,160,66,15,176,85,68,69,137,24,
67,95,79,22,67,146,
127,72,151,30,12,88,93,121,114,64,86,73,157,6,68,172,37,18,107,
110,52,186,82,124,119,165,69,
73,22,92,132,144,52,20,37,95,12,159,115,
69,23,84,6,67,32,17,144,129,106,147,60,66,98,7,56,77,18,102,75,140,114,
29,17,100,15,7,133,
150,69,4,178,186,85,
3,6,183,173,88,80,187,
45,126,158,191,12,53,136,
44,187,82,53,41,63,142,119,
64,26,72,129,74,148,76,22,40,99,111,1,139,91,191,80,77,7,129,
91,42,114,147,102,65,148,165,95,86,155,23,154,88,31,
51,107,85,178,124,170,135,115,83,159,130,76,
148,79,144,143,17,72,
138,109,34,154,161,174,118,96,145,182,67,175,51,110,17,124,
94,166,16,13,40,88,174,33,49,64,70,
13,62,7,39,95,182,100,4,24,37,159,90,135,
86,101,97,77,114,28,
184,7,110,159,147,111,117,109,190,110,110,151,64,131,162,9,75,85,
142,42,186,125,38,2,188,
15,182,124,37,29,140,170,
85,156,115,189,146,116,8,5,22,
42,91,96,30,63,65,47,44,6,181,114,81,119,137,143,146,166,142,26,
97,150,25,20,87,140,19,
150,68,56,129,17,33,53,123,61,
94,54,30,174,71,8,
4,30,151,61,112,163,146,119,54,93,95,
73,164,40,178,67,148,141,58,17,
18,141,69,64,102,36,146,25,92,141,32,110,186,
102,69,133,64,118,27,110,40,89,108,24,176,95,73,
46,101,99,123,179,83,
21,166,176,95,57,56,129,187,102,49,106,78,174,73,
163,32,114,152,25,100,
163,18,10,4,181,
81,43,111,10,149,
97,132,36,54,
122,181,126,128,44,169,106,141,152,10,
96,162,138,17,59,88,
26,160,32,8,154,122,165,91,48,48,151,117,111,46,124,14,187,160,69,94,130,184,
103,66,87,69,116,88,105,2,
124,64,40,2,7,3,138,162,84,158,
27,143,175,43,68,
24,3,156,13,60,79,107,55,54,2,
47,13,143,118,99,113,87,164,49,71,145,
130,32,165,149,114,62,
157,106,64,32,
61,8,41,77,10,61,109,158,
114,26,163,11,151,86,151,
191,18,30,21,152,28,142,115,
176,18,0,88,148,87,14,105,61,63,102,161,18,24,65,140,15,2,
25,17,85,140,141,190,
178,126,76,110,20,5,145,150,41,105,
32,5,143,131,6,36,110,162,127,94,41,14,
66,187,79,187,5,46,54,2,77,54,18,
151,19,184,127,10,157,
145,41,41,138,15,103,163,48,184,113,
82,126,162,74,92,13,68,1,171,168,157,21,189,82,9,
138,145,148,129,158,
152,10,191,69,137,
115,71,101,94,
39,88,35,174,147,92,
161,187,14,105,
162,187,149,41,21,7,7,148,169,22,148,184,23,121,156,9,121,
123,115,13,16,144,
190,169,51,160,0,106,149,58,29,75,149,6,88,190,152,138,60,153,
36,166,64,152,137,66,157,176,
18,163,84,122,
67,8,182,177,
176,120,181,37,18,
160,18,101,129,147,140,37,12,10,156,74,
42,77,181,99,
13,29,163,
97,88,79,86,15,190,
8,47,51,85,61,188,94,157,174,181,117,
111,16,79,80,103,81,150,9,122,66,79,119,12,91,189,114,26,136,81,8,48,105,
34,23,138,69,57,
43,101,66,187,81,173,1,118,120,177,27,
143,154,42,27,32,8,166,147,148,36,58,
87,9,6,162,32,68,35,109,136,39,
3,50,186,53,181,
4,163,71,
33,150,178,80,29,19,131,
35,35,20,4,181,
135,136,48,57,116,27,123,51,56,127,65,115,161,102,34,
4,35,143,142,116,104,72,158,79,4,12,
130,57,6,107,
78,177,119,167,
166,152,66,153,189,97,
98,17,190,121,140,68,122,77,95,63,4,13,
162,172,69,96,67,116,89,
13,5,189,177,51,112,
172,162,177,174,106,72,102,108,84,
189,168,85,0,39,44,157,113,145,85,156,
166,32,150,23,49,
72,131,121,186,18,2,85,32,43,17,73,
139,174,110,161,87,26,187,72,82,7,
67,170,42,136,
119,136,35,186,176,89,63,148,143,50,42,150,51,
164,44,84,174,102,
5,64,158,171,
58,117,143,115,73,
32,73,163,112,164,166,90,174,69,5,130,139,
158,4,5,133,182,58,45,47,124,
30,49,188,128,
44,86,65,84,137,
129,51,124,4,183,140,37,65,48,119,88,150,46,108,138,82,114,
53,100,191,54,24,183,38,81,146,186,
168,115,36,120,123,
186,139,40,125,51,39,33,49,142,115,
83,58,109,52,97,104,59,13,38,53,7,
85,51,87,37,25,120,43,
14,81,21,187,161,77,61,
60,7,101,174,187,
144,25,42,83,64,9,102,43,3,53,172,148,188,73,41,132,189,
76,161,81,74,40,59,101,101,49,51,101,159,157,
22,162,43,121,71,115,
120,175,8,110,81,36,154,91,179,140,122,26,18,87,133,158,55,17,129,165,
87,72,85,119,114,99,
129,12,86,21,52,35,111,97,114,60,
157,50,183,47,26,88,40,117,68,141,135,181,151,185,63,7,21,100,8,45,
135,4,79,169,172,125,
106,172,70,82,21,91,157,127,175,152,
137,79,36,5,10,181,
70,106,
26,106,63,130,152,
191,1,7,156,
32,72,125,75,92,
143,81,190,16,100,37,127,59,
42,30,174,154,48,16,100,
102,102,88,35,172,144,57,168,
70,45,
31,59,30,181,167,30,27,119,177,116,70,158,110,156,54,91,
83,90,30,188,
152,22,79,
102,149,62,18,46,101,82,164,48,0,
174,2,12,43,5,41,30,181,29,91,41,150,180,138,67,42,129,126,
171,42,116,13,168,83,133,16,114,132,140,136,
81,178,117,76,
54,158,162,66,126,53,18,88,183,71,115,51,
71,4,91,66,
92,84,119,72,113,85,127,
133,164,159,102,99,134,43,158,24,80,73,34,14,64,35,73,111,184,160,95,85,98,169,118,
126,66,82,148,42,99,172,156,
146,42,81,63,156,30,23,9,153,
51,152,181,59,73,22,21,76,66,
42,67,7,101,82,18,49,177,162,60,173,86,187,153,
125,66,76,32,64,104,135,
40,106,76,177,102,165,116,73,124,179,186,96,61,78,96,52,44,48,48,54,
81,107,106,162,120,2,109,141,170,36,123,122,42,70,77,143,48,84,136,103,62,68,28,
76,101,83,32,
189,9,13,
63,87,13,170,4,108,65,
124,91,181,14,39,189,181,146,163,15,45,
3,155,96,13,23,186,
126,82,119,119,130,
182,15,67,129,
120,18,176,
179,63,133,118,152,18,60,157,120,149,104,30,
178,95,146,111,44,51,182,33,118,159,81,
83,97,158,154,123,
55,51,2,154,
52,189,132,186,114,119,
190,6,10,97,169,146,64,155,100,
179,80,66,118,158,9,110,65,47,94,125,143,170,
101,18,111,85,181,51,46,86,129,46,
18,110,76,177,72,128,137,125,
119,130,25,7,44,
7,72,81,124,107,84,163,
101,87,76,23,132,
114,122,69,175,96,129,78,186,
77,142,61,4,155,47,105,
136,185,123,
48,55,42,124,165,106,
23,15,153,75,81,167,191,184,
12,43,172,129,73,26,4,45,112,159,23,115,141,91,34,
142,176,31,43,
55,39,18,101,119,
131,184,111,
59,5,8,48,49,169,10,81,15,76,40,51,187,140,181,81,
111,5,82,52,88,10,126,101,131,137,42,181,93,
6,190,95,60,159,33,120,93,132,
79,49,16,97,129,188,24,137,89,108,63,
84,91,162,150,106,92,139,79,
126,101,190,47,86,
134,133,157,84,158,15,149,
145,181,178,42,186,138,158,
185,59,136,
9,181,55,138,42,116,104,101,55,37,183,87,14,123,30,189,
177,190,67,144,136,13,90,126,181,154,
189,166,
141,81,43,164,26,86,187,127,150,47,74,8,4,5,61,152,115,137,30,6,156,191,106,80,
174,105,136,104,31,166,54,1,111,94,33,156,
114,58,111,94,167,182,19,139,163,9,59,
175,27,114,138,
131,23,72,158,53,173,
139,99,105,160,124,
17,29,19,36,10,140,31,
50,42,152,3,125,158,191,
30,18,4,154,167,79,110,31,146,126,123,191,88,188,127,102,35,27,70,118,94,42,
67,122,162,54,
64,133,11,136,5,14,82,44,95,129,72,36,24,80,157,109,
18,35,147,42,120,37,1,155,32,30,25,92,13,159,79,160,17,28,
95,137,73,107,148,10,68,67,
160,183,178,190,
167,155,23,78,29,188,68,79,
173,21,63,153,42,
3,124,24,176,81,
91,170,71,20,92,95,26,52,
79,67,25,30,183,112,175,84,101,118,137,
118,88,179,84,112,117,190,86,35,
87,82,139,104,40,101,102,146,191,129,129,
129,160,5,66,79,66,174,153,153,
11,128,64,114,97,
158,34,113,172,98,124,134,120,68,140,161,146,186,70,
116,162,176,103,18,
111,153,62,161,181,28,
18,158,72,54,43,66,176,144,187,
158,138,63,59,28,131,69,19,150,83,63,48,81,
102,127,10,48,77,
5,61,111,53,43,27,32,122,13,93,35,61,129,173,
4,171,190,133,13,
98,69,
28,69,99,33,191,113,134,58,6,109,123,0,38,54,109,134,161,24,
66,111,138,69,80,157,125,43,95,88,77,129,71,141,
51,110,76,129,149,55,67,138,
35,35,115,118,184,5,102,18,
2,36,24,
54,100,174,94,40,66,97,0,
46,77,30,31,105,34,
148,138,82,124,118,74,49,58,95,119,36,105,150,80,21,
171,82,120,64,119,4,117,151,
164,47,135,184,178,
96,42,84,3,132,82,109,191,181,133,178,
76,76,64,18,125,1,7,22,46,51,
4,166,52,50,176,142,59,
89,155,3,22,47,151,7,
132,73,52,97,85,181,
169,162,42,156,
58,147,148,92,191,175,
100,110,4,21,95,54,81,95,29,
149,30,4,158,63,29,73,190,102,132,169,16,
181,170,111,163,49,82,86,104,37,175,31,163,120,
77,66,98,42,162,46,61,79,45,106,86,
132,14,144,126,29,
59,145,30,20,101,3,154,
133,160,1,157,81,48,165,27,31,59,77,98,172,
30,115,83,166,14,156,31,126,82,165,54,44,54,83,14,95,95,59,8,40,
51,95,15,189,166,85,54,132,22,
105,176,157,105,155,9,41,45,172,4,152,139,161,150,125,1,17,37,10,141,
115,138,66,173,184,191,131,74,72,146,21,90,172,31,119,32,168,123,161,79,164,83,73,103,191,
105,147,174,94,42,44,103,88,110,63,190,46,
181,123,132,72,5,11,102,85,117,174,128,168,42,9,
88,96,176,109,129,47,
169,50,190,108,59,133,182,135,64,
69,14,22,52,26,82,119,
119,129,26,78,4,148,
186,61,2,73,78,59,13,110,147,66,106,89,111,160,117,22,134,8,20,145,30,52,155,53,
46,106,108,
36,136,65,156,47,39,60,188,3,16,
119,17,42,154,52,102,
63,98,179,181,27,29,
26,91,81,
13,139,63,94,18,16,122,171,123,103,98,150,38,53,141,146,
59,3,31,96,17,
85,173,23,101,79,188,166,183,145,
82,122,115,103,13,
136,98,63,102,173,10,175,36,81,88,149,13,91,168,166,58,119,22,61,
102,170,55,112,122,101,177,140,1,92,14,181,12,41,107,
166,117,4,36,21,143,81,53,51,179,89,87,80,124,136,
31,133,46,
181,157,17,145,31,42,68,72,80,34,152,63,
48,8,26,147,191,13,68,113,145,29,111,40,40,55,
38,145,68,110,8,
61,77,10,124,141,15,186,
74,76,154,172,148,171,
51,190,27,79,99,109,
175,86,58,
115,141,85,56,123,83,139,
121,82,172,22,71,60,92,
92,60,149,53,188,144,118,84,41,
62,81,
45,126,105,70,185,23,82,9,70,141,
84,73,4,42,3,44,163,
122,25,186,14,46,111,78,164,154,160,104,26,47,81,147,114,77,82,155,13,177,67,173,152,18,
155,122,77,30,3,4,162,18,167,116,33,63,
106,190,72,26,65,99,78,73,147,141,63,122,
68,156,118,37,122,
181,176,42,92,12,51,59,
7,31,13,40,64,136,
12,6,
121,120,98,154,35,105,17,75,
5,20,100,92,48,106,178,57,45,129,
107,80,51,13,63,156,65,82,93,95,24,
7,42,162,113,183,119,178,108,
27,135,74,102,51,30,95,64,
161,69,14,111,147,85,12,
109,96,184,154,64,149,177,173,99,110,156,88,
67,166,64,174,182,73,150,67,
2,166,16,124,119,139,173,19,176,
115,106,18,152,35,35,99,111,29,167,154,26,93,94,81,50,82,
168,108,
147,101,124,15,72,56,150,86,187,84,121,161,124,48,2,17,96,
183,129,101,46,26,3,102,160,158,140,
52,190,151,4,
95,66,178,71,139,123,21,135,
115,101,4,
155,190,150,91,89,99,39,
63,158,149,161,181,87,
118,178,168,40,68,171,
178,57,69,160,2,101,135,191,63,
26,127,160,40,13,98,114,131,143,
67,14,138,30,165,
10,19,85,31,20,77,112,
149,43,190,136,
149,124,60,81,115,
148,95,91,117,
68,48,76,52,98,
22,45,152,0,38,122,140,47,7,163,152,69,131,64,125,
23,10,146,101,7,83,85,93,3,91,
109,55,87,152,159,25,100,144,
85,51,
140,15,17,
177,18,43,
18,101,64,42,8,101,191,90,120,176,190,131,127,139,
84,92,152,61,134,144,7,170,70,154,
101,9,66,152,48,42,115,81,183,16,102,76,46,18,76,139,178,85,121,16,43,79,94,145,
19,142,73,160,191,10,132,121,3,138,32,15,73,128,67,140,151,146,17,115,127,
64,122,85,55,44,90,102,105,18,176,44,169,172,63,67,190,19,110,22,122,
144,84,102,139,158,
52,83,119,129,91,4,45,84,40,14,137,86,110,112,91,
95,110,133,176,48,100,51,71,94,156,71,3,173,
41,63,30,74,44,168,144,23,121,108,171,132,116,144,145,174,157,23,67,34,
60,66,72,110,87,164,191,92,101,125,115,100,42,110,151,
130,22,7,46,26,76,8,92,188,88,37,82,
30,90,186,151,179,
85,102,150,
63,64,49,110,70,
176,36,12,3,159,58,
36,102,81,17,97,
7,8,88,23,64,65,94,89,184,130,26,160,155,169,129,139,157,7,47,18,60,29,139,
32,57,18,41,121,125,156,107,157,
124,110,127,123,61,147,10,37,112,109,149,139,
166,42,138,2,67,170,3,182,
79,135,66,148,85,152,64,47,19,59,161,
136,177,56,149,67,79,60,116,154,135,179,174,146,7,
176,62,186,95,0,66,81,142,41,117,158,116,102,146,88,92,53,
144,147,181,41,78,31,68,10,85,49,75,10,55,18,89,191,92,73,123,157,177,
54,146,28,81,23,
44,57,10,160,
38,141,93,142,30,0,13,25,
60,35,42,52,23,169,147,46,113,36,102,179,
127,124,119,53,50,58,32,33,24,26,102,167,16,132,152,
146,14,4,54,79,97,25,
152,153,51,55,13,119,84,109,96,166,26,
49,186,81,148,166,30,120,94,
154,26,2,119,70,55,59,
81,133,59,174,84,34,14,79,120,109,17,7,91,110,
94,64,115,94,143,58,105,40,162,
12,99,174,181,30,63,176,119,
14,124,133,17,148,161,26,129,69,132,159,32,86,184,
110,51,100,120,149,154,87,157,68,32,153,32,108,77,73,94,60,102,59,51,46,91,125,121,170,81,
139,115,2,144,114,32,
51,23,126,45,31,110,93,39,177,1,168,35,117,86,186,122,145,17,175,
113,126,48,92,18,68,145,
16,101,32,13,79,130,2,149,157,143,120,49,69,
63,60,67,145,79,44,158,136,100,
157,110,66,71,8,38,128,142,48,179,121,
87,117,72,47,3,166,84,103,107,40,64,49,
165,91,120,92,182,
102,87,183,36,109,175,191,188,52,24,59,126,133,
63,81,148,118,180,
188,130,88,59,88,38,4,179,30,53,
43,144,76,
100,5,190,161,53,32,143,91,99,83,16,
55,80,94,165,106,156,156,12,190,174,154,158,155,106,94,126,167,109,16,127,
153,181,43,38,110,26,159,23,162,14,102,30,111,190,152,46,129,
30,169,165,149,73,67,46,29,7,42,65,46,161,191,85,9,176,79,
159,73,6,
121,156,5,8,97,72,129,119,157,12,67,
60,129,
43,156,160,5,154,142,85,
129,87,119,146,
43,26,101,99,18,39,168,127,57,177,16,153,185,19,50,88,82,47,65,142,122,33,43,110,149,184,71,72,22,
160,133,190,85,60,57,186,128,78,
13,69,24,152,47,151,18,115,130,100,114,31,22,31,37,
177,40,3,51,43,40,53,122,61,12,168,172,93,63,73,78,65,
136,82,171,10,
66,115,179,99,37,29,186,166,132,78,35,188,
168,189,118,123,165,
151,68,114,8,
65,101,135,30,44,
152,18,50,179,127,98,
36,153,151,80,187,
151,171,4,34,56,148,113,53,51,41,114,52,21,
82,24,148,156,16,110,122,107,45,157,87,168,73,
76,130,151,160,86,186,53,76,59,
57,148,21,135,30,132,105,178,160,103,44,130,
73,106,125,75,
10,111,59,86,44,85,16,81,61,95,101,
72,87,88,87,25,106,7,169,8,163,16,21,97,
172,12,106,153,
70,60,83,117,179,108,31,104,
100,169,157,13,68,13,56,190,101,126,188,66,
17,19,93,111,20,42,98,35,73,159,34,36,8,105,138,
153,36,129,110,126,172,152,
47,65,158,
85,76,10,133,80,118,163,165,171,16,166,7,175,9,23,189,
9,146,
116,136,41,137,
148,14,102,64,116,61,4,69,108,68,106,36,
95,174,91,93,125,31,49,
64,39,65,127,145,79,124,94,
4,77,168,52,150,117,115,184,79,
24,102,82,44,84,117,57,121,191,
94,114,115,7,178,55,65,49,32,
8,27,40,
159,38,13,14,153,126,
62,100,190,126,94,13,91,102,176,128,164,2,43,58,111,34,50,95,
82,30,58,169,69,89,24,22,44,42,185,126,121,106,136,
58,94,97,89,
163,182,181,105,129,42,
92,32,165,
69,162,178,
4,39,101,4,137,
31,106,13,142,7,
108,28,148,32,73,30,116,168,5,41,103,46,76,
17,181,59,84,164,183,
155,186,
94,0,42,177,116,
3,14,87,89,15,8,127,
56,114,100,37,101,9,26,68,
174,95,41,98,
104,181,83,174,189,1,23,96,
138,190,122,148,101,121,103,67,66,25,102,56,145,156,49,71,
86,181,168,44,
117,58,70,14,20,87,130,99,105,91,94,146,36,81,154,171,
142,77,134,157,170,118,171,
33,47,94,
8,151,44,69,152,80,128,
181,177,132,65,
73,110,189,70,153,50,84,100,130,17,3,21,
163,13,48,162,13,159,5,167,22,191,14,114,
23,60,85,12,34,72,186,
32,100,87,18,91,
182,114,178,81,3,163,138,94,133,3,36,13,8,157,165,
63,32,177,146,17,7,
114,15,103,21,56,13,47,47,14,
83,70,
169,149,64,74,122,173,99,
170,157,81,2,4,169,103,120,98,148,124,5,171,58,186,134,9,91,50,63,67,5,
73,127,177,51,
150,84,97,26,119,155,53,95,
78,65,40,66,86,
129,189,121,
177,87,119,80,155,181,140,92,79,
65,46,107,183,107,158,40,180,129,138,116,33,81,47,78,
46,129,110,
80,147,66,
81,65,4,115,26,156,49,35,158,
17,32,1,25,27,18,25,164,88,57,
147,36,86,143,
106,69,48,46,
60,5,6,85,77,52,43,89,119,25,80,74,30,187,104,120,124,108,120,173,136,62,70,63,114,159,100,135,24,166,155,166,23,103,190,136,186,149,182,
106,190,40,186,154,31,77,169,
47,25,77,139,122,36,
19,64,43,
126,87,149,34,119,65,6,126,186,84,32,164,182,145,169,5,178,124,132,54,50,47,132,
65,177,181,47,189,
2,43,45,42,151,11,23,0,73,55,109,82,160,176,86,186,154,
42,158,93,170,144,60,134,18,68,35,119,15,126,81,32,73,74,94,86,169,22,186,145,118,138,58,154,
141,191,58,182,38,68,36,46,29,105,
120,16,43,
110,90,73,95,123,16,72,155,18,43,38,64,58,179,
17,104,150,148,81,63,119,81,57,
81,100,54,63,3,53,122,182,
137,86,152,141,95,
8,124,141,97,18,48,114,
102,163,26,66,110,135,137,29,144,102,154,60,36,21,91,
88,30,103,72,47,102,60,188,67,78,146,109,122,
154,42,17,17,136,55,115,122,138,135,143,74,109,122,172,91,54,132,84,83,
59,133,188,84,143,4,
184,43,95,3,94,
35,18,17,60,105,119,35,22,94,35,159,
73,190,2,186,141,99,133,40,52,89,110,17,32,155,108,82,19,73,144,81,102,
164,39,32,181,
6,39,28,141,3,126,12,116,130,127,
124,40,126,158,
119,115,52,152,92,96,116,153,121,0,126,31,177,8,82,129,117,34,
102,135,148,101,24,60,176,85,
117,112,157,165,148,30,77,161,118,166,26,169,184,169,121,
114,8,130,107,138,52,
115,51,12,58,22,54,27,186,39,135,
51,8,181,107,
18,55,35,113,116,5,
68,38,
8,182,67,
122,154,23,82,
53,92,150,13,176,
137,111,156,174,
35,81,66,
176,18,2,
158,145,63,
28,81,108,191,32,
72,18,64,148,
69,16,34,
149,134,92,
10,181,17,122,
125,73,110,
117,8,24,
70,31,154,84,
123,136,150,83,
108,70,63,172,
63,26,
160,180,26,43,
174,138,60,
165,168,67,
89,58,166,
141,66,25,
77,110,64,69,
157,189,16,161,
156,109,24,
162,84,124,
179,70,
150,67,13,101,
48,40,157,135,
124,166,147,
83,115,144,
137,18,4,37,
63,158,105,
120,181,85,179,
96,114,40,104,
114,87,91,
140,183,
54,4,24,
15,145,23,61,
145,64,126,85,
107,51,65,102,51,48,
169,100,
42,50,111,86,
28,111,158,
69,103,37,
75,73,69,
10,124,160,
94,117,95,
87,97,90,177,
168,51,82,
149,51,179,121,119,
7,83,191,66,
170,84,15,55,
171,74,118,
68,113,144,27,56,
71,115,138,94,
139,18,
123,168,168,
190,73,25,97,
46,141,76,
148,138,74,
61,5,128,141,
49,138,
91,32,81,12,
60,121,
21,173,157,
66,60,18,100,7,
61,14,
65,63,36,
10,61,137,
17,51,96,121,
98,133,101,174,
74,160,101,
105,178,117,
135,164,178,
71,47,
84,24,17,
22,51,95,
52,111,190,68,
109,83,
93,17,6,4,38,
20,97,
45,124,82,
182,4,67,
41,178,32,
170,51,142,
101,29,100,150,
37,13,127,
80,3,64,177,
163,145,
186,176,114,3,
141,45,12,61,
55,24,48,48,170,
70,158,63,
181,3,122,
108,7,
124,189,8,110,
16,42,10,36,
132,96,51,
41,47,145,
14,67,3,
140,97,25,
76,51,43,
151,36,189,60,
188,83,100,
103,57,108,
31,70,10,
15,134,97,
49,97,
162,155,94,
38,53,188,
151,89,13,30,
95,184,4,
178,7,96,164,
133,4,96,
64,27,169,
32,115,76,28,
25,72,109,18,
119,171,110,149,
23,41,131,166,104,
181,9,177,144,
86,52,91,
163,84,
71,95,95,
159,176,35,
82,181,119,
189,147,104,
16,127,110,
19,97,
25,60,47,146,
175,102,156,85,
158,31,183,
85,30,92,175,
173,131,5,85,
18,176,
31,17,95,
57,102,102,
168,102,181,
51,101,13,
163,7,
14,114,153,
4,149,98,
79,4,167,
55,2,
61,61,5,150,
112,10,13,52,
10,95,136,
119,52,126,
121,162,101,149,
122,81,64,68,
58,36,23,
77,10,102,
90,13,83,
105,77,130,
84,172,48,
153,73,146,
132,101,6,154,
187,18,60,
138,166,190,
165,110,
142,23,
156,162,174,
75,121,32,
153,42,166,
111,
38,157,159,
22,76,67,
100,42,63,163,
58,190,39,
79,146,51,
52,86,69,
48,102,158,107,
63,106,178,
109,51,64,143,
84,97,118,
160,76,44,26,
0,38,28,
173,3,95,
169,106,95,68,
15,114,147,
184,14,164,
32,19,130,
104,174,
21,51,148,
34,119,46,128,
150,101,158,
57,17,34,
122,106,102,
152,8,122,106,
143,4,109,26,47,
118,92,43,
175,106,51,
49,47,87,
145,101,38,
58,126,110,
3,59,128,36,
100,60,109,
184,23,26,
188,147,167,
130,51,26,102,
80,166,148,
26,183,
145,189,51,
129,101,23,
90,177,32,
86,147,78,
121,157,117,116,
91,64,
46,66,122,
25,38,17,
59,79,102,
66,51,
54,67,154,
107,130,127,
133,102,29,
63,155,173,
23,54,157,
114,1,129,
2,103,147,
126,102,159,
141,122,13,
190,184,
180,49,63,
96,147,152,
158,61,54,
87,63,120,
39,
73,68,72,
104,17,179,
68,167,95,
165,30,48,
93,115,111,
188,66,142,
0,54,102,
92,39,176,
125,186,18,
88,176,91,
177,94,136,
12,102,161,
161,79,139,
80,8,36,
45,52,157,
19,158,2,
109,172,61,
95,150,102,
33,6,155,
135,13,95,
53,150,131,
127,1,3,
101,10,130,
42,163,171,
22,85,51,
137,79,116,
29,141,63,
99,42,117,
5,18,32,
8,186,38,
9,56,162,
15,3,
17,72,147,
98,68,152,
189,65,
129,5,64,
20,10,35,
146,53,13,
41,61,92,
