365,0,121,380,377,460,135,186,120,322,65,158,
33,71,172,177,296,85,417,470,543,
71,686,33,280,522,166,93,116,393,171,227,515,527,
0,25,99,125,83,206,365,382,494,145,220,111,289,405,546,70,221,284,327,539,
375,686,1,80,88,263,309,406,475,14,334,532,61,117,118,141,149,192,260,331,405,470,503,513,538,
25,0,714,272,483,120,158,214,278,289,428,39,331,
980,432,36,186,42,278,359,287,188,258,285,154,
517,504,0,57,121,354,358,543,
439,345,412,81,90,342,309,343,410,549,
287,3,980,31,46,364,418,151,
3,191,345,269,282,287,101,127,434,
120,365,25,146,214,289,325,
975,144,158,7,473,197,259,241,361,364,369,388,484,86,
382,0,225,313,
146,120,
450,336,197,117,324,
117,450,375,
538,375,
214,120,25,
289,120,25,
99,214,545,
525,
529,472,378,535,
412,439,
344,964,
592,575,59,82,164,253,326,341,
331,375,25,
358,517,240,
545,542,34,99,262,
199,53,496,68,253,
393,71,17,
378,211,30,529,161,187,
17,393,
417,186,33,
470,375,33,
0,517,0,
309,439,
535,529,475,
278,25,
326,592,172,
324,450,
258,980,172,
260,375,225,
410,439,
259,59,975,
186,365,417,
253,592,199,
84,134,
192,375,
546,0,300,
296,33,
172,375,258,326,351,402,
156,254,102,467,
543,240,517,33,
450,369,86,
48,112,
473,290,
154,980,
65,365,
171,71,
121,517,
503,375,
177,747,
46,287,
118,375,
434,3,
290,473,
187,378,
338,378,
1,375,
325,120,
112,48,
149,375,
132,475,
527,71,
549,439,
68,199,
204,225,
227,71,
248,378,
212,
341,592,
141,375,
354,517,
262,545,
455,
539,0,
364,287,
74,613,
61,375,
106,86,
177,33,
135,365,
335,367,
86,106,22,450,
380,365,
395,852,
387,429,342,422,107,448,289,318,337,215,474,470,155,544,80,503,89,475,191,29,383,456,415,326,478,287,134,36,84,
315,361,81,679,805,
164,435,111,298,
215,411,493,119,50,469,58,302,22,153,150,24,167,209,329,344,18,463,133,94,528,476,530,379,425,32,3,210,418,287,
519,368,163,270,287,213,427,265,15,202,26,179,511,86,975,
77,155,257,439,349,345,387,322,421,411,74,498,96,475,375,207,497,132,535,
109,448,104,414,41,461,121,22,86,
350,130,262,316,334,285,980,
466,153,513,344,158,25,365,
28,86,199,238,11,206,217,9,274,169,5,361,526,455,541,492,432,84,351,172,
279,81,439,
335,362,176,258,298,6,232,440,306,433,337,253,484,63,459,481,424,82,200,159,231,234,461,20,56,261,510,457,53,161,378,
349,221,122,428,294,368,367,71,241,446,303,327,383,278,980,
191,392,203,280,218,105,103,293,186,477,118,54,539,91,468,329,272,169,31,132,88,115,498,
279,547,420,256,487,245,4,517,332,178,49,27,514,207,357,
243,236,199,211,282,79,531,128,73,30,140,125,162,372,705,137,
299,69,413,270,390,479,462,228,33,453,419,155,85,49,267,197,
534,414,76,328,378,64,
519,207,291,379,214,
24,134,102,83,394,143,487,537,336,
457,254,286,481,370,315,449,524,181,521,137,307,108,100,211,472,141,134,370,277,527,512,249,
295,509,360,225,29,183,89,402,478,128,500,412,340,541,297,360,320,545,158,143,233,495,227,401,300,
125,245,400,372,383,517,
523,151,182,476,59,
17,350,263,276,76,346,431,231,439,51,333,541,507,356,40,348,193,311,156,165,165,533,458,265,33,32,513,375,
521,852,
213,75,14,156,452,157,295,58,530,382,7,68,365,264,43,