127,83,197,319,476,447,540,115,329,366,412,83,309,31,499,165,339,427,490,509,
344,63,105,508,
114,529,133,266,97,544,436,19,486,104,191,142,206,378,498,531,537,547,455,
198,21,449,68,181,431,464,193,514,32,129,285,313,351,462,473,0,150,279,443,417,433,421,416,496,514,234,311,491,294,106,267,268,319,
105,223,344,391,272,93,238,10,172,230,269,390,489,348,427,
75,174,171,281,293,339,223,403,11,135,154,157,428,504,437,482,326,13,119,267,373,384,462,
354,42,365,53,399,150,12,52,170,174,39,409,116,70,399,157,176,350,155,411,513,526,185,265,321,367,
323,482,494,451,
462,198,
418,51,266,376,173,6,490,493,15,76,254,327,486,546,183,244,397,251,234,316,130,164,22,468,257,330,535,371,496,
491,198,541,
32,365,486,281,514,320,467,313,455,471,476,495,206,272,76,395,447,345,349,
249,285,49,292,26,437,463,321,322,
510,482,235,238,110,204,258,200,94,352,270,351,139,107,2,113,364,478,263,350,492,148,545,90,389,464,514,201,47,132,191,126,159,276,1,198,226,234,375,378,96,207,232,270,311,393,540,340,146,432,334,261,338,445,527,333,107,58,247,349,372,467,130,315,398,236,424,17,82,241,439,528,231,326,337,480,
482,409,510,356,29,149,406,10,400,46,255,510,56,265,416,475,236,487,549,36,198,131,278,282,19,545,113,96,201,198,208,282,334,36,541,18,58,269,272,351,408,342,243,
198,510,98,211,223,462,303,368,493,458,443,86,452,37,514,232,238,252,117,170,121,482,228,474,239,257,83,427,436,495,513,194,290,313,443,486,
248,74,290,491,542,156,176,534,485,422,144,335,331,356,327,135,213,145,8,327,194,223,261,301,501,75,157,275,365,219,
129,46,494,485,389,432,175,274,
176,492,141,164,428,
494,136,477,84,119,135,162,464,27,176,169,306,280,320,283,111,478,446,506,36,361,122,302,9,72,221,300,341,469,372,223,271,283,129,129,135,303,392,17,329,443,484,185,238,362,474,402,130,78,282,281,421,150,232,387,17,473,323,502,
285,198,475,388,63,177,509,84,
211,104,396,175,179,140,240,326,189,231,243,437,204,133,455,484,102,156,353,45,499,38,471,512,130,438,483,218,187,211,412,479,482,485,340,501,393,163,166,463,
36,256,240,39,323,81,195,254,389,
17,223,40,73,
130,494,510,93,127,246,154,138,161,321,408,506,130,174,421,
239,309,256,281,63,243,244,
494,493,76,4,493,42,174,280,289,365,223,45,85,155,211,298,453,489,125,
398,510,216,9,136,242,340,436,549,54,386,467,530,
324,119,188,378,351,240,426,517,493,24,295,388,439,491,83,252,337,459,236,275,514,409,482,
379,528,440,125,328,167,
161,148,141,221,128,483,523,161,164,200,280,492,361,343,4,436,267,223,38,309,272,408,127,184,239,294,143,410,541,269,197,210,345,446,501,514,
340,233,449,108,27,459,0,224,505,172,18,454,144,139,222,118,459,472,193,315,470,236,305,348,450,193,267,308,353,531,366,
449,278,111,117,26,364,468,101,521,192,340,10,89,123,370,146,131,198,224,417,149,175,400,436,76,442,107,83,145,38,507,329,493,373,80,33,158,143,547,424,323,383,401,513,529,179,269,281,321,296,339,503,99,
71,31,137,20,50,216,365,516,118,200,432,531,384,135,501,206,159,174,390,412,452,
197,367,63,374,89,316,393,155,452,127,352,7,485,534,18,280,458,38,49,396,379,30,308,281,464,359,128,162,207,239,297,248,266,351,409,424,446,
223,106,152,157,170,323,332,338,216,498,130,407,17,105,350,364,373,335,360,292,395,401,519,255,180,274,75,372,464,487,56,543,149,494,447,543,154,
50,108,35,299,402,177,336,349,70,21,162,323,354,70,164,134,504,542,133,476,408,348,389,542,11,532,81,365,130,239,279,298,396,25,248,313,275,546,
541,18,491,548,50,471,516,455,470,
316,197,309,227,499,19,118,287,546,219,258,303,410,220,233,411,277,
40,170,229,98,212,90,493,354,277,17,238,253,141,505,496,300,381,268,362,212,324,373,303,519,
39,452,23,266,541,15,122,36,317,117,153,348,424,516,332,442,85,93,258,311,377,461,276,307,469,541,142,223,242,435,
428,50,68,84,134,263,341,465,
366,226,482,525,511,14,40,108,190,549,340,
137,128,71,418,
493,6,198,209,131,431,494,324,12,32,318,346,505,162,0,120,178,217,300,382,294,125,82,
188,440,42,358,149,268,144,245,461,510,11,297,332,108,418,435,130,219,13,490,509,57,349,324,19,151,158,236,174,495,54,346,8,143,44,253,284,196,297,52,545,42,239,1,365,535,107,223,417,76,222,235,418,409,482,340,376,377,424,
82,22,25,37,85,431,462,496,378,358,46,128,251,340,429,493,
309,347,147,245,239,316,99,21,255,167,245,314,359,376,6,397,432,406,394,0,49,161,340,389,509,276,162,256,342,39,46,266,430,488,8,354,364,95,389,317,318,430,451,212,293,345,523,
256,462,36,61,218,342,63,268,449,40,74,225,66,520,532,239,392,467,339,42,237,316,400,24,303,353,388,524,328,6,249,47,497,155,333,498,116,321,383,465,97,190,285,398,519,
257,391,229,2,270,31,100,384,469,35,375,384,
491,183,248,24,482,147,170,441,24,42,372,89,239,285,340,387,397,525,
523,510,391,46,203,400,82,181,293,461,523,18,91,417,453,480,497,509,543,
510,128,72,375,392,464,522,181,108,465,0,198,178,68,495,63,101,3,539,95,368,394,464,8,279,179,211,294,337,496,277,332,465,201,252,312,421,103,130,1,289,543,74,523,226,446,522,219,296,428,442,153,249,382,509,98,96,165,239,
491,476,324,205,98,102,210,
24,491,493,53,221,30,85,233,413,233,257,486,516,529,104,11,385,123,330,358,514,197,
167,108,121,368,10,103,160,289,8,488,106,213,462,64,169,323,465,505,86,264,266,464,379,
378,22,211,324,70,17,177,108,435,74,159,265,168,270,420,78,104,94,193,353,182,325,82,411,
529,155,291,114,152,284,141,303,366,155,224,161,88,491,208,243,423,72,262,346,96,12,144,519,69,194,235,377,395,70,
226,339,327,148,187,207,266,288,366,466,541,319,402,412,505,102,
289,123,5,174,196,230,63,92,503,436,533,100,293,13,516,396,455,516,172,358,538,268,351,362,308,52,222,304,156,326,487,499,481,478,
278,32,428,60,245,285,523,541,299,127,19,217,465,99,282,336,37,30,222,89,346,410,450,230,466,183,62,39,21,156,386,482,98,128,293,413,492,142,492,4,396,515,240,355,136,195,367,390,
300,40,430,350,
493,130,53,140,24,494,27,53,134,139,227,505,418,84,97,463,18,28,245,516,5,145,504,120,208,496,90,501,
339,256,239,342,
365,78,12,15,265,354,335,52,221,227,339,356,368,72,260,179,320,113,32,465,295,321,146,528,137,492,118,421,119,543,216,350,38,517,152,308,43,470,131,393,419,500,28,322,368,542,
307,39,17,27,45,135,146,
383,449,256,193,
46,10,431,48,211,121,237,52,298,101,398,433,529,70,90,24,359,524,371,185,219,369,60,361,34,165,307,232,192,264,22,332,344,196,236,271,296,13,75,510,405,461,173,233,244,153,482,35,79,129,377,453,200,176,115,133,348,102,114,129,114,270,226,401,283,330,198,424,70,452,314,361,58,7,523,149,420,482,490,537,235,393,522,134,170,314,358,462,
386,278,63,174,302,
528,365,1,315,379,403,302,36,384,47,272,
240,63,324,345,
475,250,385,178,26,330,255,425,317,160,218,100,540,25,285,97,153,250,316,22,363,431,378,383,463,
63,197,510,380,488,42,128,386,240,344,361,73,217,170,241,519,285,
482,265,347,181,351,414,209,232,476,4,304,286,56,410,429,353,183,342,117,273,331,360,257,323,156,381,366,425,296,58,489,535,496,
440,314,340,384,544,225,215,188,227,353,40,385,443,280,285,432,301,308,215,545,549,20,44,149,413,383,401,21,460,41,60,312,186,472,153,100,45,338,100,542,379,473,28,375,116,185,477,154,503,237,309,57,124,405,446,472,257,373,533,508,544,177,208,318,379,513,4,174,353,544,179,216,219,433,472,511,48,294,428,531,
485,248,126,346,186,253,520,5,40,78,362,4,238,317,91,107,117,119,125,212,
391,70,432,34,103,259,231,108,345,367,265,249,271,230,199,324,84,257,153,202,150,210,85,436,234,298,334,473,22,129,211,267,4,336,52,499,60,223,410,527,450,150,45,77,428,492,58,208,159,407,322,371,351,70,97,431,434,464,481,502,541,463,407,0,310,435,476,334,460,517,74,405,425,316,515,336,118,138,211,524,338,419,139,523,105,363,46,380,462,23,307,
153,39,475,464,279,502,77,
462,256,23,144,294,92,51,219,243,248,283,352,396,386,409,429,439,193,0,351,466,505,126,314,146,162,63,454,487,311,319,432,233,109,74,75,129,163,226,138,476,428,213,326,363,167,458,539,412,536,
347,146,231,334,515,526,14,266,547,187,7,535,203,328,285,544,357,529,459,131,59,386,445,266,309,303,58,62,411,41,244,383,241,255,248,434,110,166,234,252,198,219,198,91,324,42,469,132,197,372,393,453,523,296,398,149,477,525,509,19,
253,485,40,387,41,254,300,331,439,275,431,
492,161,176,
335,248,
326,462,289,
250,237,
232,46,494,
90,40,416,542,
350,223,365,
429,482,
221,365,
487,228,207,394,434,327,202,465,486,30,
486,24,114,198,
49,249,309,
307,21,143,145,159,401,40,426,479,391,
401,223,
39,309,354,123,78,
68,510,198,431,
177,50,440,
99,309,196,362,312,
68,428,
362,99,40,
44,452,188,188,223,
411,354,316,
464,153,510,293,
452,197,198,397,88,
103,205,167,
516,39,289,327,
251,42,418,
156,289,482,
181,523,
516,88,493,42,
88,180,529,452,
431,391,
405,46,440,
385,24,
428,510,75,427,
525,366,
140,304,493,
139,91,340,
412,462,71,
187,226,211,
293,75,278,
471,541,
166,347,
244,239,418,
427,105,127,428,
132,347,
86,167,
381,40,
93,130,39,274,
50,428,541,
268,289,216,412,
431,198,493,
504,493,75,
281,197,449,
408,161,
118,340,
428,440,176,
42,494,354,
194,529,198,
401,449,
332,510,
317,39,475,
409,482,
465,428,167,
223,161,198,39,44,
296,347,449,
305,340,
46,309,
365,71,248,
549,366,
513,449,440,
472,340,
108,510,
119,324,75,
174,88,386,
516,541,
236,340,324,
70,50,529,
107,243,510,
327,487,226,281,
260,365,
193,378,340,
12,354,
361,63,46,
327,88,248,
489,494,
509,127,523,347,
125,485,379,
424,188,197,
455,114,541,
328,379,
193,340,383,
76,449,32,
158,188,485,
233,498,
240,278,36,
382,510,493,
513,198,354,
481,289,
70,46,
97,475,493,
546,418,50,
418,137,
135,75,71,
138,130,462,4,
268,40,
144,248,
129,198,494,156,
514,32,161,
390,71,278,
409,197,324,
54,398,
243,239,482,
496,482,418,
84,285,
378,475,
91,523,485,
452,44,71,
372,510,
154,75,
58,482,46,
188,44,
275,248,324,
177,285,
330,24,418,
237,440,256,
452,39,
373,223,440,
0,493,
430,309,
393,46,347,
4,440,138,
18,482,493,
410,161,316,
278,
255,309,
524,256,
274,223,93,219,
516,24,
262,529,
234,418,198,
482,211,46,
434,347,
45,494,307,
78,494,39,
128,137,82,
185,354,
280,161,
482,188,75,194,
96,482,529,510,
100,475,257,
142,39,114,
206,114,32,
509,510,285,
205,491,103,
8,167,309,
112,156,401,
159,378,131,
430,300,
194,248,482,
239,161,50,
534,197,248,
114,46,380,
281,75,32,
403,528,75,
492,365,
397,309,491,
294,440,493,
431,68,253,
322,365,249,
446,161,197,
543,223,523,
227,316,
416,90,
97,114,256,
190,256,366,
149,347,223,
28,365,493,
453,523,494,
321,249,354,
447,223,
351,197,
339,127,
266,167,197,
102,226,491,
285,249,256,
544,114,440,
200,71,
143,307,449,
121,167,198,
7,197,
531,114,471,
297,197,
293,309,523,
431,82,475,
241,510,63,
22,475,418,
384,257,528,
170,40,46,
340,491,398,
120,493,493,
76,418,
147,491,367,
196,46,289,
294,198,161,
178,510,493,
155,529,
61,471,
173,46,206,
5,493,289,
70,354,
46,391,424,
413,24,440,
302,528,386,
226,462,510,
274,129,
525,347,491,
197,24,161,
389,36,309,
326,510,
26,249,
98,510,491,
154,130,223,
107,188,485,
467,398,32,
17,307,494,
131,493,
272,105,161,
232,198,464,
171,75,
390,105,
346,188,
498,233,114,
323,36,167,
109,462,
249,510,256,
496,82,493,
300,253,493,
233,462,316,
433,440,
281,239,
514,24,324,
535,418,482,
216,440,398,
437,249,75,
143,161,188,
133,211,50,533,
512,512,73,
150,494,354,
282,482,
470,340,365,
321,130,449,
267,471,
345,240,
296,510,482,
487,289,223,
243,
348,46,446,50,
6,309,
329,449,127,
141,40,
52,46,365,
156,278,129,
40,307,485,
265,354,
358,289,
0,198,462,
19,278,114,347,
549,398,
169,167,
324,40,
472,440,
509,309,
44,440,328,190,
464,232,223,
238,105,485,
353,440,378,
272,482,32,
279,153,50,
489,
317,309,485,
515,278,
315,340,
516,289,
346,529,
162,493,
466,226,
208,440,482,
222,340,289,
198,347,482,
482,46,
146,449,365,
155,256,
531,71,
6,418,256,
130,418,130,
531,340,440,
165,510,127,
69,529,
308,365,340,
62,347,
14,366,
40,366,256,
501,493,161,
340,82,188,
462,75,46,
174,71,75,
4,278,485,
235,529,
39,36,
248,197,50,
267,340,75,
443,198,198,
298,494,
421,130,
519,40,256,
77,153,
172,340,
23,391,
384,257,75,
166,211,
254,36,
2,
367,354,278,
478,289,
83,127,
313,50,198,
195,278,36,
31,257,127,
162,42,
18,523,
463,211,475,
536,462,
219,248,
327,516,
353,482,340,
477,347,
211,494,
255,223,
292,223,
312,99,
210,491,161,
377,188,529,
388,285,256,
389,309,50,
83,198,449,
319,198,226,
487,42,
36,528,482,
30,197,487,
349,32,188,
500,365,
2,257,
119,365,
184,
269,105,161,
439,253,510,
419,365,
308,289,
358,24,46,
174,494,130,
511,366,440,
43,365,
450,340,
505,167,226,
250,
17,510,
10,105,
12,529,
