281,364,
37,333,222,
364,259,281,353,
43,143,234,
339,412,
222,37,
33,171,
445,20,
283,43,69,241,244,297,
310,452,
347,34,
334,514,129,
241,283,
412,339,
308,54,
0,330,
452,310,
361,363,200,
143,43,
333,37,
373,208,
310,516,
132,547,
309,99,
362,265,
436,86,
522,545,
119,494,
204,528,
470,263,
129,334,
423,
518,57,
349,535,
266,317,
108,311,
140,285,
20,10,
338,378,
110,1,
294,192,
471,94,
262,
216,396,
514,334,
208,373,
422,29,
86,436,
223,265,
353,364,
263,470,
132,363,
282,363,
10,20,
317,266,
56,69,
244,283,
220,330,
99,309,
396,216,
69,56,
243,387,
200,361,
430,137,
102,
80,488,541,335,275,119,309,354,232,536,248,147,17,451,123,317,132,7,248,218,415,256,330,117,53,120,408,85,411,382,506,327,360,125,388,327,172,387,243,
389,203,89,445,421,293,305,469,377,21,340,502,414,508,179,72,221,345,180,372,397,223,426,441,50,
250,115,304,47,93,228,27,264,59,183,216,292,7,329,196,497,400,371,
38,105,5,45,467,399,49,123,39,4,527,156,17,523,1,110,
454,444,12,44,136,39,166,496,276,50,541,260,165,131,15,474,395,310,492,159,92,193,395,98,12,368,130,410,163,195,303,256,134,2,532,87,129,49,384,379,353,423,333,204,549,343,294,47,154,210,531,104,103,359,321,201,118,440,290,34,347,
215,207,128,519,75,393,232,45,530,341,450,328,280,388,256,121,96,127,473,366,251,66,261,191,504,371,364,202,32,542,315,97,33,187,438,159,316,272,405,351,205,59,139,249,520,225,515,468,113,140,507,398,136,501,185,479,246,393,433,342,546,375,212,314,283,373,494,325,143,81,237,430,381,408,322,457,383,210,330,
300,509,188,22,284,144,17,280,532,41,123,465,468,68,132,418,477,6,442,176,168,109,513,487,434,
114,230,516,310,
133,354,157,366,165,312,503,374,32,486,435,77,268,243,55,420,517,113,163,168,476,416,434,409,202,90,199,519,150,324,396,308,5,116,404,90,451,485,427,418,275,284,9,282,272,437,114,31,4,460,
14,178,493,90,360,482,549,384,164,17,71,188,311,342,191,540,127,233,483,1,299,506,438,328,470,173,222,267,420,207,350,25,368,276,58,179,453,414,286,191,55,534,275,214,106,63,142,86,336,105,446,60,535,91,152,423,345,347,10,532,100,502,427,262,20,445,
384,80,254,320,406,538,209,175,323,527,177,