446,380,45,7,445,63,78,20,541,271,526,328,401,500,535,549,114,280,340,214,475,196,384,494,188,312,387,390,446,518,265,341,416,
393,483,208,88,17,349,382,501,
512,0,253,250,382,347,451,88,352,49,108,426,190,513,
80,98,118,523,396,375,379,45,94,143,437,453,469,522,
280,172,526,236,84,262,346,372,411,482,151,208,266,78,377,400,503,98,357,517,129,255,412,544,
17,321,267,519,110,246,332,480,
528,307,98,27,381,42,221,3,95,153,201,142,377,249,57,482,127,325,445,424,502,539,99,145,48,464,515,475,510,94,235,268,180,328,344,169,365,40,8,509,151,219,314,413,428,263,279,332,508,
353,278,473,108,
244,290,526,12,73,255,427,440,
498,519,15,419,539,
492,483,246,149,30,
318,209,465,374,
54,462,43,270,71,75,148,271,
110,13,98,331,280,23,256,334,465,549,472,
194,73,350,236,391,416,435,5,442,263,208,264,470,372,123,130,259,124,528,25,53,108,118,410,435,487,205,
108,88,259,45,67,26,65,216,151,346,445,176,417,494,519,353,319,393,476,513,33,0,293,469,473,212,540,
278,516,302,120,499,216,271,542,107,172,289,351,429,171,335,497,353,162,471,97,456,224,539,381,34,146,540,545,272,
327,380,414,
253,512,125,145,407,491,508,
266,124,280,282,515,99,130,517,
124,47,433,500,57,88,103,232,330,404,107,266,73,85,478,486,188,83,155,166,217,349,433,482,
321,118,7,95,14,549,142,115,527,326,247,411,484,453,
321,44,528,237,444,130,17,71,385,319,386,387,384,410,535,97,366,387,493,502,234,272,27,82,202,326,517,340,382,158,150,113,451,484,524,
494,483,88,246,356,300,114,366,216,90,152,424,133,87,252,290,223,344,81,176,456,259,4,236,452,394,519,147,282,287,312,9,34,65,128,154,323,
410,236,382,56,223,360,478,
212,219,33,367,437,215,265,66,220,260,441,223,116,60,281,460,152,241,333,380,443,372,374,
381,380,526,12,187,488,504,250,373,480,265,451,526,546,
337,236,485,
118,337,78,84,277,452,288,223,321,427,47,80,280,68,231,50,10,409,357,44,495,486,538,203,262,129,139,415,197,30,98,526,101,381,108,124,
100,176,
526,1,71,271,176,83,269,346,429,283,118,250,173,537,336,535,273,111,304,225,422,370,304,406,291,411,464,107,345,360,75,92,161,345,519,271,280,283,322,449,382,73,225,244,118,197,332,18,342,540,
503,82,313,415,181,526,104,27,292,300,5,375,312,122,311,383,271,243,393,105,130,352,203,104,101,176,294,352,467,517,370,79,18,382,301,178,120,286,489,430,517,
197,473,67,333,226,
452,86,244,456,77,109,426,520,364,403,496,188,202,301,355,405,
496,334,15,341,270,293,334,53,481,154,183,535,429,124,205,411,523,45,139,527,75,271,476,438,447,475,
384,41,417,220,303,536,122,227,232,512,521,535,275,442,
187,62,263,469,209,396,208,303,146,151,430,251,93,241,384,496,413,232,238,365,89,69,426,470,525,38,359,419,431,23,406,94,259,380,454,531,203,168,373,425,478,68,
176,100,323,70,
500,483,124,25,110,38,333,519,161,147,407,
250,512,238,145,475,85,260,375,86,
298,98,388,
514,92,182,381,525,34,532,141,376,110,263,118,230,411,415,515,
368,210,462,24,102,375,451,543,370,238,245,270,543,378,437,219,315,419,231,281,397,463,153,397,
522,238,221,147,520,110,448,301,379,8,542,344,
119,137,24,148,227,522,332,479,169,471,10,23,57,23,288,111,209,486,540,362,16,443,549,
98,45,263,214,479,40,64,431,201,528,516,101,284,467,260,105,410,442,458,533,81,324,489,264,457,172,13,31,80,392,151,465,223,246,217,110,115,130,148,298,545,269,83,469,118,427,38,152,97,10,247,127,
465,297,98,257,260,318,345,372,47,265,407,74,113,217,
462,326,169,141,98,127,368,81,193,261,25,421,306,175,202,54,73,186,3,427,536,538,322,165,422,423,251,391,314,159,427,425,250,
519,57,17,454,498,127,187,549,234,15,309,
85,351,14,485,236,82,262,203,39,78,11,10,454,485,173,94,385,449,156,167,192,98,431,492,505,333,114,452,492,178,192,408,170,176,179,522,349,489,96,7,88,96,465,333,360,529,51,196,69,118,367,384,416,280,451,
473,483,1,13,430,88,480,494,40,148,170,197,315,164,194,249,274,514,262,338,482,293,15,194,121,394,141,152,512,548,103,379,
437,368,13,221,149,133,484,
236,494,280,410,337,406,435,6,14,143,16,379,521,125,414,491,
393,421,
382,526,503,294,309,410,512,302,352,367,452,462,499,124,331,205,
380,369,238,113,109,174,104,88,85,55,434,529,446,441,230,266,473,16,488,507,408,396,515,71,409,501,331,334,381,434,64,497,325,359,133,346,194,323,327,448,541,197,282,373,386,281,419,
238,458,386,338,317,232,392,180,298,314,415,255,483,250,106,232,43,483,214,447,445,522,134,422,537,113,116,175,430,517,523,540,67,266,390,489,506,
13,473,98,132,25,51,126,110,30,475,253,417,437,492,303,99,63,
417,384,13,53,38,175,267,285,478,540,396,508,531,143,320,
103,124,496,503,17,28,148,372,
421,462,311,221,393,440,172,202,266,218,415,427,490,392,538,29,149,274,435,515,116,
543,194,368,514,389,98,175,508,204,333,361,403,
272,93,329,216,187,370,385,90,182,33,82,77,125,230,15,58,304,133,161,376,390,305,
216,272,345,464,95,443,85,186,73,337,454,84,77,171,320,146,183,257,414,476,110,99,504,248,250,330,158,425,468,
473,379,380,29,132,350,90,330,364,102,106,345,400,13,45,238,
194,473,543,448,413,
88,494,147,491,527,301,12,28,108,24,427,203,275,394,426,356,209,300,263,450,64,242,402,470,0,19,49,107,398,29,139,269,306,474,415,21,70,382,399,434,57,
433,357,124,474,269,252,387,533,177,
483,494,193,281,67,65,485,32,272,53,274,107,473,271,7,327,118,393,104,127,57,56,447,57,231,500,11,364,499,303,31,492,543,75,127,305,504,255,275,411,470,
379,86,187,82,43,354,52,56,112,327,405,434,473,192,
456,246,452,
209,88,187,301,44,320,318,526,295,537,393,438,532,127,426,451,
86,397,246,76,30,452,24,350,502,223,398,64,145,176,292,418,25,262,11,469,126,351,306,89,476,79,94,261,396,436,0,431,545,379,311,276,176,315,239,533,198,306,358,413,
436,86,
246,11,86,103,304,249,253,151,399,437,161,360,447,508,547,83,358,456,69,492,243,309,74,112,516,
14,321,
154,496,274,
266,421,
325,446,414,312,319,514,335,142,
409,118,380,
88,393,512,
532,514,209,121,142,
545,278,86,104,259,
309,246,519,
253,246,13,188,
186,462,216,
207,24,170,436,
170,473,207,
495,118,438,
502,152,321,
109,452,
38,500,187,
127,519,483,209,318,98,
278,105,
520,522,452,
250,381,216,
525,187,514,25,
208,393,175,
405,452,379,
34,514,494,
517,238,321,226,
192,85,379,
345,473,465,
521,384,236,
326,462,357,
326,321,68,243,342,
73,216,526,
496,103,299,248,259,379,404,462,
281,483,
267,17,417,
375,250,80,
365,187,528,
149,437,421,
380,187,212,
262,473,280,
367,297,212,
31,483,545,
445,8,
508,528,253,
303,483,476,
77,452,272,
68,
290,494,62,244,
396,80,86,
473,353,108,
482,280,473,
338,473,
62,290,
328,446,
496,187,
249,473,246,
285,417,
504,483,216,381,133,
545,31,98,
293,496,
25,194,86,
64,
404,124,496,
133,494,380,504,
448,380,
236,194,88,
392,238,421,
260,465,
187,519,
451,368,512,
312,499,325,
514,325,543,
334,110,496,
397,368,
503,103,
43,238,
125,236,253,
73,244,
349,393,124,
340,321,
75,496,54,
83,246,124,
103,246,473,
223,212,410,
102,368,
330,124,473,
508,543,417,
24,207,
517,503,
506,
25,500,525,
422,
540,108,526,
246,17,
45,446,108,496,80,
354,
116,238,421,
372,194,280,
518,446,
198,86,
152,502,98,
407,465,
53,194,496,
94,187,80,
447,238,483,
448,522,
265,212,93,
11,246,483,
314,528,462,
151,280,528,
219,528,
360,410,
245,368,
4,123,494,
485,483,
232,124,
546,
486,118,
205,496,
417,108,
451,209,
67,238,197,
282,266,494,
390,272,446,
110,514,216,513,
280,110,85,
454,187,
143,236,80,
303,13,384,
234,519,
23,187,110,
188,446,124,
389,543,
210,368,
83,98,408,
431,187,
474,433,
230,50,378,
381,528,278,
49,88,
8,522,
434,88,379,
332,17,528,
18,503,526,
217,465,124,
478,410,187,
372,212,103,
451,381,85,
130,194,266,
374,212,318,
433,124,
412,280,
491,253,236,
522,80,
361,543,
71,54,
53,483,417,
425,216,187,
442,384,
212,108,
333,197,543,
540,238,278,320,
34,278,
445,528,
516,278,98,
263,514,528,
98,280,543,
214,446,
109,380,
435,236,
486,124,119,
360,85,246,
378,368,
216,278,108,
187,381,379,
30,492,86,118,
288,119,
165,462,
427,421,
88,380,124,
470,187,194,483,
401,115,
327,379,
43,54,379,
112,379,246,
388,298,
255,280,244,
438,496,
413,194,
526,209,381,
99,266,
415,514,
475,250,496,
113,465,
17,103,393,
175,208,462,
143,417,
151,246,
10,297,119,98,
188,452,253,
453,80,321,
512,473,384,
147,494,522,500,
342,526,
469,80,108,
335,325,
347,
112,
193,
29,88,421,
13,473,
358,86,
517,280,
259,187,545,
270,496,
93,265,187,
406,187,236,
367,382,
75,483,
78,280,
57,519,483,88,
408,83,
98,85,
223,118,
114,85,
387,321,
69,85,246,
107,526,124,
476,216,108,
464,216,526,
526,446,
431,86,
264,98,
323,380,
462,496,
145,250,
527,321,496,
323,176,494,
108,512,
494,473,
227,292,119,
301,503,209,
92,514,
322,462,
443,119,212,
435,194,421,
255,483,
82,379,
541,446,
94,528,86,
343,453,
286,503,
38,417,98,64,
364,452,
269,
101,118,
220,212,
176,86,
305,483,
110,500,522,
115,98,401,321,
396,444,187,
282,380,
427,462,98,
99,13,528,
465,110,
345,216,526,
414,216,
184,
476,180,
139,88,
378,230,
23,119,
215,212,
139,118,496,
31,98,
265,381,
262,86,85,118,
414,236,327,
21,88,
390,238,
517,266,503,
15,498,519,
411,514,483,
158,216,321,
440,244,
387,433,321,
357,326,433,
16,236,119,
155,124,
516,246,
501,393,
266,238,
74,246,465,
110,17,
436,207,
47,124,
311,86,
468,216,
279,528,
124,118,382,
118,514,85,
544,280,
382,393,88,
161,272,500,
373,187,
320,417,540,
148,103,54,
272,278,
122,384,
102,
56,410,379,
275,384,
506,238,
239,86,
271,54,
204,543,
331,382,
83,526,
502,528,
265,465,
531,417,187,
333,500,212,
47,465,
410,98,194,
275,483,
357,118,280,
301,452,522,
86,452,250,
413,86,528,
14,236,
489,503,
256,110,
376,272,
6,236,
271,496,
33,108,
426,209,512,
73,462,194,
410,
445,108,238,
478,417,124,
376,514,
400,473,280,
293,108,
58,272,
141,473,514,
203,503,88,187,
319,108,325,
497,380,278,
243,503,528,246,
257,216,
358,246,
169,528,119,
411,280,496,
242,88,
429,496,
539,278,
364,483,473,
547,246,
300,503,
541,
263,98,
537,238,
450,228,
538,462,118,
88,236,383,
168,187,
513,512,110,
205,194,382,
142,532,325,
65,494,
447,496,
68,326,187,
241,187,
