146,160,388,167,328,486,529,19,252,257,316,400,158,193,496,
364,359,313,485,
113,149,
194,
370,369,
182,468,
346,110,
318,116,
263,491,
477,291,323,
496,291,146,
258,254,
37,8,
193,548,146,
202,510,384,
436,176,353,
491,263,
291,41,520,
110,346,
384,122,202,
295,
288,521,
52,230,
351,31,
135,473,
378,200,
531,123,
425,216,
184,395,
254,258,
268,
476,109,
319,185,
138,175,
62,347,
49,8,
510,202,
270,
41,291,
15,0,
538,535,
525,212,
131,85,
305,419,
0,15,
361,
525,36,
155,132,
485,364,
409,277,
142,472,
275,548,
93,36,
498,48,
212,525,
106,36,
69,446,
403,160,
38,170,
48,498,
544,168,406,437,422,238,386,90,138,431,354,21,59,496,83,385,129,261,220,213,111,251,317,157,20,312,168,374,305,191,156,293,137,131,428,178,461,33,38,457,221,300,480,95,481,318,373,199,467,491,207,351,442,180,271,363,200,86,473,73,405,144,348,
359,444,262,89,88,64,482,222,15,330,411,451,113,317,338,203,531,263,181,229,72,134,287,124,502,5,11,270,140,155,274,106,261,502,172,481,311,396,503,99,465,16,533,370,20,111,352,524,177,436,199,118,506,252,103,397,389,539,356,37,133,44,201,377,379,305,210,465,
45,57,280,74,175,27,281,200,41,518,392,432,73,218,419,97,184,29,427,179,233,457,156,420,143,284,478,106,310,366,435,215,112,455,85,131,
368,512,391,379,58,541,449,520,427,493,394,102,0,343,398,247,490,377,166,229,477,527,347,416,153,456,416,2,472,392,249,540,11,174,333,67,19,517,509,130,324,543,69,219,460,533,36,83,233,486,437,296,145,360,34,335,318,497,384,443,168,181,121,107,323,133,204,466,144,538,144,242,205,211,409,537,32,423,72,223,508,25,17,471,93,508,315,101,76,30,194,
110,376,98,96,303,429,510,8,248,39,447,534,388,489,67,400,136,465,540,204,417,471,395,458,288,382,250,482,276,303,35,334,484,99,290,40,292,494,476,423,526,120,322,84,13,22,165,192,316,403,352,356,495,116,61,73,549,543,295,525,145,395,418,450,94,1,153,267,186,445,4,212,57,296,165,390,113,490,246,26,75,122,319,228,177,364,426,163,245,235,365,265,251,93,100,542,201,135,140,383,30,357,138,542,172,294,256,541,262,293,78,162,
511,101,126,277,251,53,264,349,440,375,184,95,418,436,504,184,178,7,492,256,548,109,196,247,393,14,