41,87,22,130,176,145,39,136,178,62,166,65,189,66,
24,120,129,166,
40,177,188,63,28,
113,104,17,139,169,49,137,75,87,37,24,
84,92,92,61,134,144,105,16,135,
107,17,189,21,11,
108,85,12,185,116,159,138,
80,113,5,116,110,181,60,131,0,0,133,139,140,47,177,
155,122,123,30,
94,138,41,129,112,62,43,150,10,
70,94,82,94,175,164,105,143,58,
177,119,155,40,40,71,140,92,28,
18,158,30,54,
121,120,98,133,154,35,105,
62,19,45,23,122,88,
32,73,163,
115,141,182,
36,166,64,152,137,
138,108,109,90,157,154,161,174,118,96,145,
23,7,121,
29,101,1,70,101,59,170,155,109,164,182,
161,129,129,0,162,70,6,42,133,175,110,96,165,80,17,133,162,98,72,189,9,5,103,
186,170,140,115,189,94,160,84,41,4,126,84,39,189,187,110,186,119,4,143,102,81,186,84,
64,26,139,129,74,148,76,22,40,99,111,1,139,186,191,80,
103,87,
27,135,119,102,51,30,
10,191,27,67,44,76,190,191,68,151,50,163,154,15,23,
43,42,71,45,117,101,24,174,70,143,147,
122,62,135,128,44,169,106,58,
108,183,148,172,73,30,111,127,
30,10,159,119,73,18,7,115,187,64,124,22,124,47,51,
135,82,132,65,173,113,124,112,122,160,
27,143,112,
188,130,88,188,88,127,
181,24,121,45,17,182,79,2,
111,28,10,66,88,10,126,
118,88,179,90,112,117,190,86,35,
28,162,72,177,24,83,111,
79,67,25,30,183,112,184,175,84,101,
165,12,27,155,61,90,164,94,98,
153,181,43,38,110,26,134,23,162,50,102,30,
11,177,181,107,24,
58,56,3,129,70,
0,9,35,80,28,25,
43,66,187,8,81,173,
87,117,39,54,53,165,141,60,93,
159,181,154,157,45,117,92,
11,26,97,53,61,
178,95,168,186,44,51,182,33,118,159,103,
46,101,60,99,123,181,
119,133,22,23,130,94,114,
184,181,65,108,79,177,102,115,
144,130,84,139,100,
181,62,161,191,92,184,12,51,59,
81,32,95,23,53,144,93,4,150,23,
50,30,13,171,100,4,29,70,35,
22,100,180,34,178,
7,21,12,38,150,173,71,145,
100,110,4,21,22,95,54,81,57,
47,8,78,151,15,47,169,187,7,
63,40,105,107,40,105,135,84,
94,114,119,119,7,178,55,65,57,49,119,32,
105,94,28,54,47,41,107,122,162,64,105,113,101,97,
51,10,85,178,124,5,135,17,
26,160,32,8,154,122,165,32,91,48,48,151,117,111,46,124,181,14,187,160,
96,42,84,168,82,109,191,
42,91,96,63,65,47,44,6,163,114,81,119,137,143,146,166,142,26,
82,126,75,162,74,92,13,68,1,171,168,157,21,189,82,166,
189,8,182,
22,41,188,29,38,122,107,140,47,187,7,163,58,41,69,
87,9,156,37,162,
169,50,190,108,87,
172,121,183,89,81,74,161,
181,147,132,72,5,11,102,139,117,174,128,
6,39,28,79,141,3,24,4,
84,87,84,80,80,182,
56,41,58,123,108,67,121,
60,5,6,77,52,43,89,119,186,80,74,30,73,104,120,124,108,120,173,136,62,70,63,114,159,100,135,24,166,155,166,23,86,26,136,
152,10,113,69,137,158,
171,116,13,168,22,133,16,114,132,140,50,
21,101,102,21,171,
77,66,98,
22,162,67,121,
3,128,87,89,58,57,
10,141,51,100,116,68,
178,126,186,22,20,135,65,145,
138,146,152,4,188,52,54,32,70,191,
60,72,110,87,164,191,92,125,
106,190,72,65,26,188,99,78,73,147,
17,92,117,136,33,163,3,118,101,189,148,125,188,166,138,
105,184,148,
125,42,59,150,70,173,
57,148,21,135,30,107,132,105,178,82,36,
143,126,146,130,63,153,26,169,127,
7,8,88,23,10,65,94,103,184,130,26,155,169,129,139,157,7,47,
188,47,135,81,188,2,53,43,80,187,3,151,47,39,65,162,82,17,164,106,
137,63,
84,73,4,55,103,3,
161,156,10,110,181,101,140,172,98,
49,94,181,63,69,
91,163,170,71,
4,39,168,4,
88,17,164,151,136,151,88,124,163,76,53,39,187,190,118,90,163,17,79,186,190,160,84,127,
166,152,66,106,
17,127,3,166,61,15,113,19,73,157,118,109,154,92,63,
72,161,28,150,88,106,2,19,28,154,24,107,126,
102,135,148,101,24,
70,60,156,83,
44,18,82,53,41,63,90,
127,72,151,30,12,88,93,121,114,64,86,
80,111,84,131,141,118,
30,169,91,149,73,67,29,7,
69,84,6,67,17,144,129,106,147,60,66,100,7,56,18,102,123,140,114,
60,35,42,52,95,169,147,46,36,160,
174,105,136,51,31,166,54,
79,181,66,148,85,
163,42,32,91,12,4,84,156,173,47,23,46,73,135,
66,111,138,69,41,157,125,43,95,88,119,77,129,71,57,
91,42,51,147,102,65,148,
8,47,51,85,61,188,157,157,174,
24,92,50,13,150,
184,7,110,159,147,156,117,109,105,110,133,151,64,124,162,9,75,
65,46,183,107,158,40,66,180,87,134,129,138,103,116,33,81,47,
36,32,17,147,
136,152,85,
133,184,121,12,
148,14,102,64,116,61,67,4,69,108,68,106,36,
169,64,75,122,173,
166,42,75,17,2,67,170,
50,2,11,30,91,88,164,132,114,18,68,142,37,120,115,48,49,78,99,153,7,161,121,24,
57,24,139,
105,72,112,156,105,84,164,186,
85,16,80,118,163,165,171,16,108,7,175,9,23,
108,51,163,61,
24,82,44,75,57,
131,148,29,80,
141,191,71,181,10,38,68,
102,170,55,112,190,101,21,140,1,92,14,181,130,
146,25,188,7,120,37,84,138,
94,165,115,94,143,105,
39,87,154,189,64,79,
100,32,62,79,85,80,121,31,157,142,49,107,33,168,131,14,191,19,
139,55,144,13,102,81,26,158,134,87,
129,59,111,22,119,34,9,
9,55,138,42,0,116,104,101,55,37,84,183,87,14,167,123,
65,106,18,50,135,125,89,20,94,180,93,185,188,72,184,72,37,133,178,146,180,45,
77,156,179,148,73,178,24,
76,130,188,136,102,86,186,53,76,
41,105,83,56,
71,141,8,13,122,107,158,20,
88,22,30,40,159,72,47,62,60,188,67,78,146,109,143,
67,10,148,186,22,32,178,102,31,190,155,97,126,
107,80,51,13,63,156,65,63,82,93,104,25,24,
27,31,21,133,10,
36,136,156,106,39,60,128,
157,76,1,78,98,156,30,138,159,172,
85,51,87,41,
101,18,161,85,181,105,46,
183,129,75,101,46,1,3,102,
57,114,75,45,22,
13,139,63,94,18,16,160,171,
17,22,32,85,1,27,18,149,107,164,88,57,
1,148,17,141,
166,117,4,36,21,143,81,119,51,179,168,
57,132,94,66,
136,98,181,17,173,166,175,36,139,88,149,13,91,168,24,58,119,22,61,
40,26,186,64,157,155,
10,49,161,100,30,55,7,93,154,111,135,90,78,
82,57,134,159,
101,9,16,66,152,48,29,42,115,81,183,16,32,76,46,18,21,139,178,52,114,120,
182,114,178,70,3,163,
18,165,126,109,5,65,187,106,8,132,101,137,97,13,168,44,126,
39,26,190,82,87,145,81,179,14,16,
76,66,48,21,134,17,159,21,
102,153,
17,104,150,121,81,63,
145,41,75,138,136,103,172,48,
52,83,119,129,91,4,50,84,
60,64,80,92,43,138,172,4,18,18,
156,82,120,95,163,23,105,76,70,
12,43,172,129,26,4,118,159,23,40,
70,119,24,88,189,119,138,
55,13,39,22,0,101,
105,70,147,174,94,83,15,44,88,110,
89,5,114,
100,5,190,161,53,
112,105,25,116,105,48,94,106,166,191,110,62,105,109,115,28,113,27,179,
59,30,20,
29,150,24,111,105,22,173,168,131,127,64,81,156,187,
176,188,0,15,148,87,14,105,61,63,129,161,18,16,65,140,93,0,
99,188,157,97,
95,99,30,45,
26,6,168,115,94,11,17,147,60,14,139,8,
106,154,37,166,
86,106,17,10,50,137,
26,106,130,
164,84,174,
94,166,40,13,40,88,
133,160,157,81,48,165,27,190,
90,88,118,190,89,158,138,44,138,
24,72,66,13,60,70,107,123,186,91,55,11,29,
21,112,26,11,144,126,183,145,14,120,47,39,135,27,188,2,76,107,
37,106,110,87,113,111,
73,124,103,93,82,156,128,140,63,23,87,93,122,168,138,134,55,184,43,147,92,9,124,
124,184,
110,90,73,95,123,66,72,155,18,43,
119,32,129,106,30,167,62,
176,62,106,95,0,66,81,142,41,117,158,
63,69,130,177,146,17,7,
4,166,52,28,
106,190,40,186,
66,187,79,187,5,75,54,29,2,77,187,5,
63,132,137,56,136,129,143,71,110,74,156,52,108,
148,131,82,124,118,74,1,58,95,105,
73,0,87,
163,48,162,13,159,5,167,22,108,191,
134,82,149,73,153,
119,70,129,78,4,
23,10,62,
160,133,190,164,60,147,186,128,
21,166,176,7,57,56,129,76,102,49,106,78,134,
84,163,9,5,87,
147,36,73,
72,87,88,5,87,105,106,7,65,169,8,163,16,21,97,
154,106,17,17,136,55,115,122,138,135,143,74,109,
84,19,146,
32,179,67,23,42,80,133,46,101,107,187,
174,164,149,81,
174,2,12,43,5,41,16,30,181,29,91,41,150,180,138,
148,82,141,115,
95,110,133,176,48,
102,75,163,26,66,110,135,137,29,144,154,60,36,21,91,
190,169,51,160,0,106,114,39,29,92,149,6,88,190,
179,95,91,90,130,42,172,
22,88,151,118,55,5,140,145,57,
136,41,136,76,79,102,181,
45,172,158,
32,57,100,18,121,91,163,131,125,156,
77,83,186,136,107,66,100,138,142,132,84,
127,124,124,168,50,32,33,24,
81,133,59,174,39,14,79,120,83,66,17,7,16,
14,39,81,10,187,130,77,
163,32,114,152,
145,111,177,87,140,
40,106,76,177,102,165,116,73,124,179,186,190,
122,37,
55,80,94,165,106,156,139,12,190,174,154,158,155,106,94,126,167,16,
87,117,72,3,100,141,103,107,40,
157,99,6,105,53,41,167,98,40,134,181,120,157,
124,181,127,123,66,147,152,37,112,109,
152,98,124,148,121,183,34,155,136,
134,17,153,65,87,68,86,76,135,131,99,
51,23,126,45,31,110,93,39,177,1,30,117,108,186,
185,138,65,79,67,23,61,7,
15,98,105,85,
144,25,42,60,64,9,42,43,3,53,172,148,
25,79,91,144,179,149,58,107,178,121,139,105,146,177,
101,111,17,87,108,161,191,65,91,12,120,55,
92,84,119,72,168,50,
30,115,83,166,14,156,31,126,82,165,44,54,83,106,95,95,59,
170,157,186,2,4,169,103,120,98,148,124,5,171,58,186,134,9,91,50,63,
85,91,191,101,79,
152,41,50,
133,81,161,102,99,134,43,158,24,80,73,34,14,64,35,73,111,119,184,95,85,98,
123,141,181,174,116,16,176,63,69,76,120,118,155,95,24,31,17,
96,167,105,13,62,62,66,
32,5,143,131,6,36,110,162,127,1,94,
84,164,96,84,186,
146,182,143,16,
75,24,179,122,2,170,3,169,
109,96,184,154,64,29,119,149,69,
76,161,110,74,40,158,59,101,101,51,101,
162,188,22,32,96,67,116,59,89,
161,183,14,
118,22,178,
128,95,62,115,
84,91,60,150,106,92,139,79,
79,185,88,6,5,75,173,95,
154,22,82,130,140,90,78,74,159,82,146,82,
4,30,151,0,61,163,146,119,
35,16,35,76,50,
102,76,141,126,136,97,131,
172,17,177,174,
98,17,75,121,140,68,15,77,95,
73,36,2,186,141,99,133,40,52,89,110,17,32,155,108,82,19,73,144,
147,160,37,58,54,84,121,
113,89,125,152,5,166,135,
130,172,7,26,76,8,92,188,
114,119,122,69,92,175,172,
185,60,183,
42,125,7,101,18,177,162,43,173,86,
35,18,0,17,60,105,119,35,32,22,94,35,
64,122,85,55,44,90,102,60,18,149,44,169,30,63,67,190,
98,183,152,18,
100,119,117,144,28,
0,172,176,4,181,73,
47,13,163,118,99,113,
12,163,174,181,30,171,
72,131,121,186,2,
156,184,157,69,58,61,
13,69,24,152,47,18,18,115,130,114,
189,186,16,51,14,53,107,121,188,115,122,
139,110,87,26,187,187,82,
158,4,133,58,45,47,
17,26,19,
75,82,47,143,53,66,7,171,100,20,26,94,117,191,82,33,27,98,16,170,185,102,19,149,182,72,8,137,174,118,82,190,
18,141,69,64,102,36,146,53,141,32,
16,81,97,162,63,
29,66,101,122,127,79,124,
17,139,79,86,82,142,158,150,
18,101,42,8,101,149,
119,29,81,150,94,67,165,52,35,32,122,19,70,44,27,77,59,130,23,99,102,107,173,180,133,166,
80,75,117,141,87,
159,30,62,88,27,190,
119,94,100,185,18,119,109,3,
41,168,152,14,
24,181,136,167,30,
32,81,26,35,170,76,171,91,35,43,91,78,186,149,119,183,
4,35,185,142,116,104,72,158,186,4,12,
97,83,107,129,102,
183,111,108,44,45,46,110,160,18,98,185,161,68,178,
95,103,156,41,183,
43,26,101,99,18,39,168,127,57,177,16,153,185,121,50,88,82,47,65,142,122,33,43,110,149,184,71,
73,164,40,178,44,148,141,
73,110,189,70,50,181,84,100,130,
16,189,22,176,84,123,5,37,89,101,164,4,91,172,30,63,7,106,174,39,35,70,30,90,
115,138,66,173,191,131,74,72,146,21,90,118,31,119,90,168,79,164,83,
114,116,114,110,140,88,30,38,0,125,171,57,114,22,
59,5,119,48,49,169,10,81,15,29,76,40,125,187,140,
85,51,
53,18,189,18,118,153,142,112,87,
121,43,30,82,24,17,178,37,
129,12,86,21,52,35,58,97,
153,53,110,
191,5,101,100,181,
30,18,50,4,154,167,24,79,110,31,50,126,123,121,88,188,127,102,35,27,16,58,
191,60,191,181,161,85,
25,0,107,138,
39,129,124,21,6,55,111,34,4,100,175,
91,167,50,107,59,95,92,78,
71,177,63,175,156,189,
130,158,63,25,79,6,161,134,180,91,
168,29,178,
166,0,24,
162,187,149,41,166,148,161,22,148,184,
186,44,40,67,51,39,33,142,
19,142,17,73,160,191,132,119,87,121,3,62,138,75,15,73,128,67,140,151,146,17,100,
59,140,3,3,186,130,129,110,101,55,158,
16,123,101,32,13,79,130,2,149,157,158,143,
186,60,178,112,182,178,64,100,173,173,140,187,54,191,132,
8,141,189,18,18,114,
41,63,30,74,44,168,144,121,171,132,144,145,143,94,157,23,67,34,
117,87,14,20,87,130,80,
5,171,53,27,32,122,89,
106,30,36,33,176,106,116,86,153,119,117,186,4,
188,80,124,140,176,22,136,44,150,154,76,
182,29,104,15,49,67,
102,69,133,139,27,110,40,89,108,184,
181,80,82,31,119,3,33,4,73,159,6,191,
48,119,50,26,76,191,13,68,172,145,29,
0,166,55,124,44,58,53,102,7,189,
115,106,18,152,35,35,99,111,26,29,167,154,26,51,94,40,81,50,
147,69,160,79,167,39,
117,112,157,165,167,148,30,77,161,100,118,166,26,169,184,169,180,
100,100,181,13,
83,105,151,53,81,86,
172,48,108,130,45,126,181,68,95,145,84,141,
17,19,111,139,20,42,98,35,107,134,159,34,36,8,105,
126,172,18,102,42,99,172,
82,30,58,169,135,89,24,188,22,44,17,185,11,121,106,
186,40,166,100,105,
144,147,41,81,31,10,85,49,75,10,55,89,191,73,40,157,177,
6,190,95,60,47,178,
54,138,49,66,126,18,31,71,
126,51,186,62,66,28,45,
152,48,55,13,119,73,166,
5,20,100,92,16,48,130,57,45,129,79,
146,42,143,63,156,
177,40,3,51,43,40,53,122,184,61,12,168,172,93,63,78,
85,156,189,146,8,5,
103,7,65,18,161,171,
129,44,149,176,40,49,64,156,48,105,116,82,112,161,183,23,86,
115,148,112,33,189,
50,149,152,3,
13,62,96,39,95,160,100,130,24,189,
14,124,133,17,148,161,26,129,69,
50,52,143,92,
63,13,170,
190,88,100,55,62,90,106,143,23,76,177,
149,30,129,158,169,63,29,73,134,102,132,169,16,
60,164,99,191,0,186,147,34,84,84,190,21,113,107,
2,43,188,45,72,42,151,11,186,23,0,73,50,109,82,160,12,186,154,
106,106,70,82,21,91,
75,183,166,57,145,47,80,
168,115,100,120,
12,108,7,2,58,63,
151,4,83,34,158,56,148,113,51,147,21,
141,81,43,164,26,86,187,127,150,47,74,8,4,5,35,115,137,102,6,185,191,
121,156,5,8,97,152,181,72,119,157,12,67,
91,158,25,32,30,1,10,20,120,32,24,85,191,118,
87,114,65,181,150,101,61,122,139,19,96,132,80,118,
120,18,24,
160,95,135,26,43,
181,100,136,191,124,91,69,32,147,131,113,180,189,141,26,
129,160,5,66,79,66,
61,8,108,
5,67,44,72,66,84,191,22,41,
32,138,162,
92,34,103,86,60,26,35,190,24,109,
135,136,63,57,21,116,27,123,51,56,123,65,73,161,102,
62,119,181,158,
147,105,161,91,186,58,
66,136,110,103,111,81,29,
114,58,111,87,94,167,182,89,86,163,9,
104,182,82,173,110,113,107,55,147,43,190,2,17,
139,136,64,42,57,31,181,
28,69,99,33,191,113,134,58,6,109,123,190,38,38,109,134,
87,26,39,145,38,169,
62,57,96,100,190,126,94,13,91,102,176,128,164,2,43,175,
63,82,137,17,149,161,
102,149,62,18,
189,161,85,0,39,44,157,
124,91,181,14,39,189,181,146,163,135,15,128,
121,82,172,22,
97,130,18,113,11,67,79,16,32,100,
119,115,52,152,92,173,116,153,121,0,126,31,177,
19,80,60,84,179,
63,59,16,60,67,145,22,12,44,158,162,16,
17,1,128,
40,88,191,12,63,144,94,177,110,115,175,168,
60,19,51,40,144,46,185,96,188,115,108,
186,187,2,146,147,79,70,18,158,126,75,24,13,190,128,
93,64,112,130,39,99,
143,154,42,27,32,8,50,166,
87,72,134,85,119,11,99,73,
4,163,168,60,150,117,
59,3,31,
178,57,2,101,
36,73,25,165,139,126,57,
86,134,181,168,
42,158,93,170,144,60,134,18,68,35,188,15,126,81,32,73,74,94,86,131,22,
64,133,29,14,93,82,44,95,129,72,36,
177,190,144,136,145,11,181,154,
162,28,182,63,16,15,7,
66,124,111,24,
48,35,124,69,106,
66,18,119,65,
158,151,76,152,62,
147,101,124,118,56,150,86,187,84,121,
77,51,66,81,
126,82,119,67,
179,25,80,66,118,158,9,77,65,94,125,143,75,
104,181,83,
122,25,186,14,107,111,78,164,154,160,104,26,47,81,147,114,168,82,155,75,67,
95,18,60,91,128,180,160,167,115,167,
186,77,2,73,78,59,13,110,147,66,106,89,111,160,117,22,134,110,
2,166,16,22,
181,157,145,31,
107,27,75,31,25,175,100,191,57,122,29,95,38,184,78,22,17,100,54,72,187,93,97,21,55,187,
18,35,95,42,156,120,37,1,53,30,25,66,13,159,79,160,17,60,
136,56,149,136,79,60,154,135,179,174,188,
110,51,100,120,149,154,87,157,68,32,153,32,108,37,73,94,60,102,59,51,46,
83,28,41,135,
92,60,73,86,34,158,
120,175,8,110,81,36,154,91,179,140,122,26,156,133,158,55,17,129,165,
45,126,105,183,70,185,187,43,9,65,
118,12,115,53,
129,51,124,4,183,140,37,65,48,119,24,150,46,
28,112,156,136,
182,84,37,162,115,189,
158,34,172,91,130,120,68,140,161,146,186,
28,126,105,4,
100,162,69,186,7,181,
31,59,30,181,167,30,27,119,
187,139,22,45,103,175,77,134,66,
110,112,186,82,159,48,
94,26,42,70,116,
26,87,143,40,13,98,
141,115,23,66,148,87,104,94,24,81,186,184,80,
163,52,10,
82,169,49,39,148,154,63,
81,77,133,141,33,
156,29,18,87,87,43,161,46,4,147,
119,136,35,186,176,89,63,148,143,50,42,66,150,51,
187,66,107,188,139,158,13,128,43,56,125,29,147,
167,117,24,9,17,91,119,165,96,
66,115,179,99,29,186,166,
81,107,106,162,120,2,109,141,170,36,123,122,42,119,77,143,48,84,
188,187,21,42,121,40,
7,72,81,124,30,162,
79,29,16,17,129,2,137,89,
138,122,185,94,101,121,103,67,66,25,102,56,145,156,25,90,
4,129,186,105,138,156,84,81,
149,64,18,17,43,149,124,18,50,77,174,3,148,
190,6,10,97,169,146,64,
124,29,40,30,7,
130,59,93,97,41,106,180,178,73,139,162,102,144,58,157,119,23,119,
29,190,30,125,
111,16,183,80,103,81,150,9,122,66,145,119,12,91,189,114,129,26,136,81,
156,36,71,159,28,43,137,
82,24,148,104,156,181,156,154,110,75,107,129,121,87,49,73,
47,21,77,139,80,
83,58,52,97,104,59,13,
58,22,30,89,154,122,
158,180,63,59,139,131,69,8,
168,98,132,171,150,26,41,168,127,4,10,166,40,
10,111,59,86,168,85,
168,122,44,50,123,63,184,18,96,30,0,66,80,15,
191,112,64,141,29,110,141,
139,187,80,17,17,
87,82,139,113,84,84,101,102,146,
147,104,160,190,151,129,141,121,118,146,96,140,43,
3,59,144,59,75,37,48,84,
95,157,81,164,125,49,
82,122,70,
51,174,115,127,158,77,91,165,
33,150,178,81,
114,114,103,21,13,
171,82,64,4,
160,18,101,129,147,140,37,
151,68,22,
173,104,153,42,
151,19,184,127,10,
181,170,11,163,49,123,86,104,37,0,175,31,
126,87,70,149,18,119,65,6,126,186,84,32,164,182,143,169,178,132,54,81,50,
157,50,183,47,26,88,117,68,141,135,181,185,63,7,
86,60,114,92,
23,60,85,12,
157,100,110,66,71,130,8,
22,162,3,69,36,162,106,17,63,190,154,160,120,171,129,128,71,142,142,188,2,
100,10,87,171,100,107,50,49,
105,176,157,105,29,112,155,9,41,45,172,4,63,139,150,125,1,17,37,10,15,
73,17,130,22,92,132,52,30,37,48,
150,7,133,125,171,150,
150,56,129,17,33,
90,165,
166,113,136,
23,163,153,
73,163,106,
125,66,
173,169,
96,162,138,60,147,
142,53,17,
158,42,17,18,176,
81,65,4,115,
95,66,178,179,
86,129,147,42,
136,168,48,145,28,
173,135,119,
83,30,
35,48,141,
160,183,60,13,
80,
5,107,161,60,
51,15,189,166,85,
159,110,82,110,
69,49,63,109,
181,177,136,100,
81,43,111,
85,136,17,3,
38,28,
81,67,126,172,
160,13,22,13,
81,100,29,
178,41,121,6,
58,130,147,148,
37,105,50,124,65,160,
65,101,135,
64,39,129,127,
142,176,22,
8,43,158,
190,28,102,159,
181,153,172,101,157,
48,3,73,22,
76,88,
52,101,63,163,
84,80,88,
57,100,62,3,
43,73,144,
149,32,43,190,136,
18,103,60,
123,16,135,56,
89,113,3,22,
142,42,186,
119,109,66,48,
156,121,63,146,
54,100,174,
15,51,168,162,
3,6,183,17,
127,188,108,
41,22,85,
24,6,113,
184,43,141,
120,146,81,
140,154,
71,54,43,
137,1,113,
34,129,92,22,
154,26,2,
71,7,91,66,
27,39,159,
81,186,176,188,
4,171,50,
98,26,165,161,
80,19,168,
168,168,92,
37,122,3,121,
143,81,190,16,
122,73,
137,86,152,141,
105,96,
130,165,62,
135,178,83,84,
150,69,4,
44,122,189,160,
134,133,157,84,
22,30,89,
39,88,27,147,
18,98,110,149,
146,88,154,85,87,
11,87,82,50,
31,174,
79,130,97,
1,191,165,26,137,
150,84,97,17,119,
118,91,87,
49,182,54,82,100,
163,182,181,
118,80,147,147,
93,176,10,
134,21,139,
70,126,182,16,
130,14,13,5,
171,150,114,
107,5,32,114,
102,87,183,
92,114,91,159,84,
111,108,37,
83,70,77,55,
117,159,106,
84,77,172,
116,10,162,
132,73,77,87,
139,99,105,160,
172,145,60,114,
66,168,176,
5,51,113,
55,84,24,83,
145,172,7,
161,176,
42,139,144,
157,95,8,
119,181,119,
7,146,185,30,
67,166,64,
181,46,
78,10,106,91,
131,100,72,158,
169,47,149,
63,64,49,
191,1,181,138,
10,94,14,
143,146,41,
115,13,30,60,
90,115,179,10,
179,112,39,118,
2,79,75,
174,138,43,
146,4,
68,48,183,
51,8,181,
97,105,99,150,
110,76,191,
134,28,130,186,
4,6,181,106,
175,71,62,
180,117,65,158,
161,63,130,
43,156,160,
15,182,124,
35,35,115,118,
3,119,50,
46,129,110,
135,163,
150,24,150,
48,110,152,
121,147,56,
172,0,12,
185,141,4,
100,97,39,
148,79,144,
70,50,106,
141,1,172,
107,71,100,
128,3,124,36,
166,82,162,
148,91,117,
74,76,154,172,
188,99,60,
73,135,152,60,
150,87,
51,110,76,129,
31,139,54,
9,184,73,
50,73,126,
67,185,79,
76,190,35,
48,81,95,
143,43,88,
124,127,73,
146,147,65,
145,181,178,
29,50,66,
106,69,48,
137,79,36,
42,32,17,
101,87,76,
36,102,81,
80,64,60,
175,40,114,
103,84,178,
67,122,162,81,
114,8,50,107,
21,151,21,100,
15,176,105,
41,162,5,
1,32,183,
69,147,48,
47,65,158,
7,42,0,
171,5,12,103,
165,120,
69,156,158,150,
170,81,75,
114,101,190,
163,4,17,
168,86,
110,186,80,159,
47,6,30,
91,130,101,
109,124,138,
30,155,153,
95,123,79,
38,141,87,
44,73,186,
79,147,39,
78,177,119,
69,14,22,
174,8,172,
22,186,82,
157,189,16,
117,176,4,
82,154,82,
0,190,
173,43,125,
139,113,
16,85,146,
189,71,13,
61,156,
77,119,14,
12,101,165,
51,190,27,
18,50,
132,186,
50,169,115,
85,15,10,
26,42,
2,181,66,
162,87,130,
155,40,55,
13,139,55,
9,129,114,
59,162,63,
68,10,141,
164,160,95,
167,30,147,
55,107,10,
108,60,169,
8,26,26,
89,79,162,
41,176,95,
40,94,87,
125,29,105,
131,42,32,
183,95,32,
67,56,182,
137,156,
120,101,101,
76,76,64,
140,147,145,
20,59,
158,16,92,
53,0,100,
143,70,94,
99,47,93,
17,51,172,
187,107,32,
190,40,133,
84,81,63,
116,94,
113,47,
115,128,95,
101,183,79,
122,138,71,
88,94,70,
52,73,
147,156,181,
130,143,73,
