65,32,334,333,248,148,175,432,40,47,130,140,363,283,541,
360,116,489,278,538,95,295,208,510,92,37,166,218,265,300,316,499,243,368,491,46,337,378,483,222,23,60,213,470,485,549,
178,545,276,35,201,316,423,425,541,
341,188,545,176,328,302,289,118,393,297,305,159,352,483,275,383,387,136,494,524,324,500,251,544,37,311,343,405,482,201,88,149,
392,153,323,198,87,313,8,339,233,49,136,236,365,482,78,214,46,20,190,30,203,544,200,291,183,417,194,409,371,464,466,478,240,290,341,
374,135,238,139,113,549,315,202,394,312,517,124,304,201,217,39,485,402,168,172,379,548,292,353,409,464,505,205,178,534,321,459,6,226,316,
435,211,383,347,530,
383,80,7,290,92,183,210,527,475,211,278,282,39,187,214,228,410,466,81,39,309,71,110,538,10,102,378,482,508,516,90,344,32,401,77,265,328,36,160,365,172,174,302,131,181,356,468,119,277,277,385,393,511,266,406,163,47,356,492,538,482,518,19,316,435,148,157,328,74,279,
296,46,
449,278,117,26,245,9,468,101,521,192,340,89,123,370,494,35,131,198,224,417,149,
309,432,65,442,91,0,33,88,466,
188,217,128,257,231,15,248,341,145,216,143,160,47,183,291,448,408,64,411,67,273,342,120,199,276,122,378,449,314,503,74,152,165,112,42,308,48,242,17,462,9,254,288,310,358,68,415,475,502,527,
276,119,324,33,161,259,293,300,508,342,311,535,162,165,178,305,320,16,446,136,547,145,72,44,114,344,
517,206,374,61,444,70,244,19,100,215,300,320,329,354,424,520,
510,128,72,375,392,464,522,116,76,465,0,198,9,378,495,13,101,424,539,95,394,464,
375,455,380,114,420,230,300,440,153,492,466,36,293,25,145,468,492,14,294,322,357,218,70,155,211,253,343,450,485,9,209,64,536,23,540,258,199,201,232,480,59,443,444,468,478,493,
236,415,478,309,161,42,206,407,10,319,76,380,
242,40,190,199,462,160,228,273,374,399,508,120,194,277,547,219,280,361,116,534,514,522,188,346,42,226,238,512,516,315,329,380,409,
362,132,494,150,368,
409,374,
278,383,32,428,60,245,285,523,541,299,127,168,217,299,465,
533,45,401,148,158,30,272,191,35,50,155,429,14,56,168,19,117,519,205,434,168,181,97,342,231,272,321,345,102,143,60,362,265,320,129,380,333,281,493,
135,97,174,288,150,95,204,248,119,86,356,374,46,89,97,411,104,345,234,387,186,253,398,144,435,118,184,209,419,232,165,428,433,456,476,69,322,97,165,216,230,247,274,317,69,467,198,313,24,326,501,436,484,540,88,139,292,61,482,25,334,518,479,16,196,408,214,492,157,238,436,505,40,184,331,457,39,376,392,401,
494,136,477,89,119,135,162,464,27,176,169,306,196,280,320,283,111,478,446,506,36,312,361,122,302,9,72,221,300,341,362,469,205,223,271,283,537,
326,58,33,224,43,89,101,288,427,453,41,528,107,108,199,14,409,230,266,270,432,438,193,330,276,459,461,482,494,549,311,353,
248,125,
399,242,196,54,110,89,373,403,125,180,117,281,132,251,459,464,
158,498,178,412,
125,337,146,447,155,75,254,317,248,456,374,418,42,264,371,451,493,390,426,148,298,417,399,87,176,65,175,380,529,
155,125,545,455,432,415,63,186,510,524,543,303,12,63,198,309,524,372,280,435,
510,482,235,380,110,204,258,200,94,352,270,351,425,107,2,113,364,78,478,263,350,492,148,270,417,339,389,464,514,36,132,191,126,159,276,353,480,
337,485,424,187,119,164,237,14,402,371,352,330,281,215,208,367,329,543,409,523,303,494,46,396,328,356,250,462,342,381,64,125,276,498,505,340,362,375,145,169,20,504,117,353,52,26,153,22,444,25,502,421,261,279,355,392,425,438,359,527,378,430,140,223,205,443,91,227,405,273,379,466,479,521,
143,533,314,394,510,
497,84,410,26,124,146,358,158,335,458,367,71,277,479,377,11,544,28,135,53,244,401,413,104,168,347,380,139,203,539,
168,533,110,277,323,487,351,397,463,523,452,475,477,
478,236,52,48,22,19,270,124,103,336,462,269,308,473,
344,215,221,98,164,263,436,211,205,11,183,183,531,112,105,88,408,516,426,529,2,337,26,12,300,374,218,234,255,355,27,
502,279,337,14,21,106,346,422,483,283,325,88,144,167,441,356,
254,125,414,328,518,68,148,153,197,299,311,
178,14,126,237,140,201,280,294,311,404,193,256,355,158,29,206,353,234,258,457,29,319,324,158,19,493,197,489,13,36,37,52,345,388,82,187,153,313,
353,117,337,6,537,326,
188,440,42,300,358,148,
440,314,340,368,384,544,225,215,188,227,353,40,385,443,280,285,432,301,308,337,545,549,20,44,149,144,383,401,402,460,41,60,312,352,319,472,480,
46,10,431,48,211,121,237,296,298,101,398,433,529,70,90,24,359,524,185,219,369,60,361,34,165,307,393,192,264,22,332,344,360,236,271,296,305,75,510,299,
211,375,435,258,396,175,179,240,326,412,
61,517,246,15,87,192,218,352,175,240,326,352,369,415,419,
372,380,414,38,111,405,439,156,432,476,209,220,301,303,130,145,310,475,177,190,155,159,264,269,
52,545,36,90,119,298,218,478,496,365,166,536,521,260,518,300,365,374,449,139,147,199,298,324,340,
347,352,146,231,334,515,526,14,266,547,156,11,7,535,203,328,285,438,16,357,529,435,131,17,386,542,266,309,380,
178,525,80,374,289,182,227,368,491,58,470,
536,380,52,71,306,
334,499,119,65,216,45,148,205,158,206,231,259,296,254,399,269,333,372,543,76,324,369,40,301,406,
196,494,380,41,167,485,16,434,475,511,63,129,292,399,528,529,135,372,395,281,426,4,68,90,183,292,518,109,150,223,329,516,23,
545,22,67,264,521,359,408,293,344,424,388,395,273,197,35,268,372,218,337,410,126,539,287,3,262,45,97,339,245,295,181,530,6,155,384,457,341,195,249,115,52,241,117,351,358,17,4,178,377,28,49,183,50,324,532,144,276,530,34,292,415,423,457,327,359,384,412,455,77,139,262,136,219,242,
125,117,356,24,45,139,181,66,102,378,410,304,376,
116,380,22,360,441,95,135,257,340,368,508,104,110,111,285,448,536,360,233,263,304,119,467,226,208,281,34,501,543,
549,374,
380,407,306,28,102,31,74,162,175,162,434,493,116,358,142,248,266,275,52,542,302,423,161,169,191,372,196,119,505,525,510,10,68,69,57,472,483,298,200,31,402,163,313,29,11,166,492,523,494,206,536,488,87,114,490,324,345,493,291,236,
498,158,330,46,37,67,307,112,258,371,343,106,301,524,18,433,114,225,92,8,317,346,62,414,215,21,308,168,158,243,93,88,233,211,434,439,353,412,443,463,38,
314,76,305,143,104,498,183,492,543,109,213,13,166,341,493,116,155,219,287,294,425,
462,256,478,
391,70,432,34,103,259,231,108,345,367,265,249,261,230,199,324,84,257,153,202,150,210,285,85,436,234,298,334,473,22,290,129,211,267,4,336,52,499,60,223,410,527,450,150,497,428,492,58,208,159,407,322,371,67,333,351,388,
432,338,13,158,225,21,350,30,29,430,274,380,56,332,309,376,450,155,2,435,170,383,516,539,239,49,24,329,373,145,121,114,421,518,37,90,281,533,168,243,292,328,378,380,252,537,
86,262,135,290,78,155,167,262,379,135,230,457,515,541,523,293,423,512,210,152,202,448,68,392,40,267,347,
132,29,0,52,371,366,63,238,32,365,527,7,259,362,190,56,173,462,265,439,279,28,335,242,376,407,32,136,410,110,547,429,434,233,292,43,543,103,539,75,155,549,187,
246,522,433,369,546,91,301,543,436,299,117,142,337,435,56,304,439,183,549,267,26,471,205,529,
67,84,498,286,78,21,303,359,391,147,125,170,134,
117,118,47,103,117,149,126,156,222,347,388,547,32,209,221,124,236,237,301,178,356,382,387,143,497,328,355,396,168,353,297,125,32,494,240,21,86,293,356,45,314,5,86,233,239,412,489,165,0,259,21,139,174,291,347,363,
190,242,29,114,350,262,474,372,
510,539,360,
7,132,218,508,531,544,134,224,397,539,230,374,491,512,523,537,512,32,51,106,250,313,395,500,
494,380,341,407,370,264,402,449,227,32,66,194,274,310,21,320,384,
140,515,178,
186,497,155,507,
423,86,
483,502,40,353,
256,62,296,181,199,298,369,376,
12,344,155,57,
166,52,431,
492,314,
168,497,432,
368,440,413,100,333,38,
417,392,510,105,257,
256,462,
529,46,196,45,149,
281,116,432,
289,178,
356,502,
50,197,545,35,299,339,
482,392,135,
491,7,360,
16,135,347,301,
438,497,347,385,
365,52,
482,383,510,356,294,
329,337,432,
279,251,337,
345,178,380,
119,119,380,40,110,
158,358,178,334,
290,86,391,
408,135,188,
463,168,498,
36,178,510,
288,188,
543,314,155,426,
116,510,391,
475,168,188,
352,347,61,
394,510,143,
187,178,471,132,
140,65,
412,158,211,119,
333,334,391,533,
148,334,125,188,
155,132,314,
487,228,207,394,434,43,202,465,301,
309,347,155,294,
305,341,46,
105,417,
341,314,
199,375,256,
388,391,178,
432,372,326,
258,375,211,
542,347,
257,391,116,229,417,
245,449,
161,236,
497,391,174,
500,7,
300,517,188,
494,326,
13,178,510,
378,360,125,
9,449,
112,344,498,401,
139,135,125,
243,432,360,
282,388,316,225,285,184,267,390,537,
512,86,272,
38,372,
110,116,119,132,145,
294,482,314,309,
254,334,
300,344,360,231,
168,374,31,
68,86,196,188,
403,399,
114,190,276,
117,399,
357,
380,432,125,
512,7,242,
310,494,188,
353,178,440,
277,497,242,
198,510,155,
339,473,510,50,
425,510,337,
37,498,341,
33,326,
11,380,347,
125,
170,432,
493,375,533,
353,483,510,
76,510,236,
420,
0,117,309,
78,510,67,
270,326,510,
22,478,
371,125,341,
239,117,
144,440,502,
76,314,334,
145,110,188,
218,344,61,
352,440,61,
197,178,
150,196,362,
44,440,328,
402,440,374,
480,440,510,
269,478,372,
159,372,510,
38,498,368,
529,246,125,
426,543,196,
174,117,497,
425,314,178,
101,326,46,
285,282,391,
405,341,337,
281,533,399,
8,15,392,
167,502,196,
87,392,61,
319,236,440,
493,380,314,
183,344,511,
312,494,
89,292,494,
292,374,285,
534,46,246,474,242,146,235,374,
63,155,
514,510,
148,65,383,
473,
216,188,334,
378,383,
471,187,
385,440,438,205,
192,449,
183,246,196,
316,360,383,
15,188,61,213,8,
510,46,143,
240,392,61,
165,117,276,
306,536,
139,497,545,
369,334,256,
201,375,178,341,
198,449,
295,545,
224,326,
119,334,383,119,
444,517,
328,254,432,44,
475,372,
60,440,533,
505,135,
176,125,
459,326,374,
177,66,
232,135,
205,385,374,
460,440,
233,498,313,
301,372,
541,86,
474,190,
539,497,
148,254,
145,432,375,
32,7,278,
279,502,383,
320,494,517,
181,533,125,
219,314,545,
139,52,117,
291,380,117,
380,347,242,
485,196,360,
313,7,178,
464,399,510,
329,517,242,
466,337,309,
376,135,125,
175,61,125,
197,50,254,
100,517,
156,372,347,
75,132,46,
226,374,116,
242,545,
541,178,65,
379,337,
19,517,
124,374,478,
207,487,
441,502,
40,135,65,334,
84,461,
118,285,
508,7,
531,130,7,
319,178,
276,188,545,
378,337,188,
95,360,
384,545,
238,135,
157,135,
537,282,353,494,
323,168,
10,380,236,
19,178,
136,276,132,
426,125,344,
397,432,
265,360,533,
19,478,
42,236,
493,178,
135,86,
518,135,383,
423,545,9,
71,536,
88,341,309,
299,254,278,46,
147,52,67,
70,375,46,
92,498,
37,432,
46,534,
9,510,375,
351,168,391,
130,65,
205,344,494,
177,372,
120,242,
35,178,449,
77,545,
42,188,242,
490,329,
64,375,
190,392,132,
225,282,
45,125,117,
123,449,
234,344,
368,178,360,
233,392,117,239,
515,86,411,
340,449,
213,15,314,
32,65,
267,246,282,
223,337,494,
422,502,
104,43,116,
539,510,432,
461,84,
117,246,533,
274,494,
410,125,
70,517,
301,16,487,
224,449,7,
497,186,438,
45,334,529,
199,326,188,
24,125,
65,309,
285,278,
192,46,61,
269,334,
43,487,
74,188,
261,337,391,
285,116,
337,344,440,
344,383,
202,86,
134,67,7,
172,374,193,
146,347,534,
29,178,
393,46,
285,347,440,
314,117,
407,391,284,
439,246,372,
153,254,178,
116,314,242,
530,435,
392,135,
415,188,61,
384,494,
549,132,360,
9,188,
340,52,
290,392,
6,353,374,
465,278,
21,117,494,
149,449,341,
58,178,
479,337,
468,375,
316,374,178,
217,278,
95,510,
347,117,86,
106,7,502,
168,498,278,
444,375,
283,494,65,
311,254,326,
369,61,
289,
203,497,
23,360,196,
435,155,
140,337,
298,125,52,
409,242,
72,276,494,
459,399,
473,478,
315,242,
470,178,360,
354,517,
227,337,
355,344,
211,344,498,
26,246,
175,211,
397,168,
482,341,
91,337,309,
262,190,
244,517,
299,50,278,
328,383,
66,494,125,
549,326,
424,510,
19,383,
103,132,478,
17,188,347,
163,383,
408,344,
378,432,510,
494,
296,256,
455,375,545,
412,498,545,
29,432,178,
245,278,
380,533,497,
530,
292,432,
231,300,
342,188,276,
273,188,
485,375,
447,125,
220,372,
89,399,
26,337,
209,372,
163,386,
111,
199,52,
280,155,
423,178,
