194,73,236,391,416,435,5,442,236,263,517,264,441,491,
119,218,137,24,148,227,522,116,332,479,155,323,10,23,57,
368,330,462,24,102,258,412,375,451,543,370,221,238,245,270,543,378,437,219,315,
238,458,386,340,338,317,232,250,298,314,415,255,150,483,250,106,232,43,483,214,447,445,522,134,422,537,113,
167,88,141,369,408,279,59,428,84,192,466,234,239,118,298,504,541,106,281,309,382,542,
496,299,
168,118,380,264,398,407,530,
85,351,14,485,236,82,262,203,39,78,11,10,454,485,173,94,385,449,156,167,192,98,431,492,505,333,114,452,492,178,192,408,170,176,179,522,349,489,96,7,88,96,465,333,360,529,183,
496,100,374,153,342,15,341,270,293,334,501,534,481,154,183,535,429,512,
280,526,
380,369,238,113,109,174,104,85,55,434,168,529,236,446,441,230,266,473,16,488,507,202,336,353,408,396,515,401,409,501,331,334,381,434,472,497,325,359,148,183,
212,219,33,367,437,210,215,270,
255,241,86,336,36,210,270,241,46,153,121,53,77,380,30,
514,494,549,146,332,176,310,524,421,327,344,542,10,
124,446,433,500,
272,165,329,216,187,370,385,273,182,33,82,
47,83,520,243,242,123,421,6,132,68,114,157,522,246,413,422,
290,494,
88,494,147,491,527,301,12,28,108,24,427,203,275,394,426,209,263,450,83,242,402,470,0,19,49,107,398,254,269,306,474,
321,44,528,237,250,130,17,71,277,385,319,386,423,384,410,535,97,174,358,366,387,493,502,234,272,27,148,
318,325,118,32,321,33,342,246,155,129,334,184,147,469,140,118,454,447,539,123,517,
278,208,302,120,499,216,271,385,542,107,172,210,289,351,429,209,472,85,497,353,162,471,476,97,486,456,512,539,381,
316,105,182,400,399,527,542,0,30,513,91,406,377,111,174,473,375,58,505,205,104,303,499,215,396,442,236,
108,88,259,45,67,87,65,216,151,346,445,176,
118,337,10,78,277,452,288,223,321,427,212,168,80,33,280,68,231,50,10,409,57,44,495,186,538,262,139,415,30,
187,62,330,469,209,396,208,446,120,146,151,430,251,387,241,384,496,413,232,238,365,395,
277,321,9,8,275,519,31,129,145,342,402,513,
421,47,462,311,221,118,393,514,440,
209,88,187,301,
132,356,10,47,487,
153,98,86,475,209,450,272,438,441,511,
261,86,147,354,390,322,
520,47,218,
462,444,169,141,98,127,368,81,193,261,25,421,306,423,509,202,54,73,186,3,427,536,538,322,422,423,
33,118,503,241,273,290,463,94,
218,119,19,520,286,410,438,501,222,265,469,539,
465,381,112,536,22,229,514,549,305,328,517,518,323,202,168,205,
483,494,193,281,67,17,65,32,272,274,107,473,271,7,327,118,127,425,56,170,447,57,500,11,364,
446,380,264,45,7,445,63,78,20,541,271,526,328,401,500,535,549,114,280,340,214,337,
216,272,345,464,443,85,186,337,454,186,77,171,320,
428,86,98,108,138,76,210,140,374,379,438,452,483,517,
236,61,442,87,243,278,39,154,537,445,316,
202,502,380,385,28,541,465,7,29,
384,41,417,303,536,
330,133,353,138,489,187,370,27,516,162,228,257,299,387,90,280,311,368,155,224,451,83,217,86,198,485,543,263,427,321,245,327,172,
536,69,494,465,464,
321,118,7,352,330,549,142,
98,45,263,214,479,40,64,431,201,528,428,101,284,467,260,105,345,442,458,533,81,324,489,475,457,153,244,172,13,31,80,392,151,465,246,110,115,130,148,298,545,
473,483,100,13,430,88,480,494,446,148,170,197,315,164,194,249,274,514,324,518,
13,473,98,132,25,51,126,110,30,475,501,253,417,485,437,492,303,332,513,
61,76,19,456,185,229,44,23,121,174,236,328,121,445,48,517,332,270,72,350,546,359,408,418,537,165,208,320,542,57,400,440,
246,11,86,358,82,249,253,151,399,437,161,106,360,447,508,547,
526,1,71,271,176,83,269,346,429,170,283,118,250,173,537,336,535,273,111,189,225,422,370,304,406,291,411,464,337,345,360,92,161,345,519,271,273,280,283,322,449,382,
337,526,100,208,467,
86,397,246,76,30,452,24,350,502,223,398,64,153,176,292,418,428,262,401,469,261,351,306,476,94,261,396,436,
147,53,10,474,231,196,356,78,261,326,207,441,520,94,176,292,506,186,195,377,419,465,283,
494,483,88,246,356,300,114,366,216,90,152,424,126,252,290,223,474,536,344,176,456,514,259,
477,47,55,142,425,466,469,
100,496,173,473,16,30,92,2,416,366,337,382,62,182,343,7,126,217,120,397,
528,307,98,27,381,406,42,221,3,95,153,201,142,377,249,57,482,127,325,445,424,502,539,212,145,432,464,515,475,510,94,155,235,268,292,180,328,344,365,530,
519,277,254,
503,82,313,415,181,526,104,27,292,300,5,375,312,122,311,383,271,243,393,105,130,33,352,203,104,101,176,294,352,467,517,370,79,301,
10,144,92,423,118,526,110,444,484,264,179,122,471,449,280,463,235,132,137,362,147,28,99,171,
473,379,380,29,132,350,
94,33,
208,
514,465,92,
250,512,238,
249,473,246,323,
210,278,212,
115,98,463,
108,297,218,428,207,
385,278,202,155,
452,428,244,
381,380,465,
55,477,
417,384,13,
382,526,167,
259,446,
189,526,282,
522,47,238,221,
273,526,272,
509,462,
170,473,
393,421,
236,380,194,265,
260,53,
446,28,473,429,495,124,126,184,229,259,223,
436,86,
197,473,
254,519,88,
145,297,277,
512,0,253,250,347,451,
253,246,13,
110,13,98,331,10,
450,153,
244,98,167,
87,17,108,
76,428,
502,202,321,
176,514,147,
328,61,203,
433,56,124,
444,462,
517,116,213,269,298,313,
374,496,
325,414,312,
17,321,
150,238,
406,105,528,
500,483,124,
192,85,
465,297,98,
381,528,278,
264,10,446,
155,528,119,
278,105,
518,465,473,
293,496,
447,238,318,483,
549,465,514,
148,380,321,
208,337,278,
183,85,380,
270,212,255,
513,277,13,
332,13,61,
312,499,325,
102,368,
222,218,
292,528,
437,368,13,
448,453,
409,118,380,
151,187,108,297,446,
234,167,
451,368,512,
353,330,278,
542,167,514,
215,212,316,
219,368,
244,452,
138,428,
7,446,202,
205,267,526,465,
258,368,
343,100,
541,167,202,
378,368,
118,167,421,
8,277,
129,277,
263,98,330,
230,50,378,
538,
543,330,368,
298,517,98,
275,297,277,
475,98,
54,462,
517,61,
441,194,153,
407,168,
212,118,528,
337,118,324,
221,368,
186,216,147,
195,147,
464,536,
536,
408,61,358,167,534,
495,446,118,
114,47,85,
485,330,13,
328,446,465,
354,261,
345,98,
374,
253,512,
526,446,
358,321,408,
446,116,151,
250,238,321,
281,483,
47,477,
365,187,528,
342,277,496,
530,168,528,
260,
445,236,
245,330,
207,147,108,
491,194,
303,13,384,
120,187,100,
429,496,
326,147,
172,278,98,330,
494,473,
227,292,119,
480,473,
323,119,465,249,
154,496,236,
280,446,
121,255,356,
379,428,473,
495,
369,167,98,
401,86,380,
239,167,
111,316,
45,446,108,
126,494,
186,462,216,
49,88,
496,187,
46,255,
387,321,
30,100,86,118,
210,313,255,
97,321,
186,118,63,
121,61,
472,278,380,
10,119,514,
31,277,98,
463,33,115,
142,321,477,
92,514,
377,147,
80,98,118,523,396,
541,446,
236,194,
537,61,410,
504,167,
427,462,330,
390,261,
438,428,
343,453,
517,194,465,428,
58,316,
28,446,
410,218,
340,238,
170,483,526,
313,517,210,
445,108,238,
283,147,526,
332,119,514,
415,238,
353,380,
155,330,
124,
345,216,526,
203,328,
410,321,537,
270,496,
351,86,278,
11,246,483,
297,145,73,89,63,529,175,115,365,536,547,310,250,416,513,36,222,419,513,108,367,484,108,197,430,465,494,275,427,463,151,342,417,
505,
91,
547,246,
151,246,
154,
473,316,217,
356,132,121,
209,153,278,
43,238,
352,
53,260,255,
474,147,494,
81,462,
502,528,
12,
367,297,212,
324,473,337,
44,61,
116,119,517,
82,246,
429,446,
241,33,187,
217,100,
387,92,187,
57,118,61,
534,408,496,
265,
452,86,
86,330,
412,368,
98,85,369,
517,503,
246,318,98,
17,483,166,466,467,87,
78,118,
223,446,
337,446,
400,61,
364,483,
357,
167,244,
273,33,
327,330,514,
320,216,
301,503,209,
322,462,261,
132,473,
88,473,
402,277,
106,167,246,
469,477,218,
380,
350,473,
139,118,
197,
438,153,
545,98,
109,380,
440,421,61,
442,316,236,
396,316,
241,
290,33,
265,218,236,
344,528,514,
281,167,
512,278,496,
486,
23,119,
474,88,
511,153,
214,446,
395,187,
341,496,
464,216,526,
451,330,
6,
118,318,483,
413,47,187,
422,47,238,
93,
360,85,246,
538,462,118,
537,236,238,
94,528,86,
396,80,86,
255,
524,514,
345,
331,110,
83,526,
161,246,
126,446,100,
374,428,
114,446,494,
469,318,
18,363,299,
513,297,
96,85,
221,522,421,
245,368,
130,98,
83,88,
73,462,194,
135,397,
522,85,
310,297,
165,272,
174,321,
476,278,
85,278,
375,368,316,
1,526,
153,496,
243,503,528,
430,187,
62,100,
147,88,
396,444,187,
223,118,
242,88,
216,278,108,
218,225,108,
446,187,
27,330,
272,153,
471,
56,433,158,
33,212,272,
45,
539,278,218,
336,380,255,
88,167,
72,61,
167,85,
549,446,321,
493,321,
106,238,225,
475,153,528,
320,61,
300,503,
126,13,
482,
203,503,88,
201,98,
439,524,
96,85,
425,483,
358,246,
151,98,
498,
136,493,
378,230,
29,219,
423,321,462,
432,528,219,
386,321,
127,524,483,
262,86,85,118,
528,
339,
445,528,
406,316,526,
375,503,
129,318,
387,330,
137,10,
184,446,
57,483,
134,238,
118,318,
437,212,246,
107,483,
449,526,
68,47,
486,278,
87,236,
263,194,
526,
225,524,218,106,
442,194,
501,13,496,
315,473,
259,494,
352,321,
529,
497,380,278,
424,528,494,
502,
309,167,
