375,455,38,62,163,271,303,310,471,48,376,68,322,392,93,117,183,204,253,260,277,311,317,17,
240,185,
6,259,322,
316,
93,375,166,168,412,
274,249,
72,80,
87,268,
249,274,
57,25,265,
73,
484,309,
290,84,439,
80,72,
66,204,
131,122,26,
91,389,490,
77,84,
168,309,93,
259,6,
55,204,
540,101,
189,32,
543,145,
173,
37,154,
263,502,
99,
282,156,
345,370,
273,410,
335,
200,300,
258,409,
422,103,
97,
333,
439,290,
549,463,
324,85,
20,138,
127,191,
298,
255,238,
84,252,
275,324,
35,509,
122,131,
365,266,
444,137,
438,215,
289,470,
218,317,
26,131,
177,399,
14,316,
399,177,
177,
101,540,
145,543,
154,37,
23,59,
85,324,
300,200,
265,265,
412,93,
121,
45,277,
502,263,
541,
317,218,
32,189,
156,282,
48,265,
238,255,
268,87,
442,84,
313,185,
217,9,
354,190,
265,265,
449,63,497,485,260,209,162,526,475,183,528,339,537,215,197,254,274,429,246,116,434,190,102,439,98,120,159,70,92,176,225,251,447,135,270,342,128,514,67,205,190,354,
428,92,392,324,217,418,123,212,255,346,227,313,474,386,495,72,507,76,57,464,182,412,180,299,415,431,408,522,381,414,502,
45,402,37,158,345,129,76,421,233,362,44,341,171,15,54,94,165,7,196,480,444,261,461,342,375,338,542,394,33,122,105,264,361,143,458,100,253,487,282,472,532,390,423,381,73,368,279,347,130,155,538,275,337,508,524,106,145,28,327,423,
449,227,167,446,53,306,250,481,458,489,544,480,376,284,136,279,449,147,530,478,41,443,377,213,323,447,393,75,450,527,533,179,524,505,396,323,308,503,336,454,221,81,465,364,244,110,413,180,529,473,93,223,292,500,456,468,105,166,92,245,538,342,59,206,307,528,271,541,445,432,100,206,318,111,166,127,486,473,141,356,334,435,327,403,43,359,447,134,75,31,538,315,155,257,320,350,492,366,71,466,228,136,125,303,259,321,372,194,67,225,283,281,489,
226,502,364,178,63,3,355,133,202,352,0,148,388,541,493,513,343,277,52,139,307,488,41,323,190,323,245,153,479,394,311,13,22,255,151,224,2,134,458,222,510,281,86,78,140,405,218,355,160,496,240,451,7,529,304,167,164,250,149,215,438,
207,173,
135,498,91,438,403,46,337,409,258,
549,216,61,161,466,329,430,125,258,319,302,457,184,38,4,518,222,470,243,113,163,419,54,35,293,230,382,206,450,473,478,369,264,156,429,74,
250,84,24,113,61,59,401,460,152,153,356,108,310,356,279,208,176,548,199,34,394,503,367,