187,351,529,
483,
251,269,
271,418,
178,501,
323,307,
222,117,
235,7,138,
269,251,
404,29,
527,531,
220,135,
276,142,
212,338,
461,
342,396,
437,366,
147,538,
442,
133,274,
534,136,
298,399,
372,417,
135,220,
28,320,
112,217,
83,493,
538,147,
399,298,
414,
338,212,
45,337,
114,217,
366,437,
34,393,
529,187,
445,147,
433,
225,251,
337,45,
398,77,
320,28,
242,117,
186,186,358,497,306,346,375,60,202,148,119,412,147,37,532,400,417,239,
30,215,44,14,47,100,12,49,70,306,525,261,356,320,99,528,543,457,184,323,513,109,340,519,258,419,226,407,31,241,488,522,235,524,14,308,529,81,18,283,378,39,173,7,401,525,489,377,130,245,432,189,133,115,409,310,88,89,548,162,435,33,475,491,448,44,491,50,80,495,316,133,372,499,397,195,216,69,95,378,108,369,242,237,451,207,72,198,501,106,440,253,234,296,301,158,309,329,278,76,244,510,424,190,88,188,2,6,82,6,502,30,
410,125,546,312,464,462,319,303,193,493,153,232,316,69,447,443,193,433,485,252,137,90,8,114,499,541,142,89,155,359,144,140,
364,395,11,231,512,309,406,440,83,431,225,376,475,397,19,442,466,79,328,64,158,62,474,424,211,80,400,178,146,437,496,136,131,54,371,277,280,40,313,168,231,113,209,268,53,303,40,183,57,453,118,311,317,335,64,119,305,16,497,367,179,463,212,262,301,267,487,423,74,482,257,28,144,430,222,533,312,259,126,411,336,407,73,251,252,463,543,106,203,507,359,486,91,169,154,219,371,548,159,507,466,56,434,93,350,90,36,45,
443,297,22,290,432,289,498,450,232,17,264,223,453,109,508,475,333,496,190,
299,211,209,356,55,492,408,152,4,388,248,197,291,468,322,177,21,426,91,237,56,318,225,520,467,22,141,208,47,357,107,249,99,159,224,439,543,59,398,100,
224,411,305,134,479,480,348,339,314,286,63,146,70,339,32,300,25,337,16,50,448,342,233,389,429,217,461,35,127,533,485,481,296,313,343,69,384,141,540,132,284,93,13,131,332,457,419,394,206,546,9,97,296,71,547,96,337,441,261,334,427,428,326,76,90,273,381,149,327,451,24,159,456,126,293,472,230,361,330,324,341,160,144,534,