343,293,459,85,236,328,377,545,6,373,431,450,542,96,113,435,500,501,34,151,162,300,491,147,100,100,392,31,319,68,402,428,125,158,171,219,319,24,521,523,365,436,
365,187,481,122,148,179,106,508,98,208,103,30,339,443,117,269,255,264,407,506,459,19,131,178,412,169,189,250,257,184,433,185,78,63,110,61,487,65,80,75,147,219,224,285,472,161,448,302,453,469,543,32,111,161,239,284,330,520,
545,22,67,264,521,359,408,293,344,424,310,388,395,273,197,35,268,372,218,337,410,126,539,287,3,262,302,45,97,245,295,181,530,6,155,405,457,341,195,115,52,351,364,358,
529,429,245,288,61,134,236,248,414,419,28,156,164,234,541,210,
344,215,431,221,
380,369,238,113,109,174,104,88,85,55,434,529,500,441,230,266,16,488,507,408,396,515,71,137,501,331,334,78,178,434,64,409,325,359,346,194,175,541,197,282,373,386,281,419,487,500,260,295,324,333,391,319,493,12,201,440,448,14,227,94,125,437,234,362,332,436,161,422,374,79,86,96,495,227,252,449,535,164,194,419,517,256,236,222,399,525,85,203,285,343,520,298,124,444,18,176,30,489,336,362,447,
347,87,326,231,168,515,526,266,547,
207,77,111,271,312,340,5,218,411,243,352,492,
125,337,431,191,155,75,254,317,327,248,456,0,374,418,
383,80,7,290,92,183,210,411,527,475,211,278,282,39,187,214,228,410,466,81,39,309,71,110,538,10,102,482,508,516,90,5,32,401,77,265,328,36,57,160,365,172,174,302,131,181,468,536,114,277,385,393,511,
151,270,317,37,187,477,501,511,517,246,277,508,419,13,212,342,362,432,503,128,231,527,241,340,341,118,549,47,333,532,
122,473,193,159,278,134,248,47,231,251,278,77,131,65,206,210,249,271,384,443,
510,482,235,98,380,544,405,110,204,329,258,200,
300,343,148,57,498,23,229,222,250,335,351,371,65,371,499,
316,9,263,34,323,431,142,81,480,206,313,
150,139,484,94,211,308,193,190,192,320,71,376,463,235,503,45,312,134,168,190,11,230,
240,322,473,
129,493,285,507,27,155,271,521,32,37,61,222,261,
380,187,306,28,102,31,74,162,175,434,493,116,358,142,248,266,275,52,542,302,423,161,169,191,372,505,196,119,505,525,510,125,68,69,212,57,472,483,298,200,248,31,406,402,531,
38,296,127,280,416,253,247,323,354,395,134,431,454,44,372,75,146,271,37,471,433,464,
201,266,380,30,349,7,62,219,334,368,171,358,391,392,5,87,178,298,36,31,412,474,26,444,52,189,
498,473,330,46,8,37,67,307,185,258,371,343,106,301,524,18,274,176,433,
187,62,263,469,396,208,303,146,151,430,494,268,251,93,241,384,254,413,232,238,365,89,69,426,470,359,419,158,23,406,246,380,454,531,203,231,168,373,425,103,68,168,213,245,353,452,177,138,540,478,204,541,222,349,126,237,509,145,11,395,45,164,128,394,434,458,34,530,172,35,56,179,128,488,527,37,61,64,16,317,27,410,75,339,415,436,114,364,502,
145,262,471,381,156,138,94,213,387,130,149,176,
405,337,302,36,72,210,524,128,141,175,302,108,540,380,523,548,229,359,388,
116,380,22,360,423,441,95,135,203,207,257,340,368,
188,217,128,257,231,318,341,145,160,47,183,291,448,527,359,411,
494,477,89,119,135,162,464,27,176,169,306,425,475,196,280,320,542,283,111,478,446,506,
337,113,191,138,153,415,360,533,73,131,166,250,440,524,317,125,240,447,482,502,489,
17,229,386,407,12,332,92,480,279,439,525,381,44,141,150,194,374,378,494,90,84,60,215,484,104,413,437,19,478,484,525,100,61,246,405,296,442,480,490,40,459,426,24,283,304,388,323,344,380,468,513,220,364,432,260,263,111,464,499,467,173,326,350,
374,135,238,329,139,113,549,315,202,
431,363,125,344,172,187,246,423,431,497,4,528,23,43,87,230,327,380,114,27,292,429,548,199,281,377,477,
337,485,424,187,119,164,237,14,402,371,352,330,281,215,208,367,405,543,409,523,303,494,46,396,328,356,250,462,342,381,64,125,276,396,498,505,340,362,375,169,490,504,117,353,100,139,153,213,444,
148,22,375,303,370,5,60,237,300,8,397,513,216,356,170,249,254,260,145,0,44,430,473,98,132,104,
246,289,
289,236,267,110,517,150,209,291,91,152,63,165,46,323,481,479,510,534,65,298,33,497,385,534,62,246,313,386,222,96,326,379,124,134,
178,531,140,201,210,280,294,311,404,
446,473,391,147,77,185,212,252,404,260,397,64,272,326,222,
132,531,29,0,52,97,366,63,238,425,32,317,365,527,7,187,404,526,173,462,265,334,439,
358,377,19,142,203,249,506,514,123,192,86,92,113,192,220,285,513,204,206,214,185,183,511,526,
196,494,380,41,248,216,19,434,475,511,
391,145,70,432,34,103,259,231,108,345,367,265,249,9,548,199,324,84,257,153,549,150,302,446,109,85,436,234,298,334,473,290,480,129,211,267,4,502,336,480,499,
505,380,546,
440,521,
317,132,
179,363,187,298,367,460,497,222,197,
459,365,343,214,19,485,57,221,298,408,539,158,194,254,276,192,178,61,415,537,98,103,186,19,313,416,520,149,384,480,
521,31,147,208,210,440,73,172,179,202,435,
46,431,48,211,
9,391,45,90,162,316,18,252,31,311,371,312,457,56,454,68,532,56,
533,337,401,148,158,272,125,213,230,419,429,14,
117,365,118,47,117,149,126,156,222,347,367,388,547,32,209,221,68,236,237,301,178,356,382,387,143,497,328,355,490,168,353,297,125,161,494,
432,338,13,158,225,21,350,233,30,430,274,380,332,309,376,450,155,335,435,216,419,
352,465,16,220,52,15,475,103,250,385,278,242,232,310,254,290,323,418,451,529,540,385,152,433,347,154,323,83,541,
326,269,60,308,32,476,246,109,177,129,12,19,168,540,236,296,347,28,39,137,224,501,473,
234,240,171,182,452,342,76,406,249,375,48,93,491,338,506,82,94,133,80,286,319,329,333,221,532,272,145,407,478,142,470,282,186,36,329,220,507,248,92,13,122,158,45,406,525,352,389,549,103,305,392,520,47,501,523,
413,400,298,
473,93,191,446,95,89,404,489,21,52,234,535,122,112,416,336,240,305,545,291,305,288,498,240,160,369,11,91,10,278,40,194,281,409,518,356,115,387,480,482,179,41,256,346,195,480,486,13,86,164,132,317,480,133,148,254,302,482,
531,27,37,340,280,63,82,215,344,83,283,370,69,132,101,178,308,313,493,531,178,487,178,361,217,431,463,473,67,255,440,458,10,518,1,358,171,390,163,182,329,369,342,385,400,359,484,357,372,347,525,302,285,150,124,137,188,415,425,200,231,281,216,526,380,434,456,516,351,497,523,380,
245,222,74,210,410,219,194,262,313,409,107,122,391,360,123,246,46,431,529,12,322,496,195,254,257,548,56,215,232,283,329,39,483,303,448,277,449,466,542,516,310,172,168,454,295,61,170,291,520,524,342,371,409,96,200,246,452,
549,391,25,471,115,302,391,7,128,142,294,306,492,
255,276,365,539,94,135,266,526,255,320,186,479,498,216,323,411,372,508,
242,261,352,79,199,462,110,130,228,273,299,374,
261,22,477,106,434,279,79,28,105,242,275,348,388,64,254,458,101,223,118,295,109,46,491,380,415,540,69,399,436,
329,374,510,461,64,134,231,291,
363,311,179,169,237,44,149,265,431,505,53,527,11,41,121,286,460,222,484,543,389,403,36,84,48,176,424,468,352,44,428,375,419,
454,213,138,318,33,82,174,393,92,206,463,335,431,84,31,305,318,
135,97,174,288,150,95,204,248,119,86,356,374,46,89,97,411,104,345,234,387,186,193,253,398,144,435,118,184,209,97,232,165,428,433,456,475,476,69,322,97,165,216,230,247,274,317,428,310,69,467,313,24,326,408,501,436,484,540,187,507,528,
4,3,126,27,113,247,291,66,3,218,465,254,332,82,133,264,503,544,
425,42,494,132,
375,234,380,114,148,230,79,153,82,103,36,293,104,25,318,468,492,14,294,322,357,218,299,360,
392,343,153,198,207,313,335,339,349,
454,38,
147,446,521,
233,432,392,
341,188,545,176,322,328,302,393,297,230,
230,135,431,323,425,536,525,
497,84,410,184,124,146,358,
86,135,290,
276,459,255,173,
461,
250,300,
43,431,
298,459,179,413,
68,117,343,
67,498,
133,532,234,366,
501,151,343,
161,365,117,
282,234,388,
489,337,380,
309,432,
471,38,549,
4,192,
317,151,376,
218,4,207,529,
0,125,443,
254,125,
32,365,129,181,
207,116,392,
372,380,
177,187,
425,230,99,
548,391,414,245,
403,363,
109,391,261,
473,148,326,
360,375,337,
98,510,
360,116,
521,129,343,
213,
449,380,278,
278,383,473,428,
471,145,94,272,260,535,
323,38,352,
283,245,494,
92,454,
318,188,375,
210,529,405,
482,383,510,356,
408,135,
247,135,38,
326,446,17,
52,352,545,
476,326,
334,499,
322,341,240,
260,446,
185,498,358,
385,289,352,
510,289,
22,261,
502,337,391,
86,473,
431,316,454,46,
545,
256,473,380,
145,391,187,385,
145,234,
27,129,431,
149,145,459,
119,380,
155,125,545,432,
85,343,206,
194,245,12,
236,529,326,
216,196,255,
25,549,
42,425,
88,380,338,
7,132,
430,148,
161,365,
428,343,135,363,
116,
134,329,289,
128,549,188,
103,375,187,
176,498,145,
189,201,
142,549,316,
31,201,454,
59,
221,344,
19,196,459,
534,289,
14,380,508,533,
376,317,
285,358,
134,150,
168,347,150,
135,255,230,
367,179,
529,352,218,
40,473,
0,148,
44,148,
31,521,
66,177,4,
124,428,
8,498,
508,151,14,
193,135,
128,405,
97,135,132,
156,145,
221,234,
405,545,510,
490,117,337,
87,347,
147,343,
206,122,316,85,
52,201,
525,230,
507,135,
230,533,150,341,
475,494,135,
490,17,200,
235,150,22,
171,201,
99,425,
333,234,301,
61,529,
391,549,
335,432,300,
416,459,
536,230,383,
415,261,187,
367,376,117,
121,363,
158,358,234,
526,358,132,
241,423,151,
353,117,337,
39,245,
248,380,196,
89,494,
482,473,
542,245,494,
145,148,188,
444,380,
423,241,116,
227,380,
28,326,529,
248,125,234,
213,533,337,
1,
155,129,
140,178,
480,316,473,
172,521,245,
125,117,343,
181,545,383,32,
396,337,
306,
212,380,151,
290,352,86,391,
484,17,
340,207,151,
323,316,352,
327,125,
79,375,242,
549,374,151,
87,201,
27,187,4,
526,531,255,347,
62,289,
94,255,150,
429,529,
433,365,135,315,
487,
313,392,316,
139,337,150,
436,343,261,
210,122,178,
503,4,
65,300,122,
294,549,178,
419,432,533,
246,245,151,
257,391,116,
187,135,132,
492,549,207,
374,242,125,
203,116,380,
433,498,38,
336,391,380,
443,0,122,
333,151,
502,187,
130,145,242,
216,432,531,
22,116,148,
47,151,234,
464,38,
364,187,545,
26,201,
114,187,383,
125,380,533,
377,431,
359,188,405,
368,116,
254,459,148,
31,9,343,380,
82,454,375,
280,38,
310,545,18,135,
68,9,
323,230,255,
520,234,459,
192,
319,343,
436,187,135,
320,255,153,
23,300,
274,498,
271,38,207,
178,459,380,
134,122,38,529,
516,188,531,
404,132,446,
487,531,365,
411,383,
464,17,
528,
260,17,471,
480,391,473,
246,431,326,
474,
5,383,
358,201,
434,261,
191,125,
37,498,
253,38,
544,510,
211,46,
335,392,
393,341,383,
272,446,234,
133,4,473,
39,326,
61,459,129,
291,329,
330,365,
388,282,405,
266,347,
452,245,
104,375,148,
69,261,
334,132,
523,531,234,
222,179,129,446,
232,135,245,
177,326,66,
368,201,
13,151,234,
522,
528,431,
473,
527,188,
460,179,
100,343,337,
540,135,261,
94,145,234,
371,300,245,
254,4,
541,
237,117,148,
48,
184,497,
57,383,300,
36,383,
5,201,
79,261,380,
385,352,531,328,145,
264,
278,352,
533,
33,289,
188,531,516,
48,363,
406,234,380,
160,473,
22,235,
523,343,405,
77,446,122,
272,471,533,
435,521,432,
219,343,201,
302,545,391,
490,329,
322,135,
164,473,
541,352,
138,145,
370,531,
96,289,
285,129,531,
229,300,
288,529,217,
302,383,
18,338,310,
169,494,337,
295,261,245,
549,234,
16,352,
295,545,
254,352,
63,132,
257,188,
176,
299,375,242,
429,533,
95,116,
399,261,
64,446,329,
110,242,
239,365,
24,343,
480,459,391,
280,178,494,
447,380,
544,4,
372,255,38,
7,549,
499,300,391,
82,4,
273,242,
200,510,245,
277,383,
265,391,132,
349,392,
173,17,276,
384,122,459,
434,196,
351,531,545,
271,122,
340,116,
118,151,
320,
511,196,383,
302,473,341,
37,129,38,
44,363,
528,135,
218,375,
411,188,
11,150,473,
231,329,151,
111,365,494,
532,151,9,
229,405,
224,326,
46,135,261,
301,
234,529,
110,365,
515,347,
103,459,234,
548,431,405,
115,545,549,
313,459,
171,343,
215,17,
229,17,
176,341,380,
302,365,549,
351,300,
