318,54,325,438,322,118,321,41,160,190,342,463,
440,83,50,184,165,385,366,100,144,333,164,92,412,352,12,177,312,55,189,63,72,428,224,108,174,190,412,10,481,2,60,399,388,84,443,97,260,
10,144,92,423,118,381,526,444,484,179,122,471,449,280,463,235,78,137,362,147,
325,542,181,397,420,367,321,138,299,464,342,225,456,457,141,154,512,289,49,165,319,330,492,17,77,289,292,341,482,483,5,164,365,386,398,341,49,
280,61,329,47,118,106,284,365,180,314,424,
19,421,297,96,239,437,272,366,386,306,328,121,385,86,335,469,
526,522,90,71,271,176,290,269,346,429,125,283,299,425,521,250,173,537,277,535,273,534,
297,522,542,19,89,63,529,175,115,365,508,536,547,434,56,250,416,513,
360,477,167,134,2,218,192,54,45,361,386,517,199,254,325,11,372,76,138,160,539,205,448,520,262,347,537,290,252,267,277,260,540,503,97,125,105,347,46,115,340,300,328,449,422,74,527,309,152,488,496,505,233,211,287,393,460,54,156,372,387,484,528,
321,470,518,98,
503,82,313,415,181,526,104,229,292,300,5,375,453,18,311,383,271,
524,445,203,49,10,110,46,64,142,439,264,271,394,435,529,145,126,285,35,374,437,
537,83,44,124,382,286,357,83,127,331,350,15,127,134,234,287,515,
83,262,134,440,129,137,33,130,169,189,432,221,194,11,186,386,412,459,206,394,537,136,312,320,428,212,156,85,32,182,205,226,438,78,157,
98,45,232,214,479,40,64,431,201,528,256,101,284,467,260,105,442,458,533,81,217,489,475,193,285,457,290,347,321,
483,494,193,258,67,17,434,443,548,272,518,
470,90,46,494,36,272,305,519,78,112,298,380,182,233,247,321,350,386,442,155,26,498,545,187,246,417,549,
193,210,50,340,190,181,285,352,398,190,375,189,147,244,223,263,524,94,71,98,33,504,443,51,59,218,299,312,329,415,459,548,16,4,
203,524,440,523,429,100,155,357,503,71,342,526,321,350,513,353,199,204,120,352,176,200,548,80,101,305,495,506,507,296,399,
456,542,99,345,134,220,534,
412,440,83,370,418,188,240,527,67,227,260,296,521,
405,90,23,4,166,507,150,238,330,316,30,524,273,387,40,180,211,214,278,314,359,393,396,
105,231,10,155,278,297,440,146,463,17,34,104,113,258,315,328,470,474,265,316,465,480,135,278,409,71,371,400,432,548,245,
228,542,61,90,480,270,411,118,250,546,496,170,219,148,346,445,81,193,544,
73,542,324,141,484,48,165,289,431,267,506,534,57,200,246,201,120,216,209,539,544,
121,67,408,287,378,295,309,307,470,202,306,225,502,48,118,546,178,451,478,525,
32,397,225,485,516,78,225,462,295,515,425,182,409,
61,76,421,228,163,201,229,280,23,121,174,236,328,307,445,48,103,268,110,270,
295,479,12,73,267,468,
6,90,292,201,17,192,300,208,4,223,156,312,458,533,282,402,549,306,525,55,19,390,423,386,343,
154,325,70,194,
380,491,54,417,240,113,227,218,134,104,75,78,55,256,434,245,529,350,446,441,230,266,473,546,
491,90,186,327,540,376,380,339,5,546,342,419,508,83,529,544,199,317,119,78,215,72,88,200,124,494,195,322,521,536,525,
522,90,27,6,92,303,130,85,230,175,284,417,57,142,463,65,57,356,369,419,439,297,526,93,192,224,327,167,269,93,246,547,192,348,414,132,133,175,21,312,350,156,411,533,
528,20,526,
54,542,380,254,240,318,435,8,192,425,77,305,340,354,272,
544,491,84,9,46,40,3,388,485,98,241,502,10,55,331,37,74,489,546,
502,121,544,10,12,66,81,132,277,351,473,
521,421,526,273,311,489,525,
528,307,98,3,381,406,42,167,221,3,95,153,201,341,142,323,347,377,443,
386,19,470,393,2,147,399,420,464,118,6,32,
494,470,483,88,332,356,177,364,386,37,366,
440,203,0,58,253,294,495,124,38,75,215,462,524,36,128,162,325,417,26,249,240,199,362,143,182,311,34,109,180,518,529,534,509,73,216,112,362,14,81,457,284,59,282,283,421,190,240,272,353,485,325,84,526,349,512,218,308,74,543,56,363,395,437,226,338,416,536,272,
88,494,59,147,273,382,527,301,478,
59,542,88,181,29,452,287,303,323,331,540,
156,6,78,60,87,132,167,199,225,316,463,
508,250,1,149,93,32,263,450,59,446,17,367,174,225,396,407,467,
85,351,14,485,236,82,430,114,191,203,39,294,11,10,454,258,485,173,94,385,449,156,192,277,431,492,505,333,420,452,492,178,192,408,170,176,179,515,
90,416,0,358,305,477,522,162,371,352,470,490,6,277,491,88,244,423,502,134,425,304,543,405,67,228,26,526,343,212,219,47,300,22,527,229,113,212,
421,152,279,67,186,45,45,327,270,306,45,402,130,528,144,478,533,69,163,455,280,415,446,187,19,458,108,242,310,315,191,435,113,146,531,73,130,351,61,293,281,424,307,73,312,343,313,521,388,170,465,157,157,163,204,125,327,338,437,483,448,500,258,278,366,369,459,
86,397,246,
542,163,147,118,189,259,264,54,72,314,228,412,73,517,538,334,317,164,210,209,325,135,523,49,392,417,20,30,357,181,13,49,216,439,287,70,297,59,456,511,126,147,282,318,56,271,245,52,178,
330,405,325,40,59,103,138,393,489,187,229,370,401,516,
381,10,15,147,
118,280,10,78,
179,10,
401,397,490,
385,85,19,224,
496,73,228,
309,121,360,15,
488,360,
316,105,182,400,399,527,542,
306,6,19,
493,
225,32,32,159,
103,330,61,335,
219,90,
284,440,249,
84,544,440,440,
59,508,330,
462,32,141,
425,526,431,
442,470,225,
325,440,
51,193,246,
289,73,325,
419,522,491,483,
438,318,
55,6,
255,241,401,
233,360,470,
338,483,453,
406,105,528,
547,522,
195,102,491,
328,421,19,
49,542,325,534,
443,528,
32,225,508,386,
100,496,173,539,
238,405,
284,182,19,
446,508,380,
372,360,125,
182,83,284,
167,156,522,
483,325,421,338,419,
96,19,
218,440,119,
18,299,
322,491,318,351,
233,
205,267,
273,521,526,
342,102,
236,61,
227,412,380,
187,470,330,
303,59,522,
45,421,
374,524,
396,405,508,
73,496,295,
46,524,360,
246,73,86,
468,
465,421,
3,528,
300,6,533,
78,380,491,10,83,
88,397,491,
177,440,494,
304,90,
307,61,121,
443,483,
534,73,49,
176,526,203,
329,193,280,
78,156,118,
340,193,
401,255,330,
518,321,483,
201,490,61,
420,386,
125,421,
393,386,
47,280,90,
511,
434,483,102,
508,297,298,
343,421,453,6,
328,360,61,
60,156,440,
132,156,502,
282,6,
509,
388,421,
240,54,
409,32,
386,325,494,
65,229,522,386,331,
504,193,
63,440,
119,218,137,
353,203,440,
132,63,522,
437,421,102,440,
272,440,19,329,216,
147,542,193,10,
37,494,544,
331,59,
199,156,
232,98,
147,381,88,
56,297,542,
190,440,318,
266,380,
478,121,88,
17,508,483,
496,100,
118,386,
473,502,380,
359,405,
12,502,295,
278,405,421,
296,203,412,
171,
411,228,
412,440,102,
135,397,
464,386,
271,524,542,
300,503,90,
256,380,98,
155,203,
294,85,
364,494,
223,193,6,312,
189,440,193,
212,90,83,
144,440,453,
157,421,83,
409,105,
459,525,193,
340,54,
312,193,440,
258,105,85,
526,440,
115,360,
381,528,
548,203,483,
298,470,508,
182,
306,121,
124,537,491,
19,6,284,
258,421,483,
81,228,502,
525,521,121,459,
194,154,
70,154,
546,380,544,
246,470,51,
110,61,
323,528,59,
539,100,73,
225,442,325,121,
46,470,
527,90,
312,6,223,
12,440,
134,537,380,
387,405,360,92,
192,85,
30,405,
118,121,318,
55,440,
371,105,
170,228,421,
332,494,20,
20,528,
230,50,
165,73,
453,503,
533,
125,526,
278,105,
406,453,
262,83,
448,453,443,
174,508,440,
192,54,522,85,
193,228,
515,537,85,
467,508,
302,
229,503,65,90,
105,91,360,406,
458,
341,528,
496,360,
527,316,
536,297,491,
475,98,
110,
420,85,
175,
216,272,
292,325,
431,98,73,
450,102,508,
93,508,
4,
163,61,421,
443,448,193,
481,160,
95,357,
292,503,
240,453,
305,422,470,
519,470,
299,526,
350,380,203,
411,522,
534,526,456,
180,405,280,
181,193,
271,503,
437,19,524,
451,121,
422,
446,116,
438,83,
317,491,
540,491,59,
74,544,440,
316,156,
351,502,322,
260,412,440,
347,98,528,
421,328,
533,522,300,
32,83,
230,380,
160,318,
390,6,
489,544,521,
201,98,
92,
463,318,156,
287,537,59,
226,83,440,
178,542,121,
309,
229,330,
342,318,
121,
225,156,508,
314,405,280,
15,381,309,
137,83,10,
41,318,
544,228,73,
134,456,90,
23,405,
129,83,
536,394,
434,297,
272,54,
218,380,
185,
129,
273,405,88,
399,386,
224,522,385,
155,470,
2,440,386,
52,542,
346,228,
398,325,
527,360,412,
85,
219,228,
365,297,280,
175,297,522,
217,98,
352,193,90,
191,85,
434,490,
100,
375,503,
245,380,542,
430,85,
435,524,54,
282,542,
44,537,
186,491,83,
93,522,
188,412,
334,542,
206,101,137,
357,95,203,21,
290,526,98,
416,297,440,
106,280,443,
335,103,
366,421,494,
425,32,54,
66,502,
311,521,
211,405,
250,526,297,
320,83,
327,522,421,
46,538,
316,
249,284,
285,98,
81,98,
500,421,
5,325,503,
393,330,257,
226,63,
382,88,
268,61,63,
201,528,
48,121,61,
365,325,
445,228,
10,544,440,
86,388,19,
431,425,
254,54,
525,491,
40,330,544,
521,491,
400,105,
452,59,85,
114,85,394,
122,
417,380,
490,90,
182,470,32,
250,228,
76,61,
546,228,
181,325,
537,526,
393,360,
202,121,
380,470,
348,522,226,
112,470,
429,407,
529,297,524,
505,360,
240,380,440,
484,73,
173,100,
130,465,421,
420,325,
67,
331,544,65,
440,
194,83,
15,537,
186,63,
257,
445,102,61,
346,355,
284,280,
18,503,453,
399,440,
167,528,
206,83,
235,10,
132,
149,508,
505,85,
77,325,
277,85,526,
347,360,
389,56,
33,83,
92,387,522,
287,360,
290,360,
4,405,
75,380,
524,193,
443,106,440,
210,193,542,
439,524,
537,
225,32,
57,120,548,
354,
257,515,393,45,
57,522,
192,
