80,164,133,11,
106,129,187,89,170,
95,115,129,72,95,94,138,181,34,13,128,73,
45,38,3,2,189,6,178,
62,2,114,31,178,163,
79,31,3,51,139,123,189,86,178,
163,43,75,169,98,11,41,7,34,20,120,
55,154,142,7,47,23,145,84,35,21,148,9,69,150,
177,174,115,179,
48,63,182,121,117,
160,136,132,123,169,80,11,161,142,185,159,103,119,169,24,73,0,30,149,139,47,77,167,166,73,51,188,176,47,119,144,64,70,24,81,77,37,73,152,26,27,176,169,172,45,154,166,86,40,97,135,52,156,51,164,140,8,144,27,
65,17,18,50,125,89,20,94,69,
179,12,40,17,177,18,164,
126,41,120,180,102,191,
167,67,113,131,163,146,31,177,37,110,23,59,186,76,59,122,61,68,27,186,77,109,
12,65,8,51,27,48,12,100,44,177,183,99,70,
166,37,103,147,103,136,
162,2,164,176,136,
23,134,114,33,125,91,4,103,55,164,128,35,75,173,135,
112,154,80,181,131,
10,84,21,29,28,125,97,113,45,18,115,120,
66,14,120,187,5,75,56,
17,148,119,60,172,177,52,25,17,179,
138,99,130,169,94,68,31,9,182,120,83,102,188,
111,185,91,96,127,80,
176,67,89,168,113,125,53,113,
148,43,72,89,65,137,43,174,
10,178,182,170,103,73,17,78,77,
43,75,37,73,170,90,96,171,89,155,
169,138,178,18,34,10,
172,77,158,
3,64,145,172,65,
17,152,68,89,107,14,102,159,65,135,120,89,145,55,109,34,116,109,
86,60,158,109,96,21,14,134,149,73,139,170,127,59,177,157,
23,135,7,121,
181,80,82,
99,161,9,141,
172,168,129,128,142,135,67,75,133,187,72,162,
135,80,157,171,80,75,16,17,47,110,102,52,76,65,
91,15,84,57,93,191,
160,128,60,173,78,115,137,73,8,125,115,186,150,77,168,186,
77,160,179,167,73,151,
180,93,57,154,29,169,125,126,189,184,156,85,133,80,48,82,109,3,
34,17,95,67,65,178,17,169,
68,142,12,63,10,
174,148,12,75,174,133,82,52,84,97,
1,91,93,72,65,139,28,61,171,
107,27,17,31,25,175,131,191,39,122,68,95,38,184,58,22,17,
112,105,103,116,105,48,94,106,166,191,98,
103,133,122,102,166,43,
10,9,128,28,89,178,141,48,168,132,101,30,31,117,73,
154,49,29,15,112,160,128,127,145,32,135,
187,66,172,
68,88,140,132,176,145,39,
107,47,177,
31,67,82,32,23,
162,38,80,68,166,144,72,102,120,
120,69,66,31,183,137,137,186,17,188,126,161,25,
165,42,111,171,122,
122,2,69,22,40,138,134,28,125,188,
95,17,105,163,4,
134,1,102,109,24,84,
138,99,26,
149,73,115,75,6,
183,133,120,59,141,113,
6,3,174,151,86,159,24,38,
172,70,144,123,10,170,163,167,153,37,
102,75,163,26,136,110,135,137,29,144,
174,60,145,157,4,120,
176,50,99,68,160,138,
122,157,24,167,123,107,111,78,49,154,160,104,26,47,81,131,103,165,
35,161,17,60,105,119,95,32,
152,167,64,28,169,50,39,
96,117,174,31,100,179,94,
65,148,3,183,107,158,40,96,95,87,0,
4,178,85,4,142,60,
172,3,86,
102,170,55,92,126,101,140,1,92,
41,63,30,74,75,168,117,74,121,24,171,105,167,144,126,145,94,91,157,127,36,34,
164,56,141,9,8,
177,40,107,51,43,40,53,122,12,178,
78,8,27,186,53,101,153,135,172,82,
131,111,107,126,91,13,166,33,58,53,42,20,160,113,
130,69,138,79,17,
22,41,148,29,7,134,107,140,
144,184,172,48,
182,177,105,9,69,94,86,151,70,
58,6,128,36,
73,92,86,16,160,120,93,79,
164,92,54,103,181,43,179,12,
126,87,149,18,119,65,6,126,186,84,131,164,182,
69,120,13,18,55,
154,55,87,54,30,
67,10,148,186,34,7,89,
85,1,91,29,122,15,189,15,34,46,164,15,116,79,160,154,148,177,130,
98,49,154,49,22,39,10,139,47,10,72,43,58,
164,33,165,49,66,169,162,
51,105,12,181,177,83,118,
129,8,106,4,
158,102,86,172,
64,122,85,55,44,3,150,
190,174,124,186,133,147,172,136,45,27,
46,108,58,89,6,
124,171,186,128,158,89,142,
10,21,103,54,67,76,11,191,
178,45,43,165,136,27,62,8,42,123,2,
36,176,121,22,
171,105,121,
49,84,98,154,29,
29,176,91,105,22,154,173,148,82,
133,159,164,8,153,118,184,9,142,47,110,5,14,42,124,105,148,113,143,141,67,169,58,117,8,55,
18,165,126,109,5,65,106,132,101,137,43,
36,72,111,115,80,133,187,41,
17,157,19,178,55,66,107,22,90,74,129,151,
45,26,105,190,70,
31,23,73,30,149,3,136,139,10,115,108,84,26,13,141,
35,23,74,84,15,77,
37,16,122,10,94,148,166,44,156,
166,33,68,131,6,27,
161,89,81,42,123,
3,44,185,88,38,
86,171,75,6,172,75,133,
44,15,12,127,116,3,60,77,37,50,
17,74,5,170,
3,169,21,8,19,143,94,
56,118,85,147,11,141,75,84,64,107,79,18,130,54,177,83,164,94,123,127,
174,174,38,138,128,6,189,29,49,177,168,12,111,
148,85,133,82,34,27,17,0,124,191,85,70,181,
147,56,54,84,
81,106,162,120,2,109,141,170,120,123,122,161,119,
67,157,92,148,142,176,109,100,99,73,77,80,50,150,12,
106,178,131,21,63,
119,29,81,150,94,67,165,52,35,32,122,19,50,44,160,163,59,149,23,99,102,107,
184,133,68,94,144,
94,138,41,160,112,80,21,
80,180,2,47,61,82,131,67,85,90,135,
170,60,81,116,49,141,126,36,5,9,89,
38,53,72,136,48,66,
74,
158,131,25,103,33,105,89,151,
6,159,24,60,
49,3,174,20,158,
120,91,127,170,73,21,
59,142,116,86,
21,55,39,
105,121,42,188,116,171,95,7,
138,103,94,101,153,100,103,
176,117,29,36,162,
47,3,128,
186,170,140,115,189,94,160,84,41,4,126,84,93,189,187,
10,179,69,73,118,158,67,62,73,98,156,157,98,
72,65,68,103,123,1,88,106,2,155,12,3,
139,86,31,112,110,13,159,112,
144,147,6,41,7,31,160,149,85,49,75,10,28,181,53,191,162,
154,138,29,17,172,55,115,122,
33,153,10,164,53,158,89,70,
121,2,5,109,171,152,
103,170,
79,130,107,
68,164,123,17,114,72,167,130,159,162,166,21,89,78,57,151,
6,78,49,141,119,24,80,5,82,145,118,54,137,126,175,47,
84,16,80,31,107,
82,39,78,148,
77,185,186,179,26,
63,133,102,20,83,136,121,35,9,
31,120,62,67,
4,147,142,160,95,177,143,4,7,
111,152,82,59,118,36,70,34,157,165,98,
107,17,187,
59,183,119,48,49,
127,154,171,
6,161,144,28,56,176,149,
145,171,56,15,62,117,160,85,124,16,50,79,78,3,41,66,
99,67,12,82,67,115,74,138,176,
120,31,8,110,81,36,154,91,140,122,143,10,156,
42,2,165,131,63,65,47,44,6,163,
53,161,169,2,69,51,38,180,144,154,
60,3,157,160,191,174,186,147,34,84,84,148,
88,17,164,151,136,108,123,124,163,3,53,172,182,118,
101,61,10,128,67,168,58,63,186,74,43,
142,54,168,182,126,161,73,172,122,140,59,130,168,149,169,44,191,1,86,24,100,26,94,37,109,75,36,186,
72,3,128,133,150,77,
128,172,181,131,101,35,90,2,61,78,53,116,84,27,73,107,86,119,7,83,122,72,
1,165,186,36,29,41,126,82,
94,147,157,48,99,3,105,86,140,84,5,58,183,
65,37,153,110,12,44,24,144,
32,127,26,35,170,76,151,
54,157,10,164,154,103,141,
108,88,31,147,16,3,94,
142,59,8,87,183,139,68,172,179,96,57,51,4,
165,164,147,155,61,180,178,164,117,148,
111,16,183,131,103,10,110,9,122,104,150,119,12,91,189,
104,118,111,99,78,180,34,63,
169,75,183,143,
178,177,17,36,91,4,21,71,73,119,110,138,
152,159,116,148,121,
59,41,171,
36,73,1,120,139,
41,70,87,22,130,176,145,3,39,59,134,62,166,
5,94,75,
27,166,42,70,30,172,109,30,63,
172,154,163,121,125,
114,116,168,110,140,88,30,38,125,185,164,114,
32,146,68,6,36,110,
133,157,18,177,139,139,103,176,169,98,5,1,91,138,68,
57,68,82,7,186,
103,91,186,60,166,171,127,142,175,63,73,76,49,76,30,161,
25,50,69,179,43,120,
18,177,178,42,156,179,
39,157,7,107,81,11,118,
145,174,17,50,66,18,
19,142,80,160,191,17,132,119,121,3,61,138,75,15,73,128,67,140,3,
34,111,24,104,87,180,117,
91,74,143,4,103,65,20,111,31,34,85,58,
136,190,151,38,98,49,57,120,
111,2,134,160,158,14,103,176,181,179,
110,51,50,120,149,154,87,142,32,167,32,
17,3,136,130,92,17,
107,92,18,57,177,84,
159,73,127,188,98,189,42,152,
14,46,44,83,65,66,112,
161,26,6,43,38,153,130,95,180,120,103,140,20,
105,73,82,158,61,123,170,83,168,
66,179,145,177,
40,128,179,122,178,150,55,
141,170,1,168,23,66,164,169,
2,53,128,121,11,176,121,150,162,32,123,2,18,134,62,31,
183,111,149,44,
91,178,32,29,1,32,112,71,127,120,185,41,3,79,76,
41,136,
103,161,10,11,114,158,
71,16,8,13,26,85,158,
123,87,56,69,125,68,124,162,184,
27,161,78,175,90,44,
176,133,0,148,87,14,105,63,129,18,16,186,140,58,
99,12,16,
89,78,104,48,159,21,161,144,77,55,184,
17,22,103,
78,10,10,160,
84,15,91,
149,13,116,107,18,10,183,128,
178,18,167,151,40,188,
96,102,62,62,65,
157,33,6,105,73,41,167,155,
127,103,123,111,56,
43,101,18,164,169,117,164,90,96,135,
166,101,35,85,139,15,149,133,162,43,69,
85,145,13,154,80,118,163,165,171,16,166,108,91,175,112,
80,105,124,131,55,146,50,57,123,190,163,136,48,143,28,24,97,2,75,182,162,19,36,27,103,94,
11,102,30,
89,124,130,33,24,67,106,
24,142,82,110,172,144,
159,102,168,6,152,154,118,139,178,
2,43,188,151,72,42,151,186,62,165,73,50,109,82,160,175,
42,128,138,101,134,105,159,177,162,
92,107,17,69,74,164,
138,174,42,17,179,157,154,115,139,
21,10,3,89,6,136,75,118,157,169,94,
21,103,178,68,10,82,31,86,39,
170,109,55,13,10,25,92,82,103,139,
147,92,43,49,126,94,4,165,130,129,116,178,142,108,
7,8,88,23,47,65,4,52,184,
155,47,128,163,
73,10,43,
129,105,176,40,49,172,48,95,112,183,
99,104,
80,135,146,6,55,108,64,18,77,112,112,84,182,69,
135,188,178,181,23,114,60,39,4,91,191,121,130,106,
139,1,84,
137,68,153,
69,53,17,25,182,123,20,85,42,122,163,65,148,153,
7,138,162,55,128,129,39,110,150,120,105,36,152,
72,16,159,90,62,36,60,190,120,148,65,25,9,128,36,38,69,32,113,106,143,166,
96,44,96,166,86,167,69,184,170,179,43,
185,177,77,35,114,
191,60,148,179,
170,157,186,2,4,169,103,120,98,148,124,5,171,58,186,134,9,
134,41,105,50,3,
132,185,65,52,133,76,154,
92,82,27,103,
123,105,159,95,161,
70,55,27,30,175,2,141,41,
50,149,5,55,145,158,19,51,60,68,42,87,110,175,119,25,177,168,26,168,155,
133,180,161,99,43,43,80,24,80,
64,55,2,139,183,188,5,183,
178,30,73,144,18,50,167,70,169,34,178,
128,144,60,42,52,55,151,159,154,23,188,29,165,30,84,
95,4,35,23,26,135,
125,183,180,123,167,169,49,
11,171,163,92,
117,21,34,41,90,128,10,176,165,
16,71,44,86,8,119,102,99,
159,40,65,60,12,178,40,42,77,187,126,55,14,36,123,14,93,124,68,
74,82,92,180,
2,96,12,42,80,107,23,163,2,116,173,
88,67,68,40,
104,89,82,
142,110,55,147,56,115,71,179,
105,6,80,47,107,122,162,94,183,
47,59,55,32,40,136,107,30,93,155,134,149,162,
74,129,136,30,60,81,157,161,172,
167,65,41,172,
88,38,134,138,
177,38,182,17,
30,27,50,127,154,103,128,79,110,
12,143,121,122,31,42,30,22,4,24,117,26,148,174,0,77,2,127,135,2,168,99,179,98,140,156,
8,75,11,129,94,73,117,142,
95,161,65,123,28,144,
148,37,116,67,4,
138,122,175,88,
3,31,17,46,6,65,52,152,47,174,56,
44,27,81,130,57,
82,34,75,162,99,92,13,1,128,168,24,21,189,
24,34,12,89,6,110,
175,81,
120,7,81,180,183,174,
115,138,7,173,95,118,131,74,154,149,98,179,142,
38,6,177,51,
186,84,167,67,39,1,101,160,128,165,
110,94,167,16,57,69,38,6,86,179,175,44,185,159,42,92,16,169,
47,7,93,109,142,93,42,15,131,145,
31,79,138,120,89,133,146,48,2,166,
186,60,50,190,167,112,182,109,64,
65,136,14,34,96,
84,17,87,14,163,49,41,
98,17,153,163,181,135,174,115,68,112,43,
33,69,166,5,157,109,91,
157,122,103,67,39,138,133,60,100,108,6,116,188,174,
8,16,109,12,3,
188,47,135,135,40,2,53,43,187,151,129,105,
44,60,82,170,30,93,
168,114,168,141,109,186,44,162,43,44,109,160,
139,142,98,166,47,163,133,75,57,38,55,
67,75,101,31,96,146,99,126,5,88,
178,10,21,105,123,10,40,159,106,
43,18,25,118,
43,26,163,99,18,39,168,127,57,177,16,153,185,89,50,
146,100,87,32,125,67,47,75,
128,141,82,43,47,155,42,131,
17,101,1,98,138,90,34,
60,60,127,66,78,52,
12,12,65,143,26,
134,9,86,60,88,42,173,88,176,50,
168,9,101,22,116,46,159,52,166,168,16,35,128,67,13,134,50,143,6,
154,77,85,109,14,98,30,115,155,174,178,132,
78,104,68,103,102,161,
157,50,183,47,26,88,117,68,141,135,9,54,71,
124,190,148,18,39,
125,188,146,9,
151,87,64,92,136,110,59,2,141,178,
8,3,116,178,75,70,83,130,
52,26,3,108,11,7,123,
171,103,43,135,168,11,165,16,114,
75,23,8,40,149,
128,186,17,22,10,77,117,52,79,
3,76,107,155,113,50,63,65,60,32,148,125,64,119,148,180,
115,59,139,26,81,177,
32,91,31,
123,9,79,122,115,72,88,127,79,172,178,
50,1,186,29,
94,56,98,184,155,9,119,
2,40,30,122,28,25,187,45,98,106,111,118,159,74,
124,63,
175,70,155,
89,170,176,109,43,148,
22,17,3,69,36,131,106,17,48,86,
28,10,10,65,89,144,104,75,95,54,50,87,116,
37,65,43,181,
38,121,45,103,177,138,29,
130,85,89,147,41,106,180,44,178,
110,111,7,151,
58,176,38,133,107,148,127,
40,128,47,2,142,188,59,95,159,178,99,26,9,30,173,31,
177,7,17,66,133,185,
47,135,34,98,139,82,
90,141,147,32,49,127,41,43,43,27,157,
13,172,50,149,85,148,18,95,58,168,69,74,7,139,
4,95,174,93,91,46,116,173,54,142,
52,64,128,22,132,60,6,40,
80,42,111,51,181,
141,70,86,183,99,54,
24,16,126,165,134,151,108,
98,94,
74,166,148,91,4,128,101,45,17,98,41,35,102,70,61,101,178,23,
107,11,51,13,63,156,65,128,93,79,
75,101,187,66,95,126,141,16,
43,105,98,178,165,121,15,42,189,8,153,92,133,110,
15,44,85,72,142,107,157,47,158,
181,182,164,136,84,3,124,91,69,32,
113,176,72,44,189,
141,90,10,151,140,142,
75,172,112,84,41,109,21,188,169,67,87,53,
115,106,31,160,100,35,99,111,29,91,154,26,
27,68,102,21,43,92,
105,67,51,129,138,41,10,158,134,11,14,
183,177,64,105,12,16,47,169,124,
67,105,33,168,69,
9,164,151,170,42,10,116,104,101,55,123,37,134,182,12,168,14,2,
78,9,42,168,171,89,48,189,64,37,147,150,91,45,155,190,120,145,135,130,167,103,24,112,113,171,83,162,80,
7,105,87,57,60,154,78,119,
27,118,167,29,160,18,130,
1,57,141,58,103,143,176,26,91,3,65,23,158,10,66,142,54,34,74,75,60,172,
135,16,43,23,120,160,48,98,78,185,70,
116,148,73,187,151,101,165,85,27,17,63,143,160,2,106,138,128,177,165,64,172,165,84,
144,65,42,178,181,64,
171,86,108,53,138,41,38,3,83,162,127,71,59,17,130,40,176,30,17,168,117,7,124,9,24,
109,186,8,62,134,122,48,17,86,
42,65,187,128,
81,133,164,44,115,175,139,
36,136,58,
181,51,144,144,0,112,111,128,119,
103,10,127,21,72,111,
108,85,157,52,12,186,185,116,48,24,
186,77,187,73,160,
118,27,6,111,104,189,57,51,106,79,
73,36,2,186,141,99,10,40,52,149,
82,24,13,104,156,181,156,
153,30,116,33,98,49,173,161,44,152,65,138,148,172,78,
82,29,148,143,105,20,92,148,
26,77,71,45,138,97,81,180,
185,135,110,
100,32,62,79,85,80,121,31,127,142,96,119,57,
127,191,159,150,135,141,32,42,41,
18,169,80,56,69,178,43,107,101,10,27,
188,125,124,131,160,170,178,
87,117,146,123,54,149,84,145,165,141,154,34,102,
84,181,94,55,35,
127,12,181,67,4,60,30,164,
149,38,166,119,
0,181,148,
75,163,21,136,117,69,
186,57,2,146,67,79,70,18,
92,11,16,102,26,18,31,14,51,66,110,43,187,136,78,
177,163,4,183,51,
3,45,41,181,91,49,10,72,134,134,
42,43,93,170,144,60,134,18,68,35,
51,50,53,45,160,110,93,39,177,1,160,38,
128,1,95,
10,111,33,167,185,
103,177,33,164,169,143,55,88,160,138,156,112,187,17,102,115,
44,14,16,184,189,100,
17,95,111,128,20,145,98,35,107,134,
38,171,110,174,82,3,65,162,58,88,149,77,
32,2,91,14,
163,139,69,172,127,136,159,155,
149,37,144,87,31,122,
93,148,4,186,99,4,
94,3,110,91,58,41,129,158,
68,137,30,102,133,
181,127,82,148,
185,132,116,111,18,3,19,
30,2,158,149,73,68,
190,39,98,16,93,121,98,96,
118,115,56,21,39,
102,56,84,162,41,87,5,134,184,96,17,135,158,11,27,
179,96,25,66,118,158,77,
175,138,50,85,
182,10,173,181,50,
148,58,93,28,3,3,99,65,100,22,139,151,
163,119,177,84,33,38,141,9,123,
131,80,22,84,112,
75,82,47,143,56,66,7,171,100,20,26,94,117,191,82,33,27,98,16,170,185,102,19,149,86,182,43,8,137,174,
42,92,112,27,32,178,159,144,88,139,
34,1,91,47,
70,111,65,172,164,148,
65,72,148,121,22,167,91,
5,33,133,92,16,67,154,17,57,45,
84,128,146,14,115,102,69,124,186,164,10,85,139,91,18,186,134,27,128,16,
117,157,165,96,75,30,161,141,
82,30,80,111,135,
75,55,80,3,5,177,117,21,
6,46,105,58,45,
69,84,92,33,84,6,67,130,17,144,129,72,147,60,55,96,80,112,75,
141,81,56,164,26,86,128,127,150,47,74,8,
136,21,41,181,17,173,92,166,36,65,88,75,16,91,168,171,
189,186,16,
86,16,128,22,44,141,
110,24,24,
145,55,87,68,
116,169,153,44,106,48,62,149,28,81,152,8,4,59,175,188,183,160,
30,115,83,3,153,156,31,126,82,178,39,122,54,154,
16,189,179,176,108,135,5,24,89,101,164,4,155,73,84,63,76,110,
177,116,18,106,38,163,148,85,64,26,85,
160,188,154,187,94,73,57,169,173,61,
151,9,115,87,125,
161,42,35,114,134,48,99,74,10,184,78,53,
186,9,103,134,155,40,67,159,26,108,134,54,48,187,156,114,46,176,124,45,54,154,
26,1,177,32,52,92,122,165,32,91,31,48,128,
15,166,17,21,84,
169,125,53,164,85,141,110,
32,57,100,47,173,40,163,
105,176,157,105,178,29,7,112,155,9,151,41,45,172,
85,180,0,148,4,20,169,87,168,
179,142,16,115,77,156,165,180,142,
122,37,30,38,173,
101,9,16,66,152,48,29,42,115,75,166,74,6,
129,188,26,180,111,
96,38,2,100,15,55,141,180,175,111,18,65,88,184,
66,60,75,
187,186,63,42,107,186,89,
68,122,27,
48,109,22,
55,96,165,106,156,139,12,174,154,158,75,64,106,94,70,167,159,16,
1,37,85,164,137,134,50,
39,30,21,123,
148,74,82,55,3,
64,151,80,129,74,152,85,22,52,99,111,139,186,191,
21,106,27,26,11,117,15,126,183,145,14,
109,121,154,46,
161,129,27,0,162,70,6,42,133,175,110,103,165,80,17,42,
28,148,99,33,191,122,134,58,109,122,
7,144,115,22,47,149,
100,138,146,75,151,
119,16,35,119,176,
7,177,171,67,
60,103,6,86,77,52,43,89,119,186,17,74,60,104,120,124,108,120,173,7,62,135,
154,5,131,159,112,109,137,109,172,
82,57,164,169,116,74,181,9,
50,2,67,30,28,88,164,132,145,39,68,142,176,134,120,157,13,
153,98,43,38,137,134,17,31,
158,30,111,36,35,160,
63,132,48,103,187,56,136,129,124,39,100,
73,124,159,93,82,156,128,140,103,63,23,87,93,10,105,168,138,
127,20,163,120,17,
61,105,1,160,
39,63,190,
6,101,166,42,
143,4,12,116,
189,43,44,
150,67,111,55,
70,8,12,
155,50,157,43,154,
174,3,98,96,
178,135,178,
10,95,3,170,68,
63,106,76,
55,69,85,128,133,
75,139,1,5,
133,166,132,72,
93,47,91,44,
24,41,122,
17,15,69,177,127,
188,120,160,
79,73,56,30,
48,108,186,161,
35,158,166,
29,49,154,27,
182,48,88,
10,105,98,
117,133,87,75,
170,172,105,
134,111,47,
155,16,175,
6,32,
30,44,27,10,
173,32,160,
10,78,117,37,
139,55,148,81,
156,82,120,
135,82,95,3,
27,84,148,
187,92,106,103,
13,82,170,
76,135,103,
185,43,10,
51,142,80,79,
87,151,65,
76,63,132,167,
157,135,15,
121,48,2,
139,42,
42,69,127,161,6,
180,129,165,26,
25,158,17,
67,186,
168,50,132,
65,1,135,
134,122,22,3,2,
172,74,27,75,
119,17,178,181,119,
157,21,135,86,
91,115,131,
116,2,105,
173,2,122,
133,81,174,
168,172,85,
12,67,
83,97,151,173,187,190,151,
20,127,85,
59,111,47,167,
98,136,10,
63,27,104,
107,119,
165,179,186,
3,79,148,135,
137,154,6,
120,50,163,
172,24,88,
60,4,170,
73,178,95,
131,154,158,47,
189,82,113,
60,35,42,
31,40,91,96,153,
126,1,24,
29,115,128,180,50,
6,161,52,
44,164,86,
133,36,86,
181,37,95,98,
74,99,
97,83,26,
34,163,82,
85,55,80,
103,78,92,75,
114,114,103,
39,152,50,21,169,
70,178,45,182,
114,171,186,
8,164,141,78,
120,36,162,136,
163,172,88,95,
49,103,122,
184,161,89,
31,21,
154,186,
75,146,100,
84,131,60,
100,63,44,115,
60,134,1,
57,91,100,
151,100,24,148,
131,47,128,
175,27,
180,120,161,179,
78,60,92,
170,17,10,
13,131,95,31,
85,64,71,
92,147,
79,91,118,
169,21,152,
95,75,40,10,
71,178,157,142,
12,68,9,72,
77,38,10,
109,81,168,154,
179,96,191,
164,85,114,81,
73,157,178,
169,3,43,160,
20,63,163,
183,64,129,
88,96,42,
22,65,168,
143,91,120,
51,92,118,
29,101,1,
3,30,75,108,
18,2,124,
12,108,174,
16,136,84,75,
11,80,52,
116,185,170,
7,147,163,
191,112,64,126,
65,70,42,
159,163,6,
68,32,107,
160,85,188,51,
103,54,138,
47,7,146,131,
129,17,94,
150,64,40,
183,125,120,
148,60,89,
142,4,124,
162,47,123,
76,16,91,
56,3,66,
151,32,77,105,
40,88,52,
9,99,157,
138,7,116,
26,186,129,
30,70,11,
42,161,80,
174,154,148,
144,95,24,
83,51,8,
171,145,136,1,
54,4,186,
96,190,96,
141,75,117,
93,42,73,
94,96,119,
21,120,75,
82,1,47,
49,6,136,
58,98,94,
119,100,7,
163,42,32,
149,30,47,7,
124,181,123,
61,74,19,
125,122,172,
122,28,68,
134,17,153,
40,32,75,
38,122,139,
136,47,102,
160,116,158,
40,177,159,165,
142,4,
110,135,148,
148,29,110,165,
70,74,186,135,
119,3,94,
57,142,139,
56,6,142,
9,82,55,
53,88,33,
55,40,170,139,
113,131,176,
26,161,95,
36,32,158,
85,64,
72,162,172,
155,72,
112,139,85,69,
167,178,55,
175,2,116,
156,10,18,
39,98,82,
167,122,178,
156,73,179,
166,112,41,
20,49,161,
49,59,125,
169,141,103,
63,68,16,
121,65,36,
128,58,26,
153,69,
156,82,12,
43,148,166,
138,176,178,
92,73,67,
42,110,
18,43,186,
109,17,33,
179,111,10,
57,44,136,
157,90,50,
158,49,94,
98,17,75,
127,100,58,
23,141,74,
180,34,74,
112,14,139,
137,120,
131,122,188,
3,72,8,
139,36,
177,107,75,
41,84,94,
27,190,75,
110,30,178,
29,174,85,
135,154,157,
69,181,166,
24,171,65,
94,108,8,
141,31,169,
62,2,96,
4,129,186,
81,74,26,
12,164,24,
17,153,84,
48,26,59,
184,7,123,
118,88,43,
165,43,2,
86,21,110,
170,188,43,
178,130,79,
50,43,44,
0,65,85,
172,1,154,
10,169,28,
123,52,39,
9,125,105,
140,12,
44,113,183,
26,12,40,
136,162,163,
73,77,
130,27,8,
176,119,
39,68,124,
93,73,159,
117,8,48,
2,64,9,
11,107,10,
75,103,28,8,
69,67,
27,80,116,
34,41,60,
