328,214,
35,141,
127,146,
529,410,
223,486,
487,427,
67,262,
535,238,211,
332,141,216,
25,262,60,
298,262,
410,529,
505,406,403,
376,
232,429,
309,195,371,
136,318,
213,354,48,
211,535,
25,
233,81,
60,25,
213,274,
426,459,
141,332,
210,257,
216,276,
307,
340,549,
237,249,
122,388,
203,319,
412,223,
142,345,
387,194,
544,452,
538,455,
407,117,
37,488,
48,213,
236,352,
43,190,
238,535,
414,221,
216,332,
414,97,
467,
319,203,
314,245,
221,414,
83,548,
52,371,
486,223,
452,544,
388,122,
371,309,
4,403,
350,406,
219,411,
267,542,
464,244,
249,237,
455,538,
223,412,
124,83,
354,
110,219,
204,399,
548,83,
83,124,
318,136,
73,495,
394,439,482,491,225,42,285,508,323,378,204,46,523,521,2,546,224,447,236,360,65,537,328,197,510,501,540,230,335,499,140,532,265,359,86,312,277,444,228,148,45,20,450,436,485,115,432,270,43,33,210,448,165,434,156,68,63,169,500,411,344,507,130,138,279,11,61,24,326,497,165,302,184,104,373,138,44,438,456,214,541,149,383,281,296,116,5,244,207,100,456,362,304,261,157,418,440,169,94,539,412,334,242,55,158,333,7,294,179,203,317,503,82,91,
374,53,290,229,337,387,405,484,155,151,447,410,433,287,431,433,513,253,75,283,408,323,176,512,241,16,154,540,89,289,465,296,273,351,27,88,32,177,34,287,115,50,95,129,19,253,99,112,545,322,358,266,88,224,285,304,289,28,398,160,259,452,198,427,62,98,301,454,208,414,374,513,18,322,192,305,300,203,346,77,432,61,16,416,40,468,391,365,268,280,380,384,417,386,164,214,401,196,131,60,368,379,106,103,240,336,221,462,114,359,428,512,300,85,440,495,343,518,192,330,320,4,270,404,299,127,548,139,144,73,379,251,548,510,531,500,272,97,414,
485,422,442,325,227,355,414,539,102,72,100,549,340,
76,205,544,101,543,271,476,238,102,1,426,441,132,546,192,51,518,372,74,498,288,
215,510,174,175,119,45,509,378,194,392,165,471,109,463,153,498,447,2,59,419,424,109,392,33,511,38,345,479,389,397,8,
66,62,409,527,280,72,489,66,372,105,118,58,175,143,316,307,75,199,398,235,6,64,223,102,152,375,474,5,360,9,255,239,458,92,458,445,240,170,24,10,248,6,468,473,1,254,217,430,130,299,102,4,517,317,23,269,178,239,152,229,475,509,301,