375,455,38,62,163,271,303,310,471,48,376,68,322,392,93,117,183,204,253,260,277,311,317,17,520,242,216,47,459,530,228,328,528,
528,359,
165,372,
345,394,
18,180,
462,140,66,
35,268,387,
179,463,
542,103,
346,249,
268,35,
497,57,
69,35,
228,375,
20,
370,381,
103,542,
527,
25,456,
306,215,
518,297,296,544,295,28,113,458,125,169,289,26,474,92,521,232,488,440,55,463,282,241,135,271,57,394,8,104,323,380,358,277,44,359,417,368,451,326,516,478,512,50,166,355,410,148,355,335,307,4,461,212,494,137,163,27,481,121,4,460,
21,395,510,275,206,362,298,390,92,13,288,163,139,373,182,418,491,346,319,41,103,274,75,424,108,408,522,158,164,289,
517,508,105,506,213,458,231,479,383,65,2,382,410,196,545,355,377,498,141,356,82,548,101,120,227,259,543,265,89,106,323,243,233,416,429,216,446,284,88,499,115,291,278,60,115,488,164,373,160,204,65,35,263,39,247,470,108,97,6,490,245,266,519,283,259,258,119,532,496,46,495,175,317,134,155,458,256,396,164,344,440,531,71,133,322,
260,167,377,126,200,154,262,169,414,502,
434,296,433,508,399,45,15,90,374,439,190,201,170,240,279,80,187,214,211,185,273,2,539,544,510,375,
181,446,154,224,237,295,92,188,10,432,492,472,23,231,485,295,257,57,208,63,532,158,400,225,187,142,527,
257,99,292,88,407,343,93,314,250,183,305,532,18,221,149,309,400,403,13,223,384,73,209,164,215,135,8,525,304,468,132,31,75,41,86,298,394,290,296,419,408,259,548,179,523,168,425,49,167,470,253,10,68,494,94,27,441,365,95,432,512,286,450,46,171,87,189,323,279,428,169,411,184,16,411,386,333,421,109,433,64,375,436,519,463,290,70,381,264,376,344,332,1,300,480,171,361,267,128,403,405,514,196,93,378,540,519,385,205,393,198,87,153,442,193,137,109,102,360,484,303,320,133,489,422,53,220,157,526,89,478,329,453,54,317,322,9,84,238,380,445,496,151,472,224,9,173,363,117,313,183,437,95,505,540,505,375,101,490,165,214,215,255,69,17,483,269,91,285,185,426,74,398,320,538,544,543,437,302,148,10,386,399,541,262,28,420,474,488,460,423,313,523,476,261,125,121,