314,426,88,305,477,104,498,183,165,57,109,49,13,166,341,493,56,219,287,7,425,474,484,192,311,493,57,
188,217,128,257,231,248,341,250,216,143,160,47,183,291,448,408,64,411,67,273,398,120,199,276,122,378,449,314,503,290,74,152,165,112,42,308,48,194,462,9,254,288,310,358,68,415,475,502,527,134,124,100,262,272,468,524,141,130,484,515,239,183,291,337,398,441,528,
161,236,148,186,141,221,128,483,523,532,161,164,200,280,492,532,
425,314,341,17,238,278,313,330,380,
378,337,188,211,324,
420,337,15,
288,457,188,462,317,93,124,
341,188,545,176,155,328,302,289,118,393,297,144,159,352,483,275,383,387,136,524,324,500,251,544,70,311,343,45,482,201,88,149,233,151,304,56,431,541,267,330,348,168,247,406,499,193,260,338,386,417,464,539,
322,517,132,242,484,
529,125,291,114,152,284,314,141,
334,499,119,65,216,45,148,205,206,231,259,296,254,399,61,372,252,543,17,324,369,40,301,406,498,404,491,199,454,494,47,39,116,433,540,
435,211,347,66,176,184,239,82,276,146,189,286,21,477,522,277,487,483,129,148,190,233,317,358,
139,497,545,535,390,
483,502,134,40,156,240,412,475,59,70,162,212,337,435,240,314,454,
462,256,72,144,294,521,51,219,243,248,283,352,344,386,409,429,439,193,499,164,466,505,
11,380,347,337,143,201,546,
391,70,432,34,103,259,231,108,345,367,265,249,271,230,199,324,84,257,153,202,150,210,85,436,234,298,334,473,22,129,211,267,4,336,52,499,60,223,410,527,450,150,45,428,492,58,208,159,407,322,371,351,115,70,97,431,434,464,481,487,502,541,463,493,322,407,0,310,435,476,334,460,517,
278,32,428,60,245,285,523,541,299,127,168,217,299,465,99,282,336,37,169,222,386,89,346,410,450,
88,314,
150,362,148,390,223,238,174,228,281,466,125,140,506,
362,132,494,150,368,102,151,273,270,94,147,216,325,406,419,233,250,422,483,499,236,144,241,425,515,487,
8,
347,146,231,334,515,526,14,266,547,187,11,7,535,203,328,285,438,16,357,529,435,131,59,386,542,266,309,380,177,303,58,544,411,41,488,241,255,310,
399,77,37,54,110,89,373,403,125,180,281,132,251,459,464,84,288,456,81,355,115,238,89,307,367,490,3,16,
39,337,469,334,541,
494,136,477,30,119,135,162,464,27,176,169,306,280,320,283,111,478,446,506,36,312,361,122,302,9,72,221,300,341,362,469,205,372,223,271,283,537,75,129,135,303,392,17,517,329,443,185,238,362,448,
517,206,374,444,174,509,19,447,215,38,320,329,354,322,130,24,424,520,339,485,352,72,281,385,546,155,162,280,326,536,
345,358,380,92,72,157,328,345,475,325,333,434,344,347,369,53,362,393,144,
72,462,345,317,
211,375,435,104,396,175,179,140,240,326,189,231,152,243,437,204,455,484,102,156,338,499,
409,374,30,132,295,314,449,322,452,278,16,76,437,463,266,3,74,461,
236,415,309,161,42,206,407,215,79,0,380,353,369,292,343,235,
50,197,545,35,299,5,282,336,349,21,162,323,354,411,441,461,532,542,
440,314,340,368,384,544,225,215,188,227,353,40,385,443,280,285,432,301,308,215,545,549,20,44,149,144,383,401,21,460,41,60,312,472,153,100,45,338,542,379,473,28,116,185,477,374,503,
12,344,155,57,422,438,523,544,27,153,140,153,201,242,431,226,476,
510,482,235,380,110,204,258,200,94,352,270,351,425,107,2,113,364,478,263,350,492,148,270,90,389,464,514,36,47,132,191,126,159,276,198,226,234,375,378,96,207,232,270,311,393,99,340,146,432,328,334,
188,440,42,358,149,263,148,245,461,510,297,332,108,418,435,130,219,13,490,509,57,92,324,427,
135,97,174,288,150,95,204,248,119,72,356,374,46,89,97,411,104,345,234,387,186,430,253,398,144,435,118,184,209,419,232,165,428,433,456,476,69,322,97,165,216,230,247,274,317,196,69,467,198,313,24,326,69,501,436,484,540,88,42,292,61,482,25,334,518,479,16,81,408,214,492,157,238,436,40,184,331,457,39,392,401,13,545,112,474,156,15,365,449,501,332,62,265,275,390,544,546,
155,125,545,455,415,63,186,510,524,303,12,198,309,524,117,280,435,439,228,253,389,450,507,386,447,24,142,148,305,407,520,141,
502,279,337,14,21,106,346,483,283,325,88,144,167,356,25,407,170,473,100,369,430,457,548,123,286,457,473,
482,135,165,181,351,414,209,232,476,
198,510,155,211,168,0,303,488,493,535,5,106,313,452,501,514,129,497,238,
449,278,117,26,9,468,101,521,192,340,10,89,123,370,35,131,198,224,417,149,175,400,409,442,107,145,38,507,286,493,
9,449,
270,326,510,
341,314,412,
125,337,146,447,155,75,317,248,456,374,418,42,264,371,451,493,390,426,148,343,417,399,87,65,380,529,206,38,36,290,303,371,
375,455,380,114,420,230,300,440,153,492,466,36,293,25,145,468,492,14,294,322,357,218,70,155,211,253,343,450,485,9,209,536,23,540,432,397,201,232,397,480,59,443,468,478,493,15,69,415,211,303,230,390,314,463,494,
197,63,123,89,316,393,155,452,487,538,
186,497,155,507,105,195,468,497,161,40,129,369,333,228,352,418,467,12,259,
438,497,347,385,125,12,236,277,435,65,80,206,254,324,6,12,39,439,
545,22,67,264,521,359,408,293,344,424,251,388,395,273,197,35,268,372,218,337,410,126,539,287,3,262,45,97,339,245,260,181,530,6,155,384,457,341,195,249,115,241,117,351,358,17,4,377,28,49,211,183,50,324,532,144,276,530,34,292,415,423,457,327,359,6,412,455,77,139,262,136,219,242,426,222,332,341,249,97,151,255,269,309,321,177,
148,334,125,188,111,15,226,331,443,117,
365,549,12,15,56,265,354,52,221,227,339,356,368,6,260,320,360,32,
289,152,178,174,196,230,341,63,396,503,
309,347,155,536,239,545,316,
353,137,337,6,537,326,10,177,400,491,241,419,2,491,330,390,3,147,257,424,492,
510,128,72,375,392,464,522,181,160,465,0,198,9,418,495,63,101,3,539,95,368,394,464,8,279,179,211,294,337,496,277,332,465,531,201,252,312,421,
344,215,221,98,164,263,436,211,205,11,183,183,531,112,105,88,408,516,426,529,2,41,26,12,300,374,218,234,255,355,27,190,20,38,85,176,221,473,82,361,35,499,
475,188,92,129,178,247,409,26,330,
16,135,347,301,81,521,35,66,96,167,334,487,13,253,170,208,325,501,294,399,
497,84,410,26,124,146,358,158,335,458,367,71,277,479,377,11,544,28,135,53,244,401,385,413,104,477,347,380,139,203,539,252,305,474,180,48,165,430,142,190,412,459,463,198,
374,135,238,139,113,92,315,202,394,312,517,304,201,217,39,485,168,172,379,548,292,353,409,464,505,120,205,178,93,321,459,6,316,449,173,115,168,239,249,306,389,316,514,440,130,416,
310,188,71,137,363,371,347,
380,407,306,28,102,31,74,162,175,162,434,493,209,358,142,248,266,275,52,542,302,423,161,169,191,97,505,525,510,99,68,69,57,472,483,298,200,31,402,163,313,29,11,166,492,523,206,89,488,87,114,490,270,324,345,493,291,236,28,216,252,270,379,381,12,467,481,148,249,325,546,220,470,467,425,
368,440,413,100,333,38,228,175,213,365,166,243,345,423,432,
187,471,132,403,140,165,233,355,48,434,249,264,439,319,
205,385,374,16,286,
178,525,80,374,289,182,227,368,491,58,126,470,11,520,168,349,408,155,242,296,354,15,36,31,328,391,500,
279,251,337,166,409,107,
132,29,0,52,371,366,63,238,113,32,365,527,194,259,362,56,173,462,265,439,279,28,335,242,376,407,32,410,110,547,429,434,233,292,43,543,103,539,75,125,549,187,372,483,17,409,304,58,322,266,406,116,381,391,538,
482,510,356,29,149,406,414,400,239,255,510,56,232,265,416,448,
403,187,399,78,391,92,
223,150,
326,58,224,43,89,101,288,427,453,41,528,107,108,199,14,409,230,266,270,7,432,438,193,330,276,459,461,482,549,311,353,56,483,414,27,480,512,186,259,356,123,254,284,363,
371,215,125,341,
65,32,334,333,248,286,148,175,432,40,47,130,140,363,283,541,354,355,516,58,538,92,466,215,59,82,290,
337,485,424,187,119,164,237,14,402,371,352,330,281,215,208,367,281,543,409,523,303,494,46,396,328,278,356,250,462,342,381,64,125,276,498,505,340,362,375,145,169,20,504,117,353,52,26,153,22,444,25,502,421,39,279,355,392,425,438,359,527,378,430,140,223,231,205,443,91,229,3,273,379,466,64,521,409,376,420,429,272,411,
248,125,74,290,491,542,156,176,366,485,422,532,144,160,331,356,97,314,
256,462,36,61,218,342,63,268,449,49,74,225,66,520,532,239,392,467,494,
46,10,431,48,211,121,237,52,298,101,398,433,529,70,90,24,359,524,371,185,219,369,60,361,34,165,307,192,264,22,332,344,196,236,271,296,13,75,510,299,461,173,233,244,366,482,35,79,129,377,453,106,176,321,337,348,
408,135,188,157,155,
148,65,
311,326,510,
36,510,178,
165,
380,125,158,63,
40,135,65,334,
144,440,502,
339,517,226,
56,314,326,
19,
249,545,187,
238,399,135,70,
116,132,334,
474,314,135,
317,288,72,
140,65,488,
537,282,353,494,
232,135,57,
510,46,482,
18,541,190,
42,236,
340,233,449,
316,374,197,309,
497,186,438,
491,353,248,
518,135,368,
330,353,341,
92,65,374,475,
493,375,391,
194,132,329,
198,449,
63,197,510,380,
378,
129,186,198,
112,344,156,401,135,
32,65,365,
105,
493,380,314,165,
141,188,155,
129,46,494,
493,314,198,
341,289,425,
140,515,22,129,42,60,222,
22,
58,178,
491,353,334,
286,435,65,205,239,
312,494,
549,365,326,
352,186,517,
367,399,
243,54,
354,178,365,
541,65,18,
224,326,
56,482,366,
324,188,378,
232,482,
366,248,56,
190,18,29,114,350,296,474,87,
48,497,187,
535,139,198,
488,140,198,
369,345,502,
490,399,188,
471,187,
542,347,
292,374,285,236,
74,
144,341,
425,510,337,
70,375,46,
358,345,435,
6,438,365,
360,365,
263,188,
36,125,256,
282,50,
49,314,256,
418,186,
233,341,340,
233,187,362,
279,502,
423,
380,347,
44,440,328,190,
487,228,207,394,434,202,465,301,
173,374,46,206,
505,
390,150,
17,334,132,
167,502,
200,161,
21,50,
494,256,375,
238,494,425,198,
115,399,391,
411,50,337,
390,139,135,
79,46,236,
501,16,198,
106,198,46,
500,178,
344,345,462,
20,344,
483,132,326,
160,510,248,
515,362,188,
331,248,148,
123,197,326,
156,112,211,
75,132,46,
148,150,380,
155,341,178,
369,186,236,
114,190,
175,211,
183,188,344,511,
75,494,
485,248,517,
208,16,
5,50,198,
314,483,248,
487,197,362,
441,50,188,
461,50,409,
93,374,288,
190,497,435,44,
257,391,229,270,
481,380,391,
2,353,
165,497,314,493,
430,497,502,
531,510,
314,375,529,
254,438,326,
409,279,475,
144,362,248,345,
114,529,
426,125,344,
197,50,
216,188,334,
303,494,125,447,
250,362,188,
196,46,289,
9,510,375,
241,353,
125,438,132,
215,440,371,
280,517,161,
305,155,
30,494,
239,309,256,
431,391,
521,462,16,491,
487,391,
206,438,173,
242,12,322,
509,188,517,
385,440,438,205,
474,190,
242,545,
464,399,510,
177,66,
386,278,
38,
487,435,16,
70,341,238,
365,135,368,
355,399,187,
27,326,12,
19,
512,512,73,
35,449,
285,
328,345,
349,178,
71,310,
118,285,
119,334,
396,289,
492,353,161,
499,211,344,
391,178,132,
520,155,
187,347,
286,502,449,
423,368,
536,309,517,
92,188,403,
162,517,50,
532,50,161,
226,339,12,
158,380,
412,497,341,
381,132,
538,197,132,
546,135,11,
463,497,375,
321,46,545,
278,425,409,
125,150,
410,278,
427,188,
418,510,
426,545,314,
251,545,
469,39,
99,510,380,
209,380,482,
13,16,
166,279,368,
239,286,482,
16,409,205,
82,344,
406,341,132,
332,135,510,
379,337,
271,391,
66,16,435,
58,65,132,
165,187,482,
488,347,
434,345,187,
56,365,341,
322,391,409,
482,46,
350,
385,517,497,
301,16,487,
130,65,
544,12,347,
152,211,289,
414,482,326,199,
352,462,
169,278,
456,399,
459,326,374,
155,517,408,
417,341,
142,497,155,
53,345,
506,150,
12,186,438,361,
15,148,178,
57,314,188,232,
313,198,425,
329,194,
177,347,545,
101,326,46,
38,125,368,
168,278,198,
269,
299,278,46,
174,150,
80,438,
35,344,46,
21,435,440,
28,440,380,
307,399,
7,314,326,
227,365,
226,148,
221,365,
111,148,
15,135,420,
52,46,365,
172,374,193,
205,344,494,
277,435,438,
153,12,
361,344,12,
249,380,374,
532,248,161,
239,374,188,
390,353,375,
6,545,
281,517,337,
499,362,462,
296,178,190,
501,135,
368,178,
328,44,
234,344,
134,483,188,
170,168,502,
294,510,16,
447,303,
228,368,155,
389,155,
199,326,188,414,
300,344,231,
415,375,
277,497,
164,462,
432,368,375,
219,314,545,
320,517,
130,188,
247,475,341,
484,188,322,
276,188,545,
211,344,198,
77,545,
422,248,362,
297,188,
186,326,
517,494,
13,135,46,
45,
483,161,362,
366,46,
157,135,
538,65,
314,409,
419,362,353,
146,435,
450,155,
100,188,440,
542,440,248,
498,334,
328,178,510,
338,211,341,
454,483,
0,198,
371,310,125,
185,494,
439,438,
123,502,
544,135,
290,65,188,
148,435,155,
74,409,
528,188,
467,256,380,
272,337,
330,475,425,
97,545,248,
140,150,
235,236,
130,374,188,
448,494,482,
243,368,
337,46,188,
452,197,198,
348,46,
459,497,
273,362,
17,494,425,
503,289,440,
260,341,365,
541,39,
129,435,475,
334,510,391,
362,494,345,
275,135,
195,
82,65,
265,482,135,
63,289,
41,347,344,
38,517,449,
397,375,
343,125,
207,487,
457,502,
228,186,150,
337,483,11,
