0,39,
317,225,466,
519,304,
275,297,139,
493,18,280,
288,
160,542,283,
419,105,
335,464,
470,138,
270,434,
260,372,
166,355,90,223,
526,477,
162,
473,21,
34,200,
549,381,
541,139,
223,166,
535,
57,160,
345,18,
346,408,
544,
451,149,
472,128,
149,27,2,244,451,
549,132,175,
330,467,141,63,306,337,112,14,293,295,138,470,
174,402,273,521,222,98,397,26,76,142,100,92,203,19,39,0,
456,5,137,311,321,361,440,503,411,539,291,216,399,25,484,364,385,9,144,97,5,218,366,540,191,
277,117,400,260,515,37,459,130,341,227,51,228,158,153,118,62,335,482,354,95,155,50,393,262,195,23,512,362,167,173,366,245,340,184,307,333,365,436,284,207,17,519,523,31,8,286,284,29,230,414,181,522,503,224,42,376,167,112,323,403,184,352,92,246,406,126,249,276,304,542,446,295,169,
172,12,189,15,234,256,445,272,499,178,324,426,423,289,54,416,202,404,229,199,516,30,38,274,127,261,208,153,2,149,
67,313,411,94,406,220,537,70,480,418,252,36,515,137,490,212,56,226,447,355,29,69,468,538,325,206,392,302,108,338,372,161,291,4,287,437,467,91,200,383,398,20,
450,365,387,353,258,396,453,378,136,65,151,72,151,385,407,212,496,185,164,288,123,29,247,84,528,239,208,430,219,149,3,263,361,89,116,481,512,411,263,39,510,447,474,64,430,225,415,123,520,529,66,109,469,463,338,323,337,82,264,205,103,241,6,236,432,11,123,485,436,18,266,458,295,470,26,336,343,158,488,508,256,21,182,463,169,185,456,126,516,320,290,491,35,498,0,296,516,361,305,491,500,265,33,292,258,226,5,424,395,40,398,82,230,322,464,335,
361,252,181,16,347,273,87,543,236,497,461,513,506,318,386,193,330,307,156,
192,201,367,347,362,28,245,91,148,370,77,76,130,38,
154,282,124,31,243,489,105,419,
406,19,24,486,377,135,319,420,258,57,300,329,52,52,27,249,438,233,525,330,389,188,507,376,169,182,438,88,139,308,168,22,467,441,369,163,524,55,204,435,387,478,170,170,120,58,422,84,37,211,400,277,271,459,494,502,501,491,314,56,453,400,15,448,237,186,13,383,334,98,310,405,511,186,73,364,