43,531,156,47,285,357,231,45,217,266,428,457,123,331,
178,14,126,237,140,201,280,294,311,404,193,256,355,158,206,353,234,258,457,319,324,
494,136,477,89,119,135,162,464,27,176,169,306,425,63,196,280,320,542,283,111,478,30,446,506,36,173,357,361,122,302,9,357,391,506,341,362,469,
135,97,174,288,150,95,204,248,119,86,356,374,46,89,97,411,104,345,234,387,186,193,253,398,144,435,118,184,209,419,232,165,428,433,456,295,476,69,322,97,165,216,230,247,274,317,428,310,69,467,198,313,24,326,408,501,436,484,540,88,528,292,61,482,25,334,479,142,196,408,
489,229,380,94,533,231,265,291,466,30,540,165,511,382,
276,119,324,33,161,259,293,300,508,342,311,535,162,
473,93,191,446,95,89,404,489,21,52,234,535,122,112,416,336,240,305,545,291,305,288,498,240,160,369,11,91,10,278,40,194,281,409,213,518,356,115,387,480,426,179,41,256,346,195,51,486,51,13,86,164,132,317,480,133,148,254,302,482,53,98,300,32,334,540,61,280,290,378,516,193,226,281,383,411,
505,375,391,440,
534,46,246,474,242,
365,187,481,122,148,179,106,508,98,208,103,30,339,443,117,269,232,264,407,506,19,131,178,234,412,169,189,250,257,184,190,433,185,78,63,110,61,487,65,80,75,147,219,224,285,12,472,161,448,302,453,469,543,111,239,284,330,520,451,519,141,204,321,430,143,154,2,390,413,544,239,364,449,232,287,376,462,520,
337,485,424,187,119,164,237,14,402,371,352,330,281,215,208,367,329,543,409,523,303,494,46,396,328,286,356,250,462,342,381,64,125,276,498,505,340,362,375,169,20,504,117,353,52,139,153,22,444,25,502,421,261,269,279,355,392,425,438,359,527,226,378,430,
446,473,391,77,185,212,252,251,260,397,64,272,326,222,123,60,143,20,289,506,287,533,323,121,469,497,362,522,
505,380,546,8,311,295,197,426,308,272,135,314,520,
372,380,414,38,230,405,439,478,
443,0,122,323,7,256,50,14,317,359,
169,344,347,84,107,175,365,445,
132,29,0,52,371,366,63,238,425,32,317,365,527,7,259,362,190,56,173,462,265,357,439,279,335,242,376,407,32,419,410,110,547,429,434,
432,338,13,158,225,21,350,30,430,274,380,56,332,309,376,450,155,2,435,170,419,383,516,539,239,49,329,373,204,114,421,518,37,526,
360,116,65,278,538,95,295,510,518,
317,132,164,410,450,511,517,533,545,373,455,73,515,250,284,340,508,
316,9,263,34,323,431,142,81,480,206,313,259,506,0,92,187,116,461,300,438,232,488,529,544,
67,84,498,286,
207,77,111,271,312,340,5,411,243,352,0,310,455,495,314,
125,337,146,447,155,75,254,317,301,248,456,0,374,418,42,264,371,451,493,390,426,148,392,417,
40,473,413,209,160,319,408,531,
117,365,118,47,103,117,149,126,156,222,347,388,547,32,209,221,509,236,237,301,178,356,382,387,143,497,328,355,396,168,353,297,125,32,494,240,21,86,293,356,413,314,5,30,86,233,239,412,489,
510,482,235,380,544,223,110,204,258,200,94,352,160,270,351,425,107,2,113,364,478,263,350,492,148,
116,380,22,360,36,441,95,135,207,257,340,368,170,508,104,110,111,256,285,448,536,360,233,263,304,269,119,467,391,
234,240,171,182,452,342,76,406,249,375,48,93,491,338,506,82,94,133,80,286,319,329,333,532,272,145,407,478,142,470,282,186,36,329,220,427,507,248,92,13,122,158,45,392,525,352,389,413,178,305,392,520,501,523,366,378,442,260,538,2,172,326,
145,262,381,156,138,94,213,387,130,176,25,96,455,497,314,392,533,212,125,459,173,288,397,60,363,165,
408,135,
187,62,263,469,396,208,303,146,151,430,494,268,251,93,241,384,254,413,232,238,365,89,69,426,470,359,419,158,23,406,246,380,454,531,203,231,168,373,425,103,68,168,213,245,353,452,138,540,478,204,541,222,349,126,237,509,145,11,395,45,164,128,394,434,458,34,530,172,35,56,371,128,488,527,37,61,64,16,317,27,410,75,339,436,192,186,364,502,298,493,141,144,174,254,273,476,478,548,71,142,205,116,100,410,460,498,
344,215,221,98,164,263,436,229,503,3,11,169,183,112,105,165,408,516,426,529,2,518,26,
61,529,517,
440,290,340,368,384,544,188,227,353,40,385,443,280,285,505,
454,213,138,318,33,174,393,92,206,463,335,57,431,84,31,305,318,70,141,148,290,420,320,410,432,22,197,207,413,333,113,220,237,263,
155,125,545,455,432,415,
282,234,388,172,316,478,
347,230,231,334,515,526,14,266,547,3,169,7,535,203,328,348,285,438,
148,22,375,303,370,5,60,237,300,8,397,513,216,356,170,249,260,145,44,473,98,132,104,20,100,233,285,358,125,243,395,487,113,130,528,401,468,
242,40,190,79,199,462,256,130,228,273,374,399,508,534,277,547,219,74,361,301,534,
300,148,498,229,229,222,250,9,371,65,371,499,60,122,169,461,107,534,324,356,496,266,
425,494,119,132,81,202,8,170,480,26,279,284,377,
487,228,365,148,
207,116,392,116,436,85,276,408,51,183,239,411,442,464,236,455,
122,473,193,159,278,134,248,47,231,251,278,77,131,65,75,206,249,271,384,443,85,111,171,328,361,458,273,545,131,176,38,336,497,211,435,445,449,463,258,293,391,60,
341,188,545,176,322,328,302,118,393,297,230,159,352,483,275,383,387,14,494,524,324,500,
145,391,187,385,140,
510,72,375,392,464,522,116,487,
236,529,415,456,478,207,161,235,
7,132,153,218,508,531,544,
497,84,410,184,124,146,358,158,335,273,367,154,277,479,377,11,544,28,135,244,317,401,
188,217,128,257,63,231,400,341,145,216,57,160,47,183,291,448,408,64,411,67,273,342,120,199,276,378,449,
383,80,7,290,92,183,210,411,527,475,211,278,282,39,187,214,228,410,466,81,39,309,71,110,538,10,102,378,482,508,516,90,32,401,77,265,328,36,160,365,172,174,302,131,181,356,468,129,277,385,393,511,266,406,163,356,492,538,
295,374,135,505,93,97,108,128,143,410,471,465,
374,135,238,139,113,549,315,202,394,517,295,304,201,217,467,485,128,5,379,548,292,353,409,464,505,
41,0,5,414,456,488,498,40,177,237,411,
363,311,203,169,237,149,265,505,53,527,11,41,95,286,460,222,484,543,189,389,36,84,200,48,176,168,424,468,352,44,428,375,419,149,164,51,6,259,433,515,516,
391,145,70,432,34,103,259,231,108,345,367,265,249,261,230,199,324,84,257,153,202,150,302,446,85,436,234,298,334,473,22,290,144,129,211,267,4,502,336,52,499,60,223,410,527,450,150,497,505,210,428,492,58,229,407,
498,158,473,330,46,37,67,307,112,258,371,343,106,301,524,18,176,433,114,225,92,8,317,346,414,215,308,418,
334,499,65,216,93,148,205,158,
357,494,186,261,
52,545,467,90,119,191,298,267,478,496,365,536,
326,446,224,408,43,89,101,288,391,453,41,528,107,108,199,229,269,409,234,230,
196,494,380,41,223,19,16,434,475,511,63,129,292,399,528,529,85,135,372,395,
529,252,61,134,236,248,414,419,156,164,234,541,14,320,513,340,266,342,
86,262,135,290,78,155,167,262,379,135,457,515,541,523,293,423,512,533,
449,380,278,117,26,245,468,
314,145,380,305,418,498,
533,45,401,148,158,30,272,191,230,419,429,14,56,168,19,117,519,205,434,168,204,97,342,272,321,345,
375,234,380,114,148,230,300,79,153,103,36,293,104,25,468,492,14,294,322,357,218,70,155,211,253,343,450,485,505,209,64,536,23,509,
0,125,41,443,442,284,434,355,158,196,232,269,334,480,153,382,487,
246,546,91,301,543,436,117,36,142,337,435,143,294,304,439,445,489,
240,322,473,211,234,260,321,408,242,304,250,522,
392,153,323,144,198,207,313,335,339,233,49,136,236,365,482,78,214,20,190,30,544,200,
46,10,431,48,211,121,237,296,298,101,433,529,70,90,24,359,524,156,185,219,369,60,361,34,165,307,393,533,
19,196,230,262,145,
271,207,
380,369,238,113,109,174,104,88,85,55,434,529,500,441,230,266,16,488,507,408,396,515,71,137,501,331,334,78,178,434,64,409,325,359,346,194,175,541,197,282,373,386,281,419,487,500,260,295,324,333,391,319,493,12,440,448,14,282,94,125,437,234,362,332,436,161,422,374,79,86,96,495,227,252,449,535,164,194,419,517,256,236,222,399,525,85,285,343,520,149,298,124,444,18,176,30,489,336,362,5,447,461,508,174,221,224,314,406,542,220,251,341,385,141,163,191,
391,494,326,198,122,116,
545,22,67,264,521,359,408,293,344,424,310,388,395,273,197,35,268,372,218,337,410,126,539,287,3,262,302,45,97,339,245,295,181,530,6,155,384,457,341,195,249,115,52,241,117,351,364,358,160,189,377,28,49,170,183,50,324,532,196,276,530,34,
425,230,50,228,287,194,383,396,133,220,395,408,
380,187,306,28,102,31,74,162,175,162,434,493,116,358,142,248,266,275,52,542,302,423,161,169,191,372,505,196,119,505,525,510,68,69,74,57,472,483,298,200,31,402,163,313,503,7,166,492,523,494,206,536,
189,545,363,
156,43,46,46,
283,494,
142,368,316,135,22,193,
428,135,363,65,
399,242,196,54,
335,392,48,
494,380,341,
533,489,145,
473,286,148,
502,391,
323,281,
191,52,
278,383,473,428,
39,147,
176,498,145,520,526,
260,446,
125,117,356,
502,337,
506,494,
133,532,234,366,546,
323,316,446,443,392,
254,125,
161,365,
116,510,187,
413,234,117,
322,341,240,364,225,
211,240,375,
390,365,
103,375,187,
230,533,341,
145,148,188,19,
229,326,344,
531,43,
30,494,117,
193,135,
65,428,334,
178,525,234,
357,132,43,494,
478,236,52,
362,132,494,
461,300,380,
309,432,
317,497,443,
119,380,110,
57,188,
385,380,440,438,
308,505,
296,46,
190,365,242,
168,533,363,
44,148,
353,117,337,
194,425,
130,145,242,
314,117,505,207,
93,334,295,
3,347,344,
254,187,
378,473,
456,41,236,
196,545,0,
57,454,
517,317,374,61,
79,375,242,
158,358,234,178,334,
256,473,380,
65,300,122,
438,347,385,
411,383,
408,207,326,
104,116,
542,494,
145,234,362,
256,443,
7,380,443,508,
184,497,
165,344,145,
248,125,234,
365,169,52,
37,432,
160,545,510,295,
273,188,187,
285,116,43,
413,400,8,368,503,40,511,
104,
273,497,122,
148,454,
503,380,344,413,397,
88,380,338,
260,240,234,
329,337,432,
230,19,
541,86,
313,392,316,
257,391,116,229,
279,337,
497,391,122,
539,432,
508,317,7,
229,489,391,
445,169,246,
118,285,
5,380,374,
284,317,425,
531,40,7,
301,125,242,
522,240,446,
223,196,510,
295,160,545,
508,380,116,
529,46,196,
482,392,135,
232,0,365,
497,446,
60,446,46,122,
205,187,
31,454,
364,187,545,322,493,
515,86,317,
34,545,
188,440,
239,117,
233,392,117,
272,533,
480,316,473,
542,380,454,
261,337,391,357,
187,471,
442,234,
319,40,178,
237,41,454,
536,380,52,
411,41,473,
410,295,187,
498,314,187,
408,40,425,
439,246,372,
383,473,
229,300,257,
431,316,454,46,
378,383,234,
129,383,
125,148,145,
488,41,316,
2,234,365,
528,135,
239,432,365,
467,374,52,
26,425,
22,454,142,
482,383,510,356,
141,187,365,
47,43,
529,
284,0,
333,234,301,
108,295,
231,43,
230,372,347,
544,7,316,
48,363,
400,188,
216,188,334,
455,207,145,
368,440,413,142,
529,316,344,
190,392,132,
414,41,498,
457,178,
304,240,116,
50,425,545,
209,40,
480,425,0,
116,316,
419,432,533,
209,375,
286,473,337,
183,207,545,
154,365,497,
371,187,125,341,
197,454,505,
231,489,
353,178,440,
493,125,
37,498,
140,178,
172,
110,116,119,132,
224,380,326,
425,510,337,
9,300,316,
232,135,
310,545,18,135,
290,86,391,
471,187,
226,337,473,
193,142,473,
518,360,344,
510,360,
321,533,
406,383,
144,391,392,
292,374,285,
51,473,
520,505,365,
148,334,125,
471,295,
285,347,440,
24,
143,246,295,
395,196,425,
378,337,188,
409,374,
281,323,473,
276,188,545,
160,40,
173,494,
290,454,440,
100,187,148,
171,122,
267,52,
170,425,432,
199,326,188,
239,207,365,
348,347,
269,0,326,116,
408,135,188,
426,125,344,
65,360,
336,391,380,
139,337,
206,122,316,
272,446,234,505,
433,365,135,315,
459,145,
170,116,545,
101,326,46,
113,148,510,
147,39,
135,86,
112,344,498,
51,207,363,
520,234,176,
436,187,135,
342,529,188,276,
70,375,46,
392,145,337,323,
266,383,529,
138,145,
436,344,207,
46,156,534,
392,125,234,
466,
393,46,
478,282,372,
117,246,533,
14,443,341,
509,375,117,
161,236,
156,145,
62,
330,365,
104,375,148,
525,230,
463,122,
548,374,
361,46,242,
496,52,300,
511,489,
397,145,503,
433,363,
220,380,
40,242,440,41,
204,432,533,
263,116,510,454,
94,145,234,
277,497,242,
540,473,489,
362,145,446,
426,473,505,
412,117,
549,374,
534,242,300,
447,125,
343,375,
269,337,
162,276,
479,135,
490,329,
302,545,391,
94,
92,454,
419,132,
94,489,510,
124,428,
304,246,476,
245,449,
48,335,
88,135,
262,19,
36,116,246,
64,375,
341,380,494,371,
515,347,
371,300,
89,494,
408,240,344,
210,391,
311,276,
413,454,365,
65,
163,383,
363,
525,178,
134,122,368,529,
485,375,
256,116,242,
63,494,188,
85,207,196,263,
406,380,
36,383,
8,413,505,
544,510,
177,66,
512,86,
21,
307,46,
464,374,
218,7,
377,425,545,
95,360,
153,7,0,
128,374,295,
97,533,295,
114,432,
489,246,
206,380,178,
526,176,432,
135,505,497,
119,116,
363,145,
23,375,
436,
487,0,510,
235,236,
74,380,242,
401,148,497,
250,240,317,
121,446,
467,116,
232,316,365,
186,187,357,
418,314,498,
104,
220,425,454,
34,46,
293,86,122,
423,86,
38,372,
294,285,246,
172,282,
407,391,
92,498,
533,46,86,
455,207,
324,341,178,
