-0.0413394921637624
0.05310154955465
0.126244063227232
0.144675745264733
0.154514280700904
0.156119437957813
0.149136757342592
0.16155873513609
0.168123786870881
0.170200260383521
0.174948266226911
0.178334682470675
0.180820750604319
0.185978612353093
0.190133561745074
0.191212035297805
0.192084246196014
0.194142852902595
0.196411091949855
0.20415343972789
0.207593402977544
0.205981240207556
0.212760309988084
0.20704378528504
0.207892607306994
0.209040656619058
0.206966381564931
0.210624029834208
0.202399305855626
0.199520163387862
0.198452268325617
0.202173726730841
0.200004450860776
0.203599672887538
0.202242110302686
0.19937761833288
0.193215314893275
0.186968613809197
0.183783428199077
0.188663026297716
0.190975500073763
0.193960642307702
0.192431977986031
0.191157541819945
0.189691038034757
0.189753094118143
0.186413473805144
0.183860061550117
0.183132777756763
0.18484093604934
0.187737611322777
0.187218297285401
0.191151076378742
0.186406183118253
0.18393368566431
0.184673667333741
0.186086527611261
0.188705622262185
0.193415976409635
0.193015456488418
0.191361857743042
0.190308787251924
0.193181769141977
0.191962128500018
0.195145562792818
0.203196306347244
0.202245448934671
0.205787244291531
0.209662931287337
0.209428232037027
0.211795097742569
0.213937935473858
0.214170636623159
0.216929380670269
0.217037186419609
0.214275612258299
0.21334623751672
0.212996002435065
0.216716818837234
0.220219086952161
0.219857042478583
0.215546594367261
0.214977691832311
0.217162608391267
0.220878913506938
0.225777620415592
0.2285731974538
0.229025892782751
0.227279107371316
0.229187464888286
0.234125769661407
0.235889637308521
0.233716662990319
0.235137816207709
0.237356369126523
0.242621764544783
0.244898308960828
0.2434395005093
0.241724866111704
0.243935790206413
