0.300949604407762
0.295775797828456
0.296262771188606
0.294107999868896
0.298065076206742
0.304611251284873
0.323516520913167
0.352389561888218
0.35950126295208
0.365918107051591
0.374605587972315
0.388244223014401
0.395379869290089
0.400970200803138
0.403214647178468
0.40410460716452
0.409912088518726
0.414520765958131
0.411230092027613
0.411199176714262
0.41140024225331
0.408481928808585
0.413651154588672
0.414850523136551
0.411193696896933
0.412155454227428
0.408266635696798
0.410449084280705
0.402368731334452
0.39942559007903
0.395953520394432
0.399809434360249
0.394645753631735
0.396925387974385
0.397248798087347
0.396410134786966
0.394590408274089
0.388245683842775
0.388158721985018
0.392332507332915
0.39750607173609
0.395712440652647
0.393558656652264
0.391958038057127
0.390530300595895
0.392970252049806
0.392818488355404
0.393559405808203
0.39355364968693
0.397352860514696
0.401597516150554
0.402228128745055
0.405190419622299
0.403587263767166
0.409200181375162
0.410672450438326
0.413804719276297
0.415975583643712
0.421541743730733
0.420611926653335
0.419849641264414
0.419731278136389
0.422694486521256
0.424914843635246
0.426287871992392
0.43124709431664
0.434490821084451
0.436991487978672
0.442265493479828
0.440559056066876
0.43947896307145
0.441525298649139
0.440325783115274
0.441771236596469
0.443519859887905
0.440949506909832
0.439936453084087
0.441177811286942
0.442683547314421
0.443194537793432
0.444790503879432
0.440173528278265
0.437148670292054
0.438324780519129
0.437888919437405
0.442194857237982
0.446009911910041
0.444029527264549
0.442017100375211
0.44040724145015
0.444302612346991
0.448895565785493
0.449946989482635
0.450423220793801
0.453018393955691
0.457462252011351
0.459497994240097
0.458589293366634
0.460589988026137
0.463781649777915
