5.53777777777778
6.22888888888889
3.24
4.20222222222222
4.77777777777778
4.89777777777778
5.24666666666667
5.30666666666667
5.35555555555556
5.41111111111111
5.46444444444444
5.36222222222222
5.32666666666667
5.26444444444444
5.20888888888889
5.04444444444444
4.90222222222222
4.79777777777778
4.82
4.57555555555556
4.44222222222222
4.27333333333333
4.12222222222222
3.91555555555556
3.72444444444444
3.62222222222222
3.47333333333333
3.38
3.23333333333333
3.12
3.02666666666667
2.86666666666667
2.7
2.67777777777778
2.63111111111111
2.48222222222222
2.42666666666667
2.33777777777778
2.24222222222222
2.18
2.10666666666667
2.03777777777778
1.96444444444444
1.88444444444444
1.82666666666667
1.75333333333333
1.70444444444444
1.66888888888889
1.58
1.53777777777778
1.50444444444444
1.46888888888889
1.40222222222222
1.37111111111111
1.35333333333333
1.34
1.31111111111111
1.28888888888889
1.26222222222222
1.24888888888889
1.24
1.21111111111111
1.20666666666667
1.19555555555556
1.18666666666667
1.18444444444444
1.18222222222222
1.15555555555556
1.15111111111111
1.13111111111111
1.08222222222222
1.08222222222222
1.08
1.07555555555556
1.07555555555556
1.07555555555556
1.07555555555556
1.07777777777778
1.06888888888889
1.07111111111111
1.06888888888889
1.05111111111111
1.04888888888889
1.04666666666667
1.04666666666667
1.04666666666667
1.02666666666667
1.02666666666667
1.02666666666667
1.02666666666667
1.02666666666667
1.02666666666667
1.02444444444444
1.00444444444444
1.00444444444444
1.00444444444444
1.00444444444444
1.00444444444444
1.00444444444444
1.00222222222222
