0.302222222222222
1.75777777777778
2.03333333333333
3.39111111111111
4.61777777777778
5.66888888888889
6.94
7.50444444444444
8.25333333333333
8.75777777777778
9.69555555555556
10.3022222222222
11.0422222222222
11.4822222222222
11.9577777777778
11.9844444444444
12.3266666666667
12.4577777777778
13.7777777777778
13.5466666666667
13.8555555555556
14.1222222222222
14.5977777777778
14.9933333333333
15.0244444444444
15.5666666666667
15.2977777777778
15.4466666666667
15.5644444444444
15.6266666666667
16.28
15.6911111111111
15.6155555555556
16.3
17.2933333333333
17.2911111111111
17.6733333333333
17.4933333333333
17.1977777777778
17.7866666666667
17.5
17.2355555555556
17.1066666666667
16.4533333333333
16.9222222222222
16.3755555555556
16.6311111111111
16.4733333333333
15.8177777777778
16.0222222222222
15.8666666666667
15.4888888888889
15.1577777777778
15.3044444444444
15.8022222222222
16.36
16.7533333333333
15.9111111111111
16.38
16.6688888888889
17.0244444444444
16.9488888888889
17.3466666666667
17.7866666666667
18.08
17.9733333333333
17.9844444444444
16.8377777777778
16.4844444444444
16.4644444444444
16.0022222222222
16.1555555555556
16.4755555555556
16.9066666666667
16.74
16.7266666666667
17.0577777777778
16.82
16.4666666666667
16.0711111111111
16.0288888888889
16.2022222222222
16.1755555555556
16.4688888888889
16.5844444444444
16.5711111111111
16.1288888888889
15.8777777777778
15.96
15.9755555555556
15.9466666666667
16.0044444444444
15.9866666666667
15.5688888888889
15.7822222222222
15.6488888888889
15.6266666666667
15.1755555555556
15.3466666666667
15.6511111111111
