0.0349680170575693
0.359464152815679
0.763837064676617
0.760106471468974
0.790969899665552
0.803371697195656
0.792835143459232
0.802933985330073
0.815455594002307
0.821087314662273
0.827870202602537
0.833388212051366
0.831417004048583
0.845796637309848
0.851522020725389
0.86072692183982
0.857097237745489
0.863472858077175
0.868037440540126
0.875181656709188
0.88005711565921
0.881448104412679
0.883071553228621
0.887142857142857
0.902156158118262
0.901395348837209
0.900825082508251
0.903771534999224
0.913104089219331
0.91551724137931
0.917198443579767
0.921683798335781
0.924885592551681
0.926893353941267
0.930247009476464
0.930856875292649
0.929463741620963
0.931524341580207
0.932089909134386
0.935636752790093
0.940303272146848
0.933138641254227
0.937240498243373
0.939316102103066
0.942626763839355
0.93974732750243
0.944958371877891
0.941339416653088
0.947087454859476
0.944178135147673
0.94503937007874
0.944700460829493
0.947073474470735
0.94759273875296
0.946231472721539
0.946805258330786
0.944215530903328
0.945871261378413
0.945625
0.945224719101124
0.945226917057903
0.946464181622948
0.944461444308446
0.947861568686716
0.945324398416083
0.947606824701797
0.947104423164615
0.950306550500161
0.948342928271355
0.948150441108188
0.947647242131505
0.949269671744935
0.949137009317245
0.946477169640157
0.950218735857595
0.950373366521469
0.950180166066113
0.947351927295519
0.949984172206394
0.950391644908616
0.949084484420173
0.948113933795227
0.94798418972332
0.947692770178867
0.948609146628949
0.947441005209929
0.950046540490227
0.947946878339185
0.951563458001226
0.948667174409749
0.949031758326878
0.950155279503106
0.94892221180881
0.949672106146103
0.947662985932537
0.950052497375131
0.951451763971277
0.9523003539006
0.947910357359176
0.949066992964209
