0.287029284594445
0.338251579955556
0.211111182566667
0.173616809555556
0.157906960433333
0.151211215522222
0.152238732144445
0.148215814694444
0.143266043477778
0.141205730666667
0.141744284155556
0.141439524644445
0.138694397366667
0.137044524677778
0.135560062438889
0.133167946044445
0.135637146477778
0.133525398388889
0.136282493183334
0.132424333355556
0.128392712261111
0.128004322005556
0.128776882316667
0.131778754355556
0.132489221305556
0.132258086116667
0.129401901994445
0.125783511311111
0.124108521788889
0.118739847361111
0.118807815716667
0.115089457472222
0.112414797255556
0.114339067894445
0.114703389872222
0.1132459025
0.110845231905556
0.108545877777778
0.107432587027778
0.109767217516667
0.108078736683333
0.1057991432
0.106482680511111
0.106918990666667
0.105196245411111
0.101551587922222
0.0998173454222223
0.099766384411111
0.0971373808444445
0.0971026290888889
0.0952991654388889
0.0956837904777779
0.0939353960111112
0.0956821975333334
0.09635624565
0.0975885986
0.0959023497444446
0.0954440978111111
0.0957060685222223
0.0965498252055557
0.0965947994722223
0.093552554088889
0.0911830993000001
0.0909946689222223
0.0906338916444446
0.0889614062444444
0.0892343086055556
0.0884793353944444
0.0876628748722223
0.08794795025
0.0863880846666667
0.0880808816111112
0.0860653582166668
0.0871231427555556
0.0840875396444445
0.0819021263555556
0.0799170834444445
0.0806342019944445
0.0809038495166667
0.0825119071444445
0.0819322664944445
0.0826665204500001
0.0811686653833334
0.0813690013333334
0.0825492503166667
0.08169813255
0.0825144244055557
0.0815259372666668
0.0812259128944445
0.0804331288944445
0.0824563944166667
0.0822355636166668
0.0832814959500001
0.0815499821055557
0.0801608584555556
0.079268658238889
0.079532655938889
0.0776274887111112
0.0774645356722223
0.0777418953666668
