NaN
0.0442332265238591
0.273144167178515
0.45056657773375
0.650913121969007
0.806520599394076
0.880699875821741
0.906948134783103
0.903769715661046
0.923480278658435
0.909350797998462
0.921704880125248
0.929556943023407
0.935110090151496
0.941158361127432
0.943578215943481
0.946505546832062
0.948555579698415
0.969152395403498
0.953803277136758
0.964468535324217
0.965706376750201
0.961308996829387
0.972734806090821
0.967534658425788
0.974083405910127
0.964555614016508
0.983958147233484
0.981254088706266
0.972104664789474
0.979041370225698
0.971657194258188
0.973517877892324
0.985541956941119
0.981799552479805
0.975664785013579
0.981915027499143
0.979088636442635
0.971826088896816
0.980657316387605
0.9746984634799
0.978097733959339
0.974872968161352
0.966873793316193
0.983801693492646
0.974723368488694
0.983485776821764
0.972269732145984
0.969897107651829
0.975413548884018
0.98381961061992
0.98053537509466
0.985505546872929
0.974257071316616
0.973887487275743
0.979954432148133
0.979045226826171
0.971156772305336
0.975622298003408
0.984120321699825
0.977631456706536
0.981529955203068
0.987451554244349
0.9844167740736
0.983984506105868
0.978010121396834
0.986980019240368
0.958573104853049
0.971345929058933
0.983219934282338
0.974305083252056
0.981858199005129
0.986162051704525
0.983110888353529
0.981333268288834
0.970265196392946
0.978895836822901
0.97017768045213
0.966153987781521
0.971199501641699
0.978100281046993
0.978951850399033
0.979371856674043
0.981433506522645
0.968571972177822
0.982379086895161
0.985466635506189
0.973638745599809
0.979917865641634
0.978860884270592
0.979949657069921
0.97985942319343
0.971495337635578
0.986486252680324
0.984491519694888
0.980427308102727
0.974922592705081
0.980137244761355
0.982929054677184
0.978937976098021
