250,289,324,60,199,113,200,40,315,146,340,250,
398,331,172,138,88,126,
473,506,8,193,153,313,311,216,412,238,25,405,377,445,157,299,128,370,
246,232,38,210,187,403,4,228,157,330,310,31,273,44,87,90,543,210,358,184,474,451,306,
479,239,23,538,134,374,
285,4,456,
89,63,399,495,
159,109,270,265,401,192,138,487,75,270,56,362,14,46,39,265,320,90,442,440,151,527,325,326,221,202,97,507,341,63,96,310,440,197,33,
450,346,474,121,130,166,81,162,431,416,351,523,455,95,54,493,54,402,
325,226,481,239,158,451,497,270,192,159,67,377,523,338,496,216,262,201,323,471,10,126,333,431,506,529,
365,151,222,135,74,97,141,407,162,276,323,270,175,421,431,75,72,221,416,484,429,466,512,409,382,175,
30,412,484,358,450,349,232,210,250,201,508,514,468,162,402,402,534,112,376,66,238,
153,412,473,344,324,11,5,157,503,16,65,106,123,523,79,302,448,43,104,106,473,528,32,274,374,442,
44,96,57,143,399,187,211,448,368,
435,57,136,390,
387,236,447,479,498,227,234,543,472,418,263,151,388,127,461,307,228,
50,523,175,367,464,37,487,159,199,128,90,339,200,246,219,35,349,134,4,158,364,256,106,310,44,52,400,115,286,440,219,527,198,213,393,449,
406,281,881,402,92,169,209,298,265,487,276,210,404,188,451,468,402,4,122,142,328,303,63,68,113,369,164,456,405,516,105,
370,437,325,137,4,189,381,394,547,394,49,273,302,473,
62,271,371,193,133,316,128,305,246,417,263,20,468,160,65,242,210,357,445,299,89,72,544,472,219,285,538,143,310,440,533,225,511,255,538,390,444,
229,293,212,0,73,464,349,354,171,345,490,473,270,400,374,191,244,336,401,549,67,
220,326,141,506,451,
310,287,429,109,531,338,103,369,77,338,129,272,464,265,154,156,317,522,331,365,176,143,523,493,45,396,
495,530,417,191,6,163,390,96,283,14,223,262,327,316,431,305,377,89,516,382,
12,485,299,174,242,347,341,4,527,325,42,154,265,277,429,
139,37,112,223,18,456,230,321,32,158,424,455,488,46,90,318,445,543,495,132,305,162,494,507,316,
437,362,36,370,72,401,324,292,418,299,466,535,345,247,520,102,202,43,12,517,
367,400,67,54,189,471,
545,449,100,321,205,211,248,232,475,404,
402,113,57,22,226,347,113,442,530,226,157,575,316,74,555,61,59,296,318,954,406,429,74,450,403,210,442,534,526,112,529,1,532,30,251,96,114,543,364,45,5,177,
193,471,66,505,
265,401,159,104,333,216,377,446,406,12,470,117,7,303,472,455,356,441,540,331,374,127,437,437,116,12,252,471,381,272,
466,401,202,238,318,488,252,139,247,246,
100,263,496,136,184,418,213,545,39,9,197,428,429,511,54,259,
324,175,145,75,325,105,46,250,407,438,446,486,141,90,319,459,484,
152,94,667,335,249,486,360,403,66,90,442,214,461,432,380,212,497,216,134,354,293,138,214,22,328,453,336,184,501,280,318,344,
538,366,536,116,438,433,199,69,543,345,310,279,186,151,413,110,102,60,396,431,455,238,36,390,199,542,62,175,235,545,129,90,219,59,171,
112,114,331,96,348,113,139,168,259,396,178,526,178,376,455,109,131,311,523,30,231,445,382,
216,152,398,171,439,477,
232,18,
465,291,330,54,420,191,167,283,99,290,543,416,413,113,104,
213,536,405,
440,430,451,441,354,209,107,60,306,543,113,401,159,21,
0,229,191,40,333,103,193,196,538,461,442,226,408,13,119,96,110,281,374,
374,229,302,403,303,377,184,316,292,437,400,246,196,374,546,330,479,153,
493,417,457,99,349,368,163,268,450,316,305,286,430,
262,387,283,149,274,505,116,162,304,447,30,37,47,233,341,430,324,463,404,75,487,47,472,
12,419,207,469,527,187,141,270,223,517,205,271,319,60,221,17,532,487,8,538,320,520,292,540,291,323,502,265,432,
400,306,45,510,367,387,338,351,397,287,377,244,247,395,161,524,149,263,140,18,372,262,173,
226,402,75,96,487,442,330,49,103,538,519,221,105,
63,357,543,357,255,407,490,538,344,246,255,343,50,485,461,377,352,276,425,4,166,427,171,148,390,311,409,510,158,184,42,202,
449,135,310,322,470,306,529,146,346,379,545,318,289,61,345,385,110,50,
229,110,345,
464,234,487,405,203,382,256,133,23,446,113,338,124,545,165,105,229,401,514,197,199,209,332,533,113,372,218,
186,80,479,282,538,192,203,91,314,28,460,231,53,408,435,458,8,60,124,149,63,457,300,276,
159,50,508,339,258,158,368,313,504,
292,53,324,504,81,329,324,42,18,442,247,12,177,60,374,437,103,104,470,235,108,
349,442,493,435,240,30,45,108,204,90,549,400,549,173,386,324,
5,400,153,402,113,310,224,279,155,387,64,464,506,
55,14,
396,463,285,436,335,419,405,408,471,128,136,401,299,316,242,468,520,132,369,347,
12,58,259,223,134,418,245,199,203,446,88,338,503,126,
144,278,401,309,252,64,14,24,206,276,440,477,355,64,396,379,384,328,109,
133,531,472,536,431,292,390,51,549,200,251,62,345,463,377,146,440,365,525,223,155,157,365,246,68,325,545,
455,538,256,495,222,450,474,369,212,279,259,184,288,375,
56,218,46,
330,175,338,12,207,116,384,233,119,507,153,202,456,189,504,63,178,411,105,495,
540,400,265,12,374,467,141,232,238,167,530,
549,133,289,212,364,517,408,426,344,173,83,246,264,40,289,498,503,401,
200,275,219,456,238,292,250,538,133,216,256,60,38,401,339,467,158,
458,467,
187,112,246,30,370,219,203,316,543,328,387,167,362,233,265,134,40,306,
14,8,159,381,237,5,174,124,407,3,62,122,264,503,197,387,18,534,144,11,133,311,96,
265,310,489,296,187,386,
109,456,115,144,
134,252,63,443,187,262,339,368,302,50,417,11,12,219,8,426,12,218,479,207,141,
32,39,199,527,55,219,82,538,233,288,141,
502,133,114,323,330,421,66,234,423,527,16,12,405,30,60,4,
212,221,125,451,152,109,325,421,219,136,98,192,44,276,476,549,184,398,17,236,56,537,451,184,455,175,27,84,343,456,
271,193,344,474,
30,114,401,493,313,420,202,103,538,540,170,325,502,478,162,536,205,396,413,439,403,333,
405,473,409,406,414,475,165,
530,402,513,370,293,379,62,181,308,540,495,373,273,80,409,134,
390,495,61,30,256,133,232,197,84,63,525,441,103,5,287,457,160,431,255,120,405,538,273,361,442,54,225,457,18,125,116,23,
54,465,328,313,217,268,11,161,422,18,246,
347,529,12,358,113,421,525,396,414,456,143,
4,462,346,523,112,103,285,254,180,126,45,246,295,265,287,72,63,169,406,249,502,51,
310,439,19,449,118,22,549,36,23,84,99,494,531,50,117,488,68,175,11,52,179,201,50,135,161,232,54,370,475,113,200,159,109,
61,66,72,141,505,390,99,127,425,92,76,115,457,487,95,356,227,388,439,204,324,432,399,524,
246,386,549,221,401,165,54,113,466,
45,252,113,4,490,228,63,91,104,549,310,19,
227,417,403,379,488,387,234,504,65,9,485,124,204,57,496,505,531,99,145,221,199,
429,206,484,541,536,142,348,221,286,205,215,543,92,310,335,12,39,401,
234,149,537,464,35,364,255,498,
33,90,114,252,197,5,547,24,225,284,464,455,
69,195,268,146,318,321,435,207,374,269,392,528,
272,536,202,418,518,265,
457,498,497,395,336,305,11,90,447,493,390,292,99,365,95,302,493,512,112,484,59,49,329,397,388,
99,102,465,457,418,326,157,
167,540,210,529,311,191,175,118,141,516,113,221,60,529,465,81,545,275,354,238,301,463,438,
416,191,437,538,471,465,
355,40,543,470,369,375,488,413,316,144,164,454,190,
441,242,265,42,219,236,240,327,440,132,36,143,5,122,295,520,93,260,316,8,
324,292,437,496,344,354,358,153,1,25,300,337,444,223,505,229,410,349,
105,144,113,21,459,289,166,325,464,242,445,406,330,226,274,
6,365,26,495,425,374,
432,323,115,173,397,144,511,22,381,471,430,170,246,12,
57,387,470,44,327,514,96,526,265,146,399,442,502,435,495,376,
35,401,234,206,358,
199,184,50,487,43,60,132,538,250,453,32,227,
216,94,211,10,367,506,150,250,403,49,18,199,
323,13,157,67,182,219,538,435,245,210,513,502,59,233,40,432,282,4,477,527,21,80,53,202,90,295,400,10,513,377,539,158,218,252,349,96,325,353,96,91,496,12,357,216,41,446,92,
99,61,245,6,130,129,257,454,227,377,467,401,365,252,
487,230,667,162,432,338,226,57,280,365,533,171,441,7,488,447,539,457,392,378,197,262,199,12,226,536,186,23,401,126,216,264,382,464,372,465,223,50,401,79,318,150,143,359,497,141,400,61,372,408,141,161,113,74,159,225,246,219,189,171,401,284,
502,377,57,133,21,190,311,358,128,
143,347,158,441,28,292,86,471,310,294,391,384,221,249,44,109,
12,14,234,299,300,232,253,437,239,
427,133,33,400,495,330,32,381,120,401,
119,379,8,
409,450,421,11,240,324,516,471,337,462,517,133,136,405,530,68,365,467,63,527,297,
270,502,543,245,370,447,129,130,391,298,319,202,292,
310,5,427,244,216,523,503,246,47,518,508,492,392,
165,405,464,401,
471,242,114,523,337,158,293,193,325,426,427,284,437,116,33,151,96,265,39,
403,103,382,280,157,402,39,35,66,421,176,227,128,488,497,541,315,374,363,401,328,540,216,
162,372,30,476,139,315,365,13,33,179,
113,485,311,260,45,245,515,368,347,6,258,219,349,465,
470,410,449,175,514,31,362,523,57,63,27,462,355,464,269,278,523,462,325,439,292,
545,131,167,404,464,459,127,155,133,121,
543,157,461,14,56,144,270,355,318,223,399,221,139,194,477,400,440,40,462,
158,18,404,325,322,176,370,486,230,175,325,448,525,518,264,525,200,139,40,
191,90,66,167,501,416,278,492,5,39,87,305,408,316,332,268,337,538,456,
174,234,164,336,442,58,376,
464,333,42,234,26,162,518,145,490,452,41,450,477,219,126,33,39,418,
339,200,437,
386,280,113,246,263,377,292,437,265,
451,212,230,406,440,514,456,488,377,220,258,381,246,317,396,486,184,434,
162,997,327,370,302,519,30,219,175,143,205,499,481,448,954,334,484,487,161,240,365,283,202,408,175,99,13,88,233,39,18,262,336,339,450,30,536,540,529,464,1,468,427,
508,495,387,461,298,159,477,105,20,240,137,221,106,358,437,531,133,405,18,72,27,
219,381,54,263,217,67,100,215,221,76,134,453,311,128,232,441,493,538,113,487,265,464,126,447,
333,464,30,293,
454,355,99,40,240,368,49,100,145,26,
489,265,400,144,260,208,9,244,104,348,46,297,
311,35,151,113,234,429,411,66,59,381,473,104,113,91,92,256,400,112,351,167,63,473,549,482,
299,437,256,54,113,543,264,473,396,36,87,12,205,79,82,430,12,346,403,409,72,
58,12,174,
121,47,456,234,358,25,253,545,
510,197,339,286,303,317,53,83,206,99,407,529,113,375,141,49,365,61,63,302,313,358,
508,421,246,176,517,9,473,96,18,306,442,31,
104,353,265,256,109,188,311,434,397,96,510,113,293,313,153,14,311,96,226,489,203,465,
184,195,377,506,66,100,338,504,287,354,499,374,256,450,268,455,529,172,307,399,63,413,58,
180,175,77,382,262,47,467,21,128,418,121,137,
408,75,549,232,191,309,274,535,28,
493,236,428,103,135,216,141,230,129,10,283,30,195,506,128,310,200,544,43,124,412,447,269,404,
63,45,89,495,406,164,
529,259,349,88,467,530,427,402,174,119,333,522,256,390,129,389,294,373,446,454,321,398,305,437,133,167,162,347,449,155,303,184,
66,408,152,147,319,502,467,61,150,438,463,193,536,426,264,322,505,447,533,373,
126,490,430,400,12,331,221,216,219,
18,238,125,232,489,525,269,251,325,508,400,198,253,
199,12,32,143,177,518,
11,409,153,265,295,377,524,1,139,385,274,445,284,
325,30,413,60,318,93,23,
345,421,219,538,165,407,483,40,
294,291,273,97,208,343,366,533,478,354,440,485,1,219,544,306,313,479,315,546,470,359,251,65,143,
517,235,409,401,365,456,445,
538,109,526,205,298,457,608,207,21,8,672,280,62,450,338,255,59,446,197,71,475,220,285,46,216,43,180,32,300,191,358,
336,343,479,361,162,357,365,67,419,21,493,440,54,304,86,457,506,163,399,229,136,315,174,467,
497,403,430,184,487,393,394,403,335,441,350,476,195,547,325,88,40,493,400,1,60,309,42,396,
113,112,189,391,5,65,386,299,250,402,1,127,128,401,464,
165,168,507,224,345,219,199,36,399,157,511,400,490,223,
316,429,56,191,413,341,339,8,120,104,217,529,496,232,262,131,313,301,357,442,6,363,246,183,346,402,268,7,463,365,249,392,456,187,495,441,430,97,62,
203,187,12,464,252,14,117,183,74,414,274,18,104,
458,492,221,463,184,214,491,18,401,536,247,209,380,305,530,
382,464,60,136,387,41,180,487,112,365,401,495,217,157,
141,365,493,509,201,357,167,7,300,496,370,61,455,506,116,201,381,412,144,12,31,264,130,527,487,157,134,
477,388,323,175,543,508,122,322,210,303,270,325,285,96,464,229,490,
344,549,324,63,153,239,398,278,208,209,152,358,
524,280,6,418,141,311,259,311,403,36,438,401,405,449,219,60,487,11,318,85,133,524,379,53,72,221,
14,495,203,104,526,55,211,381,
543,427,41,449,409,204,129,276,74,387,402,49,384,278,345,463,523,214,313,421,112,
102,216,437,538,190,63,243,271,298,398,128,500,417,156,400,418,99,396,331,72,
295,11,456,188,390,349,373,4,
228,387,467,401,
151,176,369,330,203,311,410,239,171,538,297,407,209,512,165,358,206,216,150,296,435,470,
495,427,
524,524,400,61,462,
239,455,344,114,223,479,381,
90,323,457,489,216,139,246,149,450,278,496,463,141,324,538,27,115,183,506,
245,113,255,
225,46,263,368,420,21,
462,4,409,524,543,548,280,
484,427,162,118,365,404,372,278,508,37,76,400,452,197,372,430,547,344,235,117,170,287,193,43,457,429,359,335,210,365,301,354,400,60,333,437,
549,114,381,311,330,385,349,45,221,229,528,59,
405,213,305,524,222,229,406,
109,112,104,431,530,331,84,268,184,159,79,310,21,286,310,276,143,
280,275,489,491,430,386,405,409,277,49,114,289,467,512,38,189,15,151,343,303,188,247,462,
259,524,112,267,540,262,306,471,455,304,81,
442,300,159,549,473,523,316,119,151,114,40,25,394,193,189,402,91,0,349,187,461,152,218,448,174,
434,451,238,252,116,428,318,
219,216,107,187,113,464,210,524,345,294,212,132,431,50,419,448,295,32,25,
377,265,184,400,279,309,325,260,63,24,20,527,484,96,467,323,253,535,183,451,44,306,502,375,473,495,46,196,
303,400,374,438,539,477,258,406,137,527,
250,425,216,250,
401,30,466,524,196,471,159,487,
112,22,235,75,265,358,437,363,400,405,402,184,45,477,21,187,371,471,436,293,209,457,313,198,220,8,527,543,
285,396,226,252,538,31,377,26,95,285,431,18,208,371,477,66,466,455,399,
527,542,445,333,401,211,271,482,515,323,159,44,60,234,226,445,461,498,208,303,44,84,248,
504,42,467,97,486,5,419,216,330,306,480,
385,449,11,
523,4,346,256,325,2,504,116,152,62,346,496,154,122,471,112,60,71,66,192,470,165,210,220,
536,207,272,213,441,270,252,318,30,282,
126,4,73,318,201,418,472,538,275,446,464,325,240,260,330,349,
53,547,200,107,183,323,427,440,45,348,186,140,215,51,292,379,341,467,222,356,456,
302,374,134,179,257,218,150,540,39,113,153,8,499,200,505,370,90,
129,216,15,310,222,270,538,232,99,18,530,467,468,
149,67,186,262,506,
60,401,234,397,395,199,385,300,527,200,167,250,125,487,537,336,406,200,382,523,524,502,30,244,484,538,
490,464,45,401,365,126,160,
197,100,110,487,
530,430,113,486,109,467,458,79,118,
49,187,18,480,9,504,247,543,37,420,297,278,373,544,40,510,486,457,175,329,216,450,297,283,370,399,
216,530,223,121,298,301,238,238,219,102,129,248,24,493,536,538,148,458,524,69,40,323,427,487,518,182,90,488,325,96,473,185,323,504,126,482,136,379,401,
425,6,452,61,63,425,329,250,523,406,6,26,419,496,110,
1,202,233,402,538,11,111,162,
396,67,219,171,461,268,497,236,457,112,445,424,538,238,168,36,547,479,112,380,247,447,6,264,509,144,318,432,225,354,301,269,373,467,133,538,159,357,197,102,280,460,310,310,299,305,7,187,
354,324,440,338,167,173,366,40,117,452,545,
431,390,133,163,237,163,79,382,488,393,161,226,285,349,476,325,
450,485,219,449,377,478,339,401,403,377,409,33,81,129,184,139,10,114,238,357,464,49,
400,445,540,40,47,117,48,208,310,475,70,484,112,112,318,483,319,497,295,193,323,5,221,301,50,349,
246,24,62,361,133,432,239,63,393,423,536,153,155,321,386,96,152,206,187,347,133,171,487,374,
114,365,6,257,299,96,33,422,471,457,266,113,549,73,437,501,21,412,72,437,
43,163,331,437,493,260,301,358,333,155,
400,18,165,126,229,447,102,311,487,543,489,427,349,312,374,484,120,255,142,193,141,307,346,413,147,200,6,
115,116,432,151,40,77,151,323,130,493,109,185,398,
517,549,318,508,387,477,493,437,
397,413,343,104,193,419,314,213,43,256,312,75,491,348,529,221,38,338,46,399,366,348,218,452,
75,419,76,365,159,36,346,397,103,226,245,285,371,129,267,249,333,360,397,200,493,289,
349,398,50,133,341,323,431,207,346,425,400,164,113,488,348,126,
210,323,219,406,246,399,57,225,205,401,240,484,188,141,389,523,18,462,30,307,422,381,
293,336,530,209,157,229,391,152,110,438,252,266,437,112,104,
184,82,497,172,379,212,411,333,451,474,109,
221,143,310,57,212,80,178,182,348,235,275,0,153,235,423,368,99,114,236,227,369,365,62,386,400,246,543,534,
18,285,129,508,458,210,
369,355,21,167,236,257,396,300,5,269,216,241,310,
8,209,119,65,353,175,64,214,441,
200,225,523,493,10,535,193,417,547,324,106,310,
358,324,357,332,347,328,30,525,121,338,35,246,326,538,380,344,116,163,510,
81,113,425,33,450,344,209,450,141,459,36,138,72,46,453,292,167,448,259,131,473,480,
431,450,175,365,18,268,37,176,468,15,
319,505,400,313,324,173,95,270,
252,175,403,536,265,466,
541,217,56,206,303,219,3,296,263,304,501,403,439,
448,153,219,40,81,330,
39,414,375,273,205,298,32,80,362,403,35,333,517,428,302,301,474,177,162,100,51,82,406,
467,66,529,381,157,509,504,228,253,458,523,540,133,249,483,180,409,50,336,187,377,
155,504,242,43,533,327,395,529,545,211,379,397,
7,427,316,667,268,487,263,287,141,130,205,456,265,234,428,458,499,16,316,337,543,396,
418,141,205,115,113,209,144,485,297,97,138,111,290,31,485,102,387,63,351,37,150,12,99,272,29,536,180,466,516,464,
496,141,316,488,4,523,100,357,363,67,90,500,204,506,323,336,325,425,
219,450,162,116,307,
518,536,272,170,373,110,227,146,317,
325,470,12,18,462,1,133,494,
232,316,246,30,261,21,503,74,59,169,91,503,113,163,426,25,96,348,149,502,381,256,456,46,476,408,129,67,410,498,111,12,540,296,397,247,255,207,545,
33,427,488,356,
488,416,403,487,391,413,496,133,319,282,216,134,262,209,139,20,243,262,234,273,451,227,33,238,466,349,
158,24,394,152,512,365,165,63,504,338,137,159,161,471,413,546,
242,105,67,459,456,127,436,4,396,155,441,471,263,396,
463,450,66,194,439,316,133,184,503,206,83,458,143,428,167,349,396,
64,54,82,8,305,5,
313,159,543,259,255,319,133,510,
297,49,50,257,409,256,489,
456,295,393,109,223,40,136,200,238,401,242,7,139,318,451,104,235,283,236,121,232,53,249,291,320,104,285,406,212,
471,409,143,27,288,452,401,416,382,432,536,367,
273,216,492,142,155,452,250,501,133,385,881,289,322,342,441,285,27,473,93,39,408,421,518,158,444,246,488,
223,193,216,21,313,445,487,12,504,85,133,495,40,456,324,45,304,438,481,42,214,393,165,
103,216,301,263,304,424,403,299,371,368,81,239,256,141,390,75,312,75,129,205,427,534,4,34,531,549,493,292,310,84,37,
59,460,4,402,80,268,161,82,148,156,337,373,153,105,162,538,196,489,452,90,337,363,263,298,252,
42,268,300,441,286,
365,96,6,287,457,6,336,310,316,401,133,353,166,490,175,363,
315,250,162,336,47,321,
6,524,265,114,305,183,222,319,365,396,72,32,425,52,525,538,113,130,400,
512,151,158,28,31,329,280,497,204,
399,89,210,118,244,276,543,397,336,301,455,44,49,92,486,285,184,61,
275,384,66,248,221,346,405,534,500,200,280,129,111,88,167,126,
193,527,221,185,447,400,504,525,223,475,111,473,271,200,306,400,335,
377,386,99,
238,473,141,216,92,538,424,366,217,144,396,200,488,18,68,202,30,495,84,39,284,281,488,450,466,167,667,421,
331,268,145,310,250,398,381,265,206,43,484,366,109,278,447,278,177,528,544,102,130,126,
530,529,216,521,129,305,329,
141,307,256,338,427,529,238,60,210,375,528,317,141,40,
379,530,31,127,337,208,53,281,215,61,146,357,311,204,197,335,119,217,255,524,538,46,110,128,408,216,
437,508,523,108,265,234,175,74,362,
445,223,140,193,371,46,473,517,197,493,
270,354,536,260,12,477,436,183,94,351,370,159,365,298,325,256,314,116,
357,358,226,458,471,76,430,163,401,494,323,396,479,450,312,223,36,189,141,63,
27,90,471,212,406,508,386,
268,356,59,69,220,39,18,316,68,331,170,264,42,434,230,318,184,381,
23,36,310,280,222,487,390,483,206,543,110,479,197,464,
421,170,67,64,502,534,212,276,365,
216,41,624,54,103,195,273,267,252,153,698,227,860,17,88,240,
209,8,488,440,418,151,344,324,398,130,
171,151,229,63,396,295,
506,336,216,256,254,408,381,447,325,290,149,
249,467,143,236,4,
244,399,229,96,
234,12,227,60,464,252,524,67,538,7,176,387,527,403,186,198,121,132,437,123,174,200,301,488,
205,538,137,418,136,109,2,433,456,310,33,543,541,162,39,7,28,117,242,173,12,429,523,
21,12,232,112,124,223,200,453,179,359,186,374,210,165,92,180,502,225,369,440,
419,75,504,219,40,12,448,311,
667,865,261,205,40,152,214,487,449,347,195,178,378,130,281,16,152,7,498,238,13,
96,467,412,423,114,226,270,413,44,246,57,382,471,5,104,
338,397,310,141,330,487,540,172,184,12,358,354,464,
485,113,12,227,52,450,132,408,17,77,513,291,
72,61,365,318,340,463,299,401,508,437,102,256,
229,324,405,477,260,
306,377,36,381,504,338,363,54,246,187,
401,4,280,113,456,197,360,142,74,409,514,527,458,60,517,257,93,403,175,478,228,58,396,182,1,357,84,204,487,365,405,377,40,519,490,404,18,139,434,301,246,165,99,382,427,240,59,429,216,200,
142,406,429,222,400,318,
427,721,173,240,446,543,103,374,237,230,484,196,141,421,7,193,48,47,418,101,63,529,317,452,471,282,139,
40,189,216,327,403,417,454,543,395,667,115,437,537,357,463,223,1,454,146,250,36,286,92,383,549,419,96,240,245,158,220,345,355,548,
233,330,32,1,41,323,548,
15,40,280,431,
255,100,135,399,42,113,63,133,476,124,477,547,195,499,390,392,389,211,450,55,75,380,538,346,258,400,232,313,245,37,318,
278,881,144,405,331,346,467,153,313,465,177,26,470,543,49,90,191,333,548,
43,155,397,153,101,199,
133,488,25,349,427,434,464,502,236,282,296,
40,175,477,15,401,154,454,354,504,448,187,
307,141,437,400,184,19,38,219,387,
368,192,134,159,225,34,113,18,454,167,495,23,44,
96,365,112,14,330,56,515,323,153,508,76,370,327,477,496,495,377,513,31,104,
437,529,265,374,230,382,302,307,339,402,416,376,471,484,286,
157,467,153,161,141,42,544,473,543,99,382,
321,69,117,220,399,416,315,
128,50,4,221,473,180,
189,442,113,357,280,217,296,367,
120,316,44,222,23,272,406,506,360,506,119,122,536,32,2,400,151,477,427,
447,262,526,374,364,30,18,357,221,235,106,387,386,142,536,487,98,458,537,228,396,447,388,34,493,430,348,457,331,
413,63,96,215,446,486,163,329,325,484,516,355,113,400,184,
296,403,232,237,321,265,137,
74,464,525,439,454,365,232,431,178,267,242,33,358,182,31,
36,437,75,435,139,165,323,81,534,165,179,469,373,40,477,441,306,111,278,387,445,
202,434,287,360,272,282,1,159,305,114,321,437,50,466,80,238,410,548,63,
42,464,323,292,347,504,374,137,184,140,12,274,63,
461,307,536,519,456,543,0,63,387,136,234,389,487,442,536,305,
164,63,538,349,174,421,406,
252,144,59,40,58,78,285,385,45,33,99,375,536,323,434,203,548,
523,401,437,310,470,310,286,321,153,425,298,525,430,169,
381,141,549,365,467,331,150,387,328,459,531,15,393,17,219,296,403,446,527,14,306,540,360,503,451,268,222,506,347,14,33,210,427,265,363,239,543,329,
372,407,66,150,510,538,305,487,162,519,400,543,111,464,
346,276,275,83,175,450,533,204,263,519,43,138,239,444,525,523,299,99,460,116,536,400,154,
183,90,203,290,
256,72,291,131,429,390,17,473,305,330,299,13,455,63,354,141,404,127,492,270,38,36,464,450,451,8,222,297,
403,381,524,234,256,296,252,23,328,528,30,
387,381,14,5,382,227,
113,303,336,167,402,418,175,510,232,401,27,81,269,317,333,311,50,105,219,530,120,302,255,18,519,104,406,464,208,413,440,446,8,115,545,408,310,246,54,
365,381,133,162,510,454,200,83,517,
236,133,396,212,141,456,411,249,296,235,
175,8,480,37,17,469,548,167,243,535,162,437,212,328,431,365,
330,226,549,246,126,374,155,427,448,290,
321,421,529,
25,473,121,133,219,
421,480,179,369,464,221,36,356,243,58,508,365,144,492,90,321,164,347,73,345,
67,396,479,242,382,336,536,334,323,367,260,421,336,234,255,455,232,149,367,140,93,229,
504,193,227,49,292,158,373,223,523,132,117,155,184,494,17,40,
175,50,346,401,324,330,353,468,477,177,422,31,337,354,4,162,235,82,431,512,538,
185,115,68,495,
40,252,49,323,141,18,
401,363,437,113,464,440,144,141,490,229,72,265,154,433,459,523,74,364,165,387,21,35,392,
538,242,323,524,1,24,236,233,305,226,175,263,186,63,12,0,88,427,87,440,164,322,234,346,6,372,30,200,62,126,329,284,416,41,379,396,479,
283,465,262,49,
495,139,80,455,247,63,57,368,284,
163,431,495,43,286,231,99,403,336,413,431,328,190,302,358,
177,90,39,29,178,402,
175,310,158,305,180,336,529,346,49,481,365,252,478,364,
318,456,454,487,72,139,62,434,227,517,543,182,69,456,528,369,266,449,152,524,466,536,142,400,
197,379,396,23,445,401,159,
492,458,310,
18,447,139,49,536,158,491,204,400,484,360,320,368,431,14,401,390,430,197,199,263,54,216,203,40,
357,430,63,316,202,386,345,52,45,254,40,462,232,336,264,379,152,306,299,1,388,398,510,362,455,
184,199,458,463,152,246,4,460,
430,538,523,354,357,497,251,99,151,206,266,153,446,258,238,148,380,279,179,489,479,440,51,432,299,126,536,360,429,519,18,316,
218,302,323,56,397,109,49,10,464,
300,527,289,339,536,133,214,42,371,308,60,220,520,442,12,538,389,186,
536,110,300,487,538,391,435,18,447,22,216,133,132,472,451,518,67,234,266,328,14,176,472,498,418,246,
370,270,158,141,310,279,409,196,115,263,422,
221,219,397,12,462,167,133,161,208,421,264,155,458,320,447,183,462,227,319,549,126,226,
263,456,100,338,219,205,7,79,494,387,371,408,243,59,375,73,538,434,400,16,225,541,36,12,
247,495,437,458,232,
196,377,370,401,374,482,392,
305,343,457,538,182,191,529,7,298,58,202,148,313,32,354,461,495,173,543,
329,413,512,425,474,49,59,129,313,
455,139,67,239,179,285,357,
141,401,81,53,83,220,377,462,32,455,426,457,504,
90,152,310,309,437,383,379,16,152,33,436,50,191,146,88,349,177,268,329,247,302,
440,83,289,452,336,66,342,400,50,159,483,
36,436,163,13,310,23,430,36,179,524,474,547,216,501,28,202,
46,232,81,379,377,59,56,
543,205,364,538,387,362,446,505,63,451,478,457,116,205,349,99,445,84,363,187,299,32,246,465,23,429,7,372,4,305,381,
462,325,470,
305,64,396,458,
548,278,462,252,233,202,40,
534,14,275,421,221,
482,311,196,216,
363,306,381,
527,12,141,50,409,
324,209,61,200,
187,467,44,396,
506,141,220,90,5,
439,30,216,
422,370,54,210,
240,126,40,454,401,
128,102,379,502,
79,109,530,
179,162,455,
211,44,545,14,
205,30,545,
528,549,403,318,69,
53,524,
33,471,162,381,159,
54,367,100,306,113,
19,307,45,
177,292,199,
432,471,61,
96,244,40,159,471,
318,325,255,
480,504,421,81,
414,347,405,203,
328,175,403,163,
533,66,155,464,
139,466,11,427,
83,365,463,
483,440,345,
301,400,103,
259,12,313,100,
468,431,162,30,
475,405,310,545,
143,199,162,
65,294,
37,50,431,255,103,
144,105,489,
374,374,6,
326,220,99,
257,369,302,297,
416,321,488,
323,42,233,
52,6,
200,75,400,
117,354,321,
365,99,421,
546,374,158,
