415,343,503,412,230,292,313,205,252,187,52,104,
330,359,31,376,185,96,153,132,209,352,293,
491,92,313,244,258,99,177,322,325,514,267,545,
107,263,350,530,81,103,23,
438,145,254,425,44,
350,105,62,204,124,227,111,107,31,521,241,
456,231,180,408,524,466,286,45,105,260,524,274,368,514,546,176,
63,59,197,530,
37,130,518,84,68,147,384,263,141,416,177,167,47,266,396,173,49,211,545,192,116,233,217,278,382,328,18,154,219,333,262,408,52,425,404,26,233,3,229,
455,196,31,538,
32,313,523,408,436,544,
17,23,454,436,148,487,360,208,459,237,495,25,192,236,353,375,545,23,353,249,273,160,404,235,247,507,117,151,301,7,279,503,535,69,346,199,331,497,520,144,252,426,70,135,509,161,425,262,339,197,137,344,92,91,162,31,446,292,208,102,436,108,540,160,544,53,545,395,446,499,148,177,114,111,203,34,494,425,485,7,112,318,322,173,
127,322,138,265,540,70,96,128,129,317,
137,9,14,149,487,29,442,161,
180,197,345,31,425,7,230,363,456,439,310,492,5,67,526,322,
299,230,250,449,9,341,26,14,328,524,251,26,223,7,375,33,183,548,200,141,345,271,
441,149,544,160,343,49,70,310,357,120,157,327,502,425,401,
229,403,212,312,73,323,349,354,203,215,345,23,490,473,270,543,350,191,326,56,365,428,479,212,549,224,139,185,357,48,328,468,489,85,246,218,249,120,18,257,481,20,275,546,197,469,24,498,310,393,336,153,44,107,10,102,234,187,528,374,384,192,25,280,3,400,328,192,44,13,273,149,64,257,262,94,530,540,278,381,492,115,373,484,254,330,523,314,452,
281,308,29,453,172,283,489,132,502,
413,366,111,528,337,272,513,515,339,135,463,446,524,94,48,177,284,287,205,
57,465,29,149,230,239,50,373,359,473,154,470,3,366,386,544,
3,59,82,24,46,132,141,148,429,310,496,234,399,118,269,544,0,49,52,
515,156,107,161,418,413,220,478,
235,314,280,470,132,276,322,261,
313,417,205,303,
523,464,81,443,276,330,469,215,241,365,496,44,211,354,266,513,473,
209,464,16,483,421,92,414,339,166,322,366,318,163,46,57,443,418,
38,92,118,250,141,422,
76,3,162,327,308,219,52,128,524,89,523,81,471,
25,168,545,438,28,528,179,354,70,378,412,467,206,
496,140,494,545,69,306,86,254,337,343,234,2,86,499,523,229,522,285,484,444,
158,456,22,206,499,112,542,411,419,434,432,108,
494,235,386,15,267,430,306,345,480,464,257,287,463,473,100,158,437,209,168,59,194,333,538,70,219,472,526,425,418,313,529,388,496,78,29,159,234,126,463,258,393,329,
546,150,88,29,399,459,408,456,86,252,303,
31,44,319,330,464,425,473,417,88,352,
238,537,331,29,70,334,447,483,
251,108,174,495,277,219,160,410,448,416,444,539,496,168,333,171,214,362,395,408,289,327,2,180,88,524,183,394,487,543,215,52,511,400,
522,342,463,322,210,504,133,343,82,18,85,142,301,496,187,
230,491,299,32,357,20,90,345,109,483,166,366,532,205,246,522,96,
285,22,192,103,22,325,419,78,483,321,107,408,518,219,344,
319,464,31,485,129,349,517,
145,33,463,238,438,310,337,274,
314,478,355,544,81,397,132,301,31,145,331,
518,68,208,308,3,235,4,219,129,108,156,443,352,285,367,
314,214,6,384,396,283,357,117,246,48,66,384,85,13,129,409,439,353,304,456,470,221,116,342,440,305,497,309,173,440,509,537,62,247,401,147,414,377,373,219,1,364,91,531,511,426,486,451,323,452,301,92,412,29,247,188,248,308,362,34,224,68,124,16,310,235,329,524,46,95,500,229,
54,366,215,75,185,306,29,348,368,44,431,21,274,
33,81,30,145,213,176,299,219,115,146,
387,188,192,270,48,21,235,424,509,469,303,309,538,396,540,479,
303,286,233,214,279,327,313,
543,57,70,161,205,143,382,
92,143,17,330,21,377,301,311,60,9,195,404,
88,32,301,125,304,138,235,411,140,293,291,470,361,280,546,462,19,497,
168,352,330,25,206,249,324,494,409,129,254,120,487,326,455,370,418,210,499,263,331,12,223,221,273,463,43,269,165,367,79,392,258,491,524,
452,326,234,9,517,149,0,230,505,548,197,265,192,100,230,223,
491,458,81,157,301,187,
126,470,70,494,103,135,96,200,218,337,
379,43,470,235,466,227,165,205,421,461,118,439,113,335,464,75,204,
487,3,241,366,40,101,408,350,238,428,424,473,188,328,133,465,168,117,343,127,131,300,343,235,121,268,146,357,11,93,464,440,7,540,532,178,177,
248,401,271,
184,193,163,250,282,
103,285,316,178,393,331,75,471,30,31,422,546,396,443,439,225,236,493,314,330,421,454,250,155,241,17,370,520,49,476,64,400,116,316,541,406,192,359,153,
140,534,352,221,
197,92,45,63,533,57,118,401,395,516,325,33,343,180,282,491,43,196,264,436,267,65,72,280,219,386,49,291,344,
365,198,271,92,106,18,180,419,450,458,254,382,441,487,503,220,390,373,14,196,261,26,21,454,4,377,355,29,414,
339,87,411,269,198,420,371,188,13,416,419,235,483,511,203,308,408,100,209,50,212,443,88,
381,187,517,311,476,483,29,46,210,
318,108,205,209,417,
341,464,29,274,299,462,38,418,235,412,44,24,469,165,236,521,511,121,
162,271,264,17,173,46,63,265,253,310,76,13,344,174,319,205,442,493,128,323,253,308,277,485,477,188,289,406,465,192,68,76,
105,350,79,389,164,456,186,242,
376,203,322,289,220,68,505,342,75,355,110,330,419,498,548,
473,463,275,402,414,138,397,167,11,181,286,494,127,465,119,125,141,193,490,320,180,462,307,546,31,131,457,490,542,546,102,390,206,175,103,177,197,404,447,90,523,128,512,189,253,
208,361,124,82,22,109,325,540,512,271,526,31,215,542,
542,370,158,311,204,118,362,504,405,271,530,415,
233,400,532,104,217,400,9,43,168,345,491,236,
352,136,32,249,276,134,168,331,208,319,106,113,50,279,55,92,197,100,31,176,360,414,475,510,149,44,151,414,140,325,226,235,40,524,464,
398,123,286,153,249,504,188,256,
24,123,320,238,198,289,420,452,37,34,279,82,21,48,431,357,53,482,3,46,512,265,309,363,428,276,23,453,282,417,341,336,313,161,29,478,
272,365,413,
329,521,174,205,67,135,395,413,429,493,140,321,213,127,214,361,366,298,329,253,307,102,142,155,148,529,532,160,129,525,30,263,262,370,528,512,353,9,527,72,222,314,474,242,290,130,331,334,437,400,491,142,419,545,350,174,
60,276,204,322,52,339,234,331,341,525,281,83,92,
183,195,310,69,116,408,81,333,383,118,203,251,154,267,364,336,44,299,97,391,68,86,348,497,499,537,262,384,
536,44,104,330,205,
352,542,416,314,262,230,388,79,461,411,173,102,19,542,193,501,81,518,
412,291,194,408,341,310,539,5,377,491,46,139,442,233,
23,156,18,149,257,269,337,504,314,34,395,263,101,347,224,451,132,143,205,182,470,386,403,107,
509,124,345,541,274,433,223,426,31,28,17,345,240,399,436,221,106,353,417,234,357,324,530,81,377,210,142,224,285,180,473,175,520,283,549,31,189,387,274,291,285,447,
530,228,347,468,84,218,245,475,273,542,425,2,122,461,107,164,310,127,407,
36,109,370,363,456,425,79,370,396,431,
69,524,183,195,300,421,510,362,217,322,82,439,105,78,496,269,108,458,137,339,452,319,21,203,274,487,111,301,
447,169,350,28,44,418,461,265,1,77,357,108,463,267,369,119,133,278,477,350,345,177,195,53,48,74,29,102,395,432,509,
50,60,529,456,531,57,322,49,43,222,118,299,210,206,210,379,57,390,212,117,
337,338,100,201,477,476,329,393,474,55,188,496,386,42,236,185,398,465,34,155,326,351,244,516,23,474,261,501,418,130,79,129,209,496,486,74,
118,96,354,445,486,359,506,526,194,324,408,457,93,121,402,409,34,497,452,80,338,53,221,102,477,34,542,463,292,48,23,423,91,197,339,460,325,325,357,519,420,173,198,389,162,216,525,540,419,48,477,320,38,29,155,331,163,397,3,103,
233,303,382,452,372,418,45,193,247,412,
330,523,9,322,506,499,204,124,536,105,357,470,
59,269,346,238,140,167,417,506,93,37,319,267,407,45,463,158,3,21,461,124,184,52,27,525,188,470,216,251,256,205,390,466,494,179,529,389,
230,311,101,282,
118,267,286,130,284,
165,37,341,
358,310,496,330,233,398,2,
418,254,233,478,192,90,
330,3,168,525,
96,361,330,471,320,
156,168,192,23,490,359,83,285,503,198,442,154,210,28,469,363,431,103,
222,31,457,474,189,327,518,208,118,526,30,340,422,417,102,130,353,473,474,274,339,142,104,106,3,280,50,544,234,69,3,
144,421,273,453,504,490,393,449,98,
408,449,529,327,118,336,44,228,158,476,269,102,344,528,369,122,259,251,236,114,484,301,366,32,384,473,487,421,361,73,456,171,272,205,285,238,29,36,339,102,546,123,22,430,53,68,31,328,110,168,143,541,185,175,302,137,2,428,37,228,60,170,102,293,395,233,70,314,509,363,417,511,412,265,419,225,337,183,162,502,109,
90,102,35,516,107,127,332,230,534,487,79,230,418,473,
192,499,229,44,438,30,42,285,170,346,130,156,382,444,535,22,140,253,453,374,531,163,424,
529,225,494,102,41,300,22,50,173,178,342,238,260,236,194,352,110,287,280,148,257,177,132,95,
534,117,357,90,329,346,313,140,108,
517,353,31,182,135,470,415,343,516,318,286,30,142,350,166,111,321,329,131,133,517,35,161,229,362,336,545,342,319,439,498,27,108,330,136,381,63,76,311,319,452,381,
148,301,193,483,17,422,51,108,316,0,71,77,128,193,529,360,229,54,182,427,490,
210,50,123,17,522,150,382,456,124,235,381,
500,28,370,272,347,240,228,243,432,506,368,49,112,307,339,89,115,359,447,207,436,314,
258,491,461,168,
271,162,105,182,430,498,226,258,307,21,134,76,80,243,316,282,529,181,375,67,197,272,299,
192,17,219,283,474,112,75,407,440,427,452,540,395,63,480,132,157,348,65,259,124,111,512,120,168,344,395,65,61,72,465,537,117,418,193,229,255,456,267,125,387,292,276,34,482,393,546,239,502,72,523,331,485,332,210,394,162,
354,378,34,25,523,
143,205,347,44,28,343,92,285,333,545,14,379,179,181,368,347,448,408,256,340,
382,322,35,51,114,233,29,528,543,59,
117,301,127,482,375,493,499,534,544,157,45,68,136,222,155,439,
253,192,467,348,75,473,
216,59,0,16,241,176,
128,242,246,422,121,157,47,357,497,178,117,292,428,268,439,415,247,279,463,483,545,235,473,
291,106,257,173,0,367,473,476,412,359,218,
443,103,523,339,140,395,209,
458,380,123,69,521,142,538,241,102,491,32,
138,549,127,330,201,263,235,301,88,474,518,49,49,
511,408,485,399,510,341,330,
320,221,118,37,74,283,449,68,442,
21,200,544,448,24,59,311,54,229,34,387,507,137,346,69,286,365,188,9,304,499,92,
397,425,318,414,208,44,102,482,20,395,482,
125,88,33,363,188,163,390,371,339,321,342,157,50,111,286,467,
479,498,262,523,387,487,
464,193,279,341,101,412,493,312,15,48,289,411,100,10,19,92,547,149,337,422,209,94,523,352,31,339,487,305,319,368,379,461,
246,262,230,
377,412,509,
357,175,415,117,128,157,253,441,450,428,230,138,487,534,103,319,52,485,31,529,
5,157,225,419,218,29,100,172,402,119,102,425,545,345,451,332,489,
414,127,131,365,125,
185,258,68,532,78,527,345,363,232,259,532,468,233,511,126,429,152,219,504,178,290,155,408,60,257,117,109,364,405,140,83,247,31,282,215,11,179,105,64,500,46,92,438,117,308,310,464,59,313,365,
502,3,530,
94,370,229,112,442,373,542,464,308,143,532,413,397,124,263,285,547,528,
45,414,501,117,423,31,188,299,500,250,87,410,456,463,258,229,505,103,17,401,86,254,193,517,
524,102,372,345,35,80,251,120,312,372,261,400,419,548,422,168,278,499,77,340,425,87,413,456,211,292,88,314,34,440,489,218,352,76,
29,331,118,444,235,
391,121,41,267,400,122,4,191,193,441,524,382,499,
111,539,350,125,83,441,479,349,
37,215,411,165,320,
235,284,34,379,239,168,474,69,490,42,372,263,183,124,405,119,473,377,128,161,294,494,208,246,52,31,334,281,322,326,379,303,389,487,518,409,393,104,289,341,512,49,3,317,485,48,82,160,177,230,324,428,88,46,504,441,478,330,110,128,3,140,
340,361,333,222,131,143,
30,501,19,279,298,418,528,26,444,499,55,356,111,320,243,192,329,90,354,282,169,44,345,33,236,445,98,361,365,211,206,215,
7,487,68,206,
173,157,385,395,232,165,425,251,0,118,90,461,44,
262,479,411,356,236,250,76,246,
466,379,485,445,444,456,215,54,231,342,466,365,392,531,293,
419,329,523,286,491,
545,329,128,485,100,349,431,311,509,517,301,341,129,198,102,248,491,18,172,6,123,41,74,387,389,529,216,449,208,274,417,445,425,549,496,94,52,22,174,5,143,25,74,124,88,
401,511,3,197,464,80,352,522,63,35,364,170,82,58,426,541,518,545,248,115,80,435,
270,9,92,387,166,520,12,201,528,118,320,343,
233,291,422,278,334,413,358,457,308,316,192,408,532,465,101,37,
366,418,68,110,413,57,390,231,
332,102,104,449,453,444,315,537,548,279,518,529,143,183,203,315,194,532,469,421,497,498,531,328,348,433,201,192,14,177,50,310,5,124,231,174,45,183,194,46,106,537,494,506,485,137,417,540,478,357,179,381,497,6,291,263,
501,31,116,287,207,301,505,45,54,
333,183,37,179,547,218,94,500,546,280,143,285,140,328,77,142,494,340,155,282,523,32,399,
361,549,96,340,276,421,269,208,525,370,126,485,
179,143,25,185,332,59,155,
544,32,21,32,410,22,273,428,234,408,68,250,162,356,501,314,156,223,441,224,57,117,449,356,70,425,540,
10,428,
88,422,195,545,136,
17,59,173,113,44,421,336,161,41,236,45,
532,75,50,166,397,367,368,293,215,321,367,370,119,263,20,414,113,345,435,34,202,475,507,32,268,102,417,532,185,400,545,329,445,271,298,285,547,492,325,167,268,431,147,327,464,210,437,150,233,405,541,332,233,
70,191,377,177,543,544,151,406,254,
99,263,85,389,130,452,16,
510,511,251,70,
32,532,7,452,102,243,194,531,294,450,88,476,544,270,129,456,185,230,472,549,153,324,422,432,276,324,491,411,346,458,330,333,
271,187,19,542,503,408,471,248,59,
102,89,408,138,541,348,359,460,187,353,162,416,212,99,68,308,458,467,49,351,475,376,75,507,336,283,80,488,275,460,525,274,302,331,167,185,474,72,329,339,298,332,196,163,363,451,267,76,460,314,229,421,275,506,0,345,311,114,266,246,444,509,32,0,473,103,403,222,446,54,285,6,282,47,319,303,330,158,490,545,486,404,4,403,246,532,482,12,268,386,91,512,95,370,463,5,352,205,129,328,155,261,524,202,400,128,47,90,
35,382,98,90,30,179,448,2,
470,384,379,126,236,88,125,275,342,532,23,301,260,118,330,
2,161,442,316,331,342,417,159,549,
310,358,400,145,
241,140,179,103,176,384,377,448,421,71,124,379,73,97,68,122,16,523,158,132,140,458,217,317,350,
491,230,168,53,329,81,117,349,412,461,157,311,169,258,233,143,419,
332,316,198,322,490,267,466,331,519,218,494,531,90,310,267,57,282,
157,173,421,156,227,194,163,63,258,100,135,38,381,8,491,44,436,
311,542,162,417,331,110,408,342,
125,368,192,260,347,498,
419,352,6,212,68,292,5,118,518,251,62,153,408,52,463,3,338,322,251,435,
52,37,235,470,545,176,59,331,251,339,220,60,236,357,206,
549,415,482,129,149,422,450,82,320,301,425,187,83,505,113,540,19,281,184,361,418,36,134,471,138,32,418,134,235,
4,321,391,
132,3,23,114,251,529,44,378,281,54,133,391,
129,102,363,168,16,518,286,373,319,
528,538,77,251,29,90,359,467,
176,206,33,505,417,250,211,332,417,249,216,52,
92,206,365,464,270,38,369,242,188,410,185,491,444,209,379,507,
274,425,145,191,221,509,483,456,346,
0,148,216,173,415,211,196,422,206,485,291,75,531,452,407,252,205,489,3,474,196,102,
529,173,161,
149,364,272,303,13,171,332,244,17,97,377,36,408,452,351,491,273,533,94,185,390,226,543,339,207,549,299,68,21,280,174,198,86,111,341,276,256,76,24,29,48,441,452,115,194,137,121,
325,48,352,
372,370,318,331,524,76,110,449,307,45,347,85,230,327,339,319,417,503,15,235,78,324,316,160,485,168,281,
311,517,491,102,483,442,331,230,29,260,
48,464,342,206,24,131,235,132,331,84,177,149,474,387,118,549,201,237,325,286,485,182,
397,499,310,102,363,411,35,94,118,21,148,439,291,
504,117,542,256,339,398,235,254,87,411,515,219,341,486,547,
34,314,104,78,23,140,442,220,410,500,21,177,192,299,124,337,123,99,2,
128,127,
301,138,263,117,175,278,109,330,314,313,123,134,340,495,163,491,96,204,377,69,
344,53,342,21,84,182,435,285,197,
130,56,221,400,337,93,483,81,175,26,33,135,
53,529,504,447,229,68,181,425,319,422,486,533,542,491,74,271,439,389,330,363,
98,30,330,35,191,144,
193,417,281,184,17,464,228,69,228,377,13,371,186,6,236,157,287,439,493,148,77,518,188,453,490,266,47,7,409,380,304,
263,402,107,99,314,221,499,223,262,498,517,285,332,
313,261,301,491,444,415,185,485,32,534,341,235,29,317,81,482,425,
331,159,132,254,400,32,129,155,423,543,444,198,332,13,132,540,33,365,446,155,454,427,437,94,39,548,352,334,18,78,16,373,152,260,48,54,343,238,370,10,328,533,302,52,238,538,259,76,448,314,135,139,3,
285,50,370,531,102,201,8,110,528,170,312,451,180,255,279,435,179,267,498,160,179,40,290,332,483,143,403,541,422,509,114,289,395,33,87,223,529,263,
6,0,212,314,549,145,348,60,419,222,322,192,465,491,404,138,101,99,129,545,278,273,307,41,168,232,102,
68,7,178,433,108,259,331,81,480,183,162,33,337,159,
530,32,502,421,
436,136,32,164,223,
254,438,418,113,70,549,45,
63,197,105,415,123,57,245,373,414,179,393,172,348,132,293,340,401,517,331,263,366,39,531,331,155,339,157,186,
124,448,191,404,250,330,208,361,235,386,98,511,68,84,258,331,463,172,235,463,
512,329,491,309,95,343,235,353,8,511,54,40,473,153,243,
291,509,29,267,397,
22,26,110,158,209,487,8,279,395,53,59,192,410,425,426,208,516,301,120,
124,417,408,130,314,192,176,474,521,34,195,229,108,160,465,231,94,545,261,340,210,350,195,322,
286,21,398,118,253,400,125,298,384,48,407,437,19,235,
529,545,437,408,349,93,427,230,409,147,375,332,195,357,379,157,111,136,29,156,326,9,83,462,16,415,403,42,154,
370,500,540,384,42,288,417,451,112,170,93,422,452,334,461,60,322,361,
29,5,341,426,28,446,149,360,235,305,206,494,290,449,81,382,
7,127,172,317,452,200,270,463,322,181,
121,301,391,129,208,222,504,341,149,
422,124,448,504,44,45,327,437,295,120,260,252,528,152,287,301,462,481,171,74,510,546,205,285,286,121,524,290,383,142,329,287,104,52,26,468,26,214,101,123,417,128,88,35,524,222,38,495,485,233,349,102,345,477,285,172,229,265,452,81,344,
523,333,76,198,286,
282,269,80,260,13,184,270,229,428,452,196,30,284,185,49,371,346,307,103,223,230,
49,135,493,4,297,404,495,354,235,441,195,31,273,469,476,102,202,3,197,205,138,
342,529,48,522,368,339,225,13,376,74,79,293,466,342,425,344,445,485,311,125,
421,69,103,115,111,168,411,178,157,379,545,474,498,144,415,137,258,209,122,361,378,513,206,
406,70,29,123,
352,525,330,
367,291,532,518,
245,114,33,59,434,255,
163,400,184,157,350,177,122,351,47,101,293,77,392,14,
31,256,103,17,519,8,509,313,473,312,47,59,106,509,113,222,257,99,408,11,454,177,201,352,117,244,121,402,291,40,501,219,228,38,164,385,74,164,235,360,
117,520,357,31,23,272,461,185,463,365,499,243,385,309,339,50,177,425,
417,223,222,509,422,427,153,387,432,59,311,420,142,257,538,124,237,232,425,6,370,278,372,244,11,503,31,242,24,176,31,100,311,62,313,391,
322,313,251,237,399,332,524,531,282,4,323,440,306,271,362,16,544,168,151,302,279,6,69,50,328,363,249,387,289,491,241,415,124,
140,496,451,199,438,518,146,241,101,31,59,235,531,31,185,168,201,216,359,333,540,
345,509,326,454,143,233,362,494,48,512,170,190,110,38,420,329,220,400,455,524,294,541,384,102,164,180,258,400,420,514,30,422,230,84,514,544,505,537,
223,417,250,378,449,544,147,269,245,299,331,285,493,369,283,303,245,282,452,
407,19,59,267,0,44,302,452,2,322,159,0,193,390,
46,185,332,400,352,321,381,
365,82,117,466,185,35,272,421,539,
3,331,485,235,395,222,
177,418,34,516,235,163,468,155,484,117,17,491,355,525,37,487,
439,418,517,537,103,268,440,253,21,382,117,224,387,176,356,26,297,394,64,346,135,302,69,349,373,
221,330,130,131,284,320,453,274,110,263,462,263,140,174,207,
505,191,501,115,176,452,406,45,345,229,459,289,102,322,
29,281,528,447,103,291,402,406,31,313,260,381,
374,192,108,454,31,269,282,474,
485,115,0,445,313,19,511,250,345,192,425,
81,491,130,206,517,
540,322,424,354,451,471,345,118,83,46,8,103,331,184,227,428,86,188,504,427,549,229,26,208,313,75,378,466,181,387,127,370,
406,505,162,103,124,232,205,81,
349,439,319,111,
187,522,381,491,415,19,
115,421,175,250,248,548,308,149,485,505,229,235,334,170,32,226,94,116,
53,74,255,295,435,180,30,483,494,409,41,118,425,293,339,22,264,142,111,522,223,425,24,49,540,207,
331,206,462,373,485,35,208,67,102,463,225,528,248,476,351,279,514,542,244,178,224,84,504,84,388,103,251,57,9,359,17,242,532,399,262,276,207,29,104,7,532,71,372,286,3,81,490,514,168,72,243,500,520,386,455,527,311,187,68,67,391,384,311,24,499,289,115,
301,501,22,121,489,522,92,
343,487,74,517,197,303,534,331,415,194,415,235,274,81,261,522,229,29,64,143,524,267,499,196,441,497,
13,166,254,129,23,393,162,282,505,166,146,385,501,212,279,471,
229,535,320,402,101,422,48,430,251,149,498,21,37,45,496,502,348,53,113,
229,343,505,
191,463,124,82,30,51,212,330,274,70,505,391,188,2,
253,286,16,425,246,291,
53,252,515,260,344,179,478,438,305,339,195,478,221,17,
478,314,235,332,53,75,83,469,500,515,
205,379,230,26,48,102,109,318,316,59,123,49,
235,343,387,115,370,31,29,205,138,29,20,313,31,124,286,
330,482,336,81,117,339,73,2,53,92,98,235,29,166,229,511,
82,191,358,3,69,24,105,445,330,522,200,268,157,309,208,225,418,4,312,365,539,43,456,401,366,
157,4,185,192,5,548,231,265,529,321,238,394,327,164,509,421,204,499,71,399,426,128,293,437,82,73,178,117,3,272,512,185,491,160,329,360,
525,251,352,391,400,44,477,330,
428,282,10,544,357,59,408,67,123,218,169,128,76,24,312,271,540,49,175,49,76,274,413,430,
195,53,483,442,88,380,188,164,92,124,
135,49,413,130,157,
489,363,5,463,289,524,0,404,
114,395,285,245,252,479,132,205,182,304,457,139,477,205,
31,116,273,517,425,368,473,29,491,285,312,455,240,549,512,101,180,454,89,185,30,27,227,131,297,498,425,107,174,254,208,350,236,389,530,357,
29,283,21,21,305,30,186,161,299,478,230,409,377,127,155,302,220,48,321,60,305,209,505,19,439,508,473,49,450,73,65,371,137,83,308,319,389,343,193,544,57,175,428,514,546,178,75,54,238,86,151,320,365,281,337,521,158,
330,262,221,517,136,244,546,401,427,82,343,125,387,358,138,205,196,363,538,217,6,301,540,32,75,180,337,196,
267,373,288,469,129,242,126,451,387,17,291,70,133,66,59,332,234,399,407,391,41,118,107,399,483,47,307,70,447,194,44,156,391,48,108,491,
400,331,233,163,201,369,130,391,26,527,389,256,286,310,490,62,331,348,541,251,
418,515,341,82,273,177,185,371,279,366,146,151,229,209,
456,178,158,234,67,208,36,265,359,205,408,
301,361,17,149,542,261,454,148,408,528,19,443,343,364,397,384,351,497,549,26,350,396,267,328,475,544,20,336,
174,161,19,
542,172,87,235,331,218,298,190,345,424,352,352,213,488,508,377,446,281,22,232,280,399,267,275,503,
195,439,294,44,358,400,467,64,78,174,21,245,512,488,251,183,461,218,49,124,480,
132,297,191,339,219,116,216,147,4,172,43,1,261,71,41,55,376,159,152,361,226,342,399,506,3,468,123,543,24,330,63,76,173,450,
244,172,417,526,442,236,389,336,521,328,333,310,44,164,491,3,
322,212,330,110,224,289,360,370,180,196,
521,350,458,341,146,216,29,310,
116,110,516,31,291,215,437,392,384,501,274,495,431,177,115,422,
234,109,509,480,496,267,331,20,60,288,237,405,488,342,416,452,544,395,507,370,525,206,419,504,
289,60,376,128,155,363,337,250,177,6,285,24,347,499,322,101,40,505,489,191,331,
21,34,
258,45,157,267,357,
125,64,330,103,272,414,
205,359,0,114,235,84,313,
123,178,545,34,408,15,175,139,341,358,252,379,398,304,416,458,309,210,179,205,301,406,
370,285,240,205,451,483,36,187,281,401,269,341,124,72,431,523,168,94,280,369,102,331,103,160,144,263,347,461,334,
400,233,103,46,76,329,229,518,246,
236,337,493,408,328,193,483,103,73,23,233,541,162,234,377,522,419,86,201,470,142,321,420,529,30,244,501,472,262,341,
180,404,487,49,91,293,402,452,474,283,363,280,287,170,63,293,367,509,450,395,400,
467,417,440,253,429,523,385,60,374,25,308,
181,143,7,540,178,
321,4,46,285,88,343,487,
442,195,34,70,244,105,162,137,311,128,313,47,104,320,528,
482,243,24,115,102,283,299,306,367,98,117,192,206,8,498,425,
70,441,295,278,408,474,442,423,461,117,98,25,393,494,440,265,510,498,483,
336,427,439,14,468,211,153,303,266,455,324,416,205,191,77,296,9,493,448,505,442,461,129,304,82,199,229,384,174,408,489,514,265,72,414,133,69,211,259,57,128,17,517,373,420,2,84,184,485,7,210,109,347,160,33,543,33,369,416,427,330,89,290,472,514,433,183,50,305,17,234,470,249,
205,143,543,415,406,114,413,
80,108,204,464,479,512,182,72,180,308,67,
384,301,470,408,485,411,478,89,516,230,416,331,183,
389,318,240,57,168,255,322,472,29,105,498,260,244,4,140,163,225,401,524,400,99,346,498,31,298,47,479,59,
68,419,283,245,80,314,117,428,97,279,544,325,148,320,518,124,77,352,366,
3,102,132,323,432,287,134,180,319,395,218,491,525,448,399,157,275,513,426,502,
109,15,115,319,66,235,156,270,385,36,169,397,530,542,519,210,217,49,197,21,39,419,64,58,55,280,533,250,26,205,111,353,408,
395,234,192,251,486,348,488,472,134,17,180,276,106,517,114,408,436,146,307,226,462,395,285,3,176,447,3,443,
131,503,340,414,
523,467,79,443,196,32,419,466,479,363,403,449,503,
250,103,223,6,416,124,298,43,289,299,115,130,323,502,392,177,303,435,490,544,176,262,485,38,261,322,184,
100,448,140,7,229,313,5,276,33,437,173,461,16,366,326,352,533,110,438,501,339,464,
137,164,84,332,421,271,294,374,264,462,168,
280,222,542,370,333,235,153,59,156,270,400,197,0,166,207,
175,301,115,123,357,74,473,477,169,318,452,333,487,428,403,
310,441,198,206,437,
44,485,349,78,204,186,465,31,353,438,
463,15,118,310,180,529,159,436,41,415,276,451,45,522,312,461,38,63,122,433,168,66,489,176,146,191,227,229,357,494,348,264,438,45,124,254,
196,330,523,523,498,455,343,0,322,
411,87,436,540,37,262,546,158,
118,379,470,
34,17,276,263,349,354,194,360,527,208,6,173,408,
197,452,63,
310,463,75,135,132,376,380,364,199,98,294,301,388,548,67,449,227,162,50,508,332,397,60,131,483,314,251,530,176,
161,188,515,174,2,508,17,543,24,
498,449,477,40,492,462,462,172,448,212,261,299,102,274,345,295,401,129,29,513,179,230,533,96,202,276,422,190,238,455,229,31,15,496,479,371,70,482,196,415,
198,523,54,464,483,445,339,261,332,421,24,118,365,46,502,310,452,149,48,
452,32,242,207,75,176,370,430,467,542,233,528,422,157,314,229,
204,44,301,80,379,
215,116,54,217,466,325,523,275,30,
499,168,522,344,195,541,116,447,348,63,120,463,31,34,42,21,339,334,12,57,176,68,409,474,20,339,30,189,120,290,222,542,524,20,105,263,345,442,471,51,240,296,410,65,189,17,359,425,21,228,164,292,330,397,440,343,174,256,331,240,496,330,289,391,225,263,536,
294,137,430,393,
483,341,70,339,496,195,187,209,483,128,257,514,137,271,148,33,347,542,130,70,
261,313,365,476,102,133,214,301,502,235,
265,249,242,340,370,447,348,414,206,121,147,243,238,93,157,3,406,252,62,70,79,408,140,505,162,543,244,422,127,
4,389,110,365,378,474,
178,126,144,216,267,211,78,242,20,278,282,476,149,154,334,370,148,6,103,466,91,194,343,26,123,474,474,344,169,29,529,33,248,128,68,193,425,206,324,383,456,365,69,133,144,178,181,
528,452,413,382,
291,88,116,36,233,281,343,244,337,332,
310,1,215,534,438,539,282,125,519,513,224,54,183,376,548,260,164,310,180,62,544,244,226,521,
44,85,195,320,187,16,279,538,6,547,282,136,375,397,528,178,187,273,441,178,173,507,463,361,271,325,30,159,3,251,267,362,422,103,367,352,70,173,276,422,469,61,452,526,143,74,547,0,347,229,115,163,17,536,341,525,226,
461,463,181,25,352,35,256,357,195,59,101,258,70,464,370,530,159,491,370,329,342,511,
110,322,285,4,372,10,22,386,147,410,323,511,159,377,366,302,176,496,293,100,387,400,235,322,476,238,
258,345,421,494,48,33,413,
174,503,108,260,332,221,116,287,419,60,250,2,253,362,70,243,514,160,300,329,
59,428,36,468,208,17,463,467,262,28,185,41,63,271,142,168,382,
311,92,381,
160,124,17,
369,400,78,234,92,451,223,339,540,
127,530,414,
16,331,202,253,100,129,372,355,216,99,
322,376,389,362,423,382,110,165,202,247,60,540,7,17,498,127,522,505,425,77,262,281,235,424,419,420,
173,123,401,291,302,44,114,160,100,17,162,1,359,199,17,529,
19,271,485,88,174,359,286,187,
108,141,192,191,193,328,231,372,433,139,218,69,148,7,68,114,122,476,512,80,136,158,
485,253,3,55,193,534,512,44,384,311,466,178,332,318,363,235,151,297,526,373,319,303,377,102,
308,336,29,76,366,10,12,155,406,407,518,115,233,339,94,467,226,281,
211,176,523,30,
474,401,221,337,169,401,200,450,479,192,401,490,237,488,11,301,329,193,370,482,448,310,370,449,542,127,102,135,109,351,145,510,322,448,293,402,86,271,357,136,290,284,294,507,180,176,266,507,231,289,178,217,0,407,374,222,79,235,456,421,70,443,48,98,274,4,
503,542,415,14,78,131,148,256,474,
337,289,413,408,210,289,145,447,29,68,
9,137,528,330,52,21,92,
68,88,408,473,223,426,158,253,239,516,480,42,265,445,426,472,359,303,507,544,0,103,253,102,153,445,512,206,499,253,128,462,433,217,51,262,427,376,37,475,137,213,370,68,190,360,507,497,501,470,408,219,189,540,185,547,236,378,158,454,
104,442,536,415,
81,523,183,233,33,314,119,29,68,76,405,410,502,324,339,491,76,422,406,
286,303,517,419,129,324,523,
425,545,175,524,17,37,22,274,544,530,205,435,342,295,36,418,441,117,192,483,547,173,164,313,
74,44,338,545,337,247,
503,174,156,98,385,372,168,265,161,95,105,319,98,340,108,365,315,417,153,271,504,493,327,523,
219,504,285,
442,146,2,266,68,
339,526,372,40,529,527,383,275,102,424,99,338,347,315,64,379,119,38,42,254,29,118,99,85,42,438,33,345,529,303,16,399,191,503,509,35,372,174,188,342,53,106,530,435,500,434,472,513,330,464,69,413,378,546,60,63,132,125,500,369,544,117,
87,411,504,45,
329,534,202,291,432,549,494,423,
3,244,330,107,344,30,64,259,289,66,435,402,518,344,530,37,330,516,57,94,
76,331,517,428,273,93,102,81,204,363,332,470,196,
231,192,534,481,186,299,210,545,518,282,476,485,269,402,116,505,456,312,58,307,505,224,124,350,108,366,
251,14,173,299,449,465,525,352,445,510,522,
108,362,374,318,503,17,262,484,261,
425,210,89,433,31,257,514,341,53,97,240,178,181,297,418,352,454,417,549,310,397,494,165,29,197,217,234,419,499,478,180,53,101,253,360,434,173,485,178,538,512,542,31,450,322,52,322,
363,180,85,289,53,156,397,36,76,129,254,185,222,489,523,379,470,
14,299,49,137,216,421,541,143,251,267,232,431,163,
206,265,168,21,52,485,256,158,91,532,175,48,67,421,439,304,438,429,428,11,92,245,176,292,178,473,482,141,176,0,277,81,310,25,234,30,45,7,
276,221,131,34,498,104,86,167,381,129,260,60,545,261,23,395,22,285,444,352,372,258,76,466,32,288,361,440,126,192,455,
359,281,331,217,76,123,250,430,304,317,273,11,462,358,400,512,102,186,87,398,57,495,330,542,140,3,5,205,379,531,291,
502,441,111,261,281,408,
517,263,81,45,
2,35,358,191,
404,489,124,92,
129,127,121,
161,503,529,137,
70,238,127,
191,98,289,
216,0,521,545,
436,411,
390,366,407,
425,482,17,438,
83,111,478,60,
136,529,436,88,
111,413,30,502,69,
68,149,376,442,
530,509,31,63,
477,525,114,
176,456,310,
172,422,244,124,
279,303,13,30,68,
164,436,195,425,
0,280,216,
208,121,59,
102,447,505,485,
108,174,534,
57,209,543,
86,236,546,45,
483,425,381,238,
67,310,271,80,
497,88,
437,286,310,
432,329,158,447,
370,322,36,542,
489,301,281,
106,291,
