88,32,301,125,335,199,140,291,470,361,473,280,546,
315,109,53,404,544,500,332,108,
50,60,529,456,531,308,322,241,43,222,118,299,295,
337,186,100,201,477,476,329,393,272,55,360,496,386,42,236,185,398,465,438,326,351,244,516,23,474,261,501,418,129,79,129,
285,22,192,103,
97,109,53,31,134,
466,379,485,8,444,456,215,
517,353,31,182,135,470,415,389,516,318,335,350,30,142,350,166,111,321,329,131,133,517,35,161,229,362,336,545,342,385,439,498,27,57,330,136,381,63,76,311,319,452,
109,327,362,249,341,217,
341,464,29,274,299,462,38,418,235,412,
23,156,18,149,257,269,337,504,91,34,543,60,284,242,347,224,451,
330,265,267,217,69,530,104,128,321,185,64,
214,58,174,53,300,22,355,145,542,278,280,96,121,181,327,
27,389,464,176,456,53,458,
360,397,269,337,156,331,293,110,185,382,31,501,144,
528,180,161,301,168,98,178,332,30,5,305,131,402,251,484,117,357,548,545,452,150,421,169,534,547,185,499,186,
238,423,322,328,276,516,207,82,404,38,69,75,442,252,447,187,268,391,140,414,358,470,
31,116,128,543,517,425,368,473,57,491,285,312,464,240,549,512,180,454,89,185,30,20,27,227,297,498,
461,463,25,352,35,256,357,128,195,59,101,7,70,
132,297,191,145,219,464,216,147,4,43,1,261,71,55,376,159,152,361,226,342,506,3,468,123,543,24,
53,244,473,504,447,194,68,181,425,319,422,486,533,542,491,
395,234,192,251,486,348,488,501,472,199,134,17,180,276,106,517,114,408,436,146,307,174,
417,223,222,509,422,427,153,387,432,59,311,420,142,8,128,538,124,237,232,425,6,370,278,372,242,244,11,451,
109,15,115,319,66,235,156,270,385,498,169,397,530,542,519,210,217,49,197,21,39,419,64,513,55,280,533,
330,122,536,336,
522,342,463,350,504,343,82,18,85,142,
194,370,207,134,122,173,345,31,492,265,533,219,32,43,335,361,120,142,303,450,30,168,10,523,29,261,37,255,100,53,109,454,
191,461,124,290,30,51,212,330,274,
529,358,494,102,41,300,22,50,173,178,342,238,260,236,174,145,352,
280,222,542,370,333,
233,400,532,498,104,159,400,113,
100,30,288,282,402,241,34,387,339,70,41,105,261,347,
467,308,429,
312,321,301,29,365,93,504,78,357,279,191,139,108,214,265,80,340,357,265,
364,376,80,413,104,350,527,
120,361,358,219,237,250,261,514,189,
276,221,131,34,498,104,86,167,381,129,260,60,545,261,23,395,22,285,444,352,372,109,3,34,32,
37,130,518,84,68,147,384,263,141,416,138,167,47,266,396,173,49,211,545,116,91,217,278,382,328,18,154,219,333,262,244,408,194,52,425,404,
3,119,107,78,77,78,208,236,359,3,484,365,59,301,101,112,300,24,276,389,
332,31,198,322,465,267,423,331,519,218,494,531,90,
180,23,104,36,497,206,39,134,163,52,321,78,437,319,447,545,444,252,127,229,44,549,80,103,510,487,298,325,458,473,500,541,327,548,408,374,235,326,16,177,294,242,200,445,332,250,135,374,464,351,376,524,399,79,193,29,210,452,
3,59,82,24,60,46,
149,364,272,303,13,171,332,244,17,97,377,36,452,351,491,273,533,94,185,390,226,543,339,433,207,549,299,21,451,174,198,86,111,341,276,256,76,29,48,441,452,115,
103,285,316,178,393,331,75,30,31,422,546,396,514,439,225,236,493,300,128,330,421,113,250,308,241,17,370,520,49,476,64,400,386,
122,31,161,41,263,188,
284,244,54,23,433,158,398,401,
422,124,448,504,44,45,327,437,295,120,260,252,528,152,287,301,462,481,171,74,510,546,205,285,286,121,524,290,383,142,329,287,104,52,26,468,26,214,101,123,417,128,464,35,524,222,151,495,485,233,349,147,345,
464,132,423,204,241,511,511,171,213,209,89,469,196,124,259,465,504,140,397,490,499,31,251,15,239,494,2,439,10,528,422,
192,499,120,229,44,438,30,42,285,170,346,130,156,382,444,535,94,22,
57,517,189,438,314,210,37,277,103,73,153,251,4,402,31,193,122,99,168,192,233,434,126,454,458,266,253,486,397,308,84,130,428,107,181,207,547,333,482,170,21,52,542,26,486,12,23,487,402,428,287,275,226,485,31,28,172,499,8,
529,545,437,408,349,423,230,409,147,375,332,195,540,379,157,111,205,29,156,326,94,9,462,16,415,
59,428,36,468,523,17,463,467,262,
452,32,386,75,370,
7,438,364,12,474,77,32,77,179,345,303,461,356,
159,105,408,358,494,93,230,42,249,372,124,497,256,539,457,391,86,195,377,84,485,200,477,334,181,168,21,438,156,328,97,358,239,134,83,171,350,32,147,343,59,311,108,364,524,17,509,388,491,494,233,64,473,348,251,420,205,44,
509,124,345,541,274,433,223,426,31,28,17,345,240,399,436,221,106,353,417,234,357,324,217,385,335,210,142,224,285,180,473,175,520,283,549,31,
500,28,370,272,347,240,228,243,432,506,67,49,112,307,315,
284,198,401,358,255,67,115,55,247,151,549,339,377,403,228,51,497,308,73,298,222,411,423,300,447,226,450,
365,312,198,92,106,540,180,419,450,458,254,382,441,487,503,220,390,
250,103,223,6,416,124,298,43,289,299,115,180,323,202,
70,100,40,408,474,442,423,461,
123,178,545,476,408,15,175,139,341,358,252,498,398,304,416,458,309,
326,164,148,74,0,283,532,188,297,282,180,541,370,454,471,106,109,44,172,
322,376,389,362,423,382,110,
78,231,3,465,62,8,425,482,339,140,266,509,541,120,287,
21,364,544,448,24,59,311,174,436,229,185,387,
368,491,288,314,457,350,326,325,238,545,199,338,524,181,288,199,218,138,179,263,544,423,1,46,108,156,180,31,285,408,252,500,128,253,503,23,341,539,359,
108,312,461,191,368,328,159,372,433,139,218,69,148,7,68,114,315,
197,92,45,63,533,57,118,401,395,516,24,33,343,180,282,491,
110,322,285,214,128,372,10,22,386,147,410,323,511,361,377,386,40,176,496,293,100,
185,21,7,458,
66,173,395,57,142,232,340,158,
24,123,320,241,238,389,348,3,295,420,452,37,34,279,82,21,48,431,357,145,482,3,46,512,265,309,227,8,428,276,
418,515,341,82,
193,417,281,335,17,464,228,69,228,377,13,358,186,6,236,157,287,439,134,148,77,518,188,453,490,533,7,409,
168,352,335,25,206,249,324,494,409,148,254,194,487,326,455,370,418,210,499,263,331,12,223,221,273,85,463,7,269,367,79,
69,358,183,134,300,421,510,362,217,322,82,305,105,78,496,269,108,330,
215,116,172,199,54,207,217,466,
20,31,376,
92,206,365,464,270,395,145,129,80,188,410,185,
515,172,160,161,418,
339,290,372,40,529,527,383,275,102,424,99,338,347,315,64,205,119,38,42,357,29,118,75,85,42,438,33,345,529,303,284,399,191,503,509,35,372,174,188,342,53,106,530,435,500,434,
442,332,34,70,244,
105,173,81,159,278,271,425,
524,265,292,236,385,177,392,543,
138,140,385,526,144,452,308,0,420,147,242,270,512,
512,329,514,309,95,81,126,235,353,138,
241,140,491,103,176,384,377,448,421,128,71,124,379,73,
352,542,416,314,262,461,230,388,79,461,411,173,102,19,542,10,
32,532,7,452,102,194,243,194,531,294,450,88,476,544,270,129,456,185,230,153,422,276,205,
270,9,92,387,166,348,67,
44,85,195,320,187,16,279,538,6,547,282,136,375,397,528,178,187,273,441,350,173,507,463,361,271,325,30,159,3,251,267,362,422,103,367,352,70,138,276,422,469,61,452,526,143,34,547,0,347,457,17,
463,15,118,310,180,529,159,436,41,415,276,451,45,522,312,461,473,63,122,433,168,66,186,176,146,217,
185,85,68,532,78,527,345,161,363,232,259,532,468,233,511,126,429,152,219,504,178,290,155,408,60,257,117,109,364,405,140,83,247,31,282,215,11,81,335,528,64,360,524,92,330,
122,432,157,291,124,83,394,106,337,465,361,116,71,32,532,217,289,354,456,
31,256,103,17,519,8,509,313,473,312,47,59,106,509,113,222,257,99,408,11,454,177,201,352,117,244,121,402,40,501,503,38,123,385,
116,122,348,31,291,215,437,218,385,501,
419,352,6,385,68,292,5,118,518,251,62,153,408,
198,420,483,445,339,261,332,421,385,118,365,46,364,452,149,
138,211,37,151,55,544,391,501,368,88,139,408,153,33,464,273,305,275,214,285,503,318,68,152,371,255,544,
389,517,242,254,24,421,347,368,367,27,466,
331,159,132,254,400,32,129,155,423,543,444,198,332,13,132,540,33,365,446,155,454,427,134,94,39,548,352,334,18,498,360,361,260,48,54,343,386,370,10,328,533,302,52,238,181,
372,370,318,498,331,524,76,110,449,307,420,347,85,230,242,339,319,417,350,503,15,235,324,316,
289,335,23,376,128,155,363,250,
499,168,522,344,195,541,116,447,348,63,120,463,31,42,21,339,334,12,57,176,68,409,474,290,339,30,189,120,290,222,524,20,105,263,253,442,471,51,240,296,410,65,189,17,359,464,425,57,164,528,292,330,397,343,
234,109,290,509,480,267,331,20,60,288,434,488,342,416,452,544,395,507,370,525,
514,103,294,17,361,63,512,522,125,497,229,8,15,213,7,219,290,333,457,
361,67,195,493,456,122,464,514,125,76,264,473,331,515,110,120,366,528,393,74,130,
291,88,116,36,233,113,
267,373,469,129,242,134,126,451,387,17,31,70,133,66,59,434,234,399,407,330,385,67,107,399,300,47,307,342,433,498,447,194,44,394,156,
439,418,60,517,537,103,268,440,253,21,382,151,224,387,176,356,
206,265,168,21,126,485,256,158,91,532,175,48,67,439,438,429,428,67,92,245,176,292,178,
386,288,241,343,326,512,423,93,162,331,11,215,321,110,166,286,199,44,452,95,540,401,400,103,
487,94,3,241,366,40,101,408,350,238,428,242,57,188,328,133,465,168,117,343,127,131,300,343,235,121,268,146,357,122,93,
156,168,151,192,23,490,359,433,83,285,503,198,368,360,154,210,28,469,363,431,
195,439,294,44,358,400,467,64,78,174,21,361,512,488,251,183,461,
280,6,214,
526,45,253,498,138,34,68,71,457,160,140,451,474,529,238,77,
134,290,229,194,53,239,475,405,510,82,385,542,475,174,406,75,532,276,483,126,69,331,484,99,331,242,37,228,128,402,418,30,112,59,417,309,378,459,118,59,300,267,447,193,136,431,523,358,129,97,
94,370,229,406,442,373,542,464,539,
343,487,386,74,144,197,303,534,331,465,194,415,235,159,81,333,522,273,29,64,143,524,267,499,
63,197,178,105,415,57,245,373,414,179,393,172,348,395,293,340,401,517,331,263,366,122,531,331,
172,172,96,478,332,20,214,242,115,67,0,399,421,498,261,199,91,195,215,405,400,510,515,326,
380,145,68,421,
60,439,160,16,279,524,79,217,65,32,524,488,130,420,23,306,281,43,373,3,541,48,474,75,464,
15,164,323,332,45,159,270,376,549,45,424,397,290,179,364,462,488,537,244,308,332,409,509,370,
413,424,358,364,364,
473,11,517,549,275,144,320,290,450,378,392,470,107,115,88,180,402,16,222,366,498,30,177,209,485,179,507,63,232,53,68,485,463,124,124,458,159,307,516,27,
464,138,425,27,370,540,9,17,368,152,90,
157,4,185,192,5,548,231,265,529,321,122,394,327,164,509,204,499,71,399,426,128,293,437,178,82,178,
348,181,426,24,116,83,159,265,
406,144,266,4,503,
133,364,385,204,53,199,473,45,192,
364,426,279,132,332,377,347,139,500,533,43,265,420,129,229,251,297,159,339,198,11,433,413,212,310,356,
118,96,354,445,486,359,506,526,194,324,408,457,93,121,402,409,34,497,452,80,338,53,221,102,477,34,542,463,292,48,23,423,91,197,339,460,325,325,357,519,420,198,134,162,216,525,540,419,477,
398,123,433,284,153,113,
157,173,421,
162,271,264,17,173,147,63,386,253,310,76,13,344,174,319,272,128,323,253,228,277,485,
113,434,474,28,103,282,53,224,71,254,357,517,68,315,382,233,544,352,
31,40,464,103,379,153,496,443,271,185,522,96,42,530,14,323,332,303,62,274,285,415,177,544,224,52,184,361,464,267,255,549,313,5,194,449,244,97,332,376,290,483,17,344,259,248,
253,331,368,184,499,512,42,471,433,74,96,250,371,474,301,447,102,322,177,369,526,235,524,498,148,302,384,432,545,14,
244,284,387,3,87,475,212,82,53,326,152,15,189,124,161,68,59,104,37,379,100,524,173,392,122,524,102,305,
242,545,245,363,298,134,497,277,487,17,482,109,415,172,282,23,39,261,67,389,308,455,474,491,244,333,507,194,140,
214,312,110,494,457,340,387,138,196,237,85,209,408,241,253,394,17,
384,301,470,408,476,485,411,478,406,516,
397,425,360,15,208,44,102,482,207,
30,501,19,100,298,418,528,528,26,444,499,55,356,134,320,194,192,329,90,354,282,169,44,345,33,236,445,
358,308,134,
241,24,457,169,310,20,161,345,468,100,386,305,458,333,85,367,216,342,267,50,22,425,420,214,128,103,235,217,540,
181,214,348,494,120,149,331,189,
68,88,408,473,223,426,158,253,239,516,480,42,265,445,426,472,359,507,544,0,103,253,102,153,445,512,206,499,253,128,462,433,350,51,262,427,376,37,475,137,213,370,68,190,360,507,497,501,408,219,189,540,185,547,236,378,
544,7,52,321,
183,195,310,69,81,333,383,118,203,251,
342,485,542,267,
152,244,115,464,
254,40,6,433,334,349,444,
523,100,173,433,461,134,59,
229,535,320,402,101,393,48,235,251,514,498,21,
301,160,35,263,117,175,109,313,528,
236,337,408,328,193,483,103,73,23,91,541,162,234,377,522,524,201,470,142,321,420,529,30,244,501,
321,186,85,314,244,51,249,525,386,411,
144,343,29,192,462,125,498,506,379,406,512,545,496,0,350,360,
342,529,48,522,368,339,13,376,74,79,
452,326,234,138,517,149,180,
223,417,250,378,449,544,147,165,245,
242,208,433,299,46,320,264,322,207,481,304,273,198,76,292,538,445,133,246,215,372,398,217,141,138,405,23,332,505,
117,227,301,242,482,332,
6,0,212,314,549,145,348,60,419,222,322,192,254,404,138,280,101,358,94,129,
148,345,282,501,17,305,309,354,145,326,468,168,330,112,327,263,505,188,255,510,308,397,
357,175,415,528,117,128,227,157,253,441,450,428,230,138,487,
56,8,518,532,218,546,
138,321,118,14,375,440,221,80,271,79,44,127,127,38,102,40,317,534,149,424,129,
438,159,277,337,102,3,395,125,545,289,7,345,317,383,175,498,100,166,398,498,202,125,
339,427,279,23,206,320,344,21,216,253,78,370,115,420,457,424,164,
271,162,105,138,430,434,498,226,258,307,21,134,80,243,316,282,529,
282,100,305,40,260,13,326,270,229,428,452,113,30,284,185,49,447,406,307,
428,128,282,544,357,59,408,67,123,218,169,128,76,24,312,
7,127,205,544,160,172,185,317,452,
34,7,11,48,332,244,462,312,358,368,33,132,236,44,276,461,498,
17,23,454,436,148,487,360,208,459,237,495,25,192,236,353,375,545,23,353,249,273,160,404,235,247,507,117,23,151,301,7,279,503,535,69,346,199,331,497,520,144,252,426,70,135,509,161,31,262,339,197,137,344,148,464,91,162,31,292,208,102,514,436,540,335,544,476,434,395,446,499,148,275,114,394,159,203,34,425,129,7,112,
67,206,35,172,267,24,500,364,474,161,270,275,40,
16,423,100,121,372,335,
3,102,132,323,432,287,134,180,319,434,218,491,525,160,
379,332,217,43,470,235,466,244,165,205,421,144,
144,421,85,
463,254,192,
476,384,222,123,259,19,17,
202,468,438,250,
385,394,10,231,524,455,484,517,285,88,419,509,545,198,133,138,339,103,183,267,408,244,116,
85,509,140,278,331,265,120,494,379,246,393,186,204,144,250,417,56,164,321,242,371,387,548,27,115,
131,40,524,285,524,
420,60,138,159,174,372,319,308,241,339,198,
326,90,180,53,31,43,458,
332,528,102,449,453,444,315,537,548,279,518,529,143,183,203,172,315,194,434,180,421,497,498,531,328,34,433,201,31,14,177,50,310,290,124,231,174,45,183,194,106,537,494,506,485,137,
77,22,217,526,
145,332,380,68,49,101,401,503,92,324,546,102,133,249,273,109,
549,160,15,129,149,422,450,82,320,301,425,187,83,505,113,540,19,281,184,94,
473,335,463,275,402,414,138,397,167,11,181,286,494,127,465,119,125,141,193,490,320,180,462,307,546,31,361,457,490,542,102,390,
90,332,326,468,516,107,127,332,230,464,
532,75,50,166,397,367,368,293,215,321,367,370,119,263,20,414,113,345,435,34,202,475,507,32,268,102,417,532,185,400,545,329,445,271,298,285,547,492,325,167,268,431,147,327,464,437,150,233,
29,461,5,341,180,28,446,149,360,235,206,494,
254,113,209,165,247,463,22,332,267,470,
490,235,25,
496,140,494,545,69,144,272,254,
425,545,498,524,17,37,22,274,105,530,
54,284,215,
235,284,34,379,239,168,474,69,490,42,372,263,183,124,405,119,335,377,128,161,294,494,208,246,52,31,334,281,322,326,379,303,389,487,409,104,289,490,341,512,49,3,
357,255,285,208,52,426,174,292,465,506,309,371,451,10,240,368,502,544,215,339,498,28,116,145,120,69,403,150,122,337,343,123,312,498,408,70,46,77,300,438,324,437,267,264,464,45,211,
314,544,
148,5,301,193,458,17,422,51,108,316,0,77,128,
29,283,21,21,145,30,186,161,299,478,230,409,377,127,155,302,220,48,321,60,305,209,312,505,19,439,508,473,49,450,332,65,371,436,83,308,319,389,343,193,544,57,175,428,514,546,178,
53,252,315,113,122,179,326,438,305,339,27,
424,339,300,205,413,51,503,
350,105,204,144,
423,436,529,520,237,484,369,203,193,454,48,97,140,266,195,373,523,20,501,193,16,460,539,459,102,332,284,46,63,89,
178,126,144,216,267,211,78,242,20,278,282,476,149,154,334,370,148,6,103,466,91,194,343,543,123,474,474,344,169,29,529,33,248,128,68,193,528,425,206,
513,412,138,178,91,141,295,271,109,85,102,266,405,481,45,109,
450,524,5,
235,229,314,193,24,351,467,
217,300,509,174,379,525,502,242,122,401,122,393,125,361,77,109,463,241,
126,77,38,206,80,521,263,120,250,284,336,160,47,150,281,207,462,469,53,345,253,342,221,506,159,243,319,58,508,265,394,512,
363,180,85,289,305,156,397,199,
387,192,270,48,21,235,
540,424,40,451,471,345,118,83,46,350,103,331,184,227,386,504,427,241,549,229,26,
421,172,69,103,115,111,168,528,411,178,157,379,545,474,144,380,137,
322,313,251,237,399,332,524,531,4,323,440,306,271,362,16,544,253,151,302,6,69,50,328,
308,138,29,227,76,148,10,12,406,407,518,115,
140,496,464,238,199,438,518,146,241,101,138,59,78,498,526,185,242,
205,159,529,339,174,7,529,392,451,68,32,
48,464,342,206,433,24,132,331,84,177,149,474,60,387,549,
178,55,18,233,274,182,335,331,375,107,23,35,59,154,489,157,181,52,219,273,100,257,63,143,315,438,326,113,79,139,149,21,513,285,157,74,399,219,262,
81,336,468,447,512,340,185,42,6,
8,56,466,24,417,
230,491,299,32,357,20,90,345,
5,31,545,458,346,148,450,528,
49,145,543,4,348,404,495,354,235,
434,112,538,150,412,17,251,245,314,18,479,472,267,493,436,142,296,501,395,140,98,47,511,155,474,392,276,290,325,176,193,524,335,488,411,210,271,344,408,129,140,125,208,57,129,17,520,495,25,119,475,129,63,168,179,206,308,271,332,267,310,53,159,244,369,234,113,3,46,302,267,407,491,
68,419,245,80,314,145,244,428,97,138,544,325,148,205,518,
68,380,526,178,433,108,259,
121,16,313,397,
143,333,44,343,285,333,545,
14,495,299,253,
117,543,357,31,23,272,461,185,463,
482,78,24,242,102,283,296,306,367,128,117,192,
498,473,233,372,357,247,58,547,85,251,46,511,328,440,68,103,123,526,227,438,34,253,542,261,438,140,144,267,246,
433,334,21,434,153,149,85,144,164,524,295,31,48,267,514,80,458,
305,208,161,188,517,339,77,528,105,282,511,363,543,241,102,78,207,389,69,128,444,244,
228,284,109,541,207,306,91,5,350,415,208,129,423,162,501,255,
122,330,217,222,494,102,287,80,487,53,431,469,486,
175,301,115,123,357,
395,124,92,63,66,502,
461,456,542,129,108,357,229,352,425,200,425,3,29,137,215,240,191,393,43,
542,172,87,300,331,134,298,190,461,424,352,352,213,488,508,377,446,281,22,232,280,
278,540,105,
251,108,174,495,277,219,160,410,448,444,539,496,168,333,171,214,362,395,289,327,2,180,498,364,524,183,394,487,543,215,511,
161,232,122,368,225,310,130,302,101,447,44,72,110,377,74,102,154,193,185,265,190,519,313,324,452,461,
3,438,330,107,344,30,64,259,289,66,503,402,518,
209,464,254,483,
393,229,281,129,303,542,533,
45,526,513,133,31,188,299,500,
333,273,358,343,241,162,456,149,8,11,63,143,243,386,327,336,
336,427,439,14,468,211,153,303,266,455,324,416,205,191,77,296,9,493,433,448,505,442,461,129,304,82,199,229,384,174,408,489,514,265,72,414,133,69,211,126,57,128,517,373,420,2,84,81,485,7,210,109,347,160,33,543,33,369,416,427,330,89,290,472,514,
222,332,31,457,474,189,327,518,208,118,526,30,476,422,417,102,130,353,473,474,122,165,284,104,106,3,280,50,539,544,
332,145,29,126,257,266,82,173,442,495,315,117,
109,305,242,548,53,228,319,400,546,29,11,315,446,77,131,331,345,448,145,430,513,267,437,227,276,97,533,129,
76,3,162,327,308,
310,1,215,161,438,539,282,125,519,513,434,54,183,376,548,260,164,310,180,
536,128,330,466,436,
5,157,228,528,419,218,29,100,172,402,10,102,242,425,545,
330,262,221,517,136,244,546,401,427,82,275,
425,210,89,433,31,257,514,341,53,97,240,178,181,461,418,352,454,464,417,549,78,310,397,494,165,29,197,217,234,419,499,478,180,53,318,101,533,360,434,173,241,178,
80,382,13,403,506,285,410,421,138,468,237,491,449,105,122,19,370,217,249,181,364,441,498,92,433,524,
174,214,420,21,395,529,214,
124,417,130,395,192,176,
524,244,372,345,35,80,251,120,312,159,60,261,400,419,548,422,253,266,499,77,340,425,87,450,456,131,292,80,314,
160,63,142,102,119,97,335,3,389,43,148,249,549,183,460,231,301,3,150,363,421,515,353,
9,464,
406,94,384,282,95,
376,322,289,364,31,20,505,342,355,
120,520,263,390,91,509,290,281,292,525,137,324,345,542,313,48,106,3,357,182,235,383,326,305,33,409,446,11,466,122,135,389,317,431,494,303,334,413,500,227,126,272,397,446,457,399,36,58,121,400,85,405,272,102,386,128,169,194,73,192,354,142,209,309,404,85,181,78,40,482,
358,520,120,433,474,456,59,129,261,224,546,193,314,26,429,529,361,428,69,101,466,282,34,258,333,499,266,59,238,394,100,208,15,448,501,6,272,119,413,462,
485,253,342,55,193,534,512,44,384,311,466,178,332,
498,259,331,195,319,109,425,405,408,425,80,230,166,249,251,501,173,441,
25,434,490,168,545,
345,509,438,454,143,362,494,48,512,170,148,110,38,420,194,220,400,455,524,241,294,541,384,102,164,180,400,126,30,422,230,84,
470,384,379,238,236,88,254,
59,269,346,238,140,167,417,506,134,358,319,267,407,244,463,3,21,461,184,52,27,525,
300,331,492,282,534,372,166,542,274,90,217,189,483,178,393,392,81,199,301,78,512,248,39,439,82,436,105,103,502,152,214,284,134,215,537,518,260,13,424,267,75,544,
333,183,37,495,547,218,94,500,546,280,143,
401,511,3,197,464,80,352,522,63,35,364,170,217,58,426,541,518,386,85,284,
34,17,276,349,
265,85,194,340,370,447,348,414,206,121,147,243,308,161,524,157,147,406,252,62,312,79,408,
7,155,54,284,131,285,416,84,352,395,200,317,22,288,508,510,451,303,443,518,400,418,174,15,403,451,361,282,439,174,299,168,423,420,490,514,
275,138,17,43,534,81,130,290,301,248,372,57,311,472,524,67,330,
207,126,458,101,379,15,370,215,204,115,320,100,228,540,487,498,397,421,476,352,368,186,268,443,12,63,134,273,
212,131,174,31,399,318,503,162,174,337,
23,180,17,69,355,318,198,436,351,545,124,243,116,245,169,187,246,429,370,57,200,289,3,201,495,436,474,291,86,184,336,
218,128,116,56,461,
145,269,331,29,132,311,454,357,505,113,102,136,55,237,28,234,435,170,418,40,336,87,525,180,439,24,194,68,441,529,130,
474,526,329,67,60,
290,213,281,171,336,200,32,474,194,66,452,397,128,98,497,361,190,151,474,538,191,172,1,3,176,353,510,390,316,18,339,309,367,337,282,408,136,499,89,332,63,210,331,95,95,390,211,167,37,287,191,449,398,247,408,423,234,188,252,135,546,272,162,31,
273,433,40,274,303,355,16,233,387,515,28,364,382,45,124,174,6,60,85,333,442,403,488,45,423,308,484,343,295,207,
296,482,16,
465,69,332,348,214,254,343,
407,59,267,0,44,302,295,2,322,165,
543,157,540,23,375,31,214,301,476,301,178,65,201,430,49,98,102,203,304,117,320,513,28,335,47,509,542,
227,308,357,498,425,109,24,46,117,371,
68,60,308,391,502,310,246,413,531,335,
394,17,339,483,273,428,518,267,
332,364,222,48,125,298,71,379,15,69,446,246,434,90,117,503,147,61,500,162,132,242,545,
408,434,529,327,118,336,44,228,158,476,269,102,344,528,369,122,540,259,236,114,385,301,366,180,384,473,487,421,361,73,456,171,272,205,159,238,29,36,458,357,102,290,123,22,430,138,53,68,31,128,328,110,168,214,541,185,175,302,498,2,428,37,228,60,170,102,293,395,85,70,314,509,363,417,199,412,265,419,
544,32,21,129,410,151,273,428,234,408,368,68,468,162,356,501,314,315,223,441,300,113,
524,131,60,197,185,275,255,244,
339,87,305,269,198,420,371,188,416,419,394,235,483,511,
173,157,194,332,66,165,425,251,0,
199,88,346,215,172,188,60,83,533,386,395,408,363,
263,122,148,
158,22,206,433,284,66,
81,523,183,275,33,
272,336,210,147,167,181,207,173,307,202,378,286,150,246,483,66,337,351,47,458,468,487,515,524,285,161,40,194,344,162,381,33,153,245,238,2,288,496,
447,282,284,
173,123,401,302,44,114,160,100,523,105,162,244,1,359,199,17,498,
10,194,184,352,357,240,96,402,5,177,
308,68,265,242,103,262,444,50,358,481,269,303,467,475,452,89,420,
451,244,525,49,149,522,299,146,417,325,
331,206,462,373,485,35,208,67,102,463,225,528,248,351,279,514,542,244,178,224,84,504,84,388,103,251,57,9,359,17,242,532,399,262,276,207,85,104,7,253,71,372,286,3,490,514,168,290,243,500,520,386,455,527,
122,63,314,417,58,525,244,466,
44,386,485,159,
545,385,368,23,485,100,349,242,180,311,509,517,301,341,129,198,102,248,151,18,172,123,41,438,387,389,529,528,5,449,208,274,417,445,425,549,496,332,94,52,144,174,5,143,25,74,
359,281,331,217,76,123,250,430,304,317,273,11,462,358,400,512,102,186,87,398,368,
318,212,138,425,242,
149,138,501,350,102,238,181,
266,389,358,140,332,231,477,524,290,128,406,454,128,
329,521,174,205,67,135,395,413,429,493,140,321,213,127,214,361,366,298,329,253,307,102,142,155,148,529,532,129,525,30,262,370,528,512,353,9,350,72,222,314,474,242,474,130,
129,196,100,544,462,474,330,337,17,92,109,464,98,242,134,
75,221,60,339,300,
174,503,212,260,217,332,7,116,287,419,60,250,2,253,362,
13,80,254,129,23,393,162,282,505,166,
542,57,342,118,362,504,393,271,530,415,543,
501,423,148,509,395,1,179,138,14,37,503,30,169,498,99,149,85,167,348,
231,192,385,78,186,299,210,545,518,282,476,485,266,402,116,505,456,312,540,
501,31,116,207,
128,317,66,161,180,244,44,393,455,401,509,529,246,132,222,471,203,408,428,464,269,521,31,423,210,40,132,110,111,161,64,103,417,368,267,461,474,88,335,62,159,319,198,458,241,218,31,266,305,547,192,482,370,16,
310,463,75,135,132,376,380,364,199,98,294,301,388,548,241,449,227,162,50,508,332,68,397,364,
370,500,326,384,42,288,417,464,451,112,170,93,422,452,128,
533,199,193,67,412,473,531,434,425,
125,88,363,188,163,390,438,321,144,
188,148,368,199,91,389,299,
400,172,331,233,
364,7,67,446,21,133,91,175,501,322,
335,434,325,543,369,94,473,517,430,226,113,442,237,344,539,254,229,117,244,407,192,365,58,22,432,172,193,237,388,490,448,178,473,334,469,88,160,491,114,466,449,227,519,486,516,142,168,235,289,530,491,519,155,509,454,120,128,259,17,424,185,38,16,68,
456,231,180,408,524,466,
295,513,24,70,226,273,485,114,407,491,50,
350,190,364,477,68,382,43,335,268,459,329,232,389,517,266,272,91,373,44,368,159,373,149,234,468,426,197,309,324,470,245,388,31,511,185,437,500,372,100,494,394,497,41,540,522,
180,404,487,49,91,293,402,452,474,283,363,528,280,287,170,63,293,367,509,450,395,
57,66,29,
495,333,14,123,
433,120,338,254,273,251,467,336,501,406,51,458,470,164,100,52,188,398,47,209,243,496,132,268,344,423,487,85,236,476,355,515,231,242,360,91,358,364,125,127,284,186,254,421,525,34,158,156,450,
494,235,386,15,267,85,306,345,480,464,257,287,463,473,100,158,209,168,464,194,214,538,350,219,472,122,425,313,529,388,496,78,29,181,
464,193,279,341,128,101,412,493,312,15,48,289,411,357,10,19,92,547,337,422,209,129,94,523,60,
503,31,3,368,501,406,
458,180,22,185,408,331,82,391,242,203,311,133,207,138,228,136,527,151,352,15,241,64,161,166,7,100,148,223,317,456,5,128,141,57,255,210,353,128,27,351,228,
115,339,421,207,175,250,248,548,152,308,149,85,
147,386,162,504,306,93,8,139,169,109,265,505,138,345,252,119,314,164,422,
370,285,240,205,451,483,40,187,281,401,269,341,124,72,431,523,168,94,280,369,102,339,331,103,
160,7,526,
299,230,250,91,188,341,26,14,328,524,251,
352,136,32,276,134,168,331,208,319,106,113,50,279,55,92,197,100,31,176,360,414,475,510,149,44,
498,172,449,477,40,492,462,462,172,448,357,261,299,102,274,345,295,401,129,29,513,179,230,533,96,202,276,422,207,190,238,455,229,31,438,
40,409,145,314,216,481,370,295,128,77,540,11,376,272,254,131,282,151,138,70,413,12,211,441,512,110,67,120,
468,418,148,241,202,81,438,228,90,468,544,235,
102,89,408,138,541,348,359,460,187,353,162,416,212,99,68,151,308,145,467,351,475,376,75,507,336,80,488,275,460,525,274,302,331,167,185,474,72,329,339,298,332,196,163,363,451,267,120,460,314,229,423,275,506,160,253,345,311,114,266,246,444,509,32,0,473,103,403,222,446,54,285,149,282,47,319,303,330,158,490,545,486,138,4,403,246,532,482,12,268,386,91,512,95,370,122,5,352,
233,291,422,
503,174,156,98,385,372,265,138,95,105,319,340,145,365,315,491,424,
100,448,140,358,458,438,523,5,129,437,173,461,194,16,366,326,352,533,110,
540,278,208,53,194,212,387,543,529,313,243,513,141,491,408,423,88,467,62,207,522,130,487,519,2,255,365,294,464,398,34,231,
221,330,75,
180,197,345,31,425,7,230,363,456,310,
125,217,192,260,331,
483,341,272,339,496,209,
91,86,48,481,433,212,297,395,16,120,92,396,301,473,163,228,98,37,179,236,61,23,523,188,299,
22,26,110,158,209,487,8,279,395,77,53,254,192,410,425,426,208,
31,326,122,128,
530,228,347,468,245,475,85,542,425,2,
285,50,370,531,102,201,8,110,528,170,312,272,180,255,279,435,179,267,498,160,179,40,290,332,483,143,
447,169,350,28,418,461,265,1,77,357,108,463,267,369,119,133,278,436,81,134,177,195,53,
436,472,23,29,447,293,189,21,
412,533,513,408,341,
186,80,479,282,15,527,192,24,203,91,314,28,490,460,231,312,212,408,435,458,545,8,60,124,28,84,63,457,203,276,490,250,336,193,486,265,172,343,37,106,176,4,216,73,43,503,347,525,243,5,82,236,433,40,33,288,388,507,88,525,77,353,293,102,90,320,140,252,210,539,338,499,497,254,344,401,199,191,363,144,539,117,337,449,173,540,357,516,16,115,511,82,321,549,414,43,51,64,463,116,148,77,
474,401,290,221,7,169,401,200,434,479,192,401,490,237,488,11,301,329,193,370,482,448,310,370,449,542,127,102,135,109,351,145,510,322,448,293,402,86,271,357,136,290,284,294,507,180,176,266,507,231,289,178,217,253,407,113,222,79,235,456,421,70,443,48,98,
34,314,104,100,23,140,442,220,410,500,433,540,192,
192,17,219,283,474,112,75,407,440,427,335,540,395,63,480,132,157,348,65,259,124,111,512,120,168,344,395,65,61,72,465,537,117,144,193,229,255,456,267,125,387,133,463,128,34,482,
124,473,191,122,250,244,208,361,235,386,98,
389,305,266,57,168,255,322,472,29,498,260,244,
205,379,424,26,
208,434,124,82,22,
244,31,417,385,442,236,389,
94,542,128,349,487,479,5,133,323,364,429,368,233,304,338,99,178,424,529,45,467,469,139,76,341,478,336,6,232,192,549,
128,458,246,422,121,157,47,357,497,178,117,536,330,94,428,268,241,415,
114,395,
52,37,235,545,544,59,331,
82,186,151,3,69,24,105,332,330,522,200,268,157,208,225,418,4,
229,403,212,312,73,323,349,354,203,215,345,23,490,473,270,543,180,191,326,56,365,428,479,212,549,224,139,185,357,48,328,468,489,85,246,218,249,120,18,257,481,20,275,546,197,469,24,498,310,393,336,153,44,107,10,102,234,187,528,374,384,192,25,280,3,134,328,192,44,13,273,149,64,257,262,94,530,540,
85,241,386,531,168,438,31,332,433,219,71,214,100,461,185,408,220,529,530,401,
314,214,6,384,396,283,357,117,246,48,66,384,85,13,129,409,439,353,304,456,470,221,116,342,440,305,497,309,173,440,509,537,62,247,401,147,414,377,373,219,1,368,364,91,531,232,426,486,451,323,452,301,92,412,29,247,188,248,308,40,34,224,68,122,235,16,147,329,524,358,
301,312,361,17,149,542,261,454,148,408,528,19,443,543,364,91,397,384,351,497,549,26,331,350,396,
53,74,255,295,435,180,97,483,494,214,409,41,118,425,293,339,22,264,142,111,522,425,
151,545,422,130,102,518,175,286,205,40,82,484,439,425,544,458,93,398,520,214,157,339,89,457,156,
313,161,301,121,
161,67,515,
251,173,299,
137,332,421,
113,291,398,
546,56,88,29,
24,197,235,
491,504,503,434,149,61,241,439,
242,417,5,117,129,
303,393,
17,59,173,214,44,
400,233,103,386,120,
165,222,223,254,407,
61,91,491,
105,350,100,
523,464,81,
274,425,273,191,
504,491,542,
60,276,68,199,
382,360,322,
271,513,105,542,
397,499,310,148,363,121,
33,81,30,
348,270,49,
518,68,394,300,308,3,
35,67,301,
457,151,514,339,44,
76,517,428,
491,230,368,53,
441,80,149,544,498,
331,125,301,
458,326,123,433,
528,5,464,
123,31,495,
531,68,
0,148,144,173,
311,517,275,102,
539,94,222,368,
235,241,343,387,
207,149,501,
232,314,66,
321,312,544,330,
