413,500,234,72,374,287,138,31,519,316,511,537,314,15,279,523,102,
30,5,100,298,523,528,528,59,
118,382,517,366,114,288,279,317,350,519,178,113,53,129,383,134,233,472,417,314,165,506,384,420,27,143,275,417,532,425,
238,423,530,322,328,276,516,207,82,404,174,69,75,63,252,447,254,417,144,
523,434,30,332,282,317,79,241,299,334,296,
494,235,386,15,267,85,306,345,480,317,464,287,463,473,100,158,527,
182,331,211,161,458,149,481,292,
94,197,349,487,479,5,133,323,364,429,368,233,539,131,338,99,178,424,529,
31,405,128,543,517,425,368,361,269,288,106,127,312,464,
193,322,447,335,17,464,228,234,228,264,358,186,138,236,
428,532,335,71,
13,80,446,
272,26,406,401,211,464,127,99,331,545,254,311,466,3,404,509,467,291,501,225,254,289,458,198,334,448,
518,273,335,352,528,447,247,331,106,312,368,501,174,
339,290,372,40,529,527,383,388,275,102,424,99,338,347,315,437,68,519,447,38,42,357,29,118,198,85,233,33,151,303,284,314,104,
310,463,112,168,132,376,380,67,199,98,294,301,388,548,59,241,
174,330,424,26,40,230,185,327,57,68,81,298,349,487,2,218,337,518,145,216,492,448,331,237,242,75,384,483,121,67,325,514,450,329,265,112,34,537,296,118,187,517,540,238,337,530,361,543,329,388,47,385,
274,475,184,102,14,144,326,509,118,135,121,
359,281,331,89,269,250,430,507,317,197,
500,540,476,531,129,495,42,44,282,231,448,271,88,165,276,0,380,413,353,185,258,326,156,
317,288,221,391,376,530,336,292,171,342,316,89,
260,326,168,275,206,124,59,134,421,515,108,302,106,387,60,42,372,
216,307,269,34,60,304,208,317,429,334,164,96,184,345,81,
410,517,8,521,17,133,317,148,305,81,171,5,322,183,103,325,507,27,300,235,300,426,296,329,118,
202,310,305,15,72,
17,23,454,436,148,487,360,208,459,237,495,25,192,236,353,375,545,23,353,249,273,160,404,235,247,507,117,23,151,410,301,7,279,503,535,69,346,199,331,497,520,144,252,426,70,135,509,161,288,262,269,197,137,344,148,532,91,162,31,74,67,292,208,388,514,
43,31,113,161,304,418,302,326,80,250,340,358,491,
197,92,445,63,533,57,118,401,
188,356,44,59,361,
427,249,127,313,
161,232,238,43,225,310,130,302,34,447,437,72,
5,195,118,505,
191,321,534,43,253,151,
498,458,88,455,149,423,
296,300,448,205,98,395,474,91,287,214,269,393,523,
474,401,290,221,54,169,401,200,434,479,192,401,490,237,488,11,301,262,428,193,370,482,448,310,370,68,542,127,102,135,109,145,510,322,448,293,402,533,271,357,136,61,284,507,180,296,266,507,231,289,178,253,
57,174,189,438,121,210,37,277,103,73,153,251,4,402,118,193,210,99,168,254,192,233,434,126,454,255,347,253,486,397,445,84,130,428,107,181,207,547,333,482,348,21,52,88,26,486,231,23,487,
326,547,489,49,453,396,135,102,193,248,352,500,106,286,438,
68,300,202,422,365,87,339,515,339,389,89,128,474,91,353,538,132,235,463,382,23,
356,161,60,314,188,517,209,372,6,36,54,
200,304,132,368,479,315,422,480,
341,402,311,168,391,102,453,320,210,125,388,534,192,40,371,352,260,
267,420,9,469,129,242,176,126,334,387,5,31,70,133,264,434,
489,80,59,326,243,310,296,125,198,
126,77,38,52,80,521,263,518,120,250,284,336,160,47,150,501,207,462,469,53,292,253,342,71,
447,189,175,318,87,250,59,246,339,193,107,46,312,151,447,446,234,79,254,302,
464,193,267,311,128,101,412,493,312,
151,530,401,194,398,292,138,467,32,239,519,243,363,72,339,61,191,183,322,237,35,498,121,386,111,
79,160,334,439,134,94,20,267,523,
176,44,337,268,87,132,280,372,339,267,468,347,288,79,394,417,373,131,502,138,
178,126,144,118,254,211,78,242,20,278,282,476,154,334,370,262,6,103,466,91,194,343,411,543,123,474,474,
242,279,299,46,320,264,322,207,481,304,67,273,198,76,292,538,445,215,
236,337,209,408,250,193,
316,214,131,365,
165,109,528,98,407,
31,40,464,103,165,153,496,443,271,422,185,522,96,269,530,14,323,303,62,274,285,62,177,544,43,210,184,413,361,464,267,
67,519,451,286,250,291,405,48,331,30,34,513,386,242,319,37,121,426,433,229,17,
295,422,300,214,391,473,
29,283,237,121,145,30,186,161,299,478,230,409,377,127,155,302,220,321,60,305,209,312,505,
518,83,502,239,111,337,31,317,14,356,233,168,1,269,126,128,274,170,262,475,439,491,184,109,509,
279,457,162,118,377,458,288,67,9,242,484,212,244,408,142,191,16,238,107,212,529,296,331,
292,333,317,468,444,512,369,
90,254,124,475,106,356,385,426,442,
300,331,62,282,372,166,121,274,90,217,189,483,178,393,392,81,199,301,154,78,512,248,39,249,439,82,254,295,
273,79,326,315,303,265,132,221,398,76,5,233,237,341,358,277,194,51,310,440,481,285,315,345,61,101,229,231,451,60,290,126,170,536,350,389,94,
32,532,255,9,102,194,243,
132,297,191,145,219,464,216,147,391,43,1,261,71,89,55,376,159,200,68,226,342,326,154,302,
88,21,0,348,26,507,437,198,53,351,386,98,443,128,298,511,465,196,501,278,53,359,477,100,480,417,
445,408,519,274,216,380,452,510,125,0,531,170,265,242,188,182,495,532,125,57,544,269,23,367,200,197,432,210,447,185,
350,190,118,477,68,382,43,335,268,459,232,389,517,266,272,91,373,44,368,159,373,192,533,468,426,197,72,366,470,245,388,61,
88,423,81,422,183,26,74,57,498,460,500,
194,370,273,134,122,151,345,121,492,265,533,219,32,43,
533,237,183,115,507,473,435,364,217,119,33,112,97,201,250,407,112,120,407,61,249,88,285,454,331,474,471,500,46,350,142,233,314,375,396,188,263,299,54,
273,433,40,391,303,518,16,233,387,515,28,364,382,
527,59,526,354,515,5,177,47,509,494,
455,350,103,492,468,51,425,65,498,147,
237,219,293,326,352,178,491,
435,195,312,355,
62,53,401,31,239,138,243,384,108,191,294,266,242,367,216,171,54,185,
79,537,59,293,89,222,482,426,30,49,303,460,14,535,319,210,420,478,345,133,43,263,
254,272,160,344,144,54,40,63,333,
138,34,37,151,55,544,391,60,368,176,
429,216,235,193,433,505,527,247,442,
344,415,290,27,306,385,178,41,195,103,254,122,59,401,128,276,160,
318,370,388,
118,180,457,358,192,37,161,104,171,5,263,527,181,391,149,107,528,31,201,311,235,65,168,376,498,51,165,121,306,423,174,79,511,290,469,546,29,159,191,69,248,317,180,517,297,
401,275,151,62,59,388,448,364,416,216,211,332,529,
545,385,368,23,485,100,242,537,180,509,517,301,341,129,198,102,248,151,18,420,123,243,
360,54,366,357,60,
229,403,212,312,73,323,349,354,203,215,345,23,490,473,270,543,180,191,326,56,365,428,479,212,549,224,139,185,357,48,328,468,489,85,246,218,249,120,18,257,481,20,275,546,197,469,24,498,310,393,336,302,44,107,10,102,234,183,187,528,374,384,25,280,3,134,
294,134,335,233,31,14,411,327,98,279,259,272,328,182,250,297,423,173,177,374,148,287,33,179,536,290,35,
365,348,70,36,102,373,468,215,476,316,65,98,307,
187,174,121,60,97,
59,537,216,342,233,121,417,506,134,
31,120,103,17,519,
498,473,188,151,372,357,247,58,547,85,
326,233,148,237,
540,80,208,458,174,212,387,543,529,313,243,513,141,491,408,
340,96,473,43,
333,288,210,500,447,292,537,281,
341,185,264,3,44,6,210,413,157,515,241,
85,140,243,331,265,120,494,379,246,393,84,
118,96,354,445,486,359,506,526,194,324,408,457,93,121,402,409,34,497,46,80,338,53,221,340,102,477,34,109,463,292,48,23,423,274,197,339,460,410,451,
491,160,518,408,142,366,285,476,420,186,43,475,237,
330,269,528,
529,168,134,408,349,423,441,230,121,147,375,332,293,540,379,157,111,29,285,401,94,296,
53,74,88,62,295,435,180,425,483,494,214,409,41,118,425,
468,315,433,316,15,176,446,62,258,190,336,37,249,473,292,335,183,40,251,54,365,292,421,
532,107,198,88,314,424,428,17,55,407,381,469,517,118,
468,248,190,119,499,153,237,424,67,352,14,404,249,487,287,368,473,437,37,278,
448,501,290,401,15,523,294,198,
405,171,505,527,204,287,445,532,213,102,120,292,103,499,266,54,236,525,509,451,31,423,346,121,411,323,346,527,92,388,263,501,311,231,
443,317,499,499,121,170,412,249,173,121,
109,424,339,298,237,136,91,39,219,440,368,506,184,420,311,537,62,385,118,518,344,486,109,42,371,
162,271,530,17,173,147,350,
197,49,214,253,134,134,263,353,422,359,103,
91,80,48,481,118,212,297,395,16,120,92,363,396,301,
473,335,533,523,402,414,138,397,233,11,181,286,494,52,465,468,125,141,193,490,320,180,340,295,
439,79,148,60,380,537,103,
180,89,120,91,293,402,452,474,469,118,528,
249,300,173,243,468,293,427,121,162,321,548,321,290,
290,249,183,
508,80,34,
144,172,274,254,238,
61,332,357,539,71,298,241,
361,486,337,312,464,331,70,320,483,339,373,348,272,31,322,442,264,
475,200,195,128,238,243,274,453,156,61,423,318,488,491,258,518,
485,260,148,162,454,
320,529,240,61,263,366,303,111,403,104,461,63,361,341,395,276,391,394,173,514,424,223,467,283,339,37,238,325,496,91,281,340,268,394,
437,355,517,120,286,314,518,59,212,170,180,279,321,71,113,292,339,71,89,530,355,505,294,54,213,166,387,31,422,51,161,121,
148,483,51,377,102,195,61,74,10,474,198,
294,284,62,437,102,448,101,456,472,162,295,333,368,85,31,455,
253,331,350,228,499,42,471,197,96,250,371,474,301,
293,548,479,135,0,285,473,46,227,518,503,355,313,508,521,158,54,151,156,288,413,482,484,529,271,373,322,184,492,237,492,193,
537,459,482,430,268,228,524,219,7,213,525,514,409,169,546,265,10,345,233,366,331,422,237,2,195,413,516,391,352,469,482,33,122,530,239,505,475,8,152,59,100,501,465,283,198,13,385,352,116,102,51,333,347,61,545,220,54,138,518,297,285,
3,501,107,77,310,208,
528,180,330,327,98,518,332,30,165,305,131,
103,455,344,316,178,393,331,388,411,30,31,422,546,396,514,439,402,197,
539,203,399,150,288,298,331,127,62,428,138,94,121,518,128,61,102,462,
458,157,540,498,161,275,365,
51,448,455,437,96,393,239,
4,46,6,388,311,461,120,
138,357,127,7,538,539,288,369,413,280,404,154,85,193,355,60,62,316,
358,520,526,474,456,59,129,261,224,546,193,326,43,
71,197,309,46,67,13,428,126,
335,434,325,239,369,94,473,518,430,226,113,442,237,344,294,254,229,117,244,407,157,192,365,58,59,432,172,193,237,388,490,448,178,473,469,52,160,491,466,449,428,519,486,142,168,235,468,491,519,509,
327,504,443,89,295,499,40,476,195,109,235,417,63,33,173,186,375,9,432,92,159,290,535,441,61,54,528,464,524,132,152,477,544,264,267,297,474,
195,434,344,419,72,269,435,127,475,408,420,213,
195,148,518,44,71,400,467,475,118,5,21,361,512,
52,284,84,232,68,134,417,506,62,251,188,103,130,300,355,496,423,134,510,43,239,505,335,473,54,58,
185,174,388,532,78,341,345,231,232,259,532,500,517,511,126,429,495,504,59,290,155,445,60,257,402,62,364,
9,32,267,168,263,102,216,80,136,31,125,55,180,402,59,514,231,
34,52,48,332,
31,109,228,214,470,347,373,393,398,54,121,377,9,116,24,235,504,437,70,123,543,518,257,428,294,222,
423,250,331,370,48,88,183,178,500,255,51,493,197,308,361,407,364,183,243,344,458,296,528,381,104,217,
406,162,173,392,192,180,115,81,116,331,438,517,
329,521,174,205,67,135,395,413,429,493,140,321,127,214,361,366,298,329,253,307,102,142,155,148,529,532,417,129,525,237,174,262,410,528,161,
305,434,161,534,96,425,202,528,105,
300,57,528,30,499,89,63,280,465,373,420,134,296,521,61,125,374,149,238,389,270,21,124,449,193,194,389,465,
487,94,3,241,366,112,101,408,350,238,428,242,57,
67,386,422,377,191,296,445,310,279,334,174,427,454,71,
134,146,228,9,424,311,529,333,294,52,449,501,441,74,177,302,163,421,169,197,
364,401,222,116,149,300,60,486,23,67,
322,197,237,399,74,524,531,388,4,
332,364,222,61,125,434,523,188,15,69,446,459,
472,198,126,18,115,46,441,90,
71,501,195,423,21,30,55,
446,468,540,537,83,447,366,13,212,342,
434,305,523,25,50,332,198,75,133,390,527,157,180,418,
234,89,428,447,472,193,247,260,109,97,116,505,
408,434,529,279,118,336,44,228,158,269,102,344,528,369,254,122,540,154,259,411,236,114,512,301,322,180,473,487,421,388,73,523,171,272,491,159,29,36,458,357,102,290,
441,361,529,356,206,263,448,52,1,352,471,39,472,289,326,
542,172,255,388,331,134,298,190,461,424,60,352,213,488,508,
116,509,250,251,412,364,159,224,357,461,
113,319,437,43,499,339,
149,173,74,317,498,
173,327,178,383,168,294,244,2,23,235,288,102,301,488,88,421,316,465,213,103,353,320,331,443,
80,382,13,403,506,285,410,138,468,237,491,322,9,105,508,43,
285,160,529,56,86,204,55,158,517,210,142,219,419,459,537,
507,347,173,183,410,467,312,226,121,359,210,
314,214,6,384,396,283,357,183,246,48,66,384,85,13,129,409,439,121,304,456,470,221,342,440,305,497,326,173,440,509,537,62,247,401,147,414,377,373,219,1,368,197,531,118,426,486,451,323,452,503,412,402,247,356,248,308,40,
180,23,104,118,497,391,39,134,163,52,321,78,437,319,447,545,59,252,127,229,44,549,80,103,510,487,325,458,473,500,541,548,408,374,235,243,16,177,242,200,445,332,526,9,374,464,
322,384,422,476,371,408,425,410,156,278,293,119,228,521,151,341,369,80,172,370,361,59,243,524,193,
352,468,254,209,62,168,331,341,
262,518,474,422,344,159,168,42,170,97,227,233,178,149,292,185,
243,180,157,335,151,85,74,492,164,389,188,297,204,332,451,545,
348,7,472,120,121,365,398,419,67,123,117,464,245,472,6,190,306,94,88,530,57,183,270,288,152,148,361,536,88,311,154,
458,180,391,59,408,331,505,182,391,242,203,311,133,207,423,228,527,259,
473,11,517,549,59,275,144,320,290,450,378,392,470,107,115,339,180,402,16,222,366,498,30,177,209,485,188,
222,339,79,368,23,306,85,156,31,
463,15,118,310,180,337,68,
54,468,258,537,89,62,
197,86,38,94,59,213,314,480,533,301,449,423,323,423,248,148,71,33,206,322,34,99,292,323,503,54,
255,366,80,213,261,216,141,542,423,142,32,372,449,117,209,57,242,317,94,170,206,270,386,178,
184,131,274,534,518,514,154,472,293,356,193,290,462,216,121,130,
15,547,448,323,332,45,159,270,127,549,376,
411,405,294,178,160,100,133,402,250,32,157,528,408,103,465,
160,159,17,341,386,470,411,82,260,379,517,491,93,293,205,328,461,
250,423,236,59,319,291,479,67,148,230,116,347,477,51,507,154,315,368,181,472,46,267,294,422,266,517,34,439,328,253,
148,345,121,501,17,294,309,354,326,
237,313,329,16,128,120,447,484,537,183,181,298,64,302,368,537,322,422,76,232,26,449,545,222,34,306,329,44,548,290,43,29,530,151,192,118,228,
334,287,79,216,385,107,451,
336,427,439,14,468,211,153,303,266,455,324,416,205,191,77,296,228,493,433,448,505,442,461,129,304,82,199,229,384,174,408,489,514,265,72,414,133,69,126,57,128,283,517,317,373,2,534,161,485,238,109,
109,15,115,319,66,235,156,270,385,162,169,397,530,542,519,
276,340,344,498,
120,23,121,92,180,31,332,386,388,71,215,252,260,4,526,
121,314,528,150,190,250,457,161,297,210,487,464,33,208,201,118,392,284,405,443,376,213,29,530,444,539,348,461,24,314,181,281,532,34,62,156,31,457,300,332,507,112,529,397,57,149,40,194,152,398,272,549,185,337,259,547,358,120,97,31,67,498,89,59,539,249,290,148,402,187,443,43,184,151,213,274,437,
6,366,49,314,4,145,348,319,419,
352,542,326,518,237,461,
448,500,296,157,51,483,522,310,478,
191,67,192,168,83,59,
523,498,473,59,258,408,381,227,357,173,358,453,512,
461,456,542,229,352,
342,495,228,446,310,351,529,181,59,62,486,240,433,
312,80,301,29,447,435,74,357,279,139,
540,420,376,
84,495,85,
464,132,348,121,241,511,511,171,469,209,89,469,165,259,465,504,140,397,490,96,31,
211,235,264,182,252,309,271,301,59,379,
383,214,417,471,322,409,213,481,399,296,173,
118,147,359,307,251,377,532,57,445,411,302,447,50,166,91,221,195,408,480,236,300,474,130,198,291,
34,424,210,121,361,179,162,414,268,231,163,219,237,123,131,54,388,157,138,246,5,408,451,216,161,279,367,258,40,197,316,116,174,237,456,61,508,389,302,89,
219,237,
80,244,91,49,173,255,307,28,84,85,44,540,380,312,489,89,509,239,370,21,138,422,299,498,38,
317,410,163,277,54,402,514,259,239,280,287,88,249,210,434,74,467,255,443,505,412,243,494,417,472,474,445,255,312,440,523,109,420,
233,389,164,39,438,464,517,309,130,236,90,464,362,106,195,316,68,200,224,239,174,221,447,288,537,232,257,527,295,273,385,368,75,107,263,518,84,174,294,473,63,465,387,341,183,128,339,120,59,85,441,326,
310,3,
347,253,10,176,31,130,5,480,326,412,510,335,123,474,229,189,44,446,392,538,
102,365,408,138,541,348,460,187,353,210,416,212,99,68,151,308,145,512,405,183,351,475,376,75,507,336,54,80,488,275,460,525,274,302,331,167,185,474,72,329,339,298,332,196,163,363,451,469,120,460,314,229,341,275,231,506,160,168,9,173,326,148,294,311,444,537,32,0,96,103,403,222,446,54,285,59,274,539,319,303,330,158,490,545,486,413,4,238,
512,548,351,204,88,331,181,402,326,473,205,385,378,127,148,196,427,11,288,252,466,125,226,102,401,158,526,347,547,359,69,21,495,264,408,359,262,
265,85,194,340,370,447,348,414,
322,383,391,536,443,
264,78,432,519,463,54,211,341,512,247,231,384,248,475,193,423,423,361,
61,320,342,209,533,311,530,272,71,464,472,139,350,200,404,472,436,494,200,495,474,537,475,239,
447,169,447,333,518,418,461,265,1,77,357,
469,464,180,102,532,
60,107,142,80,138,545,18,435,65,356,187,364,452,542,260,138,166,361,198,403,360,
62,271,177,300,149,39,163,154,408,269,320,518,121,5,126,149,268,528,124,390,496,109,12,169,530,301,305,493,425,180,351,352,207,367,
331,206,512,373,485,35,208,67,102,463,225,528,533,67,351,279,514,542,537,178,224,84,182,84,423,103,251,57,9,359,17,242,532,399,262,361,207,326,85,104,526,253,366,372,
160,63,79,142,102,119,285,335,254,389,43,59,249,549,
63,238,395,
295,422,23,125,259,452,50,424,
134,52,229,194,53,239,475,405,510,183,385,542,475,174,406,300,532,276,483,126,311,107,484,99,331,242,37,228,128,402,418,112,59,503,309,378,
269,62,31,518,192,390,218,103,105,165,272,216,340,457,523,12,359,330,17,195,188,157,31,0,396,
89,44,150,549,68,192,251,476,57,428,416,290,354,150,180,217,346,479,222,234,302,121,46,461,395,
168,14,260,434,354,165,385,382,60,66,227,102,538,262,228,403,310,359,222,547,9,518,191,59,113,277,339,529,290,
63,197,178,105,415,326,57,245,373,254,179,393,
417,499,329,383,311,418,426,238,
340,357,269,90,517,276,419,118,320,376,
532,75,50,166,397,367,368,293,215,321,367,370,119,263,20,118,113,345,435,34,202,475,507,32,268,121,417,532,185,400,545,329,445,271,298,285,547,492,325,445,431,286,
127,31,15,427,
384,548,221,323,322,323,127,173,455,468,128,409,372,264,121,329,398,447,475,440,514,292,
172,144,322,332,20,214,
161,40,366,336,165,182,206,404,329,
267,464,79,23,108,262,284,
319,113,6,
433,67,429,468,
286,532,74,126,
209,96,514,446,374,448,464,515,235,82,70,161,440,352,451,496,507,152,380,496,22,168,61,548,121,168,46,231,250,403,439,287,499,356,118,352,538,255,509,423,162,131,236,88,234,
388,140,120,341,401,103,179,322,198,233,17,
46,301,332,219,488,118,202,65,254,521,525,209,350,257,257,149,54,423,222,242,46,318,492,89,425,425,482,233,78,221,254,113,417,370,
54,204,120,289,192,135,102,213,526,122,321,533,183,342,327,175,31,352,250,209,378,317,501,196,189,34,264,474,468,437,261,255,254,360,52,417,197,
126,62,378,472,10,368,108,176,528,422,524,74,286,
178,55,18,233,274,173,335,331,375,107,23,35,59,154,489,423,181,52,219,273,100,257,423,63,143,315,438,326,255,
290,213,281,171,336,200,32,474,391,66,452,397,128,98,497,361,190,151,474,538,191,172,1,3,176,353,510,390,316,18,339,309,367,337,282,408,136,499,89,118,63,210,448,89,95,95,425,121,167,37,287,184,449,294,398,168,344,408,91,
501,423,148,89,395,1,179,518,405,
222,332,388,457,210,189,327,518,168,118,364,30,46,417,102,130,353,473,
423,436,529,292,237,484,369,52,193,454,48,97,140,266,195,523,20,501,71,498,
157,502,185,192,243,548,501,425,529,321,122,311,164,509,411,204,499,458,
198,301,428,118,339,21,434,412,472,465,183,433,148,
417,176,109,118,177,532,88,46,
332,401,528,102,46,449,453,444,121,537,548,279,518,529,143,183,203,172,315,120,434,180,421,497,498,531,328,34,433,243,165,
271,162,337,138,
238,279,264,326,186,161,38,96,489,399,498,68,265,82,304,500,71,475,329,336,19,365,482,102,
235,284,34,379,239,168,152,69,490,31,211,263,183,429,405,119,335,377,128,161,494,
192,17,54,283,474,112,75,407,440,347,427,335,540,395,63,480,132,157,348,65,259,423,111,512,120,168,344,395,65,61,72,465,341,191,237,
37,130,518,84,68,147,198,263,141,416,138,167,47,266,396,52,211,250,67,
420,122,446,214,109,381,267,272,540,480,532,68,42,107,75,534,134,228,424,491,545,317,
231,72,495,185,364,102,34,315,494,248,304,452,264,115,189,297,57,
517,523,406,422,54,118,210,423,410,266,499,377,129,422,465,10,437,495,375,207,268,311,142,300,298,212,185,318,520,100,177,340,299,372,203,65,173,356,530,62,464,24,72,
509,116,345,541,274,433,223,426,52,28,17,345,240,399,221,80,106,353,417,234,357,274,217,385,335,
65,388,25,256,86,28,116,191,288,243,439,500,196,218,492,312,261,267,46,151,227,176,152,414,452,475,496,479,220,119,454,455,
376,417,331,381,540,15,340,
519,322,228,339,138,321,407,498,226,518,514,12,119,413,130,55,96,146,428,
250,54,43,411,326,78,372,502,37,
422,124,448,504,517,537,327,437,295,120,260,252,547,152,287,301,462,481,171,74,510,546,205,285,286,121,524,290,383,142,329,322,104,52,26,468,26,214,101,
425,53,290,157,322,57,260,386,62,36,129,466,455,305,46,503,34,530,
207,126,458,62,370,292,204,171,320,100,
181,149,121,250,
228,510,277,20,323,134,159,475,307,276,336,332,75,413,472,494,507,31,118,228,533,211,304,455,298,519,520,329,112,227,342,37,145,261,231,248,253,519,420,471,
368,109,288,314,250,350,326,325,238,545,199,338,524,181,288,199,468,138,179,263,154,126,222,1,
530,62,151,154,392,15,162,383,437,526,193,507,517,26,59,433,518,
423,192,118,294,396,178,264,46,209,210,261,490,
74,134,433,317,126,543,191,267,447,302,149,89,
301,312,361,17,46,261,454,547,408,528,197,443,543,364,91,
154,300,459,15,3,371,41,68,173,329,441,342,495,421,497,391,334,534,468,304,370,210,290,22,138,246,463,250,408,530,213,362,348,47,198,476,368,262,201,132,
326,132,183,63,358,28,43,168,441,370,
49,171,6,79,
366,68,262,296,6,64,212,461,161,37,446,349,111,
122,157,54,210,83,394,337,465,
292,514,504,59,406,416,384,423,182,92,461,250,138,234,541,4,476,474,258,516,64,347,522,78,467,248,528,287,207,126,
151,545,392,65,102,518,113,
74,88,243,505,303,322,286,379,17,312,210,302,
395,296,192,251,63,488,501,89,
239,495,317,62,273,6,518,52,14,98,128,537,335,82,340,460,482,287,518,197,157,61,547,51,
339,311,473,305,329,465,215,320,222,361,126,541,113,
432,534,186,189,264,91,88,327,97,242,
451,425,198,118,243,
171,156,545,65,48,213,303,49,520,2,448,227,410,345,247,39,282,298,428,337,307,212,308,45,486,294,207,
296,67,532,254,537,366,425,188,220,169,164,145,410,30,141,337,383,418,489,529,
162,221,326,299,349,184,165,239,20,34,84,354,370,366,70,178,445,409,152,109,79,329,406,163,262,472,12,209,464,294,485,538,
505,437,458,498,317,132,74,189,108,259,149,490,537,314,429,5,52,
284,198,401,294,255,67,115,55,247,549,339,377,403,228,52,497,267,
157,512,549,149,176,183,393,89,239,295,419,538,296,500,55,288,371,476,315,5,365,107,464,524,57,141,58,131,371,133,93,372,543,335,69,314,140,457,229,34,269,16,193,
437,
357,255,285,208,52,61,174,292,465,506,309,371,451,10,183,368,502,544,138,339,498,28,152,145,120,340,403,150,122,337,343,360,312,498,408,70,
165,478,168,507,224,210,219,199,547,399,157,511,111,490,119,356,236,0,45,447,344,529,285,186,438,93,331,123,498,66,323,203,42,472,196,401,42,119,10,475,207,391,356,249,229,41,31,236,386,492,166,280,112,464,161,178,332,530,
96,470,335,102,416,382,340,305,193,216,402,51,439,198,430,502,464,26,156,
198,37,532,537,158,526,297,511,429,448,388,9,489,
149,364,272,118,13,171,332,244,17,97,377,36,505,262,351,491,273,364,94,181,390,226,543,
109,109,165,417,192,228,319,400,546,31,11,317,
264,102,241,237,249,279,355,177,121,14,26,480,522,169,238,366,132,267,147,194,250,331,437,159,454,57,117,315,376,190,29,100,287,177,241,547,
433,120,338,547,273,251,467,336,501,342,51,458,470,164,100,52,188,74,47,243,132,268,344,423,487,347,236,476,530,515,
40,161,254,34,314,341,481,370,295,128,388,
438,159,406,337,326,
501,272,88,157,3,71,94,448,126,537,29,454,75,381,153,160,54,
210,199,191,524,503,6,531,107,239,40,178,203,497,133,333,253,413,169,358,355,270,122,165,358,101,365,196,69,96,87,432,158,199,473,277,501,347,505,175,482,261,397,472,157,433,391,407,373,167,277,286,309,533,292,57,192,102,262,34,222,169,311,271,434,503,307,451,344,248,77,270,317,533,534,79,517,1,477,385,88,101,535,31,341,445,488,154,423,108,285,507,
310,215,161,539,282,125,205,202,513,
68,88,408,473,223,426,158,253,239,516,480,174,265,445,426,472,233,154,507,544,0,103,253,102,153,445,512,206,499,253,366,462,433,350,51,262,427,376,37,475,137,213,68,190,420,507,497,
337,186,100,201,121,476,329,393,272,183,496,386,42,236,185,398,465,438,
302,74,261,107,229,25,260,89,142,425,105,149,268,74,132,159,34,337,212,
547,121,422,109,86,546,284,160,498,389,395,433,426,365,409,14,530,301,288,437,314,15,142,544,540,347,483,
131,342,94,118,316,536,506,502,
538,347,420,479,
205,491,512,55,75,491,68,81,453,531,310,
285,491,370,102,201,13,110,528,
23,180,17,69,355,318,198,436,545,295,445,245,169,187,246,370,57,
326,63,499,150,76,154,183,129,134,61,20,205,549,425,213,406,260,30,226,319,227,518,259,350,503,428,87,39,322,477,234,41,455,418,191,13,159,273,548,314,287,274,287,238,80,68,365,120,239,464,46,398,335,506,68,92,546,502,331,520,278,250,409,396,
5,183,28,195,196,343,544,208,347,30,316,486,89,59,62,527,269,267,204,
434,112,538,150,412,17,251,245,314,18,479,472,267,493,436,142,296,501,395,140,98,47,511,155,474,392,276,290,325,176,193,524,335,488,210,271,168,408,129,140,125,195,57,129,520,495,311,119,475,317,63,168,179,206,308,332,267,53,159,
479,89,200,41,330,538,
46,250,472,4,8,447,71,
345,509,388,454,428,362,494,512,67,148,216,38,420,194,
425,296,89,302,31,451,514,46,53,118,
470,160,96,467,212,188,192,335,421,159,519,2,146,
67,468,62,59,345,137,286,364,
216,59,
495,342,517,279,185,512,213,239,440,526,10,84,170,21,49,446,532,154,
89,192,103,196,106,536,211,53,362,393,483,499,535,92,502,193,319,500,544,191,347,359,93,132,379,5,501,74,54,226,
388,339,31,38,412,331,345,111,451,461,482,511,542,185,222,331,154,40,70,133,472,530,107,391,408,106,499,359,174,155,493,185,318,
186,80,479,282,15,527,192,24,203,91,314,28,490,460,231,312,212,408,435,458,545,8,60,124,28,84,63,457,203,276,490,250,336,193,486,265,172,343,37,106,176,4,216,73,43,503,347,525,243,5,82,236,165,40,33,288,388,507,88,525,77,353,293,102,90,320,140,252,210,539,338,499,238,254,344,401,191,363,432,539,117,337,449,173,540,357,516,491,
120,520,263,390,91,509,290,281,292,525,137,324,345,542,313,48,106,3,357,182,235,383,326,305,33,409,446,11,466,122,135,389,317,431,494,303,334,413,500,326,348,126,272,397,446,457,399,287,36,58,121,437,85,272,102,233,128,169,
428,474,539,345,234,350,359,66,220,97,328,89,498,198,369,472,508,519,
391,240,210,169,96,147,320,246,168,499,433,290,100,472,312,425,295,250,165,48,305,528,134,376,289,260,16,180,183,118,179,388,340,357,376,100,191,132,537,89,532,67,215,26,44,163,263,458,295,489,70,128,327,322,347,307,65,158,300,273,490,317,
402,341,411,517,314,199,112,9,121,366,185,103,
242,545,46,255,134,497,277,487,
228,284,109,
173,406,287,44,114,160,249,518,507,162,149,1,359,
59,324,306,543,15,5,131,79,145,180,473,153,16,292,233,178,58,250,236,197,106,182,307,257,263,61,252,447,191,504,248,7,515,448,335,307,272,458,523,102,292,527,260,345,197,401,440,67,185,526,412,3,344,177,160,152,433,9,437,211,168,503,30,
112,310,487,121,165,13,238,236,252,111,524,497,549,
372,356,318,498,331,524,260,110,
534,184,432,287,450,501,443,216,305,336,191,527,385,
530,547,61,162,537,174,517,238,481,348,424,374,388,14,115,412,237,258,
288,120,303,98,233,198,176,380,391,398,401,67,88,91,118,17,512,153,402,348,195,279,52,56,96,244,251,375,386,529,319,143,184,317,401,406,395,549,223,152,397,440,250,498,31,9,170,384,
138,118,14,375,440,221,80,271,
183,107,416,256,290,494,457,257,200,132,207,88,513,405,143,225,0,309,164,101,88,430,179,413,44,453,13,50,506,39,254,481,488,63,503,335,314,345,398,357,306,346,535,4,337,480,401,486,35,423,376,90,397,140,423,66,471,14,322,119,468,509,307,405,478,237,291,217,54,395,52,157,102,61,533,357,112,507,472,6,326,295,368,280,198,333,134,5,290,229,407,12,1,424,481,410,233,538,337,507,123,358,353,481,
220,296,254,537,135,
420,251,204,118,416,177,210,538,40,110,
148,410,197,347,114,98,223,439,485,420,
44,85,195,187,16,279,538,6,547,282,89,375,80,176,178,187,273,441,350,173,507,463,361,271,325,159,3,251,391,362,422,347,72,188,70,
518,293,197,195,319,86,112,258,421,26,486,128,285,475,141,173,314,396,173,258,239,526,303,504,240,
417,317,222,509,118,376,387,59,
7,155,54,284,131,285,59,84,352,395,363,537,288,508,510,451,303,443,518,400,418,174,138,403,104,451,
198,428,451,60,
107,173,532,98,421,471,447,60,28,279,118,510,134,342,420,157,39,180,541,367,
331,159,132,254,174,32,129,155,423,543,388,198,152,13,132,376,33,365,279,539,155,454,427,134,94,39,548,352,334,
366,350,491,187,360,351,331,522,532,131,272,
385,109,334,344,537,231,174,484,517,534,88,419,509,545,
350,428,253,502,455,272,110,162,
499,327,522,344,195,541,116,447,348,63,120,463,326,31,209,42,21,339,334,12,57,176,68,409,474,290,339,189,120,290,222,443,405,20,105,263,253,51,240,296,410,417,
517,31,182,135,470,233,389,516,318,174,530,350,30,142,350,210,402,111,321,329,131,133,517,35,192,229,250,336,545,342,385,118,498,406,
168,352,335,326,
543,157,540,74,174,31,31,301,476,301,178,65,201,430,
370,285,80,205,318,326,40,187,281,46,
113,151,168,46,
347,355,91,192,513,57,148,89,330,272,498,5,323,8,511,37,25,433,537,39,303,128,391,224,313,
152,357,210,537,331,235,65,438,288,423,30,53,348,351,543,
145,269,331,29,132,454,357,505,113,102,136,296,28,435,
214,383,53,197,316,355,295,
100,30,
254,163,495,203,228,57,272,224,228,230,460,333,178,408,28,394,268,98,533,70,55,220,331,64,21,464,352,162,164,226,56,90,296,183,227,327,238,447,429,300,46,
8,410,46,
364,426,231,423,332,377,139,500,533,43,265,420,
234,424,413,509,259,209,
128,161,180,344,44,393,455,401,509,347,246,384,132,222,471,203,68,88,464,233,475,188,31,423,210,40,110,
314,547,532,121,413,339,517,
188,470,498,533,128,296,269,411,332,473,243,
392,284,36,413,88,530,151,406,543,386,531,548,121,
192,269,446,89,317,517,300,336,401,350,266,225,210,331,530,406,141,314,281,109,107,
231,228,385,500,186,405,259,
321,249,191,190,480,
526,42,88,411,101,512,245,401,21,527,180,278,358,29,233,465,331,518,309,530,120,71,
498,547,449,477,40,492,462,462,172,448,357,261,299,102,274,345,523,347,129,29,505,513,179,121,96,202,276,
251,118,174,495,277,219,160,410,448,420,444,539,496,168,89,171,214,362,395,116,289,327,2,180,
159,228,408,358,494,93,230,42,249,372,124,497,256,539,302,457,391,86,195,264,84,485,200,477,334,181,21,438,156,328,97,358,470,134,83,171,350,160,147,59,
334,272,267,67,523,140,
424,468,530,174,234,531,295,126,363,
272,336,210,147,167,181,207,59,347,202,378,286,150,420,269,66,337,47,458,468,487,515,524,121,350,194,
311,434,341,339,134,109,275,108,280,341,102,464,129,79,104,405,157,
52,455,382,356,175,454,531,273,126,283,517,533,309,389,214,312,359,504,509,20,158,249,37,34,124,231,90,176,
502,195,9,518,52,38,547,475,157,326,54,250,73,50,336,140,211,350,281,401,
337,361,302,404,176,282,220,533,97,171,51,310,132,463,140,498,158,271,296,
422,477,295,40,504,124,126,255,71,123,31,71,336,259,281,250,304,150,68,246,115,517,295,397,88,264,324,56,231,293,346,502,505,461,277,491,
287,233,92,455,279,432,548,53,488,229,528,537,315,487,225,408,81,35,208,314,120,173,117,45,247,414,19,164,182,47,239,294,
241,61,310,341,
503,197,314,425,134,59,144,
524,322,372,
98,165,365,
549,160,15,112,
59,489,322,310,159,
60,439,
13,112,285,71,
123,422,178,545,
91,432,290,
426,90,417,
140,388,464,334,
515,341,
502,131,96,176,
517,532,314,
212,446,470,437,302,
363,91,7,424,
259,231,234,458,
110,420,285,350,128,372,
514,103,384,17,
156,500,222,96,
419,285,6,385,
106,31,326,59,
23,267,364,68,
72,202,350,44,517,
118,237,417,
258,54,468,475,523,
104,339,7,423,311,
459,285,332,
217,300,509,423,
361,188,195,60,423,
389,517,300,
283,336,320,
401,344,502,197,
147,455,162,
380,439,
