69,374,305,126,344,326,462,397,186,
305,95,402,77,69,383,342,372,154,24,60,544,506,487,69,422,431,86,119,122,59,
477,317,391,7,189,
466,242,237,392,382,307,309,340,215,546,485,340,164,248,376,521,63,233,350,457,82,548,286,314,541,
267,201,303,52,316,
317,350,201,326,535,122,354,78,343,22,272,44,310,361,355,477,229,317,340,
335,462,268,316,163,149,114,395,473,
80,48,532,480,200,24,410,431,343,180,62,341,495,527,546,242,497,254,
46,269,147,178,502,486,353,261,157,67,213,264,415,366,448,137,181,450,315,0,512,498,186,222,153,547,166,83,178,373,489,118,511,462,124,171,219,19,357,495,
122,7,86,124,427,120,152,16,150,200,95,328,340,169,278,64,159,61,253,85,41,488,290,11,39,230,482,187,138,212,382,88,131,438,62,506,259,305,43,61,289,545,201,316,225,262,258,530,84,110,190,508,437,377,341,126,370,147,
524,340,153,184,193,
48,182,124,334,531,481,337,316,80,133,527,165,471,90,343,350,486,422,247,250,337,179,447,
487,451,144,375,466,226,474,357,139,342,415,434,389,288,254,299,38,445,131,222,503,501,377,431,517,
275,7,238,8,252,387,17,196,44,25,442,500,281,526,
21,512,249,537,
256,79,196,129,106,264,294,434,15,139,129,25,165,443,
286,233,460,482,402,101,466,197,353,68,309,302,201,454,209,438,
180,435,163,251,355,488,443,284,315,324,165,91,541,230,487,183,115,68,514,79,547,495,242,477,96,259,380,308,48,355,99,285,101,122,372,287,253,142,114,546,
16,115,41,222,504,382,114,
185,178,223,68,495,422,250,488,290,60,450,465,435,84,382,188,159,519,108,170,366,483,385,214,350,507,259,228,68,348,253,128,34,73,384,447,87,351,37,
7,222,32,250,406,471,122,366,120,174,364,316,477,357,453,63,
68,302,286,212,223,228,158,450,239,516,480,180,
537,0,44,404,384,391,382,165,289,78,222,94,126,471,536,236,60,107,179,370,509,456,351,161,17,79,99,370,393,462,282,271,250,205,263,83,374,338,244,61,141,228,431,538,368,28,271,185,332,194,397,185,183,414,25,102,200,542,487,197,432,2,30,184,172,123,506,457,168,508,11,184,481,48,
299,150,487,293,17,328,391,50,77,147,143,185,206,306,519,102,463,
312,157,42,438,169,280,289,263,117,215,500,
438,222,271,120,286,161,268,303,
509,20,299,463,173,208,466,471,512,301,228,84,48,103,
452,332,372,398,464,30,420,243,20,53,179,378,472,268,304,
543,496,200,77,2,370,105,231,316,528,382,422,
83,297,159,290,185,
237,114,55,226,397,116,288,471,300,184,207,234,340,215,221,69,264,270,393,470,
57,179,68,382,163,170,295,254,446,27,198,289,259,
462,54,233,9,46,184,142,32,144,480,279,335,69,
359,221,186,153,447,233,327,107,468,83,350,
200,351,418,222,215,259,429,141,139,83,517,486,9,485,528,545,5,321,344,95,474,118,136,486,250,411,532,263,365,535,12,111,435,302,80,122,67,242,33,283,543,250,497,25,499,519,223,543,122,461,119,245,390,292,366,
262,499,245,419,435,321,34,49,549,170,523,242,382,207,296,212,300,194,291,372,117,212,461,
328,371,387,17,457,370,179,144,94,394,407,297,495,382,383,
165,478,168,507,224,210,219,199,547,399,157,511,111,490,119,356,236,0,45,447,344,529,285,186,438,93,331,123,498,366,323,203,42,472,196,401,42,253,48,256,
250,103,547,159,247,7,151,199,133,81,272,389,9,200,
22,314,103,142,74,543,545,251,511,442,268,24,123,241,511,326,120,245,327,417,372,263,419,
149,310,25,54,467,194,290,549,219,458,238,5,273,424,145,335,205,544,531,
360,274,545,441,391,300,290,121,404,250,504,348,481,317,
147,119,351,173,263,
179,33,197,510,19,399,64,214,341,201,474,57,186,269,233,316,454,219,14,357,483,316,44,
358,358,86,506,
20,509,452,
461,200,464,116,96,424,45,151,493,11,270,431,262,
487,43,147,116,77,172,239,521,
15,365,120,183,458,24,250,380,519,241,375,44,524,130,259,350,173,378,480,372,237,515,
413,278,487,49,
228,302,311,198,405,268,250,184,25,201,377,404,531,202,49,174,416,383,367,11,340,161,4,372,68,44,506,12,482,538,
183,107,416,256,290,494,457,228,200,132,207,88,153,405,69,225,0,309,164,487,382,430,179,413,44,453,13,50,129,39,254,481,488,63,503,335,314,180,398,357,306,346,535,357,337,142,401,486,35,537,376,90,509,423,228,234,119,
372,455,301,158,238,184,118,521,300,213,511,147,11,20,365,384,175,352,395,286,468,416,119,305,184,89,150,29,517,397,275,291,180,434,15,274,228,72,290,22,106,
382,366,136,307,41,290,179,122,338,217,22,192,342,516,67,157,535,438,384,376,507,127,453,464,290,389,349,241,537,12,85,91,278,397,322,357,459,183,185,228,492,429,304,284,57,63,422,223,61,396,215,226,521,282,170,83,245,507,214,531,219,292,214,322,349,77,341,179,33,291,171,192,353,422,350,41,193,404,394,262,268,184,521,179,387,176,311,548,300,437,228,485,194,410,35,229,415,157,423,142,281,530,190,543,
129,69,547,311,183,59,204,373,492,458,312,9,282,105,483,471,229,
140,186,500,284,225,507,480,
340,490,487,440,186,206,55,458,302,524,447,17,185,52,535,
547,22,161,355,541,334,337,21,447,74,373,467,279,58,195,528,176,250,9,234,396,445,102,449,129,361,160,75,451,302,151,46,44,352,526,292,495,210,214,381,189,211,138,281,427,
19,264,504,326,83,517,
254,432,382,456,80,
187,416,366,389,434,153,462,201,128,263,519,511,407,517,402,300,448,310,343,107,368,548,295,142,418,382,529,470,221,155,472,538,122,517,
114,142,17,0,194,219,73,419,538,247,271,311,16,
336,511,19,546,14,468,211,73,46,266,455,411,
284,492,320,517,329,140,474,480,
30,363,33,178,350,538,184,120,403,445,536,38,349,487,323,309,115,24,154,506,263,308,199,431,397,493,207,106,336,477,468,417,90,452,44,375,503,242,142,
371,123,540,4,114,234,328,46,231,420,78,229,
358,214,231,0,116,126,159,311,369,309,0,24,483,238,455,122,303,341,419,275,395,475,105,201,265,163,360,316,453,
419,545,2,367,523,448,311,446,387,305,194,525,313,515,349,521,502,185,156,36,203,103,141,159,262,27,294,185,395,153,289,284,223,133,277,12,468,487,523,9,274,319,346,434,400,424,37,174,534,21,315,139,54,165,213,2,210,512,398,264,22,
183,496,302,249,221,194,462,15,143,58,370,282,469,478,517,114,395,412,44,463,460,102,392,
378,456,452,297,453,259,
113,353,384,
150,475,450,346,141,
238,334,42,453,358,205,275,123,99,165,244,261,68,387,
209,481,286,374,448,464,515,212,
73,336,406,
153,255,380,9,185,391,24,
357,445,411,495,356,453,160,290,162,183,47,249,79,141,493,7,474,
17,159,274,206,59,18,324,83,537,328,85,277,424,198,187,338,367,350,
253,250,298,304,437,325,307,425,18,165,180,466,
16,368,233,522,525,
222,159,300,537,511,312,36,521,164,355,431,539,250,200,256,303,509,397,0,77,479,510,19,139,487,144,382,385,7,215,282,288,34,438,46,543,333,22,233,214,0,97,322,361,199,227,44,16,388,
259,142,310,69,174,57,378,
142,162,22,250,187,144,380,482,195,122,73,389,500,448,456,25,314,107,106,187,378,130,226,300,114,538,418,294,397,547,424,462,302,356,222,26,40,240,259,382,183,429,196,355,100,
245,496,302,77,120,37,233,153,105,382,263,224,533,259,508,
49,228,69,208,443,294,487,535,118,382,476,209,212,361,484,480,413,
495,393,392,426,230,155,350,54,471,493,496,448,322,276,528,497,420,180,387,190,180,292,405,80,424,432,479,452,263,547,437,62,0,217,83,195,385,101,61,240,373,451,46,292,474,47,300,506,507,336,86,383,248,161,302,357,217,492,384,
291,535,495,38,64,88,187,540,78,21,118,382,132,474,167,188,517,320,198,215,233,42,431,117,123,
474,179,44,284,291,35,56,201,82,518,159,510,361,83,546,431,495,18,314,357,287,
62,268,242,355,292,57,451,101,204,380,226,515,122,45,84,196,5,204,25,187,
340,515,247,466,139,223,4,353,433,245,513,434,231,136,186,193,215,228,171,157,249,456,
120,109,119,67,470,245,266,354,391,304,22,225,212,376,63,292,
381,162,201,115,100,
487,510,180,342,246,337,153,509,411,314,286,114,314,40,156,292,204,367,305,423,427,136,44,526,445,113,105,167,334,391,
48,457,330,537,83,509,
21,547,149,511,428,475,292,303,106,124,303,390,291,118,195,456,228,226,437,34,190,430,
210,199,263,524,503,6,531,107,239,40,178,203,497,133,333,303,413,169,358,355,270,159,105,165,358,101,365,196,69,96,87,61,158,199,473,419,501,347,505,387,175,482,397,463,28,433,391,407,456,316,499,277,286,533,292,
186,350,38,46,481,303,44,327,296,431,194,475,538,296,311,172,233,359,481,382,140,387,56,462,
496,179,183,250,464,510,19,19,172,210,245,229,543,280,201,548,69,247,293,464,508,
456,378,185,21,548,168,404,
61,210,398,184,151,38,275,366,52,344,440,397,179,199,382,539,223,64,215,538,122,11,500,387,75,458,113,215,380,179,341,495,
457,431,246,130,48,117,328,189,51,336,443,38,236,455,476,40,481,537,111,448,464,42,103,72,234,418,516,45,
63,466,177,132,127,469,80,351,380,165,399,416,120,7,
229,403,212,312,73,323,349,354,203,215,345,23,490,473,270,543,374,191,326,56,365,428,212,549,224,139,185,357,48,328,468,489,358,246,431,249,382,18,257,481,317,184,129,
486,250,1,481,98,451,13,408,405,506,355,59,200,320,429,110,248,287,
294,350,67,139,256,418,
511,120,336,201,196,22,115,426,250,163,151,503,541,247,
228,102,296,169,168,183,306,335,196,185,458,86,89,360,74,416,268,269,49,39,463,530,90,184,329,249,537,203,393,420,217,93,158,269,247,445,234,21,419,420,509,364,499,298,
233,247,510,54,360,75,100,424,354,266,523,16,207,198,227,97,391,96,208,157,186,428,462,427,171,378,209,195,322,169,185,508,
510,474,411,459,487,435,342,246,215,548,549,331,200,197,91,
69,129,247,71,120,136,401,469,504,242,159,41,378,393,237,528,457,370,4,398,166,458,491,481,
332,197,302,334,537,
437,391,523,90,253,382,382,353,542,263,12,21,411,33,90,279,432,
149,247,356,242,
264,256,4,19,174,496,
389,250,435,422,233,118,
207,300,233,91,535,160,114,262,535,294,99,333,183,69,537,141,288,297,498,
142,290,274,163,214,180,519,418,463,
411,200,487,504,311,302,357,333,324,509,487,195,510,336,373,118,185,292,437,350,483,
120,259,83,30,15,290,450,350,137,324,345,69,327,48,106,263,436,182,235,383,326,517,
471,406,48,129,358,199,
30,383,410,537,393,80,74,484,
234,371,300,237,57,340,520,219,196,222,349,17,129,435,129,481,288,481,183,
327,154,186,377,173,512,421,481,531,227,142,120,279,257,502,344,374,547,476,105,86,353,
70,194,393,388,230,247,487,
173,147,491,411,508,247,145,204,17,191,387,480,103,
243,452,149,302,201,221,528,223,361,
100,229,180,381,142,
197,330,95,288,230,39,256,332,294,246,
153,412,306,75,523,59,503,16,65,106,123,423,79,484,11,254,352,106,473,528,32,274,374,442,23,87,359,7,165,467,76,374,183,360,488,252,187,245,105,415,223,424,350,383,65,526,78,41,487,228,144,188,0,184,162,460,524,236,353,150,532,371,85,179,268,309,151,
528,430,200,235,119,41,482,463,133,216,144,495,506,184,11,342,274,491,434,257,107,432,162,69,462,25,214,8,276,462,46,
456,193,225,215,226,349,476,199,75,46,479,162,229,340,318,5,439,314,161,241,85,498,199,289,311,2,196,445,493,304,247,242,240,247,210,248,254,
535,186,447,171,264,200,49,147,184,291,250,77,201,270,340,82,126,
77,282,245,432,476,111,464,29,41,237,86,
244,424,238,272,428,300,261,
59,305,165,374,125,263,443,420,179,463,38,
300,263,504,481,38,27,511,16,219,222,135,444,499,187,159,338,529,220,244,195,297,513,250,495,487,300,313,255,506,207,176,22,215,234,317,52,237,41,382,185,194,351,261,141,521,
160,31,19,357,254,221,228,528,
453,269,306,62,357,339,337,163,517,114,251,229,111,290,286,506,378,7,358,212,410,
85,24,338,382,
197,343,474,368,286,
247,282,340,50,94,108,271,505,152,451,233,114,449,75,133,394,256,548,17,163,409,298,10,274,366,250,310,124,520,1,153,56,139,149,305,
512,21,83,123,419,331,
391,240,292,210,537,96,147,269,246,168,227,99,437,290,120,477,360,312,426,295,250,299,48,305,
414,342,32,364,70,227,
435,327,510,403,241,58,161,200,136,316,250,310,389,435,333,439,234,
268,228,291,153,228,119,62,197,335,499,201,382,346,439,526,463,432,434,447,
214,17,546,431,78,96,397,358,367,141,92,382,42,290,101,91,382,437,123,334,16,477,316,52,528,492,5,
431,80,229,159,278,214,22,220,508,85,96,402,525,461,
82,523,487,203,474,145,266,0,161,182,320,
115,239,475,179,144,107,506,219,410,263,16,359,298,271,265,381,138,281,353,540,180,
264,97,219,535,116,31,382,291,97,377,237,
201,187,182,313,317,383,268,310,184,232,334,511,123,366,197,195,57,281,217,214,150,496,28,418,118,167,474,
98,314,479,
86,118,320,495,4,410,305,122,340,77,292,
373,129,317,25,380,454,214,534,495,
509,411,44,317,461,538,140,183,
219,264,517,219,114,
171,31,365,36,249,194,335,198,350,159,535,259,108,2,328,135,314,443,340,49,302,
28,430,16,154,343,13,516,304,210,183,384,537,11,204,271,432,161,374,301,
499,200,540,210,290,95,228,543,314,
490,438,339,220,174,40,306,479,343,518,340,445,366,475,533,151,535,311,297,515,
443,180,360,457,72,49,224,328,464,33,338,447,480,159,371,29,171,0,227,256,
103,250,314,457,389,39,182,225,180,531,173,212,22,509,
17,214,275,123,340,234,273,
194,262,300,464,144,70,32,225,528,475,88,439,
398,452,439,180,419,69,136,105,81,
517,172,120,487,260,384,453,18,498,229,362,
334,344,422,306,322,458,238,508,138,48,13,265,373,369,312,70,107,27,17,421,214,61,456,201,475,498,67,390,434,154,487,41,332,359,
188,75,422,
190,500,508,19,309,122,545,21,
424,350,382,17,49,413,483,73,311,263,18,382,72,238,244,149,353,191,510,214,
101,462,187,69,387,
44,314,154,144,184,46,96,432,353,65,176,402,
370,33,325,137,4,189,381,394,547,394,193,273,185,60,524,134,425,76,537,316,122,104,302,35,480,516,98,210,319,183,229,214,196,74,344,328,480,310,433,
227,159,391,443,222,127,510,16,136,
141,394,300,78,33,357,537,356,150,
389,361,250,103,73,83,
432,44,28,537,528,495,35,140,254,437,
149,243,361,
123,17,423,343,109,241,545,219,545,201,512,197,201,537,371,343,242,450,233,380,291,
212,479,68,214,392,95,299,120,201,186,453,
460,250,129,201,530,30,221,461,158,265,286,484,210,183,362,
12,31,424,181,373,524,241,282,111,372,350,377,487,250,367,283,44,236,292,228,290,393,478,375,
215,234,49,223,184,369,503,270,372,227,61,390,506,200,456,212,194,239,464,156,302,222,208,508,312,340,486,510,180,
286,156,113,267,119,241,384,487,112,152,471,258,320,271,
162,338,22,450,174,258,65,381,286,8,189,361,
297,271,200,314,297,328,378,278,13,74,519,248,246,83,118,
274,484,253,388,372,17,333,148,381,142,419,1,247,311,22,450,486,360,527,207,
353,178,200,424,314,513,184,243,286,437,44,388,327,514,340,426,113,
146,31,519,120,170,427,522,52,88,191,384,25,219,65,199,497,
512,106,382,312,
139,219,29,200,419,12,333,175,258,517,222,
350,230,362,171,495,522,341,104,408,186,201,26,146,440,432,278,226,261,153,23,120,331,205,241,317,159,509,544,184,382,84,186,185,175,212,466,169,174,428,523,540,302,109,186,487,382,12,198,416,411,
387,200,313,101,38,391,393,495,61,69,20,32,186,77,362,82,419,238,338,497,486,419,278,547,293,99,314,53,328,100,299,272,150,58,450,210,88,439,166,300,416,205,507,
52,207,267,340,302,
316,335,48,19,255,292,375,179,214,136,244,439,519,286,62,122,270,210,267,150,370,7,246,150,358,
302,279,481,411,350,44,370,245,338,68,452,460,131,52,
343,197,139,48,489,139,378,
109,120,197,531,82,113,317,350,106,157,39,382,184,241,
271,297,207,136,115,273,438,276,270,290,
114,237,183,158,388,434,411,453,66,382,53,
532,75,79,166,80,367,83,200,19,321,159,
242,301,149,232,406,480,391,62,148,422,44,248,262,314,516,546,170,339,143,393,127,126,457,521,243,290,225,80,30,200,165,263,443,521,515,350,479,
215,237,10,387,537,2,471,312,214,429,
156,287,364,286,247,447,152,138,525,281,140,147,270,263,519,85,271,278,2,
290,73,281,171,336,200,32,474,391,66,452,397,128,453,360,271,190,250,
438,25,537,44,382,501,322,239,475,369,481,103,231,545,316,363,390,481,490,227,303,448,184,402,35,432,247,269,16,77,91,280,312,533,279,
464,422,77,194,481,25,479,75,69,496,383,253,457,255,57,258,452,219,51,70,83,
150,95,219,220,9,17,69,316,
303,400,374,438,300,539,503,258,385,137,3,513,251,312,162,462,178,214,139,291,210,288,235,367,7,274,492,319,23,264,21,89,109,521,358,196,118,255,13,470,267,480,
390,334,338,200,215,
165,345,381,8,358,68,70,93,458,63,
5,466,278,224,211,211,69,433,483,104,200,198,496,505,203,85,111,131,513,214,
150,363,304,214,372,481,115,299,415,162,261,108,187,473,131,201,0,15,299,442,290,387,
139,68,49,340,15,110,359,99,488,78,125,355,122,201,529,350,370,247,294,343,481,256,461,
13,297,334,159,201,169,121,420,303,430,447,403,516,49,410,545,394,
475,186,334,185,190,415,499,346,230,102,21,193,60,115,191,272,214,59,66,490,42,194,179,
99,283,469,537,255,387,521,194,323,13,180,87,54,391,19,83,176,24,488,491,238,
9,201,32,200,44,547,206,107,421,129,128,153,75,270,462,
178,479,81,348,105,123,493,234,
282,380,51,258,503,214,535,468,508,299,184,77,151,
261,4,343,175,118,150,129,463,443,346,363,466,3,92,226,0,488,275,367,238,139,263,133,529,548,150,244,233,136,
458,228,430,96,129,95,546,340,388,483,234,25,
424,156,185,481,136,250,321,408,107,356,
250,253,486,259,187,179,292,313,209,120,138,246,494,53,40,468,496,129,15,48,184,540,90,365,541,463,251,102,191,122,345,535,187,493,163,379,93,439,356,89,330,142,442,24,472,34,228,189,389,302,538,55,417,547,435,429,282,369,370,511,163,200,460,17,360,440,290,150,211,337,246,
218,292,299,241,65,439,
150,316,410,250,261,
526,258,268,366,184,232,437,189,486,526,15,470,230,289,219,233,254,
358,351,165,229,268,471,56,
450,355,217,208,214,258,355,36,351,314,362,387,417,120,245,46,274,136,410,196,263,123,290,26,150,433,431,118,241,
517,429,149,328,372,302,118,284,291,311,219,221,300,42,265,444,229,301,250,
476,457,273,545,487,402,486,49,261,
462,261,29,147,
495,80,291,44,46,
24,423,532,85,423,153,
523,158,262,350,79,153,82,394,437,98,106,545,91,306,
184,118,188,212,481,61,15,349,54,428,199,254,401,293,526,171,228,233,419,157,372,153,544,537,524,
154,305,44,334,328,55,
429,382,517,343,431,200,60,521,250,508,444,195,312,496,142,363,215,
0,46,397,486,409,329,537,230,281,115,44,98,449,91,212,253,291,29,365,237,546,56,161,153,65,84,443,511,358,24,104,491,261,297,346,174,114,
350,78,239,294,205,164,184,208,105,517,397,529,290,25,24,548,471,205,15,78,30,209,224,477,88,306,1,414,300,259,424,139,404,310,531,481,474,314,
504,16,69,376,521,480,19,72,87,263,444,360,
187,101,17,
327,22,200,
255,99,374,464,300,378,316,465,75,406,153,397,
474,200,290,350,169,197,434,241,
535,225,16,490,222,463,
200,228,368,138,529,510,191,28,207,302,160,353,13,158,411,91,185,119,531,412,481,327,506,383,410,388,313,457,495,188,267,95,297,
406,521,255,226,73,471,354,361,44,105,
4,108,534,129,323,330,390,69,46,5,239,205,406,90,264,459,435,546,9,269,510,534,159,327,
508,173,25,175,190,548,122,58,496,
67,44,294,334,
351,55,358,450,300,153,182,251,200,44,147,
144,278,41,287,437,420,
74,464,525,439,454,169,532,303,119,431,178,267,242,33,358,291,182,31,144,448,2,134,321,257,107,159,547,304,546,68,228,264,211,527,184,22,464,205,297,30,370,
174,397,162,0,40,230,31,259,4,
75,26,67,418,347,250,438,25,384,363,54,308,130,456,518,158,301,419,506,247,410,313,153,372,181,246,498,267,61,356,112,140,23,255,188,466,323,
265,517,115,358,540,
219,123,289,313,464,115,139,150,118,37,127,221,268,220,358,219,
382,424,49,264,196,213,254,437,114,287,16,91,
201,320,260,394,290,466,123,290,168,434,221,139,267,243,122,
19,73,179,203,366,342,175,355,359,40,190,222,160,316,423,46,336,312,447,247,99,532,
540,330,116,217,499,280,326,388,92,83,290,512,79,292,265,151,61,448,473,517,128,
49,212,266,353,426,139,518,381,230,341,293,342,318,212,171,215,
233,389,39,438,464,480,466,286,179,90,384,479,106,
481,457,209,327,252,184,385,150,50,350,83,184,84,379,186,117,69,
521,419,429,516,528,465,132,468,332,52,311,479,479,270,194,300,487,39,385,407,127,320,332,425,419,300,382,115,242,383,39,406,523,61,44,235,222,68,219,272,504,527,
506,486,238,383,200,248,305,122,403,96,16,179,115,317,485,300,228,537,358,69,510,453,531,480,
431,544,214,186,500,159,222,112,388,457,142,59,306,479,338,399,55,258,413,423,487,429,481,29,418,183,530,429,332,474,481,119,342,179,487,85,348,197,145,305,12,
99,207,29,136,246,0,
227,434,414,
56,228,358,
472,452,250,
479,383,55,544,1,288,222,430,521,252,430,240,245,481,18,27,212,325,536,220,311,418,256,483,59,320,13,548,178,277,265,283,421,214,233,242,98,
78,350,185,537,104,39,11,19,481,545,89,353,252,371,38,302,252,141,395,432,291,276,237,371,376,528,
51,453,301,323,40,282,234,184,317,360,9,
162,997,327,370,302,519,30,420,455,92,496,499,481,448,954,334,146,303,161,240,161,283,202,408,399,99,13,88,233,18,463,339,471,536,540,163,406,209,456,438,427,147,153,419,469,239,4,517,215,169,473,231,312,266,76,275,546,482,404,235,539,11,154,233,472,161,426,97,357,233,528,
397,382,86,102,348,0,286,347,297,97,119,402,61,313,44,341,374,214,30,174,68,350,222,501,237,473,131,187,367,338,537,372,141,374,255,233,52,259,69,480,4,
422,94,185,87,188,41,196,305,75,357,389,270,48,310,543,
239,115,382,196,
439,44,435,
326,63,150,76,154,183,129,134,61,20,205,549,425,213,406,317,30,226,319,518,259,350,503,428,87,39,322,234,343,455,19,191,13,159,273,548,
300,527,541,289,339,87,133,214,55,371,308,184,253,220,520,188,189,323,318,389,25,82,186,173,251,377,498,271,47,217,72,40,98,59,184,465,213,130,338,480,487,303,448,262,42,293,387,121,130,40,506,48,
247,25,19,114,48,511,
79,288,205,385,377,532,205,321,157,238,272,256,333,68,169,540,330,241,
16,438,28,506,202,535,189,208,179,227,
2,455,537,419,256,445,215,258,191,346,492,156,359,
157,79,109,176,382,340,89,312,295,419,538,296,500,384,288,371,
105,327,210,129,358,487,406,463,398,523,
186,80,479,282,15,527,192,24,203,91,314,28,144,460,231,312,212,408,435,458,545,8,60,124,28,84,63,457,300,276,250,336,193,486,265,172,25,37,463,176,4,216,73,43,503,347,525,340,535,340,165,40,33,288,388,507,88,525,
361,222,474,547,113,49,389,209,290,308,149,317,243,162,
123,214,183,178,238,140,196,371,263,
118,49,21,219,201,161,483,389,297,
69,183,79,545,182,325,117,448,137,42,459,464,494,10,174,138,549,126,56,4,387,532,49,458,207,5,343,348,306,366,449,31,259,176,94,
120,511,7,147,356,529,420,438,290,212,422,
46,371,147,49,362,186,495,528,
538,263,509,114,
258,34,162,122,540,282,430,
8,528,162,106,135,
331,480,512,
214,379,450,549,547,352,475,273,212,183,264,381,314,167,431,20,128,59,207,57,154,312,501,142,507,150,205,382,221,321,370,432,534,147,301,157,10,212,282,92,479,474,69,215,424,
462,210,176,101,187,528,
127,219,227,348,337,
25,434,217,253,412,257,9,438,284,100,281,218,266,106,443,186,481,42,350,256,461,280,142,228,495,361,376,485,149,338,247,469,290,48,466,62,528,544,458,
228,195,171,89,305,103,528,88,462,160,436,343,535,56,176,
288,222,237,292,98,85,138,288,228,281,197,224,482,528,217,310,405,
41,19,184,144,422,382,362,462,231,139,122,337,378,472,521,6,36,310,197,102,179,157,348,16,517,334,30,156,478,
233,526,222,397,410,389,123,291,261,537,356,162,
330,540,47,126,197,211,48,196,505,171,
229,545,377,353,260,530,273,171,94,367,96,91,194,92,379,183,180,178,258,546,322,141,229,389,314,40,83,347,445,188,272,496,246,370,517,393,100,371,
338,443,25,537,48,431,365,320,7,162,535,119,385,246,85,390,
546,180,80,
410,200,86,382,30,205,450,233,88,150,461,441,
179,337,61,431,196,496,247,233,339,475,537,407,37,382,283,287,437,48,440,115,328,500,
263,120,210,200,144,374,288,424,500,501,383,261,495,156,77,278,501,242,420,450,437,73,333,245,115,538,312,454,123,22,147,229,448,382,201,35,159,
289,119,122,294,526,219,7,73,82,57,148,146,257,187,317,
4,86,371,69,397,72,174,
537,207,215,233,21,
287,144,119,180,240,245,230,474,
226,52,456,266,219,229,389,441,21,460,382,86,494,208,28,27,258,364,65,460,487,350,232,167,158,304,336,237,406,540,465,368,183,329,342,
487,419,473,183,366,340,431,300,111,381,222,12,249,411,82,455,259,184,49,191,350,270,537,94,516,154,107,377,473,70,413,
290,302,184,122,25,149,445,201,296,135,15,124,357,382,147,142,443,120,22,298,499,372,12,282,272,150,83,
83,495,200,55,266,484,512,532,537,474,524,413,481,161,311,39,152,463,53,145,540,118,234,17,48,120,176,464,404,19,393,185,389,272,
118,262,124,200,184,201,291,59,396,119,479,349,380,200,469,364,266,440,397,473,60,261,517,137,302,379,54,440,243,46,303,154,86,303,459,450,330,
382,445,222,122,214,144,109,355,186,437,42,57,36,276,512,466,328,119,351,535,350,239,396,329,263,179,
463,450,194,439,523,205,447,299,503,206,34,143,180,428,60,379,349,76,214,250,420,90,404,326,261,186,159,231,255,535,487,260,398,419,228,268,125,259,528,210,237,422,
40,490,457,300,404,142,422,299,88,
269,286,54,247,151,179,48,503,46,250,532,228,391,0,48,100,44,207,
270,481,328,316,156,199,301,58,422,261,271,535,
144,528,53,44,474,142,343,294,95,153,543,387,394,68,66,229,384,8,186,170,416,366,212,496,10,310,100,382,249,207,263,135,74,279,103,487,115,194,328,
298,115,196,253,237,102,245,70,79,228,
259,503,31,87,8,95,374,382,488,120,330,522,124,250,180,490,419,185,200,289,77,463,467,122,307,171,1,15,371,487,118,439,397,136,245,133,533,
304,253,29,270,360,316,
380,294,61,62,153,154,346,420,
163,57,161,250,453,142,511,335,374,356,358,228,
278,387,448,122,5,350,134,195,296,257,385,348,127,412,297,370,275,390,144,374,413,519,314,79,
458,165,
350,109,242,404,48,159,384,
151,176,369,330,203,337,410,239,42,153,297,407,317,229,165,358,206,216,150,296,435,470,114,511,250,61,42,276,190,152,547,239,321,547,297,340,396,73,284,314,194,392,282,540,
445,229,382,36,408,347,161,35,468,451,35,357,531,6,136,226,290,521,487,
508,215,55,164,177,202,27,277,282,537,341,245,
434,112,538,150,412,17,251,245,314,18,479,472,267,197,340,142,296,501,528,140,256,47,511,474,392,276,
102,475,537,299,298,43,135,548,441,183,
119,134,248,200,387,544,450,9,241,508,370,372,289,120,200,286,287,367,175,343,186,305,338,382,147,183,
246,457,228,343,229,316,
439,313,268,105,369,316,299,398,461,229,
55,237,154,
147,17,487,120,214,148,290,46,462,46,122,
545,123,218,122,200,237,476,317,57,360,132,388,18,
311,382,479,473,372,519,461,228,424,83,29,126,496,517,18,490,246,293,428,455,114,
343,490,228,252,321,399,210,365,137,119,60,326,393,460,475,80,72,449,69,94,292,111,523,317,301,
328,270,154,473,
430,528,458,17,13,396,136,96,258,28,
546,336,4,474,
184,421,222,4,246,303,300,358,30,121,528,109,393,410,350,202,118,424,398,61,26,179,365,160,255,372,197,290,438,539,78,320,103,285,51,520,454,366,283,77,72,353,336,195,290,481,527,159,350,237,462,229,147,46,473,44,487,74,471,537,393,356,368,282,
79,278,357,298,
73,19,142,235,290,486,424,155,289,310,462,185,459,44,263,56,393,222,389,445,114,516,
221,517,282,243,405,261,
212,125,451,109,368,325,421,318,136,98,192,44,276,476,256,0,398,17,434,56,537,184,462,548,84,343,209,377,37,349,388,357,35,251,329,200,140,517,262,49,541,47,449,344,469,331,103,166,235,34,483,544,417,203,483,285,324,543,409,548,144,215,60,49,122,247,236,333,495,350,
320,198,86,301,0,284,479,59,197,481,291,
44,450,9,495,275,428,463,15,12,302,474,521,43,30,191,291,438,537,0,406,183,317,228,505,222,351,509,32,67,269,14,275,439,179,
299,509,159,387,218,212,282,150,355,431,514,25,271,
176,23,35,516,536,249,326,471,172,300,377,288,24,184,61,462,6,489,99,69,228,
450,345,68,119,177,461,249,264,250,272,109,309,379,463,294,131,86,317,289,135,
261,350,202,392,272,178,403,0,499,300,241,270,476,462,221,353,
207,148,377,382,356,60,20,324,16,8,30,531,509,508,522,144,151,200,496,99,107,271,274,519,269,219,328,52,310,101,
480,29,462,15,283,331,350,
301,342,75,51,214,355,460,372,29,263,383,277,95,271,242,269,450,404,404,216,145,320,250,28,509,517,254,
148,289,147,353,
197,431,109,2,434,187,179,326,179,512,249,393,537,434,389,0,89,243,403,123,209,350,387,419,2,93,161,410,484,510,300,459,
447,156,157,517,326,501,36,535,274,21,48,
106,457,104,8,349,185,331,220,109,67,21,536,169,528,518,310,150,512,376,97,281,137,372,
201,228,460,13,179,314,251,381,498,358,
196,179,456,159,370,256,520,511,52,500,298,303,185,156,239,141,422,484,529,142,
17,173,454,114,147,136,360,
228,288,163,246,183,462,
423,492,24,337,78,123,382,165,
314,456,411,169,98,302,172,85,353,65,213,23,27,356,398,37,407,464,355,481,474,350,410,205,178,237,499,
292,200,62,491,391,411,540,288,316,276,218,343,526,86,210,182,491,
180,398,116,100,144,365,253,516,215,103,
374,229,369,397,303,377,365,316,95,418,489,269,69,242,68,357,153,255,2,233,255,161,523,163,207,545,63,403,59,16,528,255,263,65,28,195,448,206,
436,120,391,383,324,228,432,370,314,
294,49,207,380,4,130,262,144,93,197,
384,104,400,537,136,296,75,278,86,206,524,146,347,426,159,512,113,314,106,533,217,157,309,495,211,233,
241,457,123,210,314,15,101,106,149,122,272,261,22,121,185,218,109,474,223,434,15,450,79,
340,237,86,38,359,380,229,317,
366,417,187,260,181,481,29,144,61,165,165,269,438,113,19,278,437,46,415,457,4,130,201,182,45,487,306,186,43,269,349,11,200,
29,0,99,372,139,311,462,263,342,374,377,440,
54,462,185,10,314,
426,391,353,327,
185,200,83,320,2,537,424,456,90,316,54,241,196,475,153,227,83,
95,458,200,468,86,150,197,48,523,328,81,212,200,126,385,417,499,255,127,305,
481,81,516,439,264,539,299,300,270,411,285,486,172,359,68,360,435,217,479,518,267,53,221,223,440,11,15,412,534,48,464,247,288,200,431,320,253,314,375,186,179,186,234,424,
480,80,295,30,471,233,504,316,486,140,506,
445,2,519,73,
356,120,357,75,149,395,437,184,508,61,141,424,233,
246,99,197,297,250,
383,305,30,153,263,301,18,495,436,506,380,200,228,532,202,328,
302,180,345,290,511,276,340,195,200,484,547,340,505,314,489,142,146,200,332,215,142,388,31,121,339,171,
317,300,181,314,545,413,373,289,450,50,185,387,454,200,423,360,
434,114,201,29,372,227,408,
348,41,127,127,85,
136,69,200,261,487,338,445,283,227,450,271,17,67,435,398,475,99,454,259,430,434,424,
508,431,356,206,233,
517,19,540,139,
0,438,490,462,358,211,222,355,82,443,320,99,
33,437,141,
135,102,290,8,112,450,
314,214,317,387,214,283,22,183,246,48,66,384,85,384,436,487,129,409,439,54,151,44,103,304,241,297,470,201,466,278,440,201,497,171,
404,301,360,40,83,456,
159,466,541,222,194,517,55,162,74,463,431,101,391,171,210,281,203,332,300,443,223,300,259,477,185,270,69,168,366,409,447,439,548,474,537,178,536,17,178,350,27,140,112,476,327,299,292,196,184,139,13,250,431,350,83,128,4,532,330,323,263,
243,118,
368,16,197,
279,462,302,437,438,
34,258,21,250,
462,528,0,228,
31,174,264,
327,4,426,
316,543,480,304,179,
230,70,197,287,
500,190,140,275,312,
473,540,487,335,328,
201,314,118,263,
254,526,57,301,
229,439,517,340,263,
317,509,317,
380,63,340,
272,244,79,290,83,
471,509,215,
360,153,304,358,
483,118,129,179,411,
463,535,142,105,
405,221,288,
65,146,218,
531,350,200,506,103,149,
127,95,278,348,
306,299,523,228,
46,147,336,
387,173,99,
416,63,
271,286,114,299,
273,476,326,17,
418,294,142,200,
18,311,
540,115,258,
395,335,
377,176,487,264,487,
544,184,479,149,25,
24,0,99,
30,480,41,
