469,464,180,102,233,3,50,524,542,188,183,
19,426,120,540,161,
292,514,504,59,406,416,384,423,217,92,461,250,138,234,541,4,476,474,258,516,64,347,522,155,78,467,248,528,287,207,126,79,147,337,269,340,145,310,458,
540,80,208,458,174,212,387,543,529,313,243,513,141,491,408,423,88,467,131,59,207,522,130,487,519,109,
173,123,401,287,302,44,114,160,162,356,1,359,
9,32,267,33,263,102,216,80,320,136,125,55,180,402,59,514,231,7,178,89,429,478,127,503,
193,281,335,17,464,228,69,228,377,264,358,186,6,236,157,287,439,134,148,
401,344,502,197,464,80,455,522,63,364,
487,94,3,241,366,40,101,408,350,238,428,242,57,188,328,133,465,168,117,343,127,131,343,
90,332,206,468,
317,163,277,436,402,514,259,239,280,287,88,249,434,467,255,443,505,412,243,494,417,472,474,445,67,255,312,440,523,109,285,288,180,347,70,221,
337,433,91,404,282,220,533,97,171,51,310,400,132,463,140,498,158,271,540,131,483,63,
48,464,342,96,206,
498,172,449,477,40,492,462,462,172,448,357,261,299,102,274,345,523,347,129,29,505,513,179,230,533,96,202,276,422,207,
91,337,273,255,126,530,207,359,36,27,
13,80,129,393,162,282,
128,141,66,161,180,344,44,393,455,401,509,347,246,384,132,222,471,203,408,428,464,269,521,31,423,210,40,132,110,111,161,64,103,417,368,267,474,335,
160,63,79,142,102,119,285,335,548,389,43,59,249,549,185,460,
206,265,168,156,126,359,548,62,91,111,175,48,74,265,462,417,
31,128,543,517,425,368,473,57,288,491,285,312,464,240,549,512,193,126,321,185,
118,382,454,366,114,288,128,317,350,519,178,113,53,129,383,134,233,472,417,314,165,506,384,420,27,143,275,417,77,94,425,415,129,161,235,314,187,445,188,
122,505,
192,357,446,317,517,300,336,401,350,266,225,214,331,530,252,141,314,281,109,107,292,370,30,333,
251,108,174,495,277,219,160,410,448,420,444,539,496,168,333,171,214,362,395,26,289,327,2,180,498,364,524,523,394,487,543,
17,23,454,436,148,487,360,208,459,237,495,25,192,236,353,375,545,23,353,249,273,160,404,235,247,507,117,23,151,301,7,279,503,535,69,346,199,331,497,520,144,252,426,70,135,509,161,288,262,339,197,137,344,148,502,91,162,31,67,292,208,388,514,436,411,540,544,393,434,395,446,499,
17,411,192,
110,420,285,214,128,372,10,22,386,147,410,323,511,361,
333,273,358,192,241,262,456,511,
57,174,189,438,314,210,37,277,103,73,153,251,4,402,31,193,122,99,168,192,233,434,126,454,255,347,253,486,397,308,84,130,428,107,181,207,547,333,482,170,21,52,88,26,486,12,23,487,402,428,287,429,
83,148,91,288,
23,44,9,76,484,540,339,
53,318,70,113,
240,494,292,331,
472,195,529,131,274,350,
222,210,339,335,368,23,306,85,156,203,462,508,541,102,443,127,
529,545,437,408,349,423,441,230,409,147,375,332,293,540,379,157,111,205,29,285,326,94,9,472,
214,58,53,300,316,355,145,542,278,
322,251,237,399,332,524,531,388,4,323,440,306,271,362,16,544,253,151,302,450,6,69,
157,512,549,149,176,183,60,393,89,239,295,419,538,296,500,55,288,371,290,476,315,5,365,124,464,524,57,141,58,131,371,133,93,372,543,335,69,314,140,457,229,511,16,193,439,
122,131,429,217,222,494,
527,75,59,526,354,515,177,47,509,494,188,160,325,511,198,262,192,111,
154,300,483,459,15,3,371,41,68,173,329,441,342,330,421,497,391,334,534,468,304,370,290,22,331,246,463,24,408,251,213,362,33,47,198,476,159,368,262,201,132,331,544,378,448,151,
357,255,285,208,52,518,174,292,465,506,309,371,451,10,183,368,502,544,215,339,498,28,152,145,120,403,150,122,337,343,312,498,408,70,46,77,300,438,324,437,267,264,26,464,
82,220,310,67,222,424,480,
339,311,473,305,329,465,215,400,222,80,126,456,541,113,468,440,331,56,230,250,314,387,195,
118,96,354,445,486,359,506,526,194,324,408,457,93,121,402,409,34,497,452,80,338,53,221,102,477,34,109,463,292,48,23,423,274,197,339,460,325,451,325,357,420,124,198,134,162,216,525,540,419,
498,331,195,319,
138,211,37,151,55,544,391,501,368,88,139,148,408,153,274,464,273,297,305,
540,23,424,40,471,345,118,19,
88,155,81,422,183,26,472,57,460,151,159,250,400,544,423,253,536,205,351,429,402,542,178,
171,203,271,258,523,499,408,87,419,
311,434,277,339,134,109,275,108,280,341,102,464,129,79,50,147,136,157,44,131,183,498,110,292,288,
188,356,44,59,361,139,78,36,204,195,172,518,120,70,491,
172,464,517,
216,239,59,3,56,78,41,274,207,102,63,331,523,
498,473,296,151,372,357,247,58,547,85,203,251,311,328,344,440,68,103,123,411,526,227,438,429,517,253,
450,331,322,195,428,
365,312,198,89,
503,174,156,98,9,372,
209,96,514,446,374,448,464,515,235,82,70,161,440,352,451,496,507,152,380,496,22,168,175,548,248,121,168,169,231,250,403,439,287,499,356,118,352,538,255,509,423,126,131,236,39,88,234,243,451,149,515,208,
316,214,131,367,518,196,515,
255,366,80,431,213,261,216,141,542,187,142,32,372,449,117,209,57,242,317,94,170,206,270,386,178,496,541,411,41,161,423,0,91,322,301,498,
530,151,162,174,517,238,481,332,381,374,85,14,115,412,123,258,149,234,412,178,91,
198,428,451,193,483,288,294,70,332,421,385,118,365,466,364,293,149,
31,40,464,103,165,153,496,443,271,422,185,522,96,42,530,14,323,332,303,62,274,285,415,177,544,52,184,361,464,267,255,549,313,194,449,262,504,
40,409,145,314,216,481,370,295,128,77,540,347,376,272,254,282,151,517,138,
393,17,216,
20,235,364,30,271,197,208,457,
50,470,529,
310,463,135,132,376,380,199,98,294,301,388,548,241,449,285,162,82,508,332,
285,50,370,531,102,201,8,110,528,170,312,272,180,255,279,435,179,267,498,
134,290,229,194,53,239,475,405,510,183,385,542,475,174,406,75,532,276,483,126,69,311,484,99,331,242,37,228,128,402,418,30,112,59,417,309,378,459,118,59,300,267,447,193,
332,528,102,26,449,453,444,315,537,548,279,518,529,143,183,203,172,315,120,434,180,421,497,498,531,328,34,433,201,165,14,177,50,310,290,363,103,174,
504,165,314,168,296,451,31,
340,96,473,296,218,318,476,417,292,127,416,147,424,462,
145,269,331,29,132,311,454,357,505,113,102,136,55,237,28,234,435,170,418,40,336,87,525,
326,132,183,63,358,28,79,168,441,370,269,3,468,415,156,476,
301,312,361,17,149,542,261,454,148,408,528,443,543,364,91,397,384,351,255,549,
548,288,206,196,188,335,160,370,
283,336,268,363,229,453,
141,185,85,290,128,389,441,461,109,544,
103,344,316,178,393,331,388,75,411,30,31,422,546,396,514,439,402,236,493,300,128,330,421,113,250,308,241,206,370,
389,517,242,254,24,421,54,444,
288,120,303,98,434,198,517,380,391,398,401,67,88,91,118,17,153,402,418,195,52,56,96,244,251,375,386,529,319,143,184,83,401,406,395,549,223,152,397,440,250,498,31,9,170,384,128,187,308,318,469,471,548,
229,403,212,312,73,323,349,354,203,215,345,23,490,473,270,543,180,191,326,56,365,428,479,212,549,224,139,185,357,48,328,468,489,85,246,218,249,120,18,257,481,20,275,546,197,469,24,498,310,393,336,153,44,107,10,102,234,183,187,528,374,384,192,25,280,3,134,328,192,59,402,273,
263,458,409,345,69,91,
518,83,502,239,111,337,317,14,356,22,212,1,126,128,274,170,47,475,439,69,109,509,235,325,395,286,292,357,
285,160,529,56,86,204,55,158,517,142,219,419,310,47,
22,110,264,487,
122,432,157,83,394,106,337,465,361,
408,434,529,118,336,44,228,158,458,269,102,344,528,369,122,540,154,259,411,236,114,301,180,384,473,487,421,361,73,523,171,272,205,159,238,29,36,458,357,102,290,123,22,430,138,171,68,128,328,110,168,59,48,185,175,
229,417,283,
299,356,241,
126,378,10,368,108,176,528,422,524,286,91,501,314,351,31,216,354,407,430,
422,477,295,40,504,124,126,255,71,123,31,71,336,259,281,239,304,150,297,300,246,507,115,50,182,397,88,264,324,56,231,293,346,502,505,461,361,277,491,90,
241,24,526,310,58,161,345,468,100,386,305,458,333,85,367,299,
458,157,540,161,275,365,408,94,35,281,296,352,109,379,
203,470,498,428,199,171,183,359,297,
326,164,148,0,283,441,532,297,282,180,541,370,
290,213,281,171,336,200,32,474,391,66,452,397,128,98,497,361,190,151,474,538,191,172,1,3,176,353,510,390,316,18,339,309,367,337,282,408,136,499,89,332,63,210,448,331,95,95,390,211,167,37,287,449,141,398,247,344,408,91,188,523,135,
463,15,118,310,180,337,388,436,415,276,401,45,502,312,461,473,63,122,
165,478,168,507,224,179,219,199,547,399,157,511,111,490,119,356,236,0,45,447,344,529,285,186,438,93,331,123,498,66,323,203,42,472,196,401,42,119,10,475,207,391,356,249,229,41,31,236,386,492,166,280,464,441,178,332,45,530,
78,216,3,465,356,8,425,
517,60,288,124,40,330,
451,425,198,24,118,194,199,137,417,82,
174,330,386,26,40,230,185,327,57,68,81,298,349,487,2,218,337,518,145,216,492,448,331,237,242,75,384,483,121,325,514,450,329,265,112,139,537,296,400,187,517,540,238,337,530,361,140,543,329,47,385,236,244,250,364,423,214,448,106,122,
332,29,530,
131,342,94,118,316,536,506,6,21,337,187,122,452,61,248,540,59,
234,109,509,480,209,267,331,20,60,288,434,287,488,
23,156,402,257,269,337,504,91,
417,478,109,104,177,151,532,229,214,151,
481,63,528,87,330,292,231,407,309,540,
123,422,178,545,152,408,470,139,341,358,252,498,239,
108,312,461,191,368,328,159,372,433,139,
185,174,68,532,78,527,345,161,363,232,259,532,233,511,126,429,152,219,504,59,290,155,408,60,257,402,109,364,405,216,83,247,31,
254,40,6,433,
58,241,194,339,124,233,185,195,54,310,
384,548,221,323,323,127,173,455,468,128,409,372,264,121,329,398,447,475,440,514,292,86,354,262,20,475,402,242,
292,344,89,485,444,512,369,192,136,420,244,134,146,269,
171,156,545,65,48,213,303,447,520,2,448,227,324,391,345,247,39,282,298,428,337,307,212,308,45,486,294,207,71,367,541,361,516,356,545,
360,269,337,156,331,
464,193,279,311,128,101,412,493,312,15,48,289,172,357,
339,290,372,40,529,527,383,275,102,424,99,338,347,315,205,519,38,42,357,29,118,198,85,74,438,33,345,151,303,284,220,191,503,509,35,372,
172,96,332,20,214,242,115,0,188,399,421,498,121,261,199,
203,331,222,447,458,165,170,391,
60,439,160,16,279,157,79,217,206,524,517,
3,216,132,323,432,40,
183,107,416,256,290,494,457,257,200,132,207,88,513,405,143,225,0,309,164,101,88,430,179,413,44,453,13,50,506,39,254,481,488,63,503,335,314,345,398,357,306,346,535,4,337,480,401,486,35,376,90,397,140,423,66,471,14,322,119,177,468,509,307,405,478,291,217,41,395,52,157,311,102,61,357,112,507,472,6,326,295,368,280,198,333,134,458,229,407,12,1,424,481,203,540,538,337,123,358,353,481,7,426,469,390,59,529,
282,100,305,40,260,13,326,136,229,428,452,113,30,
421,172,69,103,198,
191,308,192,339,83,59,125,
91,80,48,481,433,212,297,395,16,120,92,363,396,301,473,126,228,98,37,179,236,145,263,23,523,
44,85,195,320,187,16,279,538,6,547,282,136,375,80,528,178,187,273,441,350,173,507,463,361,271,325,311,159,3,251,391,362,422,103,367,188,70,138,54,422,469,
273,433,40,391,303,518,16,233,387,515,28,364,382,45,124,174,6,60,85,333,442,165,488,45,423,
293,548,479,135,0,285,473,46,227,47,503,355,313,508,521,158,54,151,156,288,413,482,484,529,271,373,492,36,492,193,336,198,
253,88,185,111,286,94,244,
265,292,364,505,356,102,44,112,386,
165,4,222,350,273,102,235,504,
59,324,306,543,15,94,131,131,145,180,473,153,16,292,233,178,58,501,236,182,307,257,263,61,252,191,504,248,7,515,448,335,307,272,458,523,102,292,527,260,345,197,440,457,185,526,412,3,344,177,160,152,433,540,9,103,519,229,30,45,373,183,408,244,5,
100,356,358,458,438,
358,520,526,433,474,456,59,129,261,224,546,193,326,26,529,361,69,101,466,34,258,333,499,59,238,394,100,208,287,
462,395,340,191,206,
287,233,92,455,279,432,548,53,488,229,528,537,315,487,225,408,81,35,208,234,314,120,173,117,45,247,414,19,164,182,47,239,358,63,435,
513,434,178,91,141,295,148,109,
48,217,156,458,14,149,408,
348,402,24,
300,331,282,534,372,166,542,274,90,217,189,483,178,393,392,81,199,301,154,78,512,248,39,439,82,436,105,422,103,502,152,214,284,134,215,537,
464,138,425,
157,502,185,192,5,548,231,529,321,122,311,327,164,509,411,204,499,458,399,426,128,401,437,
318,108,370,423,293,313,344,2,38,53,187,
100,30,288,282,402,241,34,
529,358,41,183,22,50,173,342,
34,216,48,332,244,306,312,358,368,
63,238,395,211,481,134,310,319,56,250,319,89,216,314,178,78,
289,335,23,
466,198,523,
124,118,58,296,509,187,
402,411,517,314,199,112,9,108,357,366,185,344,66,103,23,229,133,355,490,88,465,
96,470,335,102,416,382,340,305,193,456,402,48,439,198,430,56,265,464,26,156,116,94,424,497,
91,485,168,290,51,83,294,526,54,
370,285,80,205,318,326,40,187,281,401,269,341,192,72,431,523,168,94,369,548,331,103,
423,436,529,292,237,484,369,193,454,48,97,140,266,195,373,523,20,501,193,88,460,539,318,102,
145,292,91,
198,301,59,428,282,339,21,12,412,465,183,433,148,356,23,465,306,500,421,
296,512,448,205,98,395,474,91,287,214,269,393,523,504,280,533,340,251,498,305,243,124,
174,503,212,363,217,332,7,274,
272,336,210,147,167,181,207,59,347,202,378,286,150,66,337,351,47,458,468,487,515,524,285,161,40,194,344,
140,388,464,238,199,309,518,146,241,
356,161,314,188,66,209,372,6,36,54,189,517,3,360,425,78,472,497,100,199,227,299,301,173,265,352,417,171,71,
386,288,241,343,326,174,423,162,331,
546,452,388,330,94,
438,159,277,337,3,120,125,545,289,7,345,317,383,120,498,100,
433,120,338,254,273,251,467,336,501,51,458,470,164,100,52,188,47,209,243,496,132,268,344,423,487,347,236,476,355,515,231,242,360,91,358,
168,352,335,326,206,249,91,494,409,148,254,194,487,326,370,418,210,499,113,331,504,
391,240,169,96,147,246,168,499,433,290,100,472,312,425,295,250,165,48,305,528,134,376,289,260,16,180,183,179,185,340,357,376,100,191,132,449,89,532,67,215,26,44,163,263,458,527,489,70,128,327,518,347,307,65,158,300,273,490,171,213,331,234,545,
532,75,50,166,397,367,368,293,215,321,367,370,119,263,20,414,113,345,435,34,202,475,507,32,268,102,417,532,185,400,545,329,445,271,298,285,547,492,325,167,268,431,286,327,464,511,
274,177,102,14,326,509,118,135,138,465,492,438,508,216,472,174,
470,221,160,96,467,212,204,192,335,421,159,519,2,146,203,123,50,265,276,344,
433,67,429,21,434,153,149,85,144,164,524,448,
422,124,448,504,44,45,327,437,295,120,260,252,528,152,287,301,462,481,171,74,510,546,205,285,286,121,524,290,383,142,329,104,52,26,468,26,214,101,123,417,128,242,524,222,
113,434,474,103,282,53,224,
262,443,384,388,444,458,399,71,
517,241,163,10,192,210,305,172,458,265,498,
505,6,458,498,317,132,189,108,483,259,149,490,162,314,429,122,85,517,211,103,189,310,265,162,420,458,372,428,
192,185,120,229,44,438,30,17,448,
332,364,222,48,125,298,523,379,15,69,446,246,109,90,352,503,61,500,
544,32,21,88,151,154,151,273,141,428,
515,276,417,54,
216,231,34,185,309,350,393,478,19,
120,102,23,53,548,92,180,31,332,107,386,388,530,71,215,252,260,407,100,513,526,124,514,6,161,312,428,438,
363,91,7,174,15,276,466,389,120,283,332,21,
162,271,530,17,173,147,63,386,253,310,151,13,344,174,319,441,505,
524,372,345,35,80,251,120,312,159,60,261,400,419,548,422,253,
321,31,68,190,480,205,454,513,151,
195,434,344,419,72,339,127,475,408,420,213,188,174,242,450,325,
178,126,144,118,530,211,78,242,20,278,282,476,149,154,334,370,148,6,103,466,91,194,343,411,543,123,474,474,344,169,9,33,248,128,
136,468,282,
217,300,509,174,379,525,242,122,
222,332,457,189,327,518,165,118,30,422,417,102,130,353,473,474,122,82,284,104,106,
411,498,364,321,178,160,69,100,133,255,402,495,32,157,528,17,408,103,465,212,31,324,
332,31,198,322,
542,172,255,300,331,134,298,190,461,424,352,352,213,488,508,377,446,
89,192,103,196,106,536,211,53,362,393,483,499,535,92,502,193,319,500,544,191,347,359,93,132,379,501,15,54,226,130,191,9,327,365,301,437,63,
68,88,408,473,223,426,158,253,239,516,480,174,265,445,426,472,359,154,507,544,0,103,253,102,153,445,512,206,499,253,462,433,350,51,262,427,376,37,475,137,213,370,68,190,360,507,497,501,358,408,219,189,540,185,
6,212,314,549,145,348,60,419,222,322,192,254,505,
523,498,473,59,457,408,381,227,357,173,75,372,358,341,453,512,120,402,113,
265,85,194,340,370,447,348,414,206,121,147,243,308,161,524,
461,141,463,
253,331,368,184,499,512,42,471,433,74,96,250,371,474,301,447,102,322,177,369,526,518,524,498,
4,165,
151,545,130,102,518,175,286,205,40,82,484,439,425,544,458,
180,120,49,91,293,402,452,474,469,528,280,287,170,293,367,509,
364,103,7,174,71,446,21,
428,474,203,345,219,47,359,66,220,97,328,201,498,198,369,472,508,519,510,190,286,222,335,88,450,120,
517,353,31,182,135,470,389,516,318,174,530,350,30,142,350,402,111,321,329,131,133,517,35,192,229,362,336,545,342,385,439,498,27,505,356,381,63,
24,451,320,241,238,389,348,295,420,452,37,
448,296,157,167,483,522,310,478,64,525,356,433,251,192,
94,349,487,479,5,133,323,364,429,368,233,131,338,99,178,424,529,45,467,469,458,76,341,478,
342,529,48,
220,400,378,82,48,135,258,439,422,399,461,339,54,296,14,370,
336,427,439,14,468,211,153,303,266,455,324,416,205,191,77,296,9,493,433,448,505,442,461,129,304,82,199,229,384,174,408,489,514,265,72,414,133,69,211,126,57,128,283,517,373,420,2,81,485,7,109,347,160,33,543,33,
88,32,301,125,335,199,297,428,
109,109,242,417,192,228,319,400,546,11,317,446,77,131,331,345,448,334,430,513,
113,533,245,499,339,118,288,185,102,388,523,168,207,
214,312,110,494,457,
160,159,17,341,386,470,411,82,260,379,517,258,93,293,205,328,461,296,461,527,187,247,148,
473,335,523,402,414,138,397,11,181,286,494,127,465,286,125,141,193,490,320,180,340,307,546,31,361,457,490,
424,188,419,340,383,
288,450,198,329,320,524,83,48,
5,157,228,528,419,59,29,
151,431,500,194,398,292,138,467,32,239,519,321,363,72,339,61,417,235,183,469,327,35,498,373,386,111,88,40,162,544,154,19,207,
195,148,294,44,358,400,467,64,78,174,21,361,512,488,
331,206,373,485,35,208,67,102,463,225,528,67,351,279,514,542,244,178,224,84,504,84,388,103,251,57,9,359,17,242,532,399,262,276,207,85,104,526,253,71,372,286,3,448,490,514,168,290,
509,124,345,541,274,433,223,426,31,28,17,345,240,399,436,221,80,106,353,417,234,357,274,217,385,335,210,142,224,285,180,473,124,
321,186,85,
458,203,120,505,
242,433,299,46,320,264,322,207,481,304,67,273,198,76,292,538,445,133,246,215,372,398,217,141,384,
138,321,118,14,375,440,221,80,271,79,44,127,185,38,40,317,
37,130,518,109,84,68,147,384,263,141,416,138,167,47,266,396,173,49,211,545,67,116,91,217,278,382,187,
59,269,216,167,417,506,134,358,319,267,407,
461,456,542,156,108,357,229,352,425,200,425,3,29,137,215,
297,88,138,422,
40,3,501,
518,273,335,352,528,447,247,331,106,312,368,501,174,437,393,472,546,188,440,216,478,253,29,
239,317,412,273,6,518,422,14,98,128,335,82,340,460,482,287,123,197,157,521,62,547,306,434,63,216,
331,159,132,254,174,32,129,155,423,543,339,198,152,13,132,33,365,446,155,454,427,134,94,39,548,352,334,18,498,154,360,361,450,388,56,216,386,370,240,
81,336,468,447,512,
523,30,332,282,317,79,241,299,44,296,286,85,539,84,317,251,290,207,168,425,148,386,216,466,
238,423,530,322,328,276,516,207,82,404,174,69,75,63,252,447,187,417,391,140,414,358,
358,330,68,
359,281,331,89,76,123,250,430,317,273,11,462,358,91,
339,191,23,58,206,320,344,
67,519,451,286,82,291,405,48,331,30,34,513,386,421,242,319,37,180,426,433,229,17,317,323,339,343,68,162,
417,499,329,311,418,426,238,451,101,117,460,435,206,
7,438,364,183,474,77,32,77,179,
357,402,415,528,128,227,
148,345,282,501,17,305,309,354,145,326,468,168,330,112,327,160,
192,17,219,283,474,112,75,407,440,347,427,335,540,395,63,480,132,157,348,65,259,423,111,512,120,168,344,395,65,61,72,465,537,191,193,229,255,456,
156,222,96,23,359,48,83,285,503,198,368,360,154,210,326,
494,235,386,15,267,85,306,345,480,317,464,526,287,463,473,100,158,527,209,168,464,214,538,350,240,472,122,
26,337,251,332,357,193,
401,132,463,30,157,528,
379,332,217,206,235,458,
32,532,255,9,102,194,243,194,294,450,88,476,544,270,129,456,185,
464,132,204,241,511,511,171,469,209,89,469,196,165,259,465,504,140,397,490,96,31,251,239,494,2,439,
30,501,19,100,298,523,528,528,59,20,499,55,356,134,401,194,192,329,90,354,282,
500,370,
250,103,54,
345,509,438,454,143,428,362,494,48,512,170,148,263,38,420,194,220,400,455,524,241,294,541,
312,80,301,29,365,93,78,357,279,191,139,108,214,423,80,
443,317,499,499,262,121,170,412,249,538,359,59,
538,445,420,350,44,76,314,470,
187,174,254,288,33,97,515,364,339,542,37,
7,155,54,284,131,285,59,84,352,395,363,22,288,508,510,451,303,443,518,400,418,174,15,403,451,361,282,439,174,
284,198,401,255,67,115,55,247,151,549,339,377,403,228,51,497,321,298,222,411,478,300,
242,195,188,422,12,
102,89,408,138,541,348,460,187,353,162,416,212,99,68,151,308,145,206,183,351,475,376,75,507,336,79,80,488,275,460,525,274,302,331,167,185,474,72,329,339,298,332,196,163,363,451,469,120,460,314,229,423,222,275,196,506,160,253,9,148,311,246,444,509,32,0,96,103,403,222,446,54,285,59,274,47,319,303,330,158,490,545,486,4,120,532,113,165,265,91,
474,401,290,221,7,169,401,200,434,479,192,401,490,237,488,11,301,329,428,193,370,482,448,310,370,449,542,127,102,135,109,145,510,322,448,293,402,271,357,136,290,284,294,507,180,296,266,507,231,289,178,217,253,407,113,
448,174,9,290,331,97,15,523,479,
368,109,288,314,457,350,326,325,238,545,199,338,524,181,288,199,218,138,179,263,154,126,222,1,46,108,156,180,31,285,408,252,500,128,253,62,453,
350,190,118,477,68,382,43,335,268,459,329,232,389,517,266,272,91,373,44,368,159,373,192,468,426,197,347,324,470,245,388,31,216,185,437,500,372,100,494,
126,77,38,206,80,521,263,518,120,250,284,336,160,47,150,281,207,462,469,53,292,253,342,221,71,506,495,159,243,91,58,508,
451,525,209,504,292,149,522,
361,188,195,456,122,464,514,76,171,473,331,515,110,
286,532,424,126,72,120,211,523,149,473,378,452,
132,297,191,145,219,464,216,147,401,391,43,1,261,71,89,55,376,159,152,361,226,342,326,154,506,3,468,123,
485,91,55,193,534,
514,103,384,17,361,63,512,522,206,497,
79,102,160,37,439,134,94,20,190,523,345,12,488,530,
519,322,200,339,138,321,407,498,226,518,514,12,119,130,59,55,96,146,177,428,
205,321,529,339,88,529,
109,424,339,298,237,136,91,39,219,440,368,506,184,540,311,537,385,118,518,344,486,109,42,371,332,5,245,462,37,458,455,
292,426,451,481,265,311,134,518,240,
395,296,192,251,486,63,488,501,472,462,134,17,518,276,106,
512,329,514,359,296,81,347,
347,355,91,192,40,513,57,148,89,330,272,498,5,323,8,511,37,25,433,0,39,303,128,391,224,313,319,350,337,518,409,317,512,
314,214,6,384,396,283,357,183,246,48,66,384,85,13,129,409,439,504,304,456,470,221,116,342,440,305,497,309,173,440,509,537,62,247,401,147,414,377,373,219,1,368,364,531,118,426,486,451,323,452,301,92,412,402,247,356,248,308,40,34,224,
372,356,318,498,331,524,260,110,449,307,56,347,85,230,242,339,319,417,350,503,15,235,505,
423,192,526,312,135,396,178,264,102,209,484,431,261,490,224,174,510,34,350,383,486,141,347,426,432,54,
206,379,188,102,
350,472,337,
352,136,32,209,134,168,331,208,319,106,120,50,55,92,
212,131,470,399,503,162,174,
186,80,479,282,15,527,192,24,203,91,314,28,490,460,231,312,212,408,435,458,545,8,60,124,28,84,63,457,203,276,490,250,336,193,486,265,172,343,37,106,176,4,216,73,43,503,347,525,243,5,82,236,165,40,33,288,388,507,88,525,77,353,293,102,90,320,140,252,210,539,338,499,254,344,401,199,191,363,539,117,337,449,173,540,357,516,16,115,511,82,321,549,
207,126,458,379,370,292,204,171,320,100,228,540,487,498,151,91,56,216,523,186,113,443,
63,197,178,105,415,326,57,245,373,414,179,393,172,348,337,293,340,401,517,331,
185,113,305,141,192,253,138,160,360,487,391,68,170,341,58,70,543,
109,15,115,319,66,235,156,270,385,169,397,530,542,519,210,217,49,197,
6,347,258,
235,284,34,379,239,168,152,69,490,372,263,183,429,405,119,335,377,128,161,20,494,208,246,344,31,151,281,322,326,379,
337,186,100,306,201,347,476,329,393,272,183,360,496,386,42,236,185,398,465,438,26,326,350,244,516,23,474,
161,232,225,310,130,302,101,447,44,72,110,377,120,102,154,185,265,19,
499,168,522,344,195,541,116,447,348,63,120,463,171,31,209,42,21,339,334,12,57,176,68,409,474,290,339,30,189,120,290,222,443,20,105,263,253,442,471,51,240,296,410,417,65,103,17,359,
306,239,34,337,194,
242,545,245,363,255,134,497,277,487,109,415,172,426,282,23,39,80,67,389,308,
71,309,327,126,548,364,264,312,294,44,356,262,34,
429,159,393,235,193,433,505,527,247,442,9,159,361,388,9,7,122,434,106,165,232,542,198,498,445,57,
468,339,148,241,136,81,438,206,90,
120,286,438,352,73,66,523,166,198,458,188,67,
180,23,104,36,497,391,39,134,163,52,321,78,437,319,447,545,59,252,127,229,44,549,80,103,510,487,298,325,458,473,500,541,327,548,408,374,235,317,16,177,294,242,200,445,332,526,9,374,464,351,376,67,524,399,
197,92,45,63,533,57,118,401,395,516,20,33,343,
31,120,103,17,519,8,313,473,312,47,59,106,509,
85,140,278,331,265,120,494,379,246,393,523,141,250,417,56,164,321,
193,198,502,31,26,344,377,471,
70,198,5,53,333,430,185,
447,169,350,518,418,461,265,1,77,357,108,463,203,369,119,133,278,81,134,
3,438,469,107,326,465,
276,221,131,344,498,104,86,167,381,129,260,515,545,261,470,395,22,
309,216,140,53,481,
308,265,242,103,
370,500,326,220,
352,542,518,461,230,388,79,411,321,458,19,
458,180,391,59,408,331,505,263,391,242,203,311,133,207,138,228,527,151,48,502,241,292,161,166,7,100,148,
426,292,417,183,242,19,260,
271,162,337,138,430,434,498,226,258,307,20,171,80,243,316,
470,384,538,
343,487,386,67,74,144,197,
305,208,161,334,96,339,77,528,105,282,511,185,543,241,453,
228,284,109,541,207,306,91,5,350,415,152,129,
329,521,174,205,67,135,395,413,429,493,140,321,213,127,214,361,366,298,329,253,307,102,142,155,148,529,532,417,129,525,30,174,262,528,512,353,9,350,72,222,288,474,
183,359,310,69,457,
231,192,385,186,299,210,216,545,518,282,
194,370,134,122,151,345,31,492,265,533,219,32,43,335,361,120,58,303,450,30,168,10,523,451,
260,316,275,206,124,59,134,421,515,108,190,106,387,252,42,372,516,301,502,448,426,
267,373,9,469,129,242,134,126,387,31,70,133,66,59,434,234,399,330,
188,527,206,424,199,242,
549,160,15,129,149,422,450,320,301,425,
434,112,538,150,412,17,251,245,314,18,479,472,267,493,436,142,296,501,395,140,98,47,511,155,474,392,276,290,325,176,193,524,335,488,411,210,271,344,408,129,140,125,195,57,129,17,520,495,311,119,475,317,63,168,179,206,308,271,332,267,310,53,159,369,234,113,
69,358,183,134,300,421,510,263,322,
439,79,60,517,537,103,268,440,253,220,382,151,
297,255,203,
425,210,89,433,31,451,514,341,53,97,240,118,181,461,418,352,454,464,417,549,78,
502,195,9,518,52,38,547,475,157,357,54,73,50,336,140,211,503,281,401,193,204,458,463,17,
359,203,206,512,10,183,
206,90,396,60,468,514,547,424,103,
528,180,481,168,98,518,332,30,5,305,131,251,484,117,357,548,545,452,401,
473,11,517,549,59,275,144,320,290,450,378,392,470,107,115,339,180,402,16,222,366,498,30,177,209,485,179,507,63,232,53,68,485,463,
441,361,529,356,206,263,448,52,1,352,471,39,62,289,326,276,335,388,415,326,511,543,5,163,162,
388,140,120,393,103,179,322,233,17,97,441,546,463,186,418,379,331,113,
147,386,162,292,306,121,340,
199,88,356,203,172,188,
149,364,272,303,13,171,332,244,17,97,377,36,505,452,351,491,273,533,94,185,390,226,543,339,433,286,549,299,209,21,451,48,198,
80,244,91,49,173,255,307,28,84,85,44,540,380,312,89,509,239,370,21,138,422,299,498,38,365,345,484,325,52,242,
23,180,17,69,355,318,198,436,351,545,295,124,243,116,245,169,187,246,429,370,57,200,289,3,201,495,
3,119,107,78,77,78,208,236,359,54,356,365,59,301,101,
330,481,154,517,267,
56,96,216,372,63,157,207,6,331,65,
384,301,470,408,476,
120,520,263,390,91,509,290,281,292,525,137,324,345,542,313,48,106,3,357,182,235,383,326,305,33,409,446,11,466,122,135,389,317,431,494,303,334,413,500,19,126,272,397,446,457,399,287,36,58,121,85,405,272,102,128,169,194,73,192,363,142,209,
344,415,290,27,306,385,178,41,195,235,103,111,122,59,401,128,276,113,160,400,511,498,54,80,436,292,470,90,278,412,
80,382,13,403,506,285,410,421,138,468,237,491,9,105,19,370,217,
543,157,540,174,31,301,476,301,178,65,201,430,98,102,203,304,320,513,185,
310,1,215,161,438,539,282,125,519,63,513,434,54,183,292,548,58,164,
54,20,344,44,89,379,356,63,3,132,199,298,198,250,389,515,29,423,91,
526,42,88,411,101,245,401,21,241,527,180,278,358,29,233,465,331,36,414,309,310,120,71,247,424,501,335,494,236,491,
434,513,288,214,
53,74,295,435,180,483,494,214,409,41,118,425,293,339,264,120,309,522,
68,419,321,245,80,
236,337,209,408,328,193,483,103,73,23,91,541,162,234,377,522,524,
402,384,348,
125,88,191,363,
501,423,148,89,395,1,179,518,138,14,59,30,169,40,
455,109,401,
295,422,23,113,125,259,452,50,50,44,
385,109,344,10,231,174,455,484,517,285,88,419,509,545,198,138,
244,174,3,87,475,292,53,326,59,15,
545,385,368,23,485,100,349,242,180,311,509,517,301,341,129,198,102,248,151,18,172,391,123,41,438,387,389,529,528,449,
294,91,198,
85,241,
364,426,279,265,332,377,20,139,500,533,43,265,420,129,229,251,411,297,159,339,198,
29,283,21,21,145,30,186,161,299,478,230,409,377,127,155,302,220,48,321,60,305,209,312,505,19,439,508,473,518,450,332,
128,288,118,422,121,157,47,357,497,178,
478,216,284,
159,408,358,494,93,230,42,249,372,124,497,256,539,457,391,86,195,377,84,485,200,477,334,181,168,21,438,156,328,97,358,470,134,83,171,350,160,147,59,429,108,364,524,154,388,491,494,
420,251,410,204,118,416,177,210,538,40,110,311,505,
15,164,448,323,332,45,159,270,549,45,424,290,179,364,462,488,537,244,
335,434,325,239,369,94,473,518,430,226,113,442,237,344,539,254,229,117,244,407,157,192,365,58,59,432,172,193,237,388,490,448,178,473,334,469,88,160,491,466,449,519,486,516,142,168,235,289,530,491,519,155,509,454,128,
156,461,206,
178,55,18,233,274,182,335,331,375,107,23,35,59,154,489,88,181,52,219,273,100,257,423,63,143,315,438,326,255,79,139,149,21,513,
152,357,210,234,331,235,438,288,423,30,53,351,543,78,123,119,412,134,387,228,
530,79,
148,483,51,377,399,102,195,61,74,10,474,198,465,138,337,83,381,368,399,513,
495,126,
419,285,6,385,68,424,5,118,
264,78,519,463,474,415,22,247,109,384,248,475,193,423,423,227,75,71,
417,317,222,509,422,118,387,432,59,311,420,142,515,128,538,124,237,232,425,
14,48,220,
339,187,305,
94,370,253,59,546,
103,499,364,332,59,
124,417,517,
295,513,24,
347,6,
196,548,102,
476,384,326,
457,183,20,
511,532,333,
330,358,546,
53,244,473,
29,461,5,54,
241,140,517,103,
111,253,206,527,
74,343,339,206,
82,186,151,451,
265,470,96,517,206,
428,128,282,505,544,
526,91,253,498,
296,220,458,
424,82,286,96,206,
144,343,
138,385,
170,185,203,
444,262,389,
262,527,333,31,
334,305,109,
524,265,236,
407,126,59,
227,357,498,
148,523,301,193,458,
352,332,356,
10,194,359,
453,283,305,368,
121,172,147,
321,352,284,
244,337,253,
9,429,
21,364,544,
62,368,206,
34,314,71,100,
465,198,3,
