102,190,83,138,288,271,457,105,423,187,165,210,429,416,462,99,68,
17,462,228,206,59,18,324,83,537,327,85,277,198,187,338,367,350,
517,118,149,328,197,302,47,284,291,311,219,221,300,42,444,301,250,271,184,148,542,280,144,
67,14,294,157,421,301,78,193,177,330,547,
353,487,471,187,149,323,248,84,443,438,129,523,424,
236,59,281,487,226,419,343,2,129,281,
201,320,377,328,260,394,290,466,260,168,456,221,453,100,267,243,103,
283,406,283,46,210,366,
346,389,92,57,30,196,377,549,459,304,315,162,160,457,199,2,
387,198,140,267,206,425,357,219,
168,436,178,84,118,477,543,105,39,
147,119,351,4,149,86,15,277,463,128,
184,462,57,377,534,541,
238,203,179,198,293,469,528,
445,229,382,36,408,347,161,35,468,541,451,35,357,531,6,261,226,521,487,382,142,270,238,447,456,98,
68,302,286,212,223,426,158,450,239,516,480,174,265,234,426,472,233,154,507,544,438,103,253,102,
289,545,456,
224,370,521,507,254,142,201,139,20,79,382,524,
264,256,4,53,174,496,327,73,214,474,480,386,159,
372,144,485,499,264,314,445,197,356,332,438,
77,282,395,432,476,111,29,41,237,86,346,196,473,163,144,411,
487,510,387,342,246,337,82,509,411,314,2,114,314,40,156,292,204,367,305,423,427,471,44,526,445,113,105,167,380,391,116,537,487,174,79,
203,510,238,378,26,207,
439,313,105,390,89,369,316,299,82,461,40,134,2,60,134,337,
188,22,192,62,198,467,517,163,470,472,
146,31,519,120,170,427,522,52,88,191,384,25,219,55,65,199,497,223,497,10,315,
350,467,178,471,146,
458,228,430,96,129,95,546,131,388,483,234,25,284,549,139,501,32,284,163,69,503,388,457,463,
154,305,328,49,55,371,41,68,160,329,441,342,164,
421,67,481,456,30,204,198,243,482,
384,104,400,319,537,136,296,254,278,86,206,524,177,146,347,426,159,512,132,314,450,106,533,217,157,309,170,211,233,146,288,396,0,382,12,264,111,540,
167,142,207,252,213,357,
20,509,452,114,468,5,224,243,416,
104,390,383,497,83,101,76,95,438,32,98,99,
456,193,225,215,226,349,476,199,0,46,479,229,340,318,5,439,161,241,85,498,199,289,311,2,147,205,445,493,304,247,242,240,247,210,248,238,520,201,104,267,462,421,264,
162,338,366,22,450,174,65,286,8,189,490,89,162,533,100,201,238,346,
348,41,117,85,422,200,301,521,507,118,300,194,
79,396,357,89,458,307,446,349,69,390,481,
351,55,450,153,182,251,200,231,147,115,204,409,
397,142,332,150,194,111,428,523,
360,304,237,323,234,228,413,265,185,445,534,390,239,
57,184,201,346,183,227,162,173,163,73,83,
98,226,316,104,117,194,
101,228,340,191,261,104,365,120,328,70,474,
460,382,535,547,
86,7,320,508,123,410,305,53,77,2,360,180,59,
523,158,353,8,79,353,105,394,437,98,106,545,91,263,199,496,40,357,359,397,
499,327,372,83,195,543,116,447,348,486,
179,33,197,510,108,399,64,214,341,201,474,186,269,233,316,454,219,14,357,287,95,103,508,
533,338,106,162,168,
207,128,457,91,161,535,160,114,40,535,294,99,333,183,173,537,141,288,297,498,71,319,70,110,193,340,474,522,
100,229,210,231,142,210,162,212,219,263,
95,458,46,200,468,86,310,391,48,523,328,81,212,149,88,126,385,417,255,173,305,21,146,258,517,354,471,537,258,474,
336,427,14,468,211,73,537,266,455,411,446,416,114,149,77,296,228,382,
447,120,243,251,97,282,
524,413,316,380,486,193,139,425,277,336,243,461,537,225,531,83,508,228,270,114,224,13,
431,419,544,8,186,500,119,317,112,475,388,457,142,59,306,119,479,338,399,55,258,413,423,487,429,481,29,418,183,530,476,332,474,481,119,342,179,14,487,85,348,197,145,305,12,480,494,138,443,
120,288,202,388,20,74,529,420,280,150,290,438,212,422,291,46,424,2,101,169,374,
535,438,238,30,81,190,71,335,
422,348,327,531,517,383,327,437,295,120,3,252,547,103,
17,454,114,416,148,226,360,208,146,383,422,
316,76,46,504,233,375,179,181,136,244,439,519,286,62,135,270,210,267,150,370,246,493,34,98,272,73,116,157,325,516,183,153,487,193,379,
311,382,479,473,372,519,461,86,431,83,126,496,517,490,246,293,428,455,114,408,254,421,
301,342,15,51,219,355,460,366,29,263,383,229,277,95,271,242,269,450,404,73,216,145,320,250,464,509,517,317,347,
136,187,119,474,450,
120,340,101,83,30,15,290,450,525,137,324,345,542,48,106,447,436,182,235,383,326,305,538,409,446,
467,545,11,294,521,188,157,350,425,522,190,194,157,422,
153,184,380,65,185,391,24,509,218,114,109,443,316,146,245,
201,314,118,74,109,118,57,370,224,54,487,51,426,17,85,287,288,324,413,505,39,
119,350,439,458,
209,96,537,286,374,448,464,515,235,82,70,278,59,366,463,111,
0,438,490,462,211,523,355,443,320,99,389,137,410,191,393,527,384,
0,46,73,486,409,329,537,230,281,232,115,98,449,91,212,253,291,365,319,237,546,56,161,254,65,84,443,511,328,104,491,261,297,346,174,114,458,133,456,241,390,201,
64,17,373,34,476,452,490,206,262,473,458,
535,225,351,490,222,463,359,524,460,486,291,
243,452,65,302,201,221,528,223,289,523,450,523,89,
228,102,296,169,168,183,139,335,196,185,458,86,89,360,74,416,269,49,39,463,530,90,184,329,249,537,203,393,420,217,93,158,269,247,445,234,21,419,420,509,364,498,31,127,83,221,89,437,524,227,316,186,41,226,
198,387,62,340,207,285,329,349,373,456,
538,157,221,120,46,50,476,
428,251,397,
99,207,246,0,500,527,184,160,285,104,
370,33,325,137,4,189,381,394,547,394,193,273,185,60,524,134,425,76,537,316,163,104,302,35,480,516,98,210,290,319,183,229,103,119,74,344,379,480,310,433,305,299,243,
374,103,299,473,120,
151,176,369,330,203,337,410,239,42,215,297,407,317,229,165,358,206,216,150,296,435,470,114,13,61,42,276,190,152,547,239,321,547,297,340,396,73,284,314,194,271,154,392,282,540,459,8,115,39,
237,313,284,360,128,120,484,537,183,261,
114,142,17,0,194,219,73,419,196,311,306,110,336,480,278,425,304,395,110,
261,541,303,202,392,272,486,178,403,0,499,263,241,270,476,0,221,353,
457,207,98,118,102,149,474,267,
118,180,457,21,192,201,161,269,171,389,263,508,413,474,348,70,63,31,218,311,531,
46,269,147,178,502,486,353,261,157,67,213,264,415,366,448,137,181,450,315,0,512,498,186,229,153,547,166,83,178,373,489,511,462,124,171,219,382,357,526,343,273,179,306,405,288,144,
71,207,79,487,92,535,15,49,474,
382,299,89,471,271,103,509,419,480,430,
340,287,515,247,466,223,4,336,251,433,245,513,434,231,136,186,347,193,215,101,157,208,249,456,198,120,531,396,
389,238,435,146,7,118,331,
437,391,523,90,382,382,542,371,12,21,411,90,471,469,359,157,196,
4,108,534,129,323,330,390,351,46,5,239,205,406,162,90,264,459,435,356,9,269,510,534,185,327,294,185,
85,24,338,382,326,378,83,62,470,485,
382,445,77,480,144,109,355,186,437,42,495,37,36,276,512,466,97,119,351,535,33,239,396,329,384,265,419,179,200,339,314,437,
89,79,512,118,217,162,441,442,382,11,51,243,456,
468,165,530,
540,115,136,242,159,212,197,521,537,235,430,
426,237,395,201,197,
438,25,537,418,382,501,322,239,475,369,481,103,231,545,316,363,390,481,490,227,303,448,184,402,35,432,247,269,67,77,91,280,312,533,104,476,535,68,213,497,301,
368,16,197,177,316,274,354,508,149,390,
547,460,422,219,
350,529,109,242,404,505,54,469,62,384,232,119,296,
315,149,49,20,189,270,220,346,164,192,236,379,400,455,146,
540,116,217,280,326,388,92,83,458,290,512,79,180,151,61,448,473,517,172,128,
22,188,73,488,177,64,
531,16,504,41,375,431,419,340,248,220,
17,318,239,242,87,508,273,53,64,356,55,201,357,521,
273,476,326,17,303,185,
163,458,161,516,77,142,153,25,356,228,488,65,138,188,
172,288,436,
302,121,481,411,117,309,370,99,338,68,452,460,131,47,294,320,511,
119,134,248,200,387,544,450,9,241,508,370,452,292,377,546,496,96,287,367,175,114,186,305,338,382,147,136,183,
194,170,98,397,144,70,270,32,225,528,475,88,439,348,97,49,
481,81,25,516,439,264,539,299,270,411,285,99,172,359,68,435,217,479,518,267,53,221,223,440,11,15,412,534,456,247,288,529,185,431,27,320,253,331,375,186,179,186,421,424,538,476,443,71,346,329,529,79,
509,20,299,463,495,115,173,208,466,3,512,301,228,145,84,48,103,430,382,225,307,267,50,2,19,114,317,
212,479,68,215,392,95,299,255,118,201,186,91,175,447,291,156,96,134,100,
462,22,69,192,46,184,142,32,144,480,107,197,315,394,540,102,
377,51,487,199,487,131,533,14,123,197,395,287,423,373,184,119,
304,25,70,118,456,
150,316,410,542,68,135,411,433,397,
227,159,391,443,390,5,510,57,216,178,487,228,55,391,
458,159,238,102,0,184,305,443,78,186,448,145,269,440,537,291,248,409,419,537,
320,198,86,301,308,0,284,181,479,59,197,365,481,291,383,310,469,445,530,10,193,25,
495,160,291,478,46,206,245,450,97,52,224,328,413,159,188,200,238,537,
410,498,86,382,30,205,450,271,88,150,461,441,179,199,433,317,15,528,269,
196,346,359,114,62,240,284,
15,365,120,183,458,24,44,380,519,241,375,479,524,130,150,456,173,378,480,210,237,515,301,103,431,185,179,251,
165,478,168,507,224,210,219,199,547,399,157,511,111,490,119,356,236,0,45,447,344,529,285,186,438,93,331,123,498,366,323,203,42,472,196,401,42,119,256,475,416,391,356,201,
247,282,340,50,94,108,271,505,152,451,233,114,449,150,537,133,394,256,548,17,163,409,298,10,48,366,265,310,124,520,475,1,153,56,26,149,305,406,430,507,532,
84,353,391,82,261,408,
290,73,281,171,336,200,32,474,391,66,452,397,128,98,271,190,151,370,537,191,172,1,3,176,353,510,390,
32,46,458,19,384,104,111,359,
466,242,237,392,382,307,309,340,215,546,485,340,164,248,376,521,63,233,22,457,82,548,286,314,541,336,142,243,
39,510,495,168,
485,372,239,59,203,382,85,
63,466,217,177,132,127,469,80,351,140,215,399,416,0,191,228,416,342,253,260,118,268,214,
21,528,512,312,249,537,281,95,4,354,331,3,207,
88,95,438,270,183,95,241,299,
229,545,377,353,260,530,273,171,94,367,96,91,194,92,379,183,180,178,258,546,322,141,434,229,389,263,314,40,83,347,445,188,272,189,246,370,206,210,393,100,60,301,188,506,55,525,433,46,271,
185,4,83,320,2,537,424,15,90,316,528,241,475,153,227,316,327,48,419,452,
79,288,205,385,377,532,205,321,157,238,272,256,333,68,169,540,330,241,14,153,275,415,71,302,548,146,301,456,65,
479,383,55,173,1,288,430,521,252,430,240,245,481,18,27,212,325,536,220,311,418,256,483,59,320,13,548,178,277,265,283,421,456,233,242,477,159,500,8,196,273,228,371,513,424,
543,2,200,77,2,370,105,231,283,528,382,427,503,147,276,242,168,411,499,349,61,
179,337,25,431,203,414,247,233,339,238,475,537,407,37,382,283,287,437,26,440,115,38,500,123,217,405,416,504,15,
267,201,303,532,316,416,387,281,269,64,300,387,457,
474,200,290,221,232,169,197,200,434,241,479,401,490,508,488,136,
487,451,144,375,466,226,474,357,139,342,415,434,389,288,254,259,38,445,131,222,503,501,377,431,41,522,138,252,40,236,540,46,
278,209,46,157,48,450,31,354,114,
30,383,410,537,393,80,74,213,484,202,283,249,165,402,421,174,245,313,332,
548,21,359,271,79,480,505,
532,75,79,166,397,367,83,200,215,321,367,370,228,382,20,118,113,345,435,
70,194,393,388,213,247,487,436,415,467,513,118,510,26,122,299,101,103,476,
411,270,487,504,311,302,357,333,324,509,487,195,510,336,373,118,185,2,437,134,454,347,438,232,226,497,272,543,185,205,103,77,
251,118,447,428,15,
452,547,64,5,517,
416,63,267,103,119,277,65,165,249,179,17,150,20,
284,492,320,228,517,329,474,480,367,237,370,440,183,47,
471,406,368,129,437,199,248,308,353,386,7,181,522,3,453,350,329,438,382,281,508,95,184,373,528,
509,411,537,382,461,40,140,183,108,
312,157,42,438,169,280,289,200,117,215,38,239,452,467,238,238,
395,77,141,426,146,382,
517,281,540,139,422,54,83,210,423,95,266,188,377,452,
256,79,44,129,106,264,294,434,15,232,129,25,165,443,114,217,450,500,97,513,183,
391,240,210,537,96,147,269,246,168,227,437,290,100,472,312,425,295,250,165,48,305,528,134,376,51,473,382,180,282,183,446,
528,410,238,185,450,200,
187,416,366,389,434,153,318,128,263,519,511,407,517,402,77,509,448,310,343,107,368,548,295,142,418,382,529,470,221,155,472,538,72,517,353,423,268,511,321,79,180,5,488,
413,356,488,487,233,360,231,497,118,165,495,
327,375,22,313,358,413,422,54,545,225,427,
7,281,389,178,86,436,380,
226,236,17,314,433,
186,80,479,282,15,527,192,24,203,91,314,28,144,460,231,312,212,408,435,458,545,8,60,124,28,84,63,457,300,276,490,250,336,193,486,265,172,25,37,463,176,4,216,73,43,503,347,525,340,5,82,236,165,40,33,288,388,507,88,525,77,353,228,200,
142,386,163,65,466,519,463,203,368,241,
476,457,273,545,487,402,486,261,116,211,426,481,438,286,49,241,77,39,424,530,538,319,
142,158,79,164,167,234,447,112,429,519,259,20,
443,431,353,450,144,117,
228,288,163,246,183,462,488,532,397,17,447,360,312,247,183,507,160,242,269,
165,380,413,175,472,28,468,512,30,411,102,83,
350,462,467,493,
2,455,537,419,256,445,215,367,258,191,346,492,156,359,241,245,195,468,438,120,510,329,359,86,123,185,543,487,439,400,387,509,188,223,536,185,40,185,346,35,
391,103,48,95,84,125,233,371,227,474,
435,327,510,403,241,58,161,200,46,316,373,310,389,435,333,439,197,38,
327,504,4,89,295,499,40,476,17,
272,244,79,83,316,211,464,127,99,331,
421,288,197,357,200,
436,120,391,383,324,83,313,432,370,314,217,8,21,110,172,511,7,
510,474,411,459,487,435,342,246,215,548,549,272,331,58,50,197,91,283,203,261,522,1,447,
184,421,222,4,458,246,303,300,358,30,121,109,393,410,129,202,118,424,398,26,179,365,160,255,58,197,290,438,539,78,320,103,285,51,520,454,366,283,77,72,419,549,336,195,471,527,4,237,462,229,147,46,473,487,74,471,537,393,238,368,282,99,517,4,194,431,201,153,380,143,347,323,142,73,
55,237,532,154,541,17,135,359,
83,499,200,55,266,484,512,532,537,474,524,413,490,161,311,39,152,463,53,145,540,118,234,17,48,120,176,334,30,395,393,185,272,187,313,378,102,16,357,87,382,7,104,141,237,57,57,239,165,
294,303,67,528,256,67,318,467,144,4,407,242,13,462,
144,53,400,474,142,343,294,95,543,387,394,68,66,229,384,8,186,170,416,366,265,496,215,10,310,100,382,249,207,397,135,74,279,103,487,115,194,276,396,131,239,372,178,89,242,355,201,26,419,517,369,
160,31,81,357,254,221,524,342,528,269,89,302,422,218,200,238,201,154,
139,224,200,419,12,333,175,64,258,517,228,91,293,67,
388,240,120,474,302,73,429,458,
118,332,304,517,
143,452,206,184,265,87,
156,287,364,282,247,447,152,138,525,281,140,147,270,226,519,463,85,412,271,278,2,366,259,
109,264,197,531,82,113,317,350,106,157,39,382,184,241,390,490,201,78,237,355,157,200,
73,336,406,22,158,418,14,301,24,74,57,
239,115,382,180,255,247,201,247,113,17,233,312,485,487,360,
117,98,348,215,443,
103,281,314,457,293,39,182,225,370,531,546,22,509,381,334,382,65,422,115,30,179,24,416,455,46,70,542,219,
270,481,328,31,316,156,199,301,58,471,261,271,194,88,20,315,393,524,488,
221,517,282,243,405,261,320,263,413,228,291,111,238,138,139,499,
57,174,46,200,221,210,37,277,246,83,
458,540,73,146,195,159,64,119,79,271,
373,129,25,380,454,214,534,271,217,377,64,382,113,344,478,377,471,125,305,
419,545,2,367,431,523,448,311,446,144,305,194,525,313,515,349,521,502,185,156,36,203,103,141,159,185,27,294,185,395,153,289,284,223,133,277,12,468,487,523,9,203,319,346,434,400,424,37,174,534,21,315,139,54,165,213,2,210,512,184,264,22,472,286,184,236,382,458,253,
545,104,173,218,122,200,237,476,57,132,388,18,467,113,266,505,507,
406,521,339,226,73,471,283,354,361,524,105,247,1,128,312,237,304,
463,535,142,105,302,40,281,102,519,458,
424,156,185,481,305,250,321,408,107,289,98,20,120,479,353,331,118,
281,463,471,331,
129,393,547,311,183,59,95,204,373,492,458,312,59,282,105,471,229,289,249,79,380,51,286,240,353,294,470,504,
447,156,157,517,326,501,36,71,274,21,172,289,103,484,317,510,
180,239,86,118,497,391,39,134,163,507,
200,351,541,215,160,186,141,139,83,57,517,486,183,540,485,382,545,5,321,344,95,474,374,165,411,532,347,365,427,348,479,12,111,435,381,271,67,242,33,283,543,537,497,25,342,519,223,543,122,119,245,390,312,366,62,40,286,421,116,
288,237,191,98,85,138,288,228,281,384,224,482,528,217,310,405,308,102,474,234,126,353,421,535,120,246,
359,221,186,42,447,233,327,107,468,83,350,548,345,437,196,317,32,
65,146,218,163,12,153,416,336,295,419,441,480,69,95,295,366,246,79,190,155,
421,439,308,336,31,311,
504,510,376,521,480,496,72,87,263,444,259,531,242,419,179,
423,98,492,24,337,78,92,382,165,141,162,391,187,183,214,264,482,495,2,187,467,377,79,102,380,222,309,183,474,
508,150,215,55,164,177,202,27,277,282,310,537,341,86,223,204,378,472,
149,247,183,315,242,286,353,24,336,483,147,407,476,368,457,125,129,438,
326,63,150,76,154,183,129,134,61,20,205,549,425,213,406,317,30,226,319,518,259,350,503,428,87,39,322,85,234,455,418,191,13,159,273,548,
523,243,101,46,
414,241,19,342,32,396,364,97,70,62,179,262,421,
452,332,372,71,30,420,243,20,53,179,472,268,304,391,255,349,452,143,312,170,119,
197,131,474,368,286,359,141,315,512,426,203,372,510,
450,345,68,119,177,461,249,264,250,272,109,309,379,463,294,131,86,289,15,135,390,491,105,452,286,545,167,174,
135,8,112,450,239,55,547,55,456,137,2,37,112,152,291,150,450,
51,453,301,391,323,40,282,234,184,317,360,9,514,400,526,201,471,343,456,
508,453,206,73,118,303,401,541,357,474,383,
21,547,149,511,428,475,292,303,494,124,303,390,291,118,195,228,226,437,151,190,430,548,380,174,247,299,
338,443,25,537,117,48,431,365,320,7,162,535,119,385,246,85,390,377,348,286,395,0,248,533,445,201,
537,459,524,430,268,228,524,495,219,
142,162,22,436,187,144,380,482,195,122,73,389,500,448,456,25,314,107,106,187,378,130,226,300,114,538,418,294,397,547,424,462,356,222,26,40,240,382,183,224,184,445,397,355,100,101,474,411,316,185,
238,184,458,115,456,127,312,162,495,
510,537,39,122,351,70,142,256,504,366,
89,160,246,144,507,5,
115,239,475,179,144,107,450,410,238,3,359,271,138,281,353,540,168,219,351,40,103,508,54,151,352,322,
237,114,55,226,146,116,288,471,450,184,207,426,530,215,221,265,70,270,393,470,314,406,
390,325,338,200,215,104,140,241,227,314,439,280,61,390,79,131,360,215,
457,431,246,130,48,117,189,51,336,443,38,236,308,455,476,40,122,537,111,448,42,103,427,72,234,418,516,45,126,214,
463,450,194,439,523,205,447,286,503,206,34,143,180,428,60,379,349,76,214,539,420,90,404,326,8,186,195,231,255,535,487,260,398,419,228,125,45,467,210,237,422,99,133,147,486,
480,29,462,15,283,331,350,198,186,5,334,537,186,37,
226,52,456,266,219,229,389,441,21,460,382,86,494,208,28,27,258,364,65,460,487,98,232,167,158,304,336,237,406,540,465,368,183,329,342,368,453,411,447,474,61,64,256,228,306,
185,273,4,360,213,2,
304,346,29,270,360,128,86,219,114,264,123,456,123,247,261,477,406,
512,21,89,83,88,419,331,181,402,326,473,541,165,
54,350,201,
316,183,228,19,
541,508,512,531,504,510,155,184,193,200,177,261,
114,317,237,183,158,388,239,411,119,228,66,235,53,
329,48,197,205,490,395,413,429,493,2,321,198,127,
269,286,54,247,151,179,48,503,46,250,532,228,391,452,0,48,100,267,207,160,118,127,310,351,410,103,228,
299,509,161,113,74,218,212,282,21,355,431,514,25,201,498,370,210,537,156,374,382,476,462,265,162,8,253,430,88,
446,79,336,207,212,459,499,498,391,205,208,
393,270,
445,2,519,73,216,357,452,510,360,531,170,
92,438,2,24,475,537,46,31,71,544,95,
246,99,394,367,363,
159,228,105,490,494,93,
73,225,142,235,290,486,155,334,418,310,462,185,459,44,194,114,56,393,222,21,445,114,516,294,264,519,186,192,20,298,458,90,285,433,535,498,388,
275,187,69,279,367,
480,319,295,30,471,233,504,45,486,240,152,354,20,201,333,366,382,
472,156,452,41,434,46,165,50,368,90,215,331,508,
474,179,288,284,291,35,56,164,391,518,301,510,83,431,18,226,357,287,118,469,388,521,265,167,71,243,423,540,527,71,101,
178,350,201,46,
190,535,102,293,309,545,21,392,467,237,65,382,
145,458,537,
30,363,33,178,350,538,184,120,403,445,536,38,349,487,323,309,115,192,24,154,506,263,308,199,431,85,493,207,106,336,477,505,468,417,90,452,111,375,503,242,142,378,310,346,237,535,139,215,114,
425,524,114,259,157,335,387,31,48,495,30,
487,419,473,183,366,431,111,381,249,411,239,455,184,356,191,71,270,537,94,516,154,107,377,473,70,413,49,353,440,256,487,49,77,91,201,531,227,
486,524,8,118,463,535,45,408,103,499,
74,464,525,439,454,169,532,303,119,431,178,267,242,33,358,291,182,31,144,448,2,134,321,257,107,167,547,304,299,546,68,228,264,211,527,184,22,464,205,547,30,370,375,432,
144,101,41,287,437,420,0,332,345,504,68,294,77,443,22,474,46,
186,382,38,46,303,44,296,431,194,475,538,296,311,172,331,41,359,481,382,176,280,56,462,96,
374,33,233,200,
422,160,490,294,335,467,17,
238,24,42,453,205,266,123,165,244,68,449,357,171,341,535,138,210,201,160,356,369,401,246,311,312,
83,517,85,524,287,265,
3,531,21,115,422,359,
359,55,2,252,121,523,357,3,
366,417,187,260,181,481,29,144,125,165,165,269,438,113,394,278,430,437,46,415,457,4,130,18,182,45,487,306,186,43,269,349,11,200,162,408,146,65,223,283,301,
531,78,490,103,333,422,245,541,161,180,3,524,477,118,
40,490,457,300,163,142,422,299,88,7,382,51,357,115,200,209,383,520,538,2,207,
201,299,239,300,144,160,0,
291,476,495,38,64,88,187,540,21,357,382,132,474,167,188,517,320,198,215,195,42,431,117,186,77,18,120,215,458,352,411,
382,366,136,307,41,290,179,122,338,217,445,22,192,342,516,67,157,535,438,384,376,507,127,453,464,389,349,241,537,12,85,91,278,485,322,357,459,183,185,228,492,190,304,284,57,63,422,223,396,215,226,521,282,170,83,84,507,332,531,219,292,214,322,349,77,341,179,33,291,171,192,353,422,259,41,193,404,394,184,521,179,46,387,176,311,548,437,228,485,194,410,35,229,415,157,423,142,281,509,530,190,543,179,446,348,391,496,113,22,46,532,83,373,22,17,384,224,443,186,336,460,
221,57,202,538,173,241,
164,142,42,474,199,283,154,235,
281,103,7,517,101,236,225,180,
22,314,103,142,74,543,545,251,511,442,268,24,530,123,241,482,326,152,245,327,417,164,24,419,382,
103,374,486,411,
30,480,41,123,13,105,348,351,425,
537,0,404,384,391,382,165,289,509,94,126,471,536,236,60,107,179,370,509,456,351,161,17,79,370,393,462,282,271,250,205,263,83,374,338,384,244,61,458,228,431,538,368,479,271,185,332,194,505,185,183,414,25,200,542,487,197,2,30,184,172,512,132,457,168,508,11,481,48,155,543,299,287,480,290,121,92,202,540,123,101,0,209,331,
264,423,109,304,279,355,372,456,384,
5,466,89,224,211,211,452,433,483,104,200,198,496,505,203,85,111,131,513,470,86,193,333,25,
282,380,51,503,391,535,468,181,508,299,184,77,151,242,246,211,383,116,253,281,
62,242,355,113,57,451,101,204,380,226,515,198,45,84,196,391,5,204,25,187,188,533,144,235,150,512,432,256,241,85,183,
118,457,212,89,48,251,532,178,424,
246,457,228,343,229,316,205,282,89,95,395,513,299,448,57,
192,188,462,
286,233,482,402,101,466,197,37,68,309,302,201,454,209,438,198,406,149,476,129,472,
305,95,402,77,69,383,342,230,154,24,458,60,544,487,190,431,86,119,348,59,7,199,323,306,383,524,373,
16,368,1,531,522,525,74,83,397,
537,207,215,347,21,510,52,200,491,48,437,458,465,500,183,145,
242,301,149,232,406,480,391,62,148,422,44,248,262,314,516,546,170,339,143,393,127,126,457,521,243,504,290,101,225,30,232,200,165,228,443,521,515,189,350,479,367,83,144,92,475,543,294,
521,419,516,528,465,132,468,332,52,311,479,27,479,270,194,300,487,39,385,407,127,320,332,425,419,240,382,115,179,242,383,39,406,523,61,348,235,222,68,219,272,504,527,25,236,467,474,540,
87,17,229,143,
51,89,129,377,301,266,
8,162,198,135,479,378,463,183,436,486,513,523,475,455,
488,413,228,201,22,273,67,215,222,425,270,187,163,
113,373,
31,174,270,298,440,228,432,421,92,278,332,
25,434,217,242,253,412,257,9,438,284,100,281,218,266,106,443,186,481,42,179,320,256,461,280,142,495,361,376,485,499,338,521,304,469,177,163,48,466,62,137,325,458,5,241,
111,221,209,384,
331,480,512,186,206,35,208,67,201,37,225,528,537,281,
405,221,288,505,204,123,
48,457,321,537,83,509,193,391,462,483,450,247,537,118,403,43,185,329,
244,453,238,272,428,324,294,281,6,217,
101,187,69,216,177,242,438,271,144,523,457,142,316,174,
178,168,479,81,348,105,123,227,493,234,402,144,7,118,
335,434,425,535,422,
24,149,423,532,85,423,287,153,92,522,103,531,238,22,
439,421,435,114,516,381,119,
201,184,292,405,179,314,88,251,498,85,547,178,317,238,331,222,338,165,
450,355,217,208,237,258,355,36,351,314,362,278,417,120,245,46,549,209,410,196,220,210,290,139,26,150,433,431,435,241,307,376,179,384,488,443,136,135,528,
229,403,212,312,73,323,349,354,203,215,345,23,490,473,270,543,87,191,326,56,365,428,479,212,549,224,139,185,357,48,328,468,489,85,246,249,382,18,257,481,317,184,129,546,197,469,24,498,
241,457,221,210,314,15,101,106,149,122,272,261,22,121,185,218,109,474,223,434,15,450,79,532,390,456,152,2,476,56,142,25,
259,228,425,218,382,156,
228,63,284,101,479,159,475,259,276,336,
288,201,
403,48,171,
473,540,487,328,83,183,391,62,374,265,164,247,256,246,
146,389,17,384,366,426,118,350,288,425,458,395,79,153,
95,104,88,
490,438,339,220,174,40,306,479,518,177,445,366,475,533,151,535,311,15,297,515,105,329,331,473,276,422,503,531,159,83,
443,458,475,481,60,
314,214,384,396,283,22,183,246,48,66,384,85,384,436,487,129,409,439,121,151,103,304,241,226,470,201,466,237,440,201,497,173,440,509,537,62,390,401,
438,149,271,120,286,161,268,303,92,161,88,529,105,334,353,
123,183,178,238,140,196,537,27,450,2,30,179,319,377,405,
332,397,118,69,537,187,114,125,382,288,477,232,258,30,372,
507,180,89,334,228,
380,294,326,62,153,154,346,420,165,129,92,148,331,487,184,524,19,423,21,7,
357,445,411,17,40,291,160,387,183,47,249,79,20,493,474,474,40,123,238,83,445,421,167,
118,168,146,486,
183,107,416,256,290,494,457,228,200,132,207,88,513,405,234,225,0,309,164,487,382,430,179,413,44,453,13,50,129,39,254,481,488,63,503,335,314,316,398,357,306,346,535,357,337,142,401,486,35,537,376,90,397,509,423,228,471,119,119,316,468,509,307,284,57,237,545,423,537,62,
429,388,142,215,102,
207,148,377,382,356,60,20,324,16,8,30,531,509,508,522,144,151,200,496,99,107,271,123,519,269,219,328,266,310,101,446,232,325,416,203,
215,234,49,223,184,493,369,503,270,372,227,100,390,506,200,456,352,194,239,464,156,545,208,508,400,312,340,486,115,510,434,480,223,67,
286,463,455,224,450,
105,210,129,487,406,463,263,523,539,418,236,317,232,450,159,438,102,453,484,168,495,174,
210,199,100,524,503,6,531,107,239,40,178,203,497,133,333,303,413,169,358,355,270,105,165,358,101,365,196,69,96,87,283,158,199,473,419,501,347,505,175,482,261,397,472,463,433,391,407,456,316,167,277,286,299,533,292,15,102,
218,118,299,241,65,439,249,352,259,160,
447,226,142,445,125,412,
288,172,197,146,332,46,
462,19,0,228,1,17,184,350,73,294,
303,400,323,438,300,539,503,258,385,137,3,513,251,312,261,462,178,214,139,291,210,288,508,235,367,7,274,492,319,23,264,21,89,109,521,490,255,369,428,470,267,480,132,365,471,
114,332,30,334,509,439,
98,424,423,457,395,11,84,129,445,
287,96,144,119,462,240,245,474,215,522,233,24,430,47,83,
434,112,538,150,412,17,251,245,314,18,479,472,267,197,340,142,296,501,140,256,47,511,155,474,392,276,290,325,176,193,524,335,488,
79,142,487,224,423,187,129,
443,360,457,72,433,224,328,464,33,338,447,480,371,29,0,227,162,256,153,165,233,382,
46,98,32,49,362,186,495,100,141,251,509,382,247,470,59,95,271,346,120,103,278,538,523,487,283,435,57,237,178,537,520,
271,101,322,102,382,39,229,
505,548,545,537,
197,431,109,2,434,187,179,326,179,512,249,393,537,434,389,0,89,243,403,421,209,350,529,387,419,329,2,93,161,410,484,510,300,459,531,549,377,288,
293,190,352,103,
174,330,162,0,40,230,31,30,57,68,21,298,349,487,2,218,337,105,450,
234,68,360,142,288,183,183,86,221,242,222,
287,340,92,537,377,432,537,
106,533,
430,458,17,369,396,58,96,531,540,
206,331,387,143,198,
512,26,62,499,382,312,423,378,
183,88,302,249,221,194,462,15,143,58,370,282,469,478,517,114,395,200,412,58,463,383,392,349,130,256,223,
219,447,517,114,452,547,78,387,103,
383,305,30,301,104,18,17,436,380,188,532,202,422,91,320,
547,22,161,355,541,334,337,21,447,74,373,467,279,58,195,528,176,198,9,234,396,445,254,102,449,129,86,160,75,451,67,151,46,44,352,526,292,347,210,182,201,381,189,211,138,281,427,74,452,
157,79,549,109,176,382,340,89,312,295,419,538,296,500,384,288,371,316,476,315,5,538,425,278,524,467,
185,178,223,68,495,38,250,488,290,283,60,450,465,435,84,382,188,25,519,462,108,170,366,483,385,214,350,507,472,228,68,348,253,128,34,90,73,384,447,87,351,37,508,2,
487,174,43,478,116,77,172,239,521,316,
328,270,154,473,461,101,93,
49,456,154,71,30,194,
271,129,207,342,154,115,273,438,276,270,290,46,182,200,40,306,458,
187,101,17,132,275,136,83,423,85,252,329,362,412,268,508,
294,82,207,371,380,4,130,262,144,93,244,316,73,243,495,390,422,129,
300,527,541,289,339,87,133,214,55,371,308,184,253,220,520,188,189,323,318,389,25,82,186,173,251,377,498,271,169,47,217,72,40,98,59,184,465,213,130,338,480,487,303,448,42,293,516,121,130,40,348,48,267,200,430,482,13,
49,510,74,266,353,426,176,518,381,230,341,293,342,318,378,212,235,135,215,
233,389,164,39,438,464,480,466,286,179,90,384,479,106,195,287,68,200,224,174,
243,50,294,205,524,121,447,224,465,520,474,258,
215,237,10,387,537,2,312,117,266,144,410,413,523,30,488,284,316,429,390,
456,241,481,49,15,289,51,237,198,
475,186,324,185,190,415,499,247,346,230,21,193,60,115,191,272,96,59,66,431,490,42,194,179,443,405,318,242,
59,305,165,86,125,263,443,420,14,179,463,38,189,53,129,236,247,
317,350,359,326,535,122,354,78,473,22,272,274,310,410,355,229,105,379,462,431,114,379,509,
265,382,216,165,474,482,473,299,88,230,143,139,207,436,444,
530,22,468,
352,293,291,
41,19,184,144,360,382,362,462,231,139,448,337,378,472,521,6,214,36,310,197,102,179,157,348,8,517,226,30,156,478,432,167,438,228,
150,475,370,450,82,346,538,508,247,136,15,226,62,416,
232,474,242,0,411,332,105,207,538,350,83,266,256,
269,458,220,
258,332,95,243,
456,79,304,445,89,
168,115,533,
247,304,59,239,46,
59,485,209,46,
316,101,215,524,142,
203,485,197,419,
129,149,98,79,236,
537,287,336,95,46,
238,221,445,389,
465,243,537,
261,84,304,237,
354,278,368,
17,382,
198,421,206,547,
495,425,39,105,
534,360,184,
266,215,207,232,51,
237,190,456,83,46,
207,265,167,
463,209,156,
97,256,447,194,
545,215,183,289,
301,79,348,51,438,
83,232,436,
200,495,312,528,
334,114,507,
159,495,458,264,
205,446,411,
246,65,288,473,238,
102,458,463,
366,156,209,510,480,
192,315,
224,286,243,
125,149,447,373,
191,288,101,
2,135,411,236,
121,314,537,359,
37,331,135,480,
