485,181,92,427,18,85,516,456,49,129,3,186,400,488,144,515,113,466,471,205,227,343,510,532,82,523,
263,390,100,338,30,219,205,7,79,494,387,371,408,243,59,375,73,
523,4,139,292,256,325,485,504,116,152,346,496,154,
507,445,176,511,421,249,375,420,193,357,409,
0,229,120,40,333,103,193,196,538,461,442,226,408,
272,144,400,57,290,408,506,
100,162,518,439,302,543,517,134,235,120,419,120,159,21,304,138,30,
265,401,159,104,216,377,532,446,406,470,255,7,89,455,356,441,540,331,374,
400,306,45,510,195,387,272,351,397,414,377,244,247,395,148,
120,430,499,0,167,50,311,376,18,314,325,444,403,120,124,441,461,267,247,538,422,210,
403,103,382,532,157,402,39,35,66,261,421,176,227,128,488,497,120,134,315,374,130,363,401,531,
487,230,667,162,508,338,85,173,82,280,365,171,441,7,488,447,539,457,392,378,75,262,199,12,226,536,186,23,401,126,216,264,152,372,465,223,50,401,79,318,150,
53,94,537,301,134,136,67,107,183,323,427,440,539,348,186,140,215,4,379,
158,485,318,238,130,318,458,
517,258,21,144,396,435,
216,538,482,540,
23,36,310,222,487,483,511,
113,485,167,402,418,510,232,27,81,269,317,333,311,
508,495,94,461,4,159,477,105,240,137,127,117,
310,439,19,449,118,22,549,36,23,84,531,50,117,488,68,175,11,52,179,201,50,
364,300,62,200,387,328,302,187,397,127,355,153,139,497,255,278,532,117,
271,226,338,117,
226,402,75,96,134,487,451,117,
167,85,144,123,253,21,283,162,360,389,429,418,89,245,83,289,461,
415,472,538,532,82,547,401,353,391,539,75,527,352,326,6,538,316,
138,443,300,89,124,180,271,285,322,358,307,134,459,100,
539,141,92,204,323,251,415,293,53,498,292,
447,328,262,526,374,469,482,18,357,221,235,387,386,142,536,487,98,458,537,228,396,388,34,495,
234,117,537,
18,238,125,489,236,269,
167,120,127,144,529,82,136,191,175,481,118,341,141,516,113,364,221,482,60,529,465,81,
115,366,432,411,40,77,151,323,130,493,
231,191,94,442,117,529,402,73,61,355,407,338,468,
236,255,28,421,224,482,401,18,395,144,531,12,529,214,496,85,239,127,102,302,
510,197,339,303,317,53,83,206,99,407,529,113,375,
450,485,316,449,478,339,401,403,377,409,255,81,129,145,347,139,10,114,
180,158,50,401,216,
323,157,67,182,219,538,435,245,210,513,130,502,59,539,233,347,255,282,477,527,21,80,53,202,145,90,75,400,541,
75,253,495,415,120,330,
252,144,94,318,139,78,285,385,45,33,443,276,
112,114,331,511,348,113,139,168,259,396,178,178,455,306,287,364,
6,365,495,
134,252,195,364,262,339,368,302,50,417,11,12,219,
103,216,258,263,304,424,403,341,318,371,368,81,117,507,256,390,75,312,75,427,534,4,531,549,493,
366,115,252,113,
374,530,529,13,377,328,25,35,468,536,468,
387,493,447,498,227,234,543,418,481,525,387,263,151,388,390,461,
24,445,126,433,332,443,
319,255,400,226,
187,364,152,406,75,20,220,538,80,261,273,66,
152,94,667,335,249,486,360,403,66,90,284,214,461,432,380,212,181,187,134,354,293,138,22,328,453,338,
432,115,173,397,144,511,493,381,430,
485,113,12,227,158,450,408,328,67,
246,232,261,210,117,4,139,346,75,310,31,273,145,44,87,90,
14,120,8,159,117,237,5,511,407,3,62,122,264,503,
538,32,109,205,298,457,285,608,207,21,8,672,280,62,75,390,338,255,148,446,197,120,475,220,285,239,216,43,180,
338,397,231,310,141,330,487,493,184,
242,362,67,258,456,127,436,4,396,155,441,471,
541,239,418,235,316,316,490,117,351,95,516,525,230,32,56,323,
42,464,258,292,
469,447,256,418,278,549,380,466,396,123,383,347,50,487,538,30,18,255,184,
511,262,316,45,538,279,250,23,387,8,112,90,411,320,422,32,529,14,497,210,63,115,411,23,
442,231,50,57,401,316,
362,316,450,532,375,242,243,181,493,187,126,240,354,
275,384,66,221,487,346,405,535,500,200,280,422,111,88,318,
210,323,129,406,246,57,511,205,401,240,482,120,468,141,
346,532,275,83,175,450,533,204,263,519,138,239,444,525,523,
442,300,159,549,473,523,181,119,468,114,19,493,394,193,173,402,91,0,349,187,
120,82,357,219,70,299,161,488,8,377,181,74,
66,127,152,147,319,502,467,61,150,438,463,536,
292,504,530,523,161,301,365,148,495,444,92,212,476,81,532,412,100,347,116,522,261,149,539,130,199,186,
347,323,397,157,254,339,480,381,187,216,39,292,497,469,297,95,450,302,45,432,136,
505,139,4,380,39,262,182,477,
530,402,292,513,370,293,379,62,537,181,308,495,374,273,80,253,
205,538,137,418,117,109,2,433,456,310,537,33,543,541,346,39,7,56,28,4,539,242,173,139,
401,284,280,158,456,130,226,117,415,360,142,442,236,180,514,527,390,60,537,67,257,93,403,175,478,222,58,396,182,1,84,204,487,365,405,
153,495,473,344,324,11,
364,357,482,67,345,420,195,493,167,526,134,364,161,87,141,238,216,338,184,212,445,463,112,
292,195,66,324,82,540,504,81,329,324,42,18,442,12,
365,151,195,345,135,74,97,141,407,162,323,270,316,139,75,72,221,
117,103,455,213,509,231,144,117,219,84,490,525,159,541,479,191,532,32,529,539,381,66,69,24,120,246,401,148,114,22,400,193,256,431,512,502,364,181,
144,278,401,485,252,64,187,24,206,276,440,477,355,
113,485,311,45,366,
133,255,531,360,536,431,292,390,51,549,80,251,62,345,463,377,146,440,365,525,
293,336,530,209,157,229,539,152,110,438,252,266,437,112,
112,22,235,75,265,358,437,363,400,405,402,184,477,21,187,371,471,436,293,209,457,
256,512,141,299,536,338,
96,120,328,412,423,114,226,413,375,246,411,
529,162,310,186,216,104,154,151,407,463,543,374,75,82,458,394,236,269,412,
273,216,492,142,155,452,250,501,133,385,537,881,289,322,342,377,285,134,27,473,39,421,518,158,444,246,
421,507,85,539,464,221,36,9,243,236,508,
504,193,227,292,49,292,158,223,523,468,117,155,
253,270,470,141,384,174,310,481,493,547,94,293,181,536,379,422,456,
227,403,387,234,504,65,9,485,124,496,505,531,161,
117,433,543,481,521,375,208,234,443,104,384,861,437,244,493,48,238,492,127,186,14,30,310,541,199,322,271,432,525,205,349,468,439,406,233,111,51,246,451,94,346,367,326,269,374,318,508,493,190,487,377,226,1,510,
151,176,529,330,311,410,239,538,297,407,301,512,537,375,206,216,362,296,
81,113,425,33,525,292,450,344,209,450,141,459,36,66,30,411,46,453,292,167,
253,384,52,530,232,164,361,461,241,56,75,484,357,250,158,36,510,
541,217,56,206,219,3,296,304,501,538,158,439,
59,460,4,402,80,268,161,32,148,156,337,373,153,105,162,375,489,452,90,176,263,
530,529,
149,66,199,529,152,226,309,
488,120,403,487,413,496,252,133,319,387,216,134,262,485,139,
440,83,341,452,336,66,342,
300,527,138,289,339,364,507,536,214,371,308,60,152,442,
96,365,136,56,515,387,153,76,370,66,496,495,377,
258,509,408,492,161,517,84,256,22,181,188,291,486,268,193,103,468,179,242,42,540,62,431,540,
333,11,161,535,240,328,542,73,77,92,75,187,
75,443,76,365,159,36,346,397,103,226,245,391,301,285,161,129,249,333,360,
223,193,216,21,313,445,487,12,504,85,40,
216,7,41,624,54,103,195,273,267,252,252,153,698,227,860,17,88,240,134,
12,32,207,469,527,187,270,223,517,271,319,60,17,532,487,8,538,320,520,292,537,
89,491,28,450,479,
287,238,245,227,199,1,
162,4,397,19,338,393,381,181,
375,532,472,117,198,421,480,151,59,437,32,65,239,90,362,66,282,85,482,402,199,477,304,262,110,230,400,96,422,184,158,1,
181,64,250,139,485,146,152,136,442,433,262,328,168,310,538,63,511,253,50,401,30,538,162,
428,221,120,
12,328,485,299,127,
92,305,203,412,485,159,387,3,49,237,539,368,392,425,401,537,16,292,313,262,284,333,479,
434,538,537,457,140,493,226,236,530,436,82,
21,167,232,112,124,223,200,453,517,276,66,359,481,
310,253,181,148,427,393,216,523,246,47,518,508,316,
422,255,511,95,281,306,120,115,8,104,468,375,
374,302,403,303,377,117,
537,273,404,205,28,133,451,53,284,45,139,468,431,262,93,143,47,73,289,391,526,92,120,168,418,498,98,408,401,12,
120,100,14,349,517,17,96,144,537,37,387,449,185,24,232,413,75,300,327,141,377,445,498,
39,195,136,273,205,127,298,32,80,362,403,35,333,517,
345,508,164,308,98,130,193,45,64,110,365,396,82,364,268,301,159,
229,293,212,0,73,181,349,354,45,345,361,490,1,270,
82,195,532,487,485,156,120,167,345,250,292,340,299,233,292,238,114,434,482,45,415,164,
318,401,103,300,36,252,158,128,390,384,394,384,329,62,396,40,275,
482,285,524,82,
429,422,484,
452,365,102,
246,24,62,361,133,443,239,63,393,423,287,153,507,321,386,96,
143,30,158,510,292,
338,152,549,532,162,364,532,256,
324,292,437,496,344,354,358,153,
521,443,117,
365,96,6,287,452,457,6,336,310,316,401,133,
40,532,216,327,403,417,454,144,395,667,115,437,537,357,223,
449,310,468,
461,222,120,519,538,543,0,63,387,136,
80,294,256,308,390,406,293,133,252,387,369,451,204,255,
113,112,189,136,65,386,482,250,
302,374,347,134,390,226,236,
511,94,181,507,138,418,
104,529,117,401,46,201,277,283,181,433,159,
216,195,223,121,298,301,238,238,102,129,248,24,493,536,538,148,458,524,69,40,323,427,487,364,182,90,488,325,180,
270,502,543,463,245,370,
338,508,457,212,4,482,186,245,271,436,
191,377,167,117,507,5,39,87,305,316,332,
4,401,468,158,412,147,255,207,538,258,70,508,4,443,5,202,133,35,205,529,355,250,540,127,53,370,321,
549,133,289,212,479,241,364,408,426,
162,997,327,370,226,519,324,529,532,499,481,448,954,334,484,487,161,240,365,100,283,202,408,99,13,88,233,508,167,262,336,339,450,30,540,529,
85,463,396,487,487,436,375,526,529,167,393,422,386,421,75,167,69,416,236,60,512,316,
120,316,44,222,23,272,406,506,495,428,506,
126,4,24,535,201,418,130,
165,396,168,507,224,537,219,199,36,399,157,
130,390,31,323,435,0,345,518,440,377,63,379,401,252,492,477,76,221,151,393,476,354,403,510,53,545,547,36,158,292,30,126,158,
200,275,219,456,238,292,250,538,
397,413,343,104,193,364,314,213,347,393,256,312,491,529,221,38,338,
306,180,272,345,392,192,380,408,394,112,422,464,38,
18,447,139,49,536,158,491,204,482,
484,427,162,118,365,404,372,278,508,37,76,400,452,284,372,430,547,117,170,287,193,457,429,
202,434,463,4,468,127,1,159,305,114,321,437,
493,442,212,434,364,134,185,393,525,32,338,387,432,117,310,396,85,
502,133,114,323,330,421,66,67,423,527,
7,216,476,
176,507,313,316,238,340,451,439,116,359,59,
161,258,475,97,154,303,307,148,516,468,491,456,212,312,441,292,75,67,
285,138,396,252,538,
152,384,94,415,487,173,443,149,300,
481,167,306,287,117,387,239,329,368,39,130,253,21,
537,268,530,116,216,434,146,404,330,151,181,165,402,
355,226,543,470,369,375,488,402,316,231,144,
234,12,227,60,464,252,524,67,538,7,362,387,527,
19,442,30,396,232,6,162,12,34,195,420,346,246,
465,330,54,420,167,75,
406,139,881,187,402,92,468,169,209,298,265,487,276,210,404,188,451,387,402,4,66,
539,117,205,421,32,238,132,130,303,493,
324,175,145,75,105,117,250,407,438,393,
63,357,384,543,181,255,407,490,532,538,344,246,255,255,114,50,511,461,377,352,276,425,4,130,
303,374,287,539,
141,401,81,241,120,463,
175,310,158,180,
299,437,256,139,113,543,264,256,36,82,87,12,205,79,82,532,443,12,
239,45,30,531,375,490,469,30,487,541,348,538,364,393,413,389,457,270,538,236,325,443,
510,67,485,130,143,4,254,324,508,117,482,
139,916,252,816,347,205,187,537,212,82,406,307,507,278,375,525,268,205,281,464,221,364,66,19,272,348,182,299,94,378,252,456,418,291,32,523,246,448,246,139,461,450,365,100,475,495,155,506,134,450,30,
340,402,493,176,491,
497,403,430,184,181,393,394,328,335,441,350,482,547,325,88,511,493,400,540,
256,45,291,131,429,17,473,305,330,299,276,455,63,354,141,468,127,492,270,38,36,414,
141,532,256,338,427,529,238,144,210,
496,141,316,488,284,523,100,357,363,
280,275,489,491,430,386,405,409,277,136,
543,127,205,117,285,538,255,362,446,505,63,451,478,75,205,349,445,84,463,299,
464,74,535,527,407,445,100,140,465,210,502,139,323,50,310,421,518,76,470,
255,543,425,361,323,123,238,131,422,133,474,270,450,63,104,4,319,96,265,393,80,417,364,419,418,396,80,469,
175,508,480,37,17,469,548,167,
487,275,437,361,298,469,209,
316,62,401,362,450,212,541,75,469,210,80,360,407,501,176,365,437,266,494,184,282,310,199,442,75,
158,24,394,512,365,165,187,504,180,226,159,
184,82,497,172,379,212,364,333,180,
1,330,139,229,136,133,
60,532,328,401,234,397,127,395,199,385,300,527,200,167,158,250,125,487,537,336,
493,236,252,428,103,117,135,216,141,393,10,283,30,506,463,
365,357,238,310,413,30,390,
148,117,538,305,27,309,312,549,310,49,232,390,133,400,493,
90,152,310,309,437,391,383,181,16,222,33,436,50,511,146,
45,390,477,302,134,150,184,256,86,192,30,229,294,204,347,82,289,
232,316,246,30,261,21,74,120,169,538,91,113,163,19,25,148,149,502,253,256,456,46,476,408,
164,400,538,202,335,82,
261,403,0,99,446,225,105,246,389,495,95,526,187,292,284,287,341,75,443,244,
381,141,117,181,467,331,150,
285,353,543,538,309,188,526,263,91,482,36,
391,75,90,415,246,260,469,34,134,
186,80,538,192,328,203,314,28,384,460,105,53,292,
139,37,112,505,18,230,321,1,139,424,66,488,187,90,318,445,543,
495,6,209,310,454,261,153,75,292,127,120,310,447,
390,459,270,45,133,163,263,6,329,401,441,423,159,441,435,47,257,369,538,488,80,144,457,252,145,244,180,221,302,387,365,89,
543,427,384,41,449,100,204,129,468,127,74,387,328,402,49,384,278,
532,464,154,315,536,526,82,316,7,141,393,470,63,40,346,451,360,132,403,431,12,273,287,478,255,291,66,51,484,338,495,485,175,151,227,299,220,364,92,545,400,117,259,410,264,
67,364,53,402,56,410,401,347,145,215,536,502,463,39,161,485,
219,117,263,217,67,100,215,221,76,134,158,105,
222,144,90,114,381,543,461,401,246,50,
262,443,181,92,274,505,511,162,447,37,375,47,233,341,430,324,463,505,487,
74,464,525,439,365,232,431,178,267,463,120,
328,186,60,17,353,333,374,497,73,283,62,96,52,447,543,160,409,477,501,527,12,64,395,485,54,362,
294,291,273,80,208,343,366,533,478,354,440,485,1,544,306,313,479,315,546,538,45,508,
430,120,538,357,497,251,99,151,206,266,153,446,258,238,148,380,279,179,489,479,432,
144,123,222,64,167,308,236,549,272,144,124,372,167,30,34,174,127,40,141,203,517,30,
455,538,256,222,389,450,
336,343,479,361,162,357,365,67,419,181,493,440,
393,238,181,365,93,203,216,85,493,130,397,4,287,413,310,324,255,493,519,162,
379,114,470,
6,524,390,114,495,183,222,319,365,396,72,32,425,19,415,525,538,
250,324,60,199,113,200,
284,401,152,204,196,533,460,477,484,496,261,356,163,370,
536,110,300,487,538,391,435,18,447,22,216,133,132,472,
75,251,538,22,310,543,120,130,264,384,419,346,487,529,333,246,137,323,455,320,426,465,316,
479,46,219,448,474,89,290,549,92,
396,469,285,436,335,85,405,134,408,471,128,136,401,299,415,242,468,520,
221,219,397,390,167,133,161,421,264,428,458,320,447,
305,180,457,92,182,191,529,7,298,58,202,148,313,
538,366,536,116,438,433,199,69,543,310,164,279,186,151,413,110,102,181,396,431,455,238,36,4,390,199,542,62,415,175,525,235,545,239,
402,57,22,127,375,347,113,442,231,530,226,157,575,195,74,555,61,59,296,318,954,406,537,74,403,210,442,534,340,67,526,112,529,459,532,30,96,114,543,364,
104,265,210,127,311,434,397,
94,53,268,223,134,407,18,203,357,255,367,34,271,89,102,152,252,372,378,511,253,494,12,508,314,139,117,181,437,126,
193,527,345,185,258,504,525,223,475,111,473,117,400,507,
276,221,256,21,252,
377,130,265,184,400,279,309,325,260,63,24,20,527,468,120,120,96,
372,94,66,150,510,538,
527,252,341,542,445,333,401,211,271,482,515,328,323,415,159,44,60,482,181,445,461,498,
532,162,667,362,159,183,375,422,30,507,117,318,88,60,204,5,336,265,253,278,421,130,338,80,301,
255,263,100,135,399,42,443,63,133,476,124,195,499,390,392,389,211,55,532,75,30,538,346,
241,141,549,287,385,
114,365,6,257,96,33,379,422,471,
379,530,31,127,208,53,281,130,61,253,357,
30,239,412,484,450,349,232,32,250,201,508,514,45,117,162,144,402,534,532,326,139,100,
311,35,151,113,468,326,415,59,381,473,104,113,
538,294,511,541,232,461,216,173,181,415,
236,434,396,212,456,
325,120,481,239,158,451,181,497,459,270,192,159,377,523,338,239,216,
331,268,145,310,250,398,381,265,
187,112,362,
61,66,72,141,505,390,99,127,231,425,187,76,
401,363,316,318,144,141,490,92,265,4,104,154,433,459,523,74,364,165,387,181,
89,543,524,265,32,384,459,390,
368,481,134,159,92,34,422,
535,275,126,399,464,
270,354,390,260,12,477,436,183,94,351,370,159,365,298,325,341,256,
127,402,32,187,543,167,350,525,458,136,25,66,125,199,498,364,4,402,202,525,508,104,
386,280,113,
493,482,340,457,349,362,253,163,268,148,316,
88,69,
226,459,401,116,489,355,465,434,549,99,319,271,361,158,302,149,162,
464,532,42,234,26,518,281,
102,216,437,538,190,63,243,271,298,398,362,452,417,236,
69,364,268,88,
159,532,270,265,468,92,390,138,451,75,270,56,362,14,46,39,265,320,180,442,345,151,527,325,326,100,202,97,104,
100,263,496,136,184,
468,377,36,449,210,495,
341,527,30,103,440,270,463,549,402,261,167,69,159,473,483,
361,255,422,287,25,229,226,388,
470,410,253,532,31,362,523,57,63,27,462,355,464,269,379,278,523,
159,50,508,339,158,368,
525,127,307,201,538,278,495,350,81,33,352,139,486,36,117,284,30,534,387,493,316,
540,292,4,64,74,497,216,389,145,34,
463,85,66,316,133,67,503,206,364,
543,529,461,14,56,144,270,355,89,181,139,
538,242,323,187,524,24,236,233,28,469,186,63,12,434,0,88,427,87,440,164,322,234,346,6,372,30,200,
451,176,537,230,406,
418,141,205,115,113,469,144,537,485,297,138,111,290,485,387,63,351,511,150,12,255,
390,495,61,30,133,232,197,84,318,525,441,103,80,5,287,457,160,431,255,120,538,273,361,148,442,
173,476,195,442,164,472,487,372,502,392,396,8,308,529,128,
459,116,325,402,62,390,89,512,
369,80,355,
463,529,51,316,507,362,331,33,543,399,202,436,270,125,535,219,212,471,256,443,531,141,493,74,148,
467,66,529,161,381,
450,346,362,130,166,81,162,377,416,139,523,89,455,
357,358,253,384,226,458,471,507,365,76,
667,865,261,40,152,214,487,532,347,195,178,378,130,281,32,
431,390,532,133,163,258,117,301,488,
46,479,232,81,
67,396,479,242,336,334,323,367,510,421,336,234,
457,498,32,497,390,305,11,90,338,493,390,434,292,239,365,508,302,493,512,112,484,
482,295,216,290,364,474,436,375,147,236,158,18,117,167,497,447,437,371,338,79,493,127,527,210,50,82,113,117,510,75,
210,464,104,
523,401,310,470,310,
346,246,278,117,94,190,401,19,205,
310,365,529,117,30,338,495,422,77,338,129,464,75,154,156,317,522,331,365,176,493,523,
445,24,223,364,140,193,371,
508,421,
278,881,144,525,469,364,346,467,153,465,346,177,532,470,139,543,49,
507,532,180,463,0,191,53,473,246,468,103,250,83,529,139,300,230,364,64,206,252,
158,18,404,325,4,482,370,486,175,325,448,525,518,
195,503,425,402,39,82,173,548,365,443,216,127,499,400,157,190,87,241,134,292,364,4,3,
422,221,532,361,127,430,486,367,500,32,314,300,310,439,317,429,85,219,275,488,316,368,141,413,
180,71,263,306,40,325,503,107,256,121,305,32,79,417,1,159,259,184,
370,437,325,137,4,66,381,394,547,4,284,
364,364,80,126,69,306,105,309,239,169,
90,323,375,457,489,216,139,246,
421,532,67,502,
158,4,541,181,60,387,164,189,369,219,401,130,
187,347,227,139,127,50,400,61,144,70,214,105,270,158,433,298,333,139,
495,530,292,532,6,163,390,139,96,283,468,
425,6,92,61,63,
117,324,482,219,
512,151,158,256,31,117,
127,39,457,236,386,140,134,178,133,354,195,237,204,442,384,480,495,60,221,273,144,543,482,458,282,282,11,156,12,
181,497,316,85,63,471,258,441,71,275,104,276,325,229,393,537,362,390,158,90,527,94,336,202,543,117,
252,216,427,225,403,542,527,366,89,486,139,260,341,2,488,58,493,74,402,182,502,80,507,
451,159,226,129,117,80,411,
238,117,141,216,92,538,424,366,217,144,287,396,200,365,158,18,176,82,539,364,84,393,
204,532,346,80,18,
326,311,415,30,117,
316,56,191,413,339,8,120,104,217,529,496,232,262,131,301,511,463,357,6,181,246,183,541,346,532,268,7,463,365,249,415,
287,62,393,39,280,246,391,241,216,396,361,261,112,329,438,303,
524,89,6,482,9,259,
281,437,422,50,59,111,464,531,
387,364,295,511,120,338,488,134,403,96,301,77,247,309,387,134,406,158,126,
473,507,193,153,313,311,
396,165,400,
66,375,531,175,79,149,117,21,139,527,76,32,406,
477,284,323,175,375,508,122,322,210,468,270,32,130,505,
36,436,318,13,310,23,430,36,474,253,
145,67,323,450,246,377,389,540,
330,175,338,1,207,116,384,75,
529,259,349,467,530,402,174,119,333,522,256,390,129,389,117,446,454,149,4,305,437,384,167,162,
30,310,263,525,81,44,76,89,143,534,365,19,144,230,544,255,419,302,181,469,
443,195,64,521,117,404,75,246,261,262,459,225,255,4,353,103,434,231,252,299,239,
28,537,204,285,349,5,8,227,236,538,16,89,402,254,
141,365,493,253,201,66,167,7,300,496,61,256,364,116,201,381,412,144,422,31,
437,362,36,370,487,324,117,418,299,284,281,482,316,102,202,
7,427,316,532,268,487,263,141,205,456,265,234,
36,437,75,435,139,165,323,81,130,534,165,469,468,
30,341,493,313,420,202,538,
415,311,396,384,82,152,
99,61,226,
360,133,
4,338,346,523,112,103,4,254,158,162,126,246,393,195,505,63,169,406,
400,445,540,40,47,117,48,208,310,475,70,484,112,112,164,187,319,497,136,193,323,
129,216,310,
49,485,18,480,9,504,247,543,420,278,373,148,
136,421,305,96,245,118,167,62,127,181,53,450,335,492,338,113,400,39,1,280,347,
188,285,295,193,486,
414,511,400,216,256,
377,394,273,21,468,412,191,450,409,74,76,357,145,117,
114,63,409,99,176,13,384,222,469,456,230,456,509,117,
221,139,310,57,212,130,422,80,178,182,348,235,275,0,153,235,423,368,99,114,276,127,236,227,369,365,
456,485,161,40,136,384,200,238,401,242,114,7,253,318,451,104,235,283,236,232,
133,488,148,
66,370,141,139,292,308,81,340,532,88,405,27,149,96,187,180,
75,261,
409,450,328,11,240,377,507,
349,442,493,435,240,30,
301,529,408,396,151,75,53,247,423,364,431,532,40,398,545,208,
212,221,338,125,451,152,109,292,325,421,493,139,98,192,44,276,476,549,184,398,17,463,236,56,537,
32,180,39,139,539,55,89,
199,375,50,487,292,287,149,60,132,538,250,316,
57,442,470,272,
357,430,63,316,202,386,364,345,120,45,254,40,462,336,264,379,152,
508,338,88,294,345,233,85,175,480,487,299,412,154,162,77,133,457,
384,309,318,253,63,105,32,152,117,543,256,64,443,114,89,506,186,456,376,305,253,127,357,415,387,75,529,89,
344,324,63,153,
468,159,442,507,334,202,377,537,231,4,182,406,161,256,117,543,311,343,258,87,338,421,124,547,504,477,363,
32,538,127,518,230,486,191,12,211,457,503,59,383,386,30,209,139,132,357,375,237,339,63,511,22,271,61,384,471,667,493,541,422,66,477,
396,67,219,173,345,268,301,236,457,112,445,424,538,238,168,36,547,479,112,287,380,447,6,264,19,517,318,493,255,
175,50,346,66,401,324,330,353,468,477,532,422,
427,721,173,240,252,446,543,103,230,484,196,141,421,7,193,48,47,418,
62,271,371,193,133,318,128,305,246,417,316,364,20,160,65,242,210,357,445,258,89,72,287,472,219,285,538,143,310,440,533,459,511,
134,53,29,117,433,273,493,45,396,100,405,2,216,403,116,391,493,17,226,139,
268,258,59,139,69,345,39,537,316,68,331,
50,175,367,464,187,487,159,199,411,128,90,339,200,181,219,35,134,4,158,180,482,222,310,44,
184,316,377,506,100,338,375,469,
411,81,115,451,
33,90,114,252,
402,355,
545,130,532,
318,456,532,117,487,72,139,
45,252,113,
408,272,549,232,
530,434,
400,375,117,532,396,
389,455,145,540,
362,102,151,234,328,
128,50,173,
399,535,
536,256,532,
12,532,94,223,134,418,
413,239,96,422,365,
161,227,467,
72,61,365,318,
9,524,421,
56,541,205,
116,176,459,
358,324,357,
11,127,409,153,
181,381,120,
163,431,495,284,
471,242,114,
324,162,510,
259,524,112,
164,158,538,
180,175,507,390,66,
354,324,362,
458,158,221,
437,529,
189,158,113,
420,507,19,
411,50,511,96,
370,270,158,
129,210,451,
190,346,
12,19,234,299,
473,341,
441,242,265,
398,331,301,
531,463,236,403,281,
105,186,364,261,219,
263,255,
155,504,242,
540,400,265,
1,202,375,117,
8,422,173,
169,4,
54,465,328,
284,437,92,
