142,162,22,250,187,144,380,482,195,122,73,389,500,448,456,25,314,106,187,378,130,226,300,538,234,125,294,186,547,424,462,302,
5,179,278,224,471,267,211,69,433,483,104,200,198,496,505,
487,35,177,
419,267,2,367,40,523,448,311,446,387,305,194,525,313,396,349,521,502,185,156,36,203,445,103,141,159,262,27,294,185,395,153,289,284,223,133,277,12,468,487,307,9,274,328,319,346,305,400,424,37,174,534,
366,532,144,432,184,233,380,233,343,529,61,58,508,455,424,49,428,536,
25,434,217,133,253,412,257,9,438,284,100,218,266,106,443,186,481,23,220,350,256,461,280,142,228,361,376,485,149,338,268,467,469,290,478,451,487,
120,511,330,529,420,348,115,316,
0,46,397,486,409,329,537,414,281,113,115,268,24,98,449,212,253,291,29,365,451,237,26,56,161,153,65,84,443,511,358,401,104,318,261,
487,438,372,199,394,396,36,291,295,495,167,510,519,197,350,537,454,280,25,17,343,
269,286,54,247,151,179,48,46,532,228,391,39,
334,344,456,330,322,458,238,508,138,48,13,223,274,312,70,107,346,438,421,214,61,456,201,
99,192,120,426,408,142,174,
104,162,424,17,379,383,461,495,82,403,467,
115,491,475,179,144,
46,269,372,178,502,486,353,261,157,67,213,264,415,366,448,137,181,450,315,0,512,498,186,222,153,547,83,178,373,536,118,511,462,364,157,219,19,
151,84,252,330,9,52,486,305,187,181,509,199,251,462,172,389,387,329,63,376,465,382,138,529,4,361,461,214,451,454,11,123,384,289,145,
130,192,528,261,309,392,456,157,113,399,98,185,450,171,
21,199,460,536,387,3,178,302,86,243,263,86,
233,344,310,235,340,193,169,258,25,272,408,445,429,409,326,72,301,116,237,22,463,346,319,199,302,307,187,81,530,96,
228,302,311,198,405,268,250,184,25,201,377,531,202,49,174,416,383,186,495,340,
184,421,222,4,296,246,303,300,358,30,121,528,109,393,410,350,202,309,424,398,61,26,179,365,160,255,372,197,290,438,539,78,320,103,285,26,520,454,366,283,77,72,86,495,336,195,290,35,481,527,159,64,237,462,109,40,46,
359,64,186,153,447,233,327,
472,12,456,153,365,
435,201,487,401,139,83,495,115,
26,184,153,159,350,0,429,46,363,179,314,263,537,317,441,31,524,306,99,117,86,99,28,
71,369,153,51,12,171,123,62,506,466,341,15,99,38,35,261,493,433,40,
457,431,361,130,117,167,189,125,336,443,38,236,446,455,476,23,481,456,111,448,464,
343,461,388,95,406,60,350,150,212,268,495,50,442,105,187,298,200,464,125,201,
70,385,144,374,230,250,118,141,277,478,344,210,376,510,98,431,29,341,466,318,113,210,320,113,405,485,75,226,256,233,250,537,268,102,123,535,382,73,326,386,367,279,161,84,274,292,254,491,381,495,
521,419,429,528,465,132,420,52,311,479,40,479,270,194,300,133,39,385,407,127,320,332,425,419,485,382,115,361,242,383,237,199,523,223,44,
540,399,116,307,280,326,388,
129,69,547,311,183,364,106,125,
523,158,262,350,40,153,82,394,430,437,98,
184,397,463,175,372,4,460,217,209,29,270,515,200,405,54,37,229,489,397,183,412,324,372,151,250,409,262,329,367,186,330,33,187,56,398,263,366,53,300,122,126,151,464,286,178,396,417,
424,307,318,
242,301,529,232,406,480,391,62,148,422,44,248,262,516,546,170,471,143,393,127,126,457,521,243,81,290,82,186,4,
253,250,437,12,307,
497,414,300,267,482,331,224,449,18,240,39,508,252,118,294,266,113,284,366,383,247,
358,214,401,0,116,344,529,311,369,309,0,483,238,536,
370,33,325,137,4,189,381,394,547,394,193,273,185,60,524,134,425,76,537,305,385,104,302,35,480,516,98,210,113,319,183,229,214,196,278,344,328,480,310,433,
81,266,304,13,40,89,276,73,139,215,200,282,222,431,200,248,277,157,498,431,233,286,311,242,491,
109,328,404,533,511,495,456,183,250,469,28,330,127,190,304,376,184,
443,355,40,
197,431,109,2,434,179,326,179,512,249,393,536,434,389,89,243,403,123,
429,382,517,343,431,200,362,521,250,239,
57,179,474,382,
49,228,69,443,
69,183,40,344,545,182,325,117,448,42,459,464,494,10,174,138,549,126,4,387,532,49,458,528,5,485,
226,233,173,
75,26,67,22,347,250,438,25,384,363,54,40,130,456,113,518,158,301,419,506,247,410,313,153,234,372,181,246,215,267,61,536,112,
451,146,214,394,263,88,233,50,352,484,180,437,297,307,0,215,495,413,491,495,538,247,453,151,322,342,25,300,30,429,82,113,210,199,
343,490,366,453,438,252,321,399,365,137,119,444,487,
274,184,434,529,481,505,390,334,385,336,207,480,399,382,33,117,
418,438,481,23,374,32,220,200,
212,125,451,109,368,325,421,318,136,98,192,44,276,476,256,0,398,17,434,56,537,184,462,548,84,343,330,377,37,349,388,357,35,251,329,200,140,517,262,49,541,47,449,344,469,331,343,166,40,235,34,483,268,544,417,203,483,324,543,409,83,215,60,4,122,
466,242,237,199,383,309,340,215,546,71,164,248,376,521,63,233,350,457,548,286,
314,456,169,26,302,305,85,353,65,213,23,474,356,398,139,407,464,355,481,330,350,
490,438,339,122,220,174,199,306,479,343,518,340,445,366,475,533,
220,338,456,286,28,548,245,185,
180,435,163,305,251,355,488,443,284,315,324,165,91,541,230,487,183,99,485,514,79,32,547,376,242,263,259,380,308,48,355,99,285,101,
229,403,212,52,73,323,349,354,203,215,345,23,490,473,270,543,374,191,326,56,365,428,220,212,549,224,184,185,357,48,328,468,489,474,530,
445,229,382,36,408,328,35,267,239,451,35,357,531,372,136,226,290,
411,200,487,311,302,357,333,100,509,487,
530,200,40,372,23,61,328,229,
326,63,39,150,76,154,183,129,134,61,20,205,549,213,406,317,30,226,319,494,518,485,350,503,428,385,39,322,
247,282,340,50,94,108,271,505,152,451,233,114,449,40,75,197,394,256,548,163,409,298,10,274,366,250,310,124,520,497,
196,224,346,456,159,370,520,511,52,
438,286,401,179,359,334,60,348,418,514,343,87,
487,510,180,529,246,337,40,153,509,411,314,286,114,314,435,292,204,367,305,423,427,136,127,
86,151,74,179,360,198,438,284,159,184,39,88,314,212,257,144,467,303,401,382,218,325,338,
186,346,346,184,366,119,481,257,280,347,23,122,251,512,202,301,99,341,427,228,228,327,423,393,437,431,445,424,500,
267,396,278,49,36,406,279,165,497,475,428,178,89,370,354,304,182,63,371,245,409,301,210,21,486,536,367,60,88,5,472,350,54,0,3,462,419,36,347,171,447,28,445,82,302,30,133,434,517,199,
360,445,179,447,183,0,307,354,452,40,72,63,374,
233,389,361,226,464,466,286,179,239,
364,350,281,475,200,478,359,117,302,363,67,46,129,376,
120,259,341,99,30,15,290,113,450,350,137,324,372,69,327,123,235,106,263,
237,114,491,226,397,116,288,471,300,184,207,536,206,24,
278,387,448,122,5,350,134,195,396,257,385,348,133,412,372,370,275,390,
174,464,210,40,63,44,99,144,357,
259,31,87,8,95,374,382,488,120,330,522,124,250,180,490,185,200,289,77,463,467,122,12,171,1,15,40,487,118,
481,81,133,24,516,439,264,401,539,299,300,270,411,285,486,32,172,359,68,396,435,217,479,518,267,223,221,223,440,11,274,412,534,48,464,247,288,494,200,431,418,199,314,375,
122,385,124,427,120,152,16,150,95,328,340,117,169,278,64,159,61,253,85,41,488,39,230,482,187,138,212,382,184,86,3,32,23,62,506,259,
437,523,215,253,382,382,353,
194,344,262,300,346,144,
123,494,214,169,183,
458,228,100,95,546,340,330,
167,457,98,446,300,518,350,395,
216,366,201,431,11,234,495,323,146,35,517,538,453,545,301,318,396,
226,52,456,266,219,229,389,441,460,382,199,494,208,28,27,258,364,65,460,487,350,167,158,304,336,237,540,465,183,
383,246,214,330,380,184,199,130,365,409,472,33,466,290,40,395,
495,393,392,426,230,155,104,54,471,493,496,448,322,276,528,497,420,127,387,190,190,180,292,405,80,424,451,479,452,437,62,0,217,83,195,385,101,70,446,341,451,491,292,109,47,300,506,507,336,86,487,383,248,161,302,357,217,435,
414,86,177,318,
438,25,537,382,501,322,239,475,369,481,103,231,545,316,127,390,481,490,227,303,448,184,199,86,432,247,269,16,77,91,280,
353,178,200,314,513,448,243,224,286,437,
528,67,200,235,113,119,41,482,133,216,144,495,130,506,184,274,342,274,491,434,257,107,
151,176,369,330,203,337,410,239,42,184,297,407,317,229,165,358,206,216,150,296,435,470,114,318,250,61,42,276,190,152,547,239,321,547,297,340,396,73,284,314,226,250,
453,216,186,62,
307,360,30,424,94,229,434,540,44,63,163,177,232,241,504,96,0,186,288,
289,119,113,446,526,219,151,73,
303,5,12,222,396,315,439,88,427,479,450,275,179,
229,545,377,260,530,273,171,94,367,96,91,194,379,307,180,178,258,546,322,141,396,229,389,8,314,40,83,347,445,188,24,496,
237,341,510,382,268,143,72,113,86,423,509,
17,487,83,60,
122,490,179,119,29,295,318,
292,70,62,391,83,288,316,
16,438,28,506,
330,262,382,485,374,155,87,235,290,439,449,531,265,142,334,449,535,387,82,4,344,341,304,438,62,471,198,29,151,330,206,205,509,212,439,124,537,55,333,538,193,530,127,109,445,407,44,61,171,390,143,214,184,364,401,274,150,12,347,120,307,35,509,426,266,533,24,320,109,503,536,383,314,16,458,99,190,
532,318,79,366,80,367,83,200,
17,159,274,467,206,59,215,324,445,455,537,328,85,277,424,
144,528,366,113,44,474,142,343,346,70,95,153,387,394,68,66,229,384,8,186,170,416,366,113,496,361,10,174,86,249,207,263,135,74,138,487,115,194,
450,355,446,208,214,258,351,314,362,387,417,120,303,46,274,
233,247,510,54,70,360,75,100,424,346,266,523,366,207,274,227,97,391,24,208,157,186,428,462,
64,305,302,49,359,184,39,474,517,
531,481,467,396,
4,200,214,251,156,131,133,185,250,382,212,401,428,33,346,58,500,106,
341,88,412,228,54,120,186,409,20,495,190,191,292,305,316,510,303,237,166,360,517,529,77,483,71,430,528,
207,300,233,91,3,535,160,262,535,
447,156,360,326,163,36,535,267,
297,376,314,
186,80,479,282,15,527,192,24,203,91,314,28,144,460,231,312,212,408,435,458,545,8,60,124,28,84,63,457,300,276,250,336,193,486,265,172,25,37,463,176,4,216,73,43,503,347,525,340,535,340,165,40,
255,441,99,374,464,300,378,316,
495,119,80,443,270,522,510,451,284,107,539,24,331,420,85,512,438,503,315,95,107,148,505,200,348,71,301,184,228,397,
201,187,182,313,317,343,397,435,268,310,184,232,334,511,123,366,197,423,57,
268,228,106,60,228,119,62,179,499,201,382,346,439,
268,292,346,66,43,179,74,417,445,212,448,409,373,0,261,18,343,538,25,186,169,317,287,396,
506,486,385,383,200,305,122,403,96,186,16,
464,12,40,481,479,100,69,496,383,457,255,174,258,8,452,219,
32,326,362,195,350,545,481,192,8,471,100,386,250,324,420,121,180,148,344,274,58,62,376,463,122,
521,344,348,186,48,
162,318,185,350,104,231,481,536,6,160,344,461,294,438,117,
397,201,200,44,495,304,
474,109,314,397,57,236,256,229,1,351,
382,445,222,122,214,32,274,109,355,186,437,423,494,57,
517,429,149,328,372,
222,159,300,537,312,36,521,164,355,431,539,250,200,256,509,397,0,77,479,510,19,303,487,144,382,385,7,307,215,282,288,263,46,543,333,22,
78,350,185,537,104,263,396,11,19,481,545,536,353,252,467,38,302,528,40,395,432,291,276,
162,997,327,370,302,519,30,420,455,92,496,499,481,448,954,334,146,303,161,240,161,283,202,408,399,99,13,88,233,18,463,339,363,471,536,540,163,406,209,456,438,427,147,153,419,469,263,239,4,517,215,169,473,231,67,266,76,275,127,482,404,235,539,11,154,233,305,471,63,161,
305,343,493,171,182,320,241,7,298,58,87,148,313,32,354,106,450,368,173,183,137,406,478,156,70,205,410,471,370,323,357,474,151,229,359,362,313,311,215,180,218,106,74,344,479,60,127,328,419,183,380,314,435,502,386,162,24,38,299,535,280,
0,288,401,358,135,307,
100,153,233,12,350,206,458,135,464,199,234,462,411,288,83,
316,120,12,7,426,339,159,509,157,267,
261,268,130,350,186,392,272,510,178,403,0,
165,478,168,507,224,210,219,199,547,399,157,511,111,490,119,356,236,45,447,344,529,285,186,438,93,331,123,498,366,323,267,536,472,
83,495,200,55,266,484,509,532,524,413,481,311,39,190,100,435,372,145,
510,340,261,
239,119,445,296,207,270,517,429,233,
135,69,0,
487,422,509,138,215,
430,523,341,372,
220,117,199,469,491,391,53,4,262,183,186,303,363,292,391,300,38,322,229,492,382,54,241,25,443,498,336,22,9,322,500,52,526,210,
286,233,460,184,220,402,101,466,376,353,
86,122,26,414,153,209,8,21,
314,309,317,387,214,283,22,183,246,48,66,399,86,384,487,129,409,439,376,151,44,103,304,241,297,470,
120,109,119,199,470,245,
86,118,320,495,199,
463,450,194,439,523,205,447,184,503,206,34,143,180,428,60,379,349,76,214,250,420,90,404,326,261,186,159,231,535,487,260,398,419,228,259,67,344,210,536,
177,250,100,44,310,414,462,487,505,119,
119,8,134,186,122,113,544,450,9,241,508,370,372,39,289,120,409,200,239,453,401,396,343,177,
439,268,40,39,
320,198,86,301,441,414,365,479,330,12,
250,106,290,413,151,
83,397,361,410,150,212,224,146,350,35,292,17,401,363,214,456,6,145,
340,490,487,274,186,206,55,346,458,
443,180,414,457,49,224,328,464,33,338,447,480,
51,71,301,40,
263,120,210,200,21,144,374,288,424,
504,401,69,536,
4,220,30,77,242,
536,165,267,179,358,236,520,366,296,483,46,162,75,197,53,203,78,21,330,463,317,291,412,363,340,185,505,237,504,317,197,441,260,
328,530,36,425,109,315,324,305,66,210,146,205,500,34,433,274,412,155,419,123,445,455,43,169,
96,456,528,133,541,488,173,493,37,176,176,362,420,307,153,
262,499,245,419,8,435,330,34,49,549,170,523,242,382,309,207,296,212,300,194,291,372,117,
537,0,404,384,391,382,165,289,78,222,94,528,126,471,536,236,60,107,70,199,509,456,351,161,127,17,79,330,99,370,393,462,282,271,40,205,263,182,374,338,113,244,61,529,228,431,487,368,28,271,362,197,397,185,234,183,
33,274,4,115,383,
237,521,289,70,135,372,21,400,426,113,
462,100,233,40,46,184,142,
371,540,278,114,234,328,267,
226,396,12,67,350,283,48,135,269,368,49,151,
82,523,60,487,
479,445,55,199,1,288,222,430,521,252,430,240,245,481,18,27,12,325,536,208,311,418,256,483,59,320,13,548,178,303,265,283,
22,314,117,142,545,251,511,442,268,24,344,186,511,
12,453,113,303,226,500,431,547,506,42,264,472,464,
12,497,284,113,199,223,9,228,304,281,303,116,530,68,345,330,479,84,387,49,155,100,385,24,340,320,259,253,
24,495,481,0,547,409,40,238,532,283,200,465,166,501,350,405,178,233,288,330,12,508,327,229,439,107,305,237,171,
185,178,223,68,495,422,250,488,290,60,450,465,435,84,382,188,159,519,113,108,366,483,214,350,507,259,228,68,253,456,34,
51,195,508,391,205,232,16,
35,487,223,19,46,44,290,49,397,274,330,277,374,287,228,179,127,83,106,184,445,94,60,7,
445,525,419,362,27,35,190,407,432,479,36,212,98,330,167,415,76,206,303,57,446,268,131,199,126,215,3,399,360,187,17,113,265,374,495,186,
487,117,144,375,466,226,474,357,139,342,415,434,389,288,254,299,125,
49,212,99,266,353,426,139,518,381,267,230,341,293,12,318,226,212,366,63,
223,541,526,35,218,334,69,120,185,134,1,412,547,481,262,207,83,432,12,8,334,305,146,296,311,94,309,423,521,39,
453,178,12,461,295,294,379,488,282,107,273,343,119,136,361,228,370,300,
290,73,281,171,336,250,200,
215,234,22,223,184,115,369,40,270,372,227,61,307,305,200,456,212,194,239,464,123,302,222,508,451,312,340,456,
372,207,120,546,401,30,83,
278,370,371,
171,528,127,36,249,194,335,198,330,350,159,535,259,130,24,
414,8,55,430,434,4,153,182,546,452,81,537,138,191,443,232,547,401,320,389,52,174,19,36,377,0,61,82,442,497,199,58,106,355,398,35,306,491,215,100,
176,23,35,441,249,326,172,300,96,32,288,24,184,462,6,
456,109,96,104,331,334,16,296,224,312,457,194,485,112,211,273,13,220,185,113,215,260,270,
509,487,74,83,234,173,371,113,395,494,491,260,83,385,495,364,274,498,118,83,330,261,519,48,
420,221,95,98,8,282,93,222,509,539,331,215,92,508,210,441,84,477,89,494,389,528,187,454,401,303,6,60,385,82,
59,157,165,205,125,263,443,420,
4,108,534,129,323,330,390,69,46,151,117,
186,300,453,546,339,340,248,510,536,428,183,261,1,285,6,434,42,142,498,521,22,327,476,48,506,178,464,124,307,208,242,291,
266,157,125,497,318,81,
372,471,301,158,238,184,118,288,309,300,213,511,147,11,20,365,384,175,352,395,286,468,487,416,119,305,184,89,150,29,517,397,199,
73,19,142,235,290,486,424,155,39,289,
307,431,215,419,23,330,387,61,250,222,319,88,110,309,450,408,430,496,288,125,
159,466,541,222,194,517,55,162,74,463,431,101,391,171,210,281,203,332,300,437,223,300,259,477,185,270,69,366,409,447,288,548,86,537,529,536,17,178,350,26,140,112,476,327,292,196,184,316,13,
28,125,16,154,343,13,516,304,8,113,210,384,537,
138,423,151,61,144,487,
8,182,105,30,115,229,296,62,129,346,3,176,422,306,420,164,456,451,146,39,299,116,114,507,113,32,518,453,513,301,262,280,263,330,223,366,41,511,28,213,350,44,390,181,342,40,381,467,464,119,72,86,
357,445,411,495,174,
291,487,485,38,536,88,187,540,78,21,118,186,
48,521,182,124,334,531,481,362,316,80,133,527,186,471,509,350,
41,60,184,422,382,362,462,231,139,122,337,378,472,521,6,36,310,197,
365,545,450,106,320,76,37,526,261,335,475,472,
437,350,318,276,547,514,195,308,180,451,25,140,398,135,460,190,286,157,146,159,288,
224,456,60,83,76,94,196,155,463,10,88,141,168,369,445,353,
455,328,17,
474,179,44,64,
290,302,184,25,149,445,201,35,383,284,
157,59,179,81,201,372,207,195,478,200,350,46,
387,200,313,330,38,391,393,495,21,69,20,32,151,362,82,419,133,338,497,486,127,278,547,293,12,314,53,328,100,58,450,263,210,88,439,
99,180,338,200,350,337,49,26,
173,226,
274,233,434,330,541,528,424,506,214,340,215,250,327,68,243,
396,25,219,461,268,457,217,445,424,232,168,36,547,479,112,380,247,267,264,509,318,432,225,354,301,269,373,467,133,162,159,464,280,460,310,240,303,533,486,174,382,224,458,206,123,367,120,196,339,198,278,38,185,173,365,518,114,78,185,479,189,44,141,508,427,456,481,60,362,139,483,119,276,450,419,469,196,384,312,229,109,81,442,398,510,172,256,387,5,94,486,340,146,58,531,268,398,216,403,263,
350,230,362,171,133,437,341,104,408,343,201,26,146,440,432,278,226,261,153,23,120,331,205,241,317,159,509,544,420,382,84,186,226,175,83,466,174,428,523,540,302,463,
123,151,141,215,346,120,280,501,79,
62,268,242,355,292,451,101,204,32,226,515,122,45,84,
511,120,201,196,22,
125,9,28,141,466,350,296,29,212,493,31,40,266,301,433,
524,166,109,89,133,322,499,202,207,26,523,186,244,77,10,248,181,113,199,5,367,536,200,
510,70,459,487,435,342,215,396,548,549,237,331,200,
133,319,353,25,305,509,287,137,434,137,41,282,296,350,320,388,56,26,156,296,407,334,412,387,392,350,521,278,96,23,171,481,234,519,113,229,291,363,435,304,59,
214,379,450,549,451,352,273,212,183,264,314,167,83,20,128,59,207,57,151,312,501,274,150,205,382,63,221,321,370,432,534,
234,340,509,215,237,397,117,412,29,528,302,311,75,306,322,75,169,133,507,507,350,201,536,142,355,384,436,35,537,
200,343,40,222,215,259,429,141,318,83,81,517,397,9,528,235,545,5,321,344,95,118,136,486,157,524,411,532,263,365,535,364,495,12,418,435,302,80,
350,8,109,22,404,113,99,48,
435,327,510,403,133,58,161,200,
179,337,360,467,496,247,233,339,399,157,536,407,37,382,283,287,437,40,440,115,328,303,
535,186,447,171,264,200,
328,371,387,17,288,370,179,67,
234,371,300,386,57,340,520,219,196,
113,348,75,289,390,335,144,44,202,116,367,63,204,211,110,357,451,
471,3,5,162,242,140,9,506,372,305,48,
15,365,120,183,458,24,250,380,519,71,375,44,524,130,259,350,
210,420,263,524,503,6,531,107,239,40,178,267,497,133,333,303,413,169,358,355,270,159,70,165,358,101,365,196,451,96,87,61,158,199,473,328,501,347,505,387,175,174,3,397,220,463,28,433,391,
450,345,119,177,365,249,264,272,109,401,379,463,294,307,86,
422,185,87,487,41,196,305,
106,457,104,250,349,185,331,220,365,67,21,536,169,528,518,4,150,
478,25,157,
156,398,4,286,247,447,152,525,281,147,
498,509,220,186,81,497,
346,233,184,93,303,6,186,529,539,163,502,447,325,454,465,111,233,241,189,430,34,181,343,196,366,496,4,340,
60,41,268,420,502,464,314,285,172,488,520,409,396,533,
317,350,201,326,535,122,354,78,127,
58,431,113,463,
496,179,183,250,464,510,63,19,19,172,210,245,229,
250,253,486,259,187,179,292,313,209,120,138,246,494,53,40,468,496,129,15,307,184,540,90,365,541,463,251,102,191,122,345,372,187,493,163,379,93,439,356,89,330,142,442,24,82,40,228,189,4,302,538,70,417,547,429,
207,148,377,382,356,60,20,324,16,30,531,372,508,522,144,151,200,496,239,107,
374,229,369,397,303,377,365,316,95,418,489,269,23,242,68,330,357,153,255,2,233,255,161,523,70,207,545,63,403,3,16,528,255,263,418,35,195,360,448,
61,210,398,184,151,330,38,366,52,344,440,397,179,199,382,539,223,64,530,215,538,11,500,307,75,366,458,138,
288,222,237,292,98,307,
187,416,366,389,434,153,199,201,128,263,519,511,407,517,402,300,420,448,310,343,107,368,343,295,142,445,382,529,470,155,233,538,122,
441,320,176,26,180,315,142,255,519,193,238,52,362,
114,127,237,183,158,388,434,411,
361,433,457,144,390,436,62,485,388,533,521,233,263,61,
125,166,185,172,99,486,253,305,238,22,352,6,318,343,85,142,183,307,129,
184,118,212,481,274,15,349,54,428,199,254,401,293,526,171,228,309,419,157,372,383,153,
299,150,487,
153,412,71,75,523,59,503,16,65,106,123,423,79,484,11,254,352,106,473,528,32,274,374,442,23,87,359,7,165,467,76,374,183,96,488,252,187,245,105,415,223,424,350,383,100,65,472,526,78,41,487,228,144,188,0,184,162,26,86,236,353,150,
372,237,382,526,7,250,142,463,305,349,285,157,109,349,530,445,186,278,122,46,287,430,509,
487,419,473,183,366,340,431,300,111,381,222,12,249,411,82,455,259,191,
383,305,153,528,301,287,18,495,506,380,200,228,
399,314,179,377,540,274,113,130,470,248,
157,79,130,109,266,437,340,
434,112,538,150,412,17,274,245,18,479,472,60,197,340,142,296,528,140,186,47,307,52,
386,228,234,
424,350,382,17,104,274,483,73,311,263,
301,342,75,51,40,460,372,29,263,383,8,95,206,242,420,404,267,199,233,320,250,
508,51,215,55,164,
199,278,56,540,521,422,60,411,151,472,103,314,143,318,328,479,454,350,305,187,326,502,139,271,199,430,63,106,466,67,226,212,182,417,324,289,255,537,523,414,515,500,1,438,22,411,445,376,215,301,21,78,395,490,417,220,481,487,549,383,409,343,106,21,233,356,473,120,100,524,521,233,267,322,86,510,372,408,451,
338,443,25,537,99,48,220,365,320,
149,310,25,23,467,194,290,549,219,467,
179,268,268,228,107,122,300,548,315,326,415,5,467,512,37,390,490,
118,262,70,200,184,291,59,396,119,479,349,380,200,469,364,398,67,397,473,60,261,137,302,379,54,440,497,467,46,154,86,
475,186,364,267,365,415,499,3,346,230,21,193,60,115,191,272,
12,31,316,424,181,373,524,241,467,111,372,71,377,487,250,367,283,44,
431,58,544,214,186,500,159,222,112,388,457,142,59,306,215,479,216,307,55,258,413,423,487,429,12,401,418,183,530,429,332,263,481,119,342,376,81,186,85,348,197,145,
467,12,167,382,179,406,434,191,117,191,17,501,397,179,118,86,25,78,531,104,120,72,149,284,
146,31,120,170,427,522,52,88,191,384,
109,120,197,531,355,317,350,474,157,372,382,184,
444,215,343,
302,233,21,411,350,44,288,245,338,
355,414,109,80,183,443,452,3,
409,397,134,271,209,461,81,258,149,254,390,284,486,341,242,529,227,177,224,354,267,134,413,121,384,233,520,199,119,410,414,24,441,60,
183,107,416,256,290,494,457,109,228,200,288,132,207,88,153,405,69,225,0,127,164,487,382,184,430,179,413,44,453,13,50,129,39,254,481,488,63,503,335,314,180,398,401,306,346,182,360,337,186,401,486,125,537,
40,464,81,309,384,329,69,537,252,143,385,544,530,428,265,443,78,52,184,383,
245,496,302,77,220,120,
23,407,25,420,30,374,22,167,133,17,394,405,402,257,133,174,414,149,56,485,475,457,465,67,418,84,526,530,122,
139,314,435,
452,372,182,464,30,
228,12,296,341,168,183,40,335,196,185,458,86,360,74,416,268,269,49,39,463,530,90,184,329,115,249,537,203,393,420,453,386,22,269,
197,247,487,537,403,20,
60,130,526,519,136,224,434,150,309,438,82,141,17,35,
311,382,479,473,372,519,461,228,424,83,
305,125,341,77,64,383,342,372,223,24,39,60,544,506,487,69,422,
274,484,348,253,388,372,17,333,35,328,148,70,509,419,1,247,311,22,450,428,
287,10,283,383,268,385,288,65,
69,529,305,126,
200,228,385,138,529,510,191,24,207,302,81,160,353,13,158,411,91,185,119,99,412,481,530,506,383,
9,471,318,200,44,547,206,463,
79,288,205,385,190,532,205,321,157,238,123,
150,60,83,214,372,481,115,299,415,162,261,
545,123,365,218,122,200,288,476,317,
509,494,420,316,
238,334,441,24,358,
63,466,76,288,127,
526,258,366,184,60,437,189,486,526,23,470,230,494,289,372,
44,450,330,8,9,177,397,275,428,463,15,12,302,474,521,174,43,30,117,
215,99,431,157,73,52,395,254,360,192,414,210,182,75,413,510,8,234,45,445,17,77,81,16,38,274,460,77,390,444,437,117,487,
127,438,390,456,387,142,528,60,387,537,271,305,183,208,225,239,429,171,
300,40,263,504,481,38,27,127,511,16,219,222,135,444,499,187,159,338,529,220,296,195,186,497,513,115,318,495,487,300,313,255,506,207,176,22,215,234,317,167,237,451,382,453,194,351,
178,21,479,40,348,186,
317,268,300,536,314,545,
428,4,40,186,192,276,445,127,83,500,274,366,
296,8,184,115,133,300,239,461,532,511,100,215,534,428,32,176,390,356,499,510,535,13,86,355,257,48,283,443,277,155,505,433,58,367,202,348,213,125,198,252,547,491,
382,366,136,307,41,290,179,122,338,217,220,237,22,192,342,516,67,157,535,438,384,376,507,127,453,464,86,389,349,241,537,12,52,91,278,397,330,322,357,459,183,185,228,151,429,304,284,57,63,422,263,223,61,396,215,226,521,396,170,83,507,214,531,219,292,214,70,349,385,372,179,33,291,171,4,353,422,350,41,193,404,394,262,268,184,521,179,467,387,284,311,300,437,228,
115,541,33,281,457,215,484,377,317,300,516,228,120,475,435,94,384,
13,456,334,159,201,
21,547,149,237,428,475,199,106,124,303,390,291,
74,464,525,439,454,169,532,303,119,431,178,267,242,33,358,291,182,31,144,448,2,134,321,257,107,159,547,304,268,546,68,228,264,211,527,509,464,305,
186,38,341,303,44,327,491,431,194,475,538,296,311,172,268,233,359,382,22,
30,19,372,4,
117,94,165,1,487,220,246,451,141,32,122,260,162,29,462,22,165,413,535,371,322,4,215,44,
391,51,292,210,537,147,269,
340,510,247,466,139,223,4,106,433,245,513,434,231,136,186,76,396,215,228,501,157,
346,268,194,365,123,334,385,536,30,211,229,144,
528,245,420,339,537,489,412,498,344,383,96,78,341,171,540,450,404,241,40,69,82,
201,320,423,216,288,157,466,123,290,168,434,139,
456,193,225,215,226,349,476,199,75,46,127,162,229,362,318,5,439,314,161,241,85,498,199,289,311,318,196,130,445,493,370,247,83,396,
63,415,113,162,82,214,496,267,360,375,174,49,
481,457,186,327,531,184,385,150,50,350,83,184,
22,125,215,75,233,76,142,350,316,220,228,186,
106,199,305,428,113,304,327,180,437,318,410,414,129,41,68,402,27,340,433,362,413,73,319,203,268,467,
113,303,336,461,3,175,115,27,269,317,333,399,144,50,310,106,120,0,18,519,179,386,337,469,208,87,524,31,446,8,115,545,408,192,58,496,133,120,235,469,198,24,132,78,349,399,11,322,385,320,304,297,399,48,12,28,159,8,60,25,491,533,314,528,185,318,259,445,446,439,181,1,55,370,119,524,133,260,120,302,136,181,151,515,547,58,442,169,537,55,456,396,237,497,350,237,
3,210,207,445,113,267,26,44,475,122,83,177,
348,221,233,212,47,334,274,197,423,120,59,521,
350,78,239,423,205,164,184,208,105,234,517,32,397,133,529,290,25,24,548,471,199,205,15,78,30,209,224,477,26,52,100,1,414,300,364,125,424,139,487,404,310,157,481,314,
491,332,509,186,237,495,96,369,386,451,456,115,81,23,448,
529,409,67,304,353,242,388,274,487,164,159,295,55,93,131,69,389,346,537,385,472,293,166,358,275,392,
185,200,220,536,396,537,
446,495,53,113,450,538,519,457,167,420,192,289,166,480,161,460,89,288,52,
40,189,327,403,417,454,384,395,424,256,437,537,338,463,1,454,146,188,247,286,92,383,523,419,445,313,245,384,220,397,303,65,406,247,435,360,455,222,487,324,300,443,34,441,383,530,212,484,179,69,533,306,174,487,512,75,117,462,47,294,320,521,508,294,228,250,24,439,82,533,259,222,200,537,123,163,266,215,397,527,472,496,515,528,480,352,1,461,267,377,542,178,125,301,51,270,375,
77,341,215,245,4,432,
385,112,305,46,70,388,535,329,488,266,437,485,72,509,113,52,266,510,370,473,190,20,175,506,107,159,210,313,509,122,473,67,116,98,200,533,347,438,313,491,274,259,455,45,126,244,533,420,529,40,382,60,309,77,549,31,145,326,107,287,
344,420,463,485,358,194,521,22,288,175,69,
349,208,85,355,207,372,113,163,
32,176,382,418,95,206,238,
461,409,116,96,453,45,493,
52,414,308,253,154,147,57,23,229,210,156,350,380,9,1,103,361,511,106,180,537,382,441,513,523,434,
183,496,302,249,194,288,15,143,370,282,469,478,517,114,355,220,412,
486,250,1,481,98,13,405,506,396,355,59,200,
397,382,86,102,348,0,286,347,297,97,119,402,61,313,234,44,341,374,214,30,83,184,474,350,40,222,501,237,473,131,187,338,537,372,141,
286,156,113,267,241,438,487,112,152,471,258,320,
263,456,78,483,273,119,527,338,73,396,58,205,382,79,494,56,371,408,243,492,180,375,73,371,434,16,85,275,131,36,12,466,207,383,389,79,465,278,122,111,209,386,19,77,453,82,402,501,510,90,214,420,492,78,26,412,432,535,546,303,338,451,8,184,98,431,356,387,286,221,162,361,222,
30,267,33,178,350,82,184,120,403,445,536,38,349,487,23,309,115,451,24,154,506,263,308,307,431,397,493,207,106,336,477,8,468,417,90,452,44,375,
235,146,127,200,444,228,232,120,256,330,485,
302,180,345,290,511,276,195,200,484,547,267,505,314,489,142,146,200,64,215,142,
165,117,
288,183,393,1,5,373,385,231,315,321,183,372,143,116,21,430,159,98,282,4,24,63,201,328,19,0,545,391,302,462,287,307,437,
179,33,197,19,399,64,214,341,201,474,57,186,269,438,
303,400,374,438,300,539,503,258,385,137,3,513,263,312,162,462,178,341,139,291,210,288,40,235,367,7,274,492,319,23,264,21,89,109,12,
39,326,119,517,305,277,263,109,345,223,439,73,64,269,
423,350,11,519,384,201,498,410,318,503,437,436,460,131,382,536,36,201,186,302,124,537,83,492,223,
69,129,40,71,120,136,401,469,463,135,504,242,159,
214,4,546,431,330,96,397,358,367,141,92,382,42,290,101,91,382,383,123,334,
456,221,472,491,215,
363,162,364,83,26,410,
67,171,340,82,226,529,345,392,463,6,199,162,275,485,118,328,349,385,528,105,363,220,276,174,95,23,
127,35,317,300,428,195,223,264,407,487,143,
316,22,48,19,255,292,
376,431,314,109,364,2,297,343,286,
94,53,224,223,396,60,412,307,260,369,35,
219,123,289,464,
190,79,341,109,495,486,320,488,541,352,83,
136,69,200,453,487,338,445,283,
384,104,400,40,537,136,423,75,278,86,206,524,396,146,347,426,159,512,115,409,314,151,40,106,533,
139,68,49,396,340,15,110,359,99,488,78,125,355,81,122,201,529,350,
19,73,179,35,203,366,342,175,355,359,40,288,222,316,30,46,
494,327,326,526,481,123,509,490,543,382,
99,283,125,537,255,330,521,194,323,13,180,26,71,
127,162,235,117,258,533,28,376,109,114,409,495,325,328,483,328,
376,199,127,333,485,32,180,
80,48,355,532,480,200,
123,328,70,40,71,109,241,545,219,545,201,197,201,309,
250,103,547,247,7,151,
463,224,149,372,160,232,69,9,58,38,350,535,
241,528,123,210,314,
228,186,89,305,528,
309,306,184,134,253,263,494,92,76,111,362,219,372,254,397,337,314,499,276,87,184,94,184,480,89,385,40,146,190,254,262,123,
318,129,40,328,151,521,432,47,547,167,27,332,172,70,532,156,512,189,135,9,199,92,300,200,456,358,378,281,424,266,0,414,103,
261,343,175,118,150,129,463,443,346,363,466,3,92,226,0,275,367,
420,301,416,521,220,509,350,513,23,336,344,
547,22,161,355,541,334,337,21,447,74,373,467,279,58,195,528,176,250,9,12,396,445,113,102,449,129,24,160,75,451,302,151,46,44,352,
82,420,63,104,267,68,327,502,242,528,451,
460,21,201,530,30,221,461,158,265,286,484,446,
327,154,186,377,173,512,421,481,531,494,227,142,120,274,257,186,344,374,547,
366,417,187,260,181,8,481,29,144,61,165,165,216,438,186,19,278,437,46,415,457,4,130,201,182,45,487,
7,222,316,35,372,250,
362,429,456,537,309,188,
82,30,525,250,59,94,40,152,261,528,206,313,450,510,140,166,
300,527,541,289,339,87,133,214,55,371,308,184,253,220,520,188,189,318,389,25,82,186,173,251,377,498,271,220,47,217,72,98,59,184,465,213,130,338,480,487,303,448,262,42,
401,481,330,183,29,431,520,358,0,438,372,415,450,119,200,514,435,0,184,504,
485,70,258,67,453,150,528,17,180,57,488,436,521,456,291,305,344,326,526,69,376,330,146,
270,481,239,40,456,
423,237,138,
76,63,340,
103,250,314,318,
182,183,452,537,
95,458,32,200,
44,314,307,144,
169,328,123,
208,479,186,
29,0,122,372,
480,80,
3,374,471,355,
163,349,307,447,
264,12,127,535,
509,237,411,372,
434,114,201,267,
445,428,224,40,
125,457,487,
462,288,177,176,
205,59,51,
517,239,39,267,64,
476,457,186,545,
501,123,263,340,
201,228,460,13,179,
284,382,497,467,290,
206,32,237,100,301,
362,106,96,48,441,
448,491,353,
398,156,118,396,
490,179,494,
351,474,450,300,
370,453,456,
