539,141,92,335,323,251,293,461,53,
265,401,159,110,204,216,532,406,
23,36,310,170,
481,167,315,
328,186,60,70,333,374,497,73,283,401,
192,427,145,115,454,159,454,219,
278,252,101,266,222,413,32,409,511,255,7,183,316,201,143,498,325,437,534,464,388,
316,252,302,339,8,120,104,529,232,262,227,395,301,511,463,357,6,181,246,183,541,346,532,
30,310,263,525,
345,508,164,308,354,98,130,193,45,64,110,365,82,409,6,364,
485,29,499,
275,66,70,221,487,346,405,500,200,280,111,210,
332,402,390,201,437,500,188,541,
130,31,323,435,0,263,345,505,487,174,266,379,401,252,492,303,76,193,99,429,
36,124,318,13,310,23,430,
456,485,99,161,155,158,384,200,
397,413,343,174,461,364,314,213,347,429,127,256,312,156,491,523,221,
487,275,437,304,
117,433,543,375,208,512,443,104,384,861,99,437,244,196,493,48,238,492,127,487,14,315,310,541,199,322,390,432,525,205,424,355,406,170,
195,503,425,402,39,82,173,548,365,443,216,127,464,400,157,190,241,196,
253,92,393,482,455,192,492,204,
66,370,141,139,
530,402,102,293,379,537,181,308,74,193,360,374,273,80,112,253,
409,284,330,208,255,497,525,5,148,278,210,412,9,511,538,345,176,88,145,397,545,380,204,
181,497,316,99,63,471,258,71,275,563,104,
112,447,235,75,265,358,437,363,400,402,184,
144,278,401,485,
310,99,124,529,117,30,42,495,422,145,338,394,464,
13,216,21,127,354,232,453,313,188,479,498,95,162,201,210,
374,530,529,99,13,377,266,328,189,
537,273,205,28,312,451,53,284,45,139,522,304,431,110,530,341,47,73,289,391,526,92,120,418,498,98,408,
238,117,280,216,118,217,47,287,396,
393,80,418,219,93,253,520,364,518,132,543,
400,445,424,40,72,117,48,208,310,475,70,484,112,
127,39,505,140,134,178,133,469,195,237,
470,410,132,253,532,31,523,63,
120,430,499,0,167,179,311,376,314,325,444,403,
179,485,120,86,148,
352,59,511,507,347,219,4,
447,112,364,11,28,70,347,399,351,258,523,
162,997,327,70,519,112,132,519,529,532,499,455,522,954,1,484,487,161,240,365,100,283,202,408,13,99,13,95,508,167,
208,409,99,135,188,216,138,563,
484,427,162,118,365,404,372,278,508,37,76,400,
534,298,152,229,2,167,291,34,408,492,507,291,325,
205,505,538,280,367,418,117,109,324,2,433,456,310,537,543,221,479,39,266,28,410,242,58,139,
316,62,401,362,450,541,75,278,453,360,407,501,
359,92,214,134,255,124,336,341,
6,523,29,390,114,495,183,222,
78,28,405,375,231,58,236,336,409,221,
67,396,473,
333,395,11,161,535,240,328,542,77,
563,414,290,211,81,328,216,181,510,128,45,498,139,208,
479,219,
312,537,32,329,63,387,109,195,
406,139,881,187,402,468,169,209,265,
424,702,45,54,62,192,174,190,122,49,178,201,302,310,400,510,519,324,526,36,300,293,348,449,103,99,338,117,
234,502,282,
222,144,90,114,
62,424,193,318,505,210,246,316,364,20,65,242,210,357,445,485,89,72,287,472,219,285,
476,99,519,280,545,235,182,239,457,371,528,326,193,538,
192,424,538,543,189,116,482,131,314,421,32,487,12,253,232,67,523,522,95,
485,181,92,18,85,179,456,129,3,186,400,144,
32,519,538,127,132,518,110,486,191,12,211,312,410,503,59,383,386,355,30,278,192,357,375,395,237,339,63,511,464,271,
437,30,401,505,436,305,332,278,451,4,485,196,
469,447,256,418,278,380,466,396,123,383,347,
262,443,181,92,274,505,511,
4,401,468,158,70,437,412,147,352,255,124,
229,293,534,0,73,
70,162,538,99,159,497,339,285,536,523,183,127,401,275,534,328,246,27,80,518,497,307,454,146,4,
10,300,245,184,341,418,488,502,
359,66,387,
181,64,158,139,395,485,146,152,136,442,433,262,328,168,310,538,
269,293,306,367,
443,517,195,64,117,404,75,246,176,47,262,459,225,255,
138,95,7,367,517,440,135,63,
306,180,269,272,345,
227,166,316,212,323,220,423,538,367,538,424,538,479,
287,62,410,39,280,246,391,221,
541,292,325,422,185,210,387,432,354,482,74,396,332,480,
49,424,390,500,118,351,346,453,346,421,450,541,
268,258,59,139,118,
278,881,144,525,469,346,390,153,
293,424,422,90,128,365,531,408,269,444,
424,91,418,510,13,396,
187,364,152,406,75,20,220,538,
236,28,78,224,482,401,385,144,
525,127,307,409,278,495,350,81,33,352,139,468,117,284,110,30,
390,277,447,49,402,159,544,168,354,361,199,119,117,393,278,
50,99,175,485,464,187,517,
112,162,881,252,485,101,159,118,406,530,374,466,
28,537,447,78,285,349,14,477,8,227,236,538,16,89,402,
186,538,192,328,314,28,384,460,
437,362,36,370,487,419,117,523,299,106,145,
450,346,362,
102,530,495,309,96,201,92,291,112,2,258,300,495,
390,335,505,270,45,133,163,263,332,500,6,329,55,401,441,423,159,441,435,47,204,369,512,80,144,457,252,145,410,
500,92,390,529,539,429,138,216,120,199,347,169,
477,212,323,218,235,28,6,379,4,438,
488,10,403,487,
195,75,81,519,170,312,197,288,313,451,
120,316,44,222,23,272,
370,437,325,137,4,66,355,
188,208,285,355,332,
170,106,127,195,23,193,500,453,117,
360,530,158,193,218,532,538,
255,55,100,135,399,42,443,133,476,195,390,
118,112,530,268,94,425,245,288,
293,336,530,209,534,229,539,152,110,438,
341,369,537,77,405,359,364,
418,141,205,115,469,144,537,485,297,138,111,290,74,485,424,176,469,63,
53,94,537,134,136,67,107,183,427,440,539,
34,156,427,132,478,31,
354,341,379,
101,278,395,6,124,86,63,253,201,
532,162,667,362,159,183,375,422,500,507,117,203,88,60,127,534,12,360,336,265,253,
180,206,59,512,419,525,487,255,395,
112,298,530,511,348,113,139,168,102,396,
541,217,479,56,206,282,219,3,296,453,193,
523,298,70,106,118,328,6,223,180,357,437,412,506,310,397,447,191,260,326,
504,94,510,80,307,
152,94,667,419,486,530,403,66,90,284,214,461,534,212,181,187,99,134,354,293,304,124,328,453,
45,479,390,477,302,134,563,500,150,184,256,
82,195,532,487,118,156,120,167,345,186,292,
161,258,36,97,154,303,307,468,408,491,456,212,
67,364,53,402,522,401,
529,519,252,210,402,174,119,333,522,256,129,389,500,
63,357,384,543,181,1,138,532,538,220,246,255,255,
158,360,303,
331,176,
139,37,112,
118,238,82,667,114,165,
72,400,50,182,364,517,287,
226,459,522,401,
90,487,
402,99,57,22,127,375,347,390,231,530,575,195,555,61,59,367,296,318,954,406,332,74,403,210,442,67,526,112,529,
74,464,156,365,232,541,
454,497,192,
263,130,500,
390,351,512,30,394,197,84,318,441,103,80,5,58,218,160,218,431,239,255,480,
196,117,304,538,437,195,138,
284,469,89,203,376,519,79,129,156,365,219,506,380,
401,6,363,74,316,318,449,144,490,92,70,265,437,4,
12,180,532,100,538,401,
527,252,341,542,445,333,401,
364,393,447,80,126,341,
311,479,197,117,94,173,354,355,482,524,132,393,
95,203,493,273,6,223,80,192,
261,403,0,99,446,246,389,
75,203,538,6,543,120,130,195,6,346,487,529,58,
499,37,512,27,375,221,187,114,485,423,455,536,2,275,396,215,365,
6,95,285,538,127,75,385,401,345,
231,78,186,99,442,117,402,
364,357,482,67,72,345,218,
189,302,192,288,374,453,
418,10,
14,120,8,159,117,237,500,
479,466,45,467,270,311,541,205,197,91,110,294,369,453,35,355,
508,338,88,505,345,85,175,480,487,480,412,154,162,461,
302,316,104,154,189,549,92,177,538,303,472,489,
255,543,278,323,123,359,422,133,124,270,450,63,104,4,
59,460,22,402,80,268,161,32,148,156,180,337,373,105,162,375,352,489,
66,375,500,
541,239,335,235,316,316,490,117,351,49,
325,120,110,335,278,534,91,
158,502,181,363,119,456,270,
512,487,180,221,139,243,390,255,474,106,499,390,117,262,41,203,450,340,538,508,482,225,187,
534,293,206,532,401,70,442,214,109,278,
537,1,530,116,216,434,146,330,474,
375,532,472,117,198,421,480,530,59,437,32,78,499,362,66,282,85,482,402,
216,195,563,121,298,301,238,238,42,102,167,248,493,536,538,148,458,
141,365,219,493,253,325,66,167,7,
167,120,127,245,529,82,136,191,399,481,118,534,141,
480,508,137,29,217,367,16,371,541,390,
91,479,424,310,197,325,
94,53,118,223,134,407,18,203,357,504,255,367,500,271,
175,508,252,17,469,548,
517,156,30,138,360,148,72,393,422,50,443,92,
538,536,116,512,438,433,543,127,310,196,279,186,419,413,110,102,181,396,227,
84,15,543,270,
204,390,265,175,253,399,402,41,409,291,
253,470,141,384,174,310,203,101,547,
282,482,30,355,396,118,493,
7,427,278,532,268,487,263,141,
102,216,193,538,
292,301,365,541,92,212,476,81,532,412,124,347,280,
362,316,450,532,375,
180,512,12,306,40,325,503,107,256,121,305,
511,262,316,278,538,279,250,23,387,8,112,352,411,320,422,409,32,529,
291,468,534,102,
538,242,323,187,524,302,24,236,233,28,6,409,176,227,63,476,434,304,88,
519,424,162,165,324,508,195,476,529,100,90,351,32,75,400,
377,273,468,412,191,
220,256,63,339,406,
402,
482,192,290,364,474,375,147,236,158,174,117,541,497,447,
151,298,529,330,395,311,410,42,225,297,407,301,
300,138,289,339,364,507,536,214,10,
176,430,318,443,330,53,315,468,512,518,95,418,5,538,331,409,414,
263,390,1,30,219,205,7,79,58,
536,110,300,155,70,391,435,124,447,499,216,133,132,
394,99,103,390,22,493,100,361,499,25,52,379,409,386,310,
457,476,497,390,305,369,338,
510,424,197,339,530,303,304,53,83,206,504,395,
252,212,538,278,316,456,405,283,188,404,330,708,129,432,487,490,112,99,721,76,189,168,173,129,480,326,72,73,175,529,514,442,203,110,298,
447,526,419,374,469,482,357,390,235,387,386,142,536,487,
58,324,78,205,318,390,263,75,
310,424,19,138,118,22,549,36,23,84,523,531,
36,367,437,75,435,324,165,
216,7,41,624,13,54,103,195,273,335,267,252,252,153,698,227,860,17,88,240,
450,512,316,449,478,339,401,403,377,255,81,49,
500,532,530,49,94,72,80,527,163,332,464,45,53,170,66,16,396,263,14,186,14,
415,221,
201,424,99,112,278,246,349,453,541,101,
219,266,263,464,67,100,215,221,
301,429,288,396,151,
482,99,253,282,512,
133,255,531,536,431,
285,138,396,
400,138,303,195,
245,430,10,253,393,167,303,169,85,
346,532,275,83,175,450,95,
335,216,538,535,219,303,390,8,210,442,463,502,541,539,227,325,258,482,136,468,191,479,268,487,410,
543,427,384,41,449,100,204,129,198,468,127,
464,195,120,160,41,282,421,32,219,487,278,492,
158,36,4,482,
543,367,205,117,285,538,255,362,446,505,63,127,451,478,453,75,192,349,393,84,463,
95,258,176,151,127,7,93,284,485,544,
99,252,70,367,50,23,201,181,482,374,424,79,231,338,224,258,507,130,114,380,173,
266,323,278,127,548,395,219,205,393,176,39,29,210,130,463,374,179,438,
468,159,442,507,334,485,377,537,335,4,182,291,406,161,256,505,543,99,311,487,258,
280,205,238,380,244,239,303,81,522,148,334,421,466,477,80,543,304,292,95,
221,139,57,212,422,80,178,182,341,235,275,271,153,235,423,368,
282,541,234,
258,408,492,161,221,84,256,335,22,181,502,95,486,268,193,103,468,447,
324,519,205,1,58,36,
304,196,537,469,361,510,85,152,127,487,329,118,538,135,280,
410,32,109,50,396,287,302,164,37,134,205,335,239,493,498,390,
401,280,534,130,226,124,360,142,530,236,137,514,354,390,22,60,118,67,12,93,
187,347,499,139,50,
280,476,275,
239,530,318,127,66,120,390,
103,216,258,263,304,424,403,341,318,394,455,368,267,117,507,256,424,390,75,
1,324,162,63,
502,335,323,234,66,487,423,
163,421,155,507,42,407,111,174,380,444,
174,397,99,482,130,
384,298,318,253,63,105,117,543,256,443,114,89,506,186,456,376,485,253,
95,138,414,5,13,548,162,346,
144,123,222,64,167,308,236,367,
364,300,62,387,328,302,187,397,127,355,153,
193,530,360,102,113,313,465,260,92,541,
469,284,304,219,27,469,474,418,139,127,
30,239,505,437,484,282,450,517,232,32,260,508,514,
422,255,511,
507,530,352,445,
110,479,32,537,265,325,252,271,549,525,239,
429,397,395,149,301,470,508,130,285,
347,397,254,339,480,187,216,39,500,292,352,497,469,297,
90,152,298,309,437,383,16,222,519,
127,266,538,397,532,203,208,453,210,502,543,6,538,132,239,279,498,212,497,
221,258,512,88,548,399,499,440,415,480,205,505,12,287,78,
219,393,335,503,479,62,469,117,192,396,541,240,165,485,50,
120,505,14,349,17,144,537,37,387,143,449,185,500,239,232,
493,442,212,143,282,
193,452,130,5,
430,120,245,176,357,497,251,99,155,206,341,153,446,258,238,148,179,489,479,
323,477,157,124,266,538,435,245,210,513,130,502,59,539,227,395,255,282,477,196,218,
148,409,538,305,27,468,517,151,549,310,
143,99,527,120,89,257,155,278,291,493,
453,189,127,479,49,252,543,316,29,201,349,176,193,541,55,170,
66,127,152,147,359,502,239,
156,721,74,358,154,517,34,39,527,348,179,264,397,195,
422,221,532,127,430,486,367,500,541,293,314,310,517,487,85,
379,530,354,367,395,281,477,130,
92,305,118,253,485,500,159,193,3,49,237,539,359,392,102,302,401,537,16,292,313,262,517,
487,127,442,99,130,90,253,202,178,442,458,
408,161,534,293,
200,275,341,456,
253,384,245,530,219,164,361,
39,195,273,205,127,266,362,403,35,333,517,
55,255,309,487,390,367,313,311,313,332,453,
139,916,252,816,347,205,187,537,212,367,406,307,507,303,375,525,268,512,205,281,563,221,469,66,19,272,348,299,
80,294,504,256,308,390,95,280,
193,476,345,170,453,258,99,
336,78,359,
461,397,538,144,3,539,168,265,271,437,508,473,
419,152,493,270,538,230,180,487,
191,335,377,523,167,117,
396,410,67,282,219,173,268,301,500,457,112,499,367,541,424,538,238,
104,529,302,117,46,201,277,283,181,
138,443,300,89,124,180,271,208,285,322,358,307,196,
357,430,63,316,202,386,364,345,523,120,
106,523,512,256,98,170,37,302,379,392,53,59,437,
252,216,427,225,527,89,486,139,260,341,
188,13,
667,865,487,152,214,487,532,347,118,178,378,130,
532,154,315,526,82,316,7,141,393,470,63,346,360,132,
124,310,323,358,464,536,292,152,255,387,4,
393,245,151,93,85,493,311,
173,195,164,472,487,502,392,396,99,
332,273,119,339,366,137,356,70,263,55,
74,530,401,29,418,
273,216,492,142,155,452,250,332,385,537,881,289,322,342,377,285,134,27,473,39,
127,402,32,13,543,167,350,525,458,136,25,66,125,199,487,498,364,170,487,
117,103,455,213,231,530,144,117,219,490,525,159,541,479,191,
395,178,333,174,15,429,307,140,323,101,510,
167,85,144,123,253,21,283,162,360,389,429,
63,339,314,468,32,101,470,418,
29,24,74,289,482,413,6,115,167,485,
210,62,335,409,216,529,538,127,266,90,541,275,13,
42,216,310,151,76,
468,176,63,148,525,449,
487,502,512,117,127,192,667,125,377,335,311,227,468,422,419,
351,49,421,390,
7,216,476,
239,30,531,476,280,367,469,30,487,541,348,538,410,393,110,
505,61,538,205,314,30,468,30,130,390,118,507,442,721,175,62,508,511,421,188,132,21,127,60,159,174,120,437,371,387,443,221,313,326,
354,9,541,490,345,5,497,330,210,13,401,285,
367,205,402,543,269,257,55,99,36,267,379,139,503,356,138,239,51,396,144,36,227,
96,136,56,387,
507,532,505,463,0,163,53,468,103,83,529,139,300,167,534,
522,162,537,134,226,530,145,215,137,67,192,365,
369,341,457,
136,421,305,96,245,118,167,62,127,181,53,326,
497,403,430,184,181,393,394,454,328,335,350,70,482,
232,316,246,30,192,21,13,74,120,
36,424,367,158,161,62,24,166,248,
338,508,457,4,99,186,
218,323,477,390,4,93,364,
315,176,117,481,
341,527,103,
355,32,365,188,370,117,539,119,
75,443,76,519,159,36,346,397,103,
395,181,316,421,412,379,32,266,370,151,485,89,180,126,
12,32,207,469,221,192,270,223,517,271,319,
543,529,280,
284,152,204,196,533,460,477,
318,401,103,138,300,288,36,176,239,128,390,384,394,384,58,329,62,
99,402,133,468,361,484,394,476,257,456,174,143,538,449,310,117,152,487,208,193,
487,230,667,162,508,85,173,82,280,365,171,7,488,447,539,457,464,75,
303,400,225,158,145,515,139,159,245,280,302,62,361,130,
298,112,333,151,243,384,523,534,214,223,221,90,
227,132,403,387,
387,364,295,511,120,155,359,134,403,96,124,
85,396,487,487,375,526,529,167,245,393,422,
403,103,157,402,39,261,421,176,227,128,488,497,120,
203,253,532,512,75,127,395,267,71,237,307,252,95,230,
132,32,162,505,198,538,464,279,470,528,120,223,393,227,168,127,
138,318,310,861,75,96,196,134,384,522,338,400,473,
493,236,394,419,117,135,216,141,393,
212,221,252,125,451,152,227,109,477,292,325,421,493,139,127,
419,447,437,31,126,454,1,393,
4,338,477,218,
529,162,310,186,216,104,267,151,407,463,543,374,75,
365,151,195,345,355,74,141,407,162,499,522,
81,280,563,33,525,292,344,450,
442,335,271,549,473,487,523,181,119,468,534,252,493,394,
464,502,74,124,407,445,100,140,465,288,502,132,50,310,
294,291,479,273,80,208,343,366,533,478,354,440,485,151,544,
485,112,468,490,50,367,470,384,62,437,
396,469,285,335,85,405,134,408,471,424,
463,529,335,316,507,362,266,543,
341,221,430,354,200,541,246,196,261,341,526,
508,495,
165,519,168,224,118,219,
538,32,505,109,192,205,252,335,70,457,285,608,207,21,8,461,672,280,62,132,75,99,148,446,210,197,127,475,530,12,239,216,43,360,
159,532,70,265,468,92,390,138,75,303,270,362,14,46,225,
256,45,291,131,429,220,473,305,330,299,63,354,141,468,
427,721,173,240,252,446,543,34,192,484,196,421,7,193,48,
22,59,401,
100,162,394,302,543,134,235,419,
270,479,390,158,12,436,183,94,351,370,159,
502,220,161,114,461,464,43,158,372,281,127,258,25,
285,70,543,538,6,188,526,354,429,
118,123,92,505,523,496,282,499,304,3,401,
288,301,318,464,25,118,189,
530,152,118,375,500,55,537,112,264,275,510,117,507,522,239,270,409,538,160,401,
114,502,409,99,176,13,384,222,499,
145,303,522,310,
246,24,62,361,133,443,63,393,423,287,6,
134,53,29,117,433,273,493,45,396,138,100,
267,84,529,103,196,203,210,441,367,57,
210,323,354,
184,497,
155,430,536,387,143,456,
299,437,256,139,
387,505,447,312,498,227,541,
399,204,167,
325,141,541,
141,532,256,
259,
167,29,216,507,
495,6,102,310,
442,487,231,
311,55,151,487,468,
374,112,
151,294,95,148,393,
338,138,424,310,
287,
455,253,162,103,
492,253,534,
24,36,29,
114,118,6,
6,75,101,246,
305,180,457,92,
60,532,328,401,
271,442,461,221,
0,229,120,
175,50,346,
124,401,36,
401,328,
310,253,181,148,
385,236,6,
218,390,360,
115,192,
257,143,367,
219,253,141,352,
14,28,500,
260,193,30,523,
449,401,468,
539,355,
431,390,133,
186,82,231,500,
414,176,
225,151,159,
473,461,138,67,
514,30,401,
198,543,132,
93,95,393,218,401,
493,410,95,
451,195,437,537,
221,219,397,
465,193,
196,341,323,
434,538,537,
287,238,72,
258,430,
477,284,323,280,
21,167,232,
326,136,476,523,505,
113,112,193,
47,443,238,
474,537,
145,409,437,
246,232,261,
120,82,357,
137,401,480,
89,284,28,
538,227,511,
1,537,263,
