518,293,197,237,31,19,112,258,505,
228,102,296,169,168,183,139,335,196,185,458,86,89,360,74,416,284,269,49,39,530,90,184,329,249,537,203,393,420,217,93,158,269,247,445,234,514,419,420,509,364,498,276,31,127,83,221,89,158,437,524,218,316,186,226,442,213,125,89,174,335,
280,281,0,495,387,249,77,
139,82,54,419,12,333,175,64,258,517,228,91,293,24,67,394,184,227,276,88,493,162,74,287,443,
67,14,157,301,78,193,177,330,547,
131,261,25,2,221,454,246,107,448,47,
264,102,109,237,304,279,355,177,456,384,26,480,522,169,238,366,135,203,201,
410,498,86,505,289,205,450,271,88,150,461,441,179,199,433,497,317,15,61,269,521,31,89,79,
8,283,187,320,487,460,474,
150,475,370,450,82,346,538,3,247,136,15,226,62,348,410,164,382,
487,174,43,478,116,493,77,172,239,36,450,335,316,
507,180,89,334,272,296,238,297,505,
282,380,88,118,503,391,535,468,181,503,299,469,77,242,193,211,383,116,253,281,135,55,224,69,370,142,
316,183,174,228,19,464,20,89,222,230,244,244,253,
238,221,162,322,389,207,134,251,394,473,476,499,
185,64,83,320,2,537,424,15,90,316,338,241,179,153,227,316,327,48,419,452,46,445,62,410,244,94,447,
172,288,543,155,57,86,246,460,521,390,430,455,473,360,376,382,403,367,
534,387,473,
339,290,265,
118,154,96,486,261,359,506,194,194,324,408,
89,439,410,233,234,403,510,525,
327,504,396,89,295,499,40,476,109,235,417,63,135,173,186,375,9,443,92,159,290,535,487,241,
547,533,83,359,217,416,464,59,416,
237,190,456,83,46,371,166,518,434,422,255,490,336,
541,508,512,531,504,510,155,184,193,31,177,261,77,43,474,451,523,192,366,285,119,
31,174,407,270,298,440,228,432,455,100,278,332,68,541,175,518,388,95,212,531,452,
290,281,171,336,200,32,474,391,66,452,397,128,98,198,361,190,151,370,537,191,172,1,3,176,353,510,390,531,18,339,309,507,
210,545,162,65,183,
265,452,216,165,474,482,112,299,88,230,61,139,207,436,444,159,531,229,463,359,64,339,337,
238,104,264,326,
129,393,547,311,183,59,95,204,373,492,458,312,282,105,327,190,229,289,249,79,380,332,240,171,470,400,504,160,374,474,46,480,215,335,
338,121,25,537,117,48,431,365,320,7,162,535,185,385,246,85,239,377,348,286,395,81,0,384,248,533,445,355,195,185,201,422,
300,527,541,289,339,87,133,214,55,371,308,184,253,220,520,188,189,323,318,389,25,82,186,173,251,377,498,271,169,47,217,72,40,98,59,435,465,213,130,338,480,487,448,464,42,293,516,121,130,40,320,48,267,200,430,482,13,36,486,392,450,194,
531,16,501,504,41,375,431,419,340,248,471,220,67,455,87,450,466,290,71,95,514,443,414,529,7,289,43,507,31,142,524,401,
377,32,351,
389,194,165,234,256,416,456,285,
210,199,191,524,503,6,531,107,239,40,178,203,497,133,333,253,413,169,358,355,270,105,165,358,101,365,196,69,96,87,283,158,199,473,419,501,347,505,175,482,261,397,472,433,391,407,456,316,167,277,286,299,533,292,57,15,102,262,185,286,169,311,86,434,
456,241,481,388,15,104,237,198,32,2,305,247,237,450,328,524,102,521,10,
464,132,547,121,
434,112,538,150,412,17,251,245,314,18,479,472,267,197,340,142,296,501,395,140,98,47,511,155,474,392,276,290,325,176,193,524,335,488,443,237,271,77,408,129,232,125,203,57,
490,237,353,
98,424,395,11,84,24,371,231,198,286,
142,457,386,163,65,380,519,209,71,203,368,241,468,247,512,52,237,246,24,397,282,510,29,337,352,531,524,
366,417,187,260,181,481,29,144,125,165,165,269,438,113,394,278,430,437,46,415,457,4,130,18,182,45,487,306,186,43,269,349,11,43,162,408,17,223,283,301,366,519,541,387,456,153,410,109,293,
102,191,67,62,179,198,102,304,1,461,374,210,
37,331,135,480,374,15,73,46,117,130,285,488,231,496,370,360,353,
458,540,195,159,64,309,79,284,508,276,232,137,301,265,209,153,471,364,
480,29,462,15,283,331,350,198,186,5,334,537,186,37,92,62,537,384,13,305,
2,455,537,419,256,445,215,367,258,191,346,492,156,359,241,245,195,468,438,510,329,359,86,54,543,425,524,439,400,387,509,188,223,536,185,40,185,35,456,100,11,430,472,188,359,246,259,400,499,538,505,504,433,366,29,232,361,171,416,258,315,
181,499,533,359,79,307,453,248,86,
526,329,144,336,529,70,462,154,263,57,414,84,223,269,421,25,
438,25,537,418,45,501,322,239,475,369,481,103,231,545,316,363,390,481,490,227,303,448,184,402,35,432,247,269,67,77,91,280,312,533,104,535,68,213,497,301,7,418,259,239,324,432,492,37,262,383,164,159,
445,2,519,216,380,452,510,125,0,531,170,265,105,443,
458,228,430,96,129,95,546,131,388,483,234,25,284,549,139,501,62,284,254,163,69,503,445,457,218,348,537,147,185,334,54,
163,458,161,516,77,142,153,478,25,356,542,134,138,188,35,447,41,60,383,352,86,135,241,
16,1,531,522,525,74,134,83,397,419,439,153,186,
398,226,360,57,17,325,336,534,
384,246,323,337,
118,180,457,358,192,161,269,171,389,263,508,181,474,70,63,31,201,311,531,65,282,261,121,
425,524,474,259,157,335,387,31,48,495,224,440,158,57,183,78,112,260,511,462,191,541,301,320,2,31,4,197,310,213,452,97,
478,543,85,163,405,389,77,
361,57,192,201,2,487,304,
408,434,311,83,118,
474,401,290,221,232,169,197,200,434,241,479,192,401,490,508,488,11,301,425,541,304,370,109,448,310,62,
118,304,474,133,135,49,189,433,37,170,458,521,385,485,184,173,
305,95,402,77,69,145,342,230,154,24,126,60,544,474,453,190,431,86,14,348,7,199,323,306,383,524,373,188,299,543,456,256,469,145,487,18,46,168,95,331,
95,458,46,468,86,310,405,48,523,328,81,149,126,385,417,302,255,173,305,21,146,258,517,354,477,90,258,474,137,476,112,477,
450,355,217,208,258,355,36,351,314,362,278,417,120,245,46,549,209,410,196,220,210,290,139,26,150,433,431,435,241,307,376,179,384,488,443,34,135,275,430,509,64,426,405,328,439,534,304,487,456,83,
162,338,366,22,450,174,313,65,8,286,126,189,490,89,162,533,271,201,238,200,488,39,287,238,83,235,373,506,
184,54,139,278,62,360,118,281,463,
89,160,103,144,507,228,211,53,362,393,483,499,535,549,
543,2,77,2,370,105,231,283,528,301,427,503,147,276,242,529,45,499,349,61,149,19,172,189,478,
326,63,499,150,76,154,183,129,134,61,20,205,549,425,213,406,317,30,226,319,242,518,259,350,503,428,87,39,322,85,234,41,455,418,191,13,159,273,548,314,287,274,287,238,80,
151,83,429,406,154,251,
348,302,150,
468,109,212,231,284,393,185,118,
2,135,248,236,374,51,131,31,179,206,272,377,258,525,
236,281,394,507,419,343,2,249,479,281,227,240,269,64,539,83,
452,265,30,
239,349,525,180,255,247,201,247,113,280,233,312,299,487,187,438,509,517,258,462,89,357,427,200,338,182,331,500,
286,455,224,450,210,46,45,78,363,357,333,281,
221,81,282,243,405,261,320,263,413,228,291,238,138,139,499,83,131,300,171,240,536,283,261,194,121,
422,327,531,517,537,327,437,295,120,3,252,547,103,152,287,301,462,481,104,74,510,546,227,285,286,538,
535,438,194,23,30,81,190,71,335,512,261,328,52,531,379,390,233,
293,190,479,103,0,285,473,284,524,518,503,304,313,508,366,
127,449,43,450,479,121,51,336,
171,129,288,2,
192,17,54,283,400,474,407,
232,474,242,79,105,458,165,305,538,465,83,416,118,175,62,2,434,
34,510,58,
77,282,478,432,476,111,29,41,237,86,346,196,473,163,410,144,120,214,380,160,190,434,359,280,
226,52,456,266,219,229,389,441,310,460,197,86,494,208,28,27,258,364,65,460,487,170,232,167,158,304,336,406,540,465,368,183,329,342,368,453,451,474,61,64,256,228,306,3,422,406,547,229,398,187,47,
13,480,7,
71,207,130,487,301,23,535,15,100,474,67,197,121,55,
261,77,118,118,152,497,
173,327,178,118,168,
3,531,21,422,118,359,485,488,328,152,150,490,546,173,
490,438,339,220,174,40,306,479,103,518,177,445,366,475,533,151,535,311,15,297,515,105,329,340,331,473,276,244,503,531,159,83,77,494,3,
426,165,197,409,517,450,89,109,190,408,156,
287,340,92,537,279,432,548,53,488,162,528,537,315,
55,532,154,541,131,135,30,359,397,181,476,198,71,
328,3,187,
152,452,3,540,99,337,454,261,
359,55,2,252,121,547,357,3,181,481,159,500,229,30,59,543,510,486,258,250,9,
288,172,197,46,367,530,403,171,527,281,
156,287,364,282,247,447,152,138,525,281,140,147,270,226,519,434,85,412,271,278,2,320,259,312,318,428,501,510,233,426,144,
547,22,161,355,541,334,337,339,447,74,373,467,279,58,195,528,176,198,9,234,396,445,254,102,449,129,86,160,75,451,67,524,46,44,352,526,292,347,210,182,274,381,189,211,138,281,427,74,52,452,422,281,351,463,488,495,241,238,79,
384,104,400,319,537,136,296,254,278,86,206,524,177,222,347,426,159,512,132,196,314,450,106,533,217,157,309,170,211,233,396,0,12,264,221,540,456,201,215,297,197,90,338,7,
82,405,252,474,105,24,83,183,
19,518,145,170,324,528,422,
270,481,487,31,316,156,199,301,58,471,261,405,194,493,20,438,524,143,47,468,406,143,
370,33,325,137,4,189,381,394,547,394,193,273,185,60,524,134,425,76,537,316,163,104,302,35,480,516,98,210,290,319,183,229,103,119,74,344,379,480,310,433,305,299,243,68,223,239,86,489,397,282,295,523,
468,165,78,174,300,302,270,283,514,264,
452,332,372,71,109,30,420,243,20,53,179,165,472,268,304,391,255,349,452,405,312,170,46,31,425,
183,425,302,249,221,194,462,15,143,58,370,282,469,478,517,395,2,412,58,463,383,257,392,349,130,395,223,261,439,215,301,44,412,40,237,
435,327,510,403,241,58,161,311,46,316,373,310,389,435,333,536,197,38,52,509,154,235,275,287,
117,538,215,443,206,194,275,424,37,69,
79,537,59,293,187,108,482,426,181,524,
406,339,226,73,422,283,354,361,524,105,247,1,128,312,304,419,73,225,151,108,290,486,
473,361,172,242,534,
62,242,355,113,57,451,101,204,380,226,515,198,45,84,196,391,5,204,25,187,417,188,533,144,235,150,46,432,256,241,85,162,76,183,524,184,185,374,24,407,317,83,474,
86,7,165,452,123,410,305,53,77,2,360,180,172,443,504,32,299,516,
247,304,239,46,241,469,
67,71,531,335,73,250,88,433,470,
400,70,535,443,192,354,412,
212,243,31,203,
242,301,513,232,406,480,391,62,148,422,44,248,262,314,516,546,170,339,143,393,127,126,457,63,243,504,290,101,225,30,232,473,165,443,521,515,189,367,59,83,144,92,418,543,261,316,326,399,267,145,
487,178,482,158,360,241,207,301,
439,313,16,105,89,369,316,299,82,461,471,40,134,2,60,134,337,89,7,383,431,
118,134,517,103,135,
443,431,331,450,144,117,93,70,485,486,20,86,274,454,327,374,74,232,70,171,449,524,
203,59,197,419,34,415,46,264,
300,273,83,154,518,
130,134,281,37,71,169,205,
25,434,217,242,253,412,257,9,438,284,100,281,218,266,106,443,186,481,42,454,256,461,280,408,495,361,376,485,499,338,32,304,469,177,163,48,466,62,292,137,325,458,131,241,526,
132,351,207,145,261,464,540,336,391,
135,327,334,246,524,58,174,516,
348,430,532,474,
537,459,524,430,268,228,524,495,219,7,213,144,302,169,546,265,345,233,261,331,422,
337,30,384,70,152,
470,43,267,67,158,57,523,
74,464,525,439,454,169,532,303,119,431,178,267,242,33,358,291,182,31,144,448,2,134,321,257,107,167,547,304,46,299,546,68,228,264,211,527,22,464,205,547,443,370,375,432,382,29,534,373,311,201,263,383,
159,495,458,264,212,154,14,64,25,213,438,503,
119,385,47,541,
456,222,304,89,237,463,129,17,521,336,463,491,
304,25,70,118,498,456,158,505,241,149,279,184,483,361,
174,330,162,40,230,31,109,57,68,81,298,349,487,2,218,337,105,145,450,216,492,448,331,237,135,443,384,483,
533,338,183,162,507,181,435,364,523,119,547,33,112,32,
430,458,17,369,396,58,96,540,531,167,352,487,61,319,472,17,348,518,422,306,
360,312,91,124,370,487,349,398,523,152,335,172,246,415,317,
145,269,19,132,317,305,446,505,113,
87,70,229,450,228,512,531,103,263,521,295,
154,305,86,459,15,55,371,41,68,160,329,441,342,164,421,435,159,487,54,304,370,
118,147,359,89,48,251,481,532,468,424,411,302,447,
153,380,185,391,24,509,218,114,109,316,245,76,374,57,157,406,40,447,
73,336,406,22,158,418,339,14,301,24,74,57,288,37,487,60,73,67,89,418,
63,217,177,132,127,469,80,351,140,215,399,23,0,191,228,416,342,253,260,118,268,214,19,374,57,141,242,290,
160,31,81,254,221,524,342,528,269,89,302,312,406,201,154,22,129,139,439,77,56,
7,438,305,384,203,183,13,83,250,273,315,210,
302,121,481,46,117,309,370,99,338,68,452,460,131,47,294,320,511,269,95,537,468,123,538,275,10,226,272,277,
512,21,89,83,88,419,331,181,402,326,473,541,165,378,304,142,148,196,22,11,20,252,466,431,446,
227,422,188,
184,462,57,103,534,541,460,266,317,409,157,391,125,134,304,537,102,82,224,533,
424,156,185,481,305,250,321,408,107,289,98,20,117,97,331,118,521,251,257,90,131,
83,232,175,244,514,326,125,234,380,450,82,437,162,
62,316,271,300,232,185,39,163,48,
384,382,480,170,223,
44,203,183,
102,190,83,138,541,359,348,105,380,187,165,210,429,416,462,99,68,184,308,456,405,183,351,102,376,75,507,336,54,80,30,198,460,525,274,
267,486,532,316,387,281,269,64,300,387,208,113,492,135,422,436,33,254,446,549,244,31,67,179,470,147,
462,374,19,0,1,184,73,346,328,408,469,239,73,256,480,40,
312,157,42,438,169,280,289,200,117,215,38,239,452,467,238,42,119,192,360,513,450,495,165,404,354,43,160,
179,102,547,507,521,83,
360,301,335,195,37,
46,269,147,178,502,486,353,261,157,67,213,264,415,366,448,137,181,450,315,512,498,186,229,153,547,166,83,178,373,489,217,511,462,124,171,219,481,357,526,343,273,179,306,405,288,144,68,394,185,47,452,
170,118,19,258,384,
64,373,34,476,452,490,206,262,473,458,201,265,545,
61,464,150,221,419,54,
419,545,2,367,431,523,448,311,446,144,305,194,525,313,515,349,472,502,185,156,36,203,103,141,159,185,27,294,185,395,153,289,284,223,133,277,12,468,487,523,9,203,319,346,434,400,424,37,174,534,21,315,139,54,165,213,2,210,512,184,264,22,472,286,67,236,382,158,253,473,407,254,314,406,469,61,235,24,
224,382,162,516,184,
134,238,228,545,174,9,424,130,
59,203,46,359,547,543,15,79,495,79,
353,228,200,490,
24,326,532,85,423,153,522,103,531,31,22,16,98,260,304,17,524,203,
380,326,62,153,154,346,420,165,129,92,148,331,545,503,524,19,102,105,7,249,424,412,468,361,83,42,461,
7,281,389,284,86,380,84,352,395,439,537,316,288,508,510,531,303,
532,75,524,166,397,367,83,293,215,321,367,370,263,20,118,113,345,435,34,202,475,127,348,
534,83,184,521,45,530,259,121,267,398,169,
316,76,46,504,233,375,83,181,136,244,439,519,286,62,135,270,210,267,150,370,493,102,34,272,73,116,32,157,325,516,183,153,487,193,379,7,439,304,249,46,228,186,62,
54,429,154,499,135,458,186,
30,363,33,178,350,538,120,403,445,536,38,349,487,323,309,115,192,24,154,506,263,308,199,431,85,493,427,106,336,477,505,468,417,90,452,111,375,503,242,142,378,310,102,237,535,219,139,215,379,197,393,274,218,359,452,
17,23,454,436,148,430,360,208,20,25,192,236,24,17,398,23,521,58,456,
57,174,46,438,416,210,37,277,103,83,153,251,172,402,425,153,210,99,168,254,57,233,434,
327,375,22,313,358,413,422,54,545,225,74,427,154,240,186,267,545,524,
301,360,487,438,458,379,443,69,446,543,425,71,183,
486,524,267,118,535,45,408,499,20,456,300,300,329,64,443,525,45,
523,22,243,101,46,294,533,165,463,543,470,
190,535,102,293,309,129,545,392,327,237,192,74,67,
275,373,514,117,336,127,547,524,
32,335,164,25,172,265,377,404,103,313,395,533,
135,282,174,112,450,239,55,331,547,55,456,137,2,37,112,152,291,335,150,450,267,465,343,54,521,437,37,264,163,118,56,
22,188,73,545,177,64,512,302,311,445,
83,499,340,55,266,484,512,532,537,474,524,413,490,161,311,39,152,463,53,145,540,118,234,48,120,176,334,316,30,395,393,185,272,308,313,378,102,16,48,87,401,7,104,141,237,57,57,239,165,478,473,159,269,534,354,95,131,263,58,456,538,7,236,62,69,300,
403,288,89,86,434,533,172,
336,427,447,14,468,211,73,303,266,455,275,446,416,205,191,77,296,228,493,526,448,505,222,461,129,304,82,165,229,127,
46,203,30,238,325,499,326,456,306,412,
259,228,425,462,148,156,525,256,460,262,83,2,438,354,451,302,336,502,
31,40,354,425,165,24,410,46,271,422,
269,286,54,247,151,244,48,503,46,250,532,228,391,452,0,48,100,267,160,118,127,310,351,410,103,28,198,198,98,324,236,61,325,438,84,
547,460,422,109,179,546,226,498,389,
288,120,303,98,233,243,524,380,391,398,401,67,88,
234,68,417,35,183,183,86,221,242,222,89,103,496,549,432,287,389,498,236,48,
51,2,545,127,
64,545,450,486,159,236,192,185,305,
43,203,541,382,127,379,320,373,531,366,326,312,470,
197,131,474,3,359,141,315,512,426,203,227,510,252,373,240,71,499,177,523,504,
85,24,338,205,326,378,267,62,470,256,98,48,508,
103,281,314,118,293,39,182,225,370,531,546,129,22,509,381,334,382,65,422,29,30,24,87,455,46,70,542,302,310,402,440,52,201,184,
65,429,210,
284,492,266,228,329,545,474,480,367,237,370,293,440,183,47,198,78,218,408,422,
499,327,522,83,195,543,116,447,181,348,486,120,463,326,509,2,54,42,354,46,299,
134,184,525,545,4,118,397,
248,314,422,153,374,452,181,1,310,272,
79,396,383,294,89,458,307,446,349,69,410,481,183,86,159,232,185,187,459,497,59,254,547,
521,424,135,125,154,534,172,183,410,87,46,359,373,17,397,118,456,508,166,506,232,498,302,
30,46,326,337,
165,478,168,507,224,210,219,199,547,399,157,511,111,490,119,356,236,0,45,447,344,529,285,186,438,93,331,123,498,366,323,203,42,472,196,401,42,119,475,207,391,356,264,229,222,31,
521,203,179,456,
373,129,530,25,380,454,214,534,275,271,217,377,64,275,70,344,478,97,186,17,305,89,197,74,274,430,522,456,488,521,43,
0,438,490,462,180,357,211,523,355,145,389,137,410,191,393,527,384,540,501,508,185,177,280,
198,397,547,298,290,102,451,
452,547,64,152,517,337,522,238,241,477,248,158,70,548,
525,259,354,486,134,227,239,317,201,174,
48,448,321,537,83,509,193,378,62,462,483,450,247,118,63,43,185,329,317,222,85,
510,474,459,435,342,246,464,548,549,272,331,58,50,197,91,283,203,261,522,1,447,276,414,531,261,
454,25,109,152,331,380,
447,156,157,517,326,501,36,71,274,21,172,289,103,484,317,336,510,187,414,164,131,461,299,
228,63,284,20,101,134,159,475,259,276,336,332,75,353,472,494,507,31,118,228,533,
20,509,452,114,468,5,124,243,443,332,512,17,
317,350,359,326,535,122,354,78,473,22,272,274,310,410,355,333,229,105,379,462,431,48,379,509,546,166,62,482,501,360,
180,239,86,118,497,391,39,134,163,52,507,78,437,319,447,105,
480,319,295,229,471,233,504,45,486,208,240,152,354,20,201,333,391,382,281,125,350,487,32,141,191,473,19,
31,2,228,267,
347,21,174,326,
524,301,162,327,135,456,62,547,
281,101,371,92,331,480,89,537,288,
509,20,299,463,495,115,173,208,466,3,512,301,228,145,84,48,103,430,225,307,267,50,2,19,187,317,499,418,239,485,42,89,353,
186,16,327,244,528,
201,299,239,300,144,160,361,508,384,344,64,74,90,361,338,138,190,360,175,525,264,
429,65,215,102,151,248,
224,286,164,282,524,
178,55,18,46,274,173,487,331,375,70,
434,403,
120,340,101,83,30,15,290,382,450,525,137,324,345,542,313,48,106,3,182,235,383,326,305,538,409,446,11,466,537,135,389,317,431,494,
61,120,508,545,
402,189,17,407,
162,62,524,139,210,349,
500,359,95,476,531,495,
57,184,146,85,183,361,162,173,163,73,83,144,299,336,185,203,398,389,526,57,470,244,
83,157,547,52,
45,534,126,146,112,319,
283,406,283,46,210,366,8,330,148,221,257,271,540,183,
229,403,212,312,73,323,349,354,203,215,345,23,490,473,270,543,87,191,326,56,365,428,479,212,549,224,139,185,357,48,328,468,489,85,246,218,249,18,257,481,317,275,129,546,197,469,24,498,310,393,336,226,107,
174,468,316,545,221,315,17,103,118,190,347,134,525,197,504,
80,22,495,407,
337,207,159,142,265,
246,142,172,428,388,131,125,2,
247,282,340,50,94,108,271,505,152,451,233,114,449,150,537,133,394,256,548,17,163,409,298,10,48,366,265,310,124,520,1,153,56,26,5,305,406,430,507,532,101,142,317,
109,264,197,531,82,113,317,113,106,157,39,468,403,241,390,490,215,285,78,237,355,157,200,367,452,426,185,174,474,366,
329,48,197,205,490,135,395,413,429,493,2,321,198,127,214,361,366,526,329,253,105,
531,78,490,103,333,422,245,541,161,180,3,524,477,118,265,370,331,20,430,
495,160,478,46,206,245,450,97,52,224,328,176,530,159,188,200,44,238,537,383,312,280,528,59,86,
481,81,25,516,439,264,539,299,284,270,411,285,99,172,359,68,144,435,217,518,267,53,221,223,440,11,15,412,534,456,505,247,288,529,185,431,27,465,253,331,375,186,179,186,424,538,443,71,346,329,529,531,79,203,326,487,359,258,21,
460,168,535,354,547,541,184,259,390,29,91,
374,470,33,233,102,122,226,166,125,508,250,248,
254,104,281,267,57,79,272,
21,528,512,312,249,281,95,4,354,38,331,3,207,46,23,301,374,328,347,
15,365,120,183,458,24,44,380,519,241,375,479,524,130,150,456,173,378,480,210,237,515,301,103,431,185,249,251,244,296,524,69,103,152,191,374,198,276,371,126,262,421,37,517,
40,490,359,300,163,170,422,299,88,7,382,51,153,155,209,383,520,538,2,207,296,303,34,210,462,269,
464,314,316,207,510,61,215,
431,419,544,8,186,500,119,317,112,388,142,59,306,119,479,338,399,55,258,413,423,487,429,481,29,418,183,530,476,332,474,481,119,342,46,14,165,85,348,197,145,305,12,480,494,138,443,324,269,512,
387,198,140,267,396,425,377,36,409,545,104,534,285,399,496,280,
150,316,410,542,68,135,411,150,433,311,324,20,77,480,500,156,
233,389,164,39,438,464,480,156,130,89,90,384,362,106,195,316,68,200,224,239,174,221,447,288,537,101,257,527,
389,238,435,545,106,7,118,331,385,59,250,421,489,423,446,545,226,478,382,
244,269,83,177,493,197,458,267,185,316,68,57,
68,302,408,473,223,426,158,450,239,516,480,174,265,234,426,472,233,154,507,544,438,103,253,102,153,445,512,206,46,253,
474,82,221,545,348,
197,431,109,2,434,187,289,326,179,512,249,393,537,434,389,0,89,243,403,174,209,350,529,387,419,329,2,93,161,410,484,510,300,459,531,549,288,384,53,327,399,244,182,547,
311,492,225,473,372,519,461,86,431,83,305,126,496,74,373,490,246,293,428,455,148,408,254,40,408,
229,545,377,353,260,530,273,171,94,367,96,91,194,92,379,183,180,178,258,546,322,141,434,229,389,263,314,40,83,347,524,188,272,189,311,370,206,210,393,60,301,188,506,55,525,399,433,46,118,
165,380,336,175,472,28,468,512,129,411,102,83,398,523,232,383,86,427,520,130,5,482,524,
474,362,284,331,35,56,164,149,518,301,510,83,431,18,226,118,469,17,540,155,265,167,71,138,540,527,71,101,249,93,26,2,477,393,129,305,8,
382,74,299,89,474,235,103,384,419,257,480,430,3,28,120,43,224,120,516,159,534,538,518,491,396,172,222,
261,131,541,263,202,392,272,486,178,403,499,263,241,270,0,221,353,537,132,390,502,172,315,454,433,
52,103,142,232,68,134,506,
185,178,223,68,495,38,250,488,290,283,60,450,465,435,84,315,188,25,519,462,108,170,366,483,385,214,350,507,472,228,68,348,253,128,34,90,384,447,87,351,37,508,2,210,245,302,468,
198,387,62,340,207,285,329,349,373,456,269,383,102,284,422,15,55,316,98,
538,422,302,469,
334,135,186,507,533,252,35,458,
186,80,479,282,15,527,192,24,203,91,314,28,144,460,231,312,212,408,435,458,545,8,60,124,28,84,63,457,300,276,490,250,336,193,486,265,172,25,37,176,4,216,73,43,503,347,525,340,5,82,236,165,40,33,288,388,507,88,525,77,353,228,102,90,320,140,252,210,539,338,499,
212,183,354,468,238,263,
164,438,42,474,199,283,154,235,53,229,481,1,447,77,187,502,32,374,229,403,150,159,129,
70,194,393,388,213,247,487,436,415,467,513,118,510,26,122,382,299,101,103,476,373,415,526,400,178,272,315,337,133,
17,366,359,200,174,402,93,160,
159,228,105,490,494,93,42,249,372,124,226,256,539,359,457,337,278,86,222,
416,57,547,2,121,384,
504,510,89,376,426,480,496,72,87,263,444,220,259,531,242,419,88,339,86,79,2,144,16,76,233,197,174,
52,535,83,
105,374,210,129,374,54,406,263,523,539,418,236,317,232,450,159,95,102,453,21,484,82,495,174,329,543,488,445,407,151,180,
125,480,184,374,228,314,246,175,
422,226,477,547,97,124,248,255,284,430,31,19,338,
300,331,62,382,
158,228,304,425,487,538,470,276,452,
433,302,261,67,326,200,
47,270,119,
203,510,186,378,26,44,425,90,88,43,412,7,57,24,101,521,434,357,212,390,405,
359,221,186,42,447,233,327,107,468,83,350,345,78,317,17,95,46,102,2,237,265,
451,198,541,226,259,265,
495,425,105,77,335,323,416,442,80,
487,419,473,183,366,220,431,520,111,381,61,249,327,239,455,361,356,191,71,270,537,94,516,154,107,70,99,49,296,440,256,213,49,77,91,531,305,430,430,154,480,483,
374,62,299,98,37,2,129,462,392,336,331,164,405,63,443,295,
100,379,2,31,58,
320,156,43,425,
391,240,210,537,96,147,269,246,168,499,433,290,100,472,312,425,295,250,165,48,305,528,134,376,289,260,16,180,282,183,446,179,302,340,281,184,480,100,191,132,
47,226,508,46,131,121,
172,32,261,46,502,
188,22,192,62,198,228,517,163,470,472,95,305,92,201,62,363,2,423,226,220,227,
187,416,366,389,434,153,381,318,128,263,519,511,407,517,402,77,509,448,310,343,107,368,548,295,189,418,382,529,470,221,155,472,538,72,517,226,328,268,511,321,79,180,5,549,447,200,77,278,445,493,472,79,106,164,509,
154,526,118,300,
538,157,150,120,46,50,200,399,422,448,2,453,117,
273,326,17,303,265,132,221,398,76,300,
101,228,340,346,261,104,365,120,112,70,474,421,470,281,452,479,383,411,263,
222,165,237,336,159,382,
192,312,188,462,361,549,22,541,210,241,
104,524,519,497,83,101,76,95,438,254,422,345,238,456,387,76,
121,314,537,359,150,190,250,457,161,297,534,487,71,464,33,338,47,118,416,284,127,443,417,376,221,
183,107,416,256,290,494,457,228,200,132,207,88,513,405,234,225,0,309,164,487,82,430,179,413,44,453,13,50,129,39,254,481,488,63,503,335,314,316,398,357,306,346,535,4,337,480,401,486,35,537,376,90,397,212,423,471,14,322,119,316,468,509,307,284,57,478,237,545,217,395,62,157,79,102,7,533,357,283,
304,29,270,362,512,128,86,219,1,264,123,456,123,247,261,477,406,399,450,474,384,293,
524,413,380,486,443,193,139,425,277,336,532,461,537,225,531,516,508,228,270,114,165,288,13,2,62,293,24,275,79,229,437,142,
507,236,179,290,376,
545,183,174,64,327,387,284,260,16,331,485,134,210,500,160,418,474,534,233,389,61,134,375,302,246,120,59,
275,69,279,367,395,214,39,193,206,453,492,
237,313,284,16,128,120,447,484,537,183,261,298,456,302,
472,156,452,41,434,430,46,165,50,368,90,215,331,217,170,393,239,50,
351,55,229,450,153,182,251,106,231,377,306,204,409,425,516,132,547,
144,348,53,400,159,474,156,343,130,95,47,543,387,394,68,66,229,384,8,186,170,416,366,265,496,215,10,310,100,46,249,501,397,135,74,279,103,194,276,396,131,239,89,242,355,201,26,419,355,369,394,526,537,534,481,336,
249,236,280,316,
357,95,261,286,383,239,174,292,465,506,203,371,451,183,
517,281,540,139,422,54,118,210,423,95,266,188,377,452,426,239,465,10,437,15,
354,278,479,212,422,525,31,331,217,91,264,499,312,400,390,323,
69,282,15,491,301,83,473,117,
93,17,407,474,
331,480,512,186,485,35,208,67,37,225,528,537,281,351,135,514,545,537,531,224,456,454,84,
278,209,330,46,157,48,450,31,354,202,242,184,282,304,391,489,159,383,186,510,
498,547,234,521,380,492,
264,527,165,53,174,496,327,214,474,480,386,82,159,96,432,383,
46,98,316,49,362,186,495,100,141,251,509,172,247,470,59,95,505,359,346,103,278,538,73,523,393,283,435,57,237,178,86,520,210,354,59,521,373,226,74,129,87,431,305,62,31,438,446,37,144,394,269,
359,40,157,521,144,
54,184,289,192,2,135,102,213,526,105,61,200,
326,130,481,83,347,30,46,433,
215,10,387,2,312,117,183,144,410,413,523,30,284,507,429,129,286,223,268,384,59,302,11,153,261,
95,104,257,518,500,357,83,31,270,305,
516,135,224,524,
272,248,406,83,316,211,464,127,99,331,545,507,254,311,466,549,
300,186,468,486,499,221,
301,342,15,369,219,355,460,366,29,263,383,229,277,95,271,242,269,450,404,73,216,145,292,250,464,509,524,317,347,512,286,375,405,322,476,
200,495,312,11,162,20,23,293,320,17,438,518,353,239,540,433,512,54,
549,89,272,267,
258,239,95,76,481,2,186,359,170,344,
299,509,161,113,74,349,282,355,431,514,25,201,498,370,210,537,156,374,382,476,462,265,162,8,102,253,430,64,18,305,239,503,290,513,499,447,
144,101,97,504,437,420,0,332,345,504,68,263,77,443,22,474,46,2,532,359,213,267,390,29,345,
537,404,384,391,165,289,275,507,94,126,471,536,236,60,107,257,370,509,456,351,161,79,370,393,462,282,271,250,205,263,83,374,338,384,244,61,327,228,431,538,368,479,271,185,194,453,185,183,414,25,200,542,487,197,2,3,184,172,512,132,120,168,184,11,534,481,48,155,543,299,287,480,290,121,359,202,475,458,101,0,209,111,331,6,389,113,374,
535,225,351,490,222,237,359,524,460,486,291,165,523,429,455,373,400,162,487,
335,434,425,135,535,487,94,86,32,430,67,360,237,360,501,
186,332,38,46,245,303,44,123,296,431,194,54,538,296,311,172,331,41,359,481,322,300,176,280,56,462,96,388,333,311,369,398,278,
508,205,453,206,73,118,370,401,541,357,474,383,485,47,450,472,61,47,194,286,521,
59,209,46,215,120,149,160,388,545,
545,104,173,218,122,64,237,137,57,18,132,388,18,307,113,266,361,507,419,439,280,389,484,45,30,99,51,511,503,417,380,
383,79,357,163,101,438,74,264,
243,452,65,302,212,221,528,223,289,523,450,523,89,132,154,297,288,299,112,471,267,
246,384,135,207,394,63,367,363,360,491,545,
510,440,122,351,70,142,256,504,142,167,145,67,75,391,302,34,264,298,278,
407,31,419,180,278,164,93,147,80,329,
251,118,15,
101,69,216,177,242,438,233,144,523,457,334,174,403,
331,443,305,239,174,
302,391,103,155,22,462,348,259,433,489,273,545,497,185,521,
317,247,145,486,487,
462,22,69,192,46,259,88,32,144,480,107,382,197,351,315,394,540,102,302,425,526,
86,154,335,237,206,403,212,297,210,495,181,
207,128,472,91,161,535,160,114,40,535,99,333,183,173,141,288,297,498,71,319,70,110,193,340,474,522,119,292,310,132,60,366,414,464,337,
17,194,530,17,474,273,
209,96,537,446,374,448,464,515,235,82,70,278,59,352,451,496,507,152,380,
481,164,118,450,41,195,46,524,
207,265,492,
120,61,59,545,
443,174,134,481,60,47,235,268,30,434,445,197,240,519,531,400,
226,168,159,46,302,229,525,
58,157,34,83,17,355,383,
405,221,505,527,204,287,452,532,213,102,82,292,95,270,266,54,236,525,301,478,203,
446,79,336,267,212,459,499,498,391,345,208,188,465,265,165,304,145,46,165,371,512,
241,457,547,210,314,15,101,106,149,122,272,452,261,22,121,185,109,474,223,434,15,450,49,532,58,456,152,2,56,142,25,247,304,537,78,487,25,29,435,327,192,163,
456,193,225,215,226,349,476,199,46,479,486,229,340,318,5,439,161,241,85,498,199,289,311,2,147,205,445,493,304,247,242,240,247,210,248,238,520,46,104,267,462,264,136,105,235,513,351,366,389,341,83,331,384,543,
261,304,237,183,535,244,311,355,357,480,18,510,285,19,221,438,
450,345,68,531,177,461,249,264,250,315,272,109,309,379,463,294,131,86,495,289,15,135,390,491,105,452,286,545,167,174,508,481,20,394,380,127,
281,103,7,517,101,236,225,180,269,541,547,391,113,240,478,286,130,284,280,288,306,254,184,
238,534,384,456,127,312,162,495,255,349,518,452,206,46,91,349,212,
89,79,512,118,217,162,441,442,382,11,67,243,456,411,281,224,510,295,331,130,
157,83,549,109,176,183,340,89,312,295,419,538,296,500,384,288,371,316,476,315,5,538,425,464,278,524,57,58,184,131,371,153,
314,214,419,384,396,283,22,183,246,48,66,384,85,384,248,129,409,439,121,103,304,241,470,221,464,440,497,326,173,440,509,537,62,247,401,147,414,125,
22,314,103,251,74,543,545,251,511,442,268,24,455,123,241,482,326,152,245,327,417,164,24,419,80,311,323,19,357,192,88,424,432,
540,485,116,217,280,326,388,92,83,458,290,512,474,180,0,355,61,448,212,517,172,128,548,430,152,187,483,132,494,537,70,
194,535,290,117,203,495,118,2,156,308,
194,170,17,389,144,70,270,32,225,528,88,439,546,429,406,534,72,239,508,48,141,457,
237,142,456,359,510,56,183,
340,287,515,247,341,223,4,336,251,433,245,513,434,231,136,186,347,193,272,101,488,157,208,249,456,198,120,531,396,109,83,
83,259,221,267,316,124,95,408,179,
162,535,224,83,
518,95,430,382,300,
501,144,335,317,
355,58,540,
24,62,82,419,
486,406,317,359,
396,327,382,
336,456,398,132,374,237,
127,275,532,
417,545,234,121,
382,300,150,389,
67,267,89,
473,480,238,69,
134,52,163,443,
503,282,545,
29,2,142,
505,518,2,507,
108,406,79,
502,259,172,
325,398,
471,243,458,
361,545,473,
390,144,354,203,535,
380,454,498,
97,422,144,424,425,
437,83,517,524,
482,165,487,317,
528,19,186,
385,118,119,
250,7,359,
146,57,45,
106,351,389,187,
