355,107,18,2,267,177,287,377,272,290,492,327,
473,501,238,69,59,83,271,320,290,226,378,392,470,
400,70,546,85,192,0,412,282,262,500,472,
487,178,14,499,440,241,207,527,285,88,184,30,
31,40,105,425,165,24,271,422,185,522,96,269,530,14,323,107,
14,487,524,535,
476,518,468,119,88,219,79,31,232,364,
412,201,535,518,221,468,316,160,518,470,388,167,
269,179,519,31,518,192,390,
517,523,139,422,54,118,210,423,410,266,499,377,129,422,465,10,437,15,375,268,311,485,300,298,228,
326,63,499,150,76,154,183,129,134,61,20,205,549,425,213,406,30,226,319,227,518,259,350,503,428,87,39,322,85,234,41,455,418,191,13,159,273,548,314,287,274,287,238,80,68,365,120,239,464,7,398,
180,104,118,497,391,39,134,163,52,321,78,437,319,447,105,59,252,127,229,44,549,80,103,510,487,
515,416,34,200,37,100,
456,193,225,215,226,349,476,199,319,46,479,501,229,340,318,5,439,161,241,85,498,199,289,311,2,147,205,445,493,304,247,242,240,247,210,248,33,520,62,104,267,462,212,264,136,105,235,513,351,535,389,341,83,144,331,384,543,11,21,465,478,62,442,
151,83,429,154,21,251,520,474,155,175,384,492,516,
317,247,145,320,487,275,359,62,212,326,510,518,251,199,333,453,104,135,136,538,271,
163,161,516,160,142,153,478,472,356,542,388,219,134,138,182,35,447,41,60,352,86,201,241,2,301,358,290,350,468,
389,238,435,545,106,7,118,331,385,59,250,421,489,423,446,0,226,478,455,10,268,538,237,191,38,59,
61,320,342,209,533,219,238,272,232,464,472,512,86,
307,21,185,
118,254,304,474,133,135,49,189,433,37,402,458,96,371,485,184,173,348,30,530,315,
361,486,337,201,2,180,304,464,380,105,70,320,
384,323,322,323,127,177,
2,205,248,236,374,13,264,31,179,206,272,377,195,525,15,518,410,330,333,492,173,428,178,547,
478,105,435,67,391,331,
254,163,203,267,57,79,272,224,228,230,374,333,178,408,28,217,268,98,106,
327,504,443,89,295,499,40,476,195,109,235,417,63,135,173,186,375,9,443,92,159,290,535,355,241,54,175,528,524,
336,427,439,14,468,211,73,303,266,455,324,446,416,205,191,77,296,228,493,433,448,505,442,461,129,304,82,199,229,384,254,408,
519,534,228,339,138,2,336,
146,123,45,499,96,103,361,385,11,217,410,435,300,
416,79,311,217,176,436,328,236,443,515,341,214,238,485,134,262,
317,410,62,54,402,514,259,
447,175,318,237,37,59,246,339,
40,490,252,103,163,170,422,299,88,7,382,51,444,470,155,209,383,520,538,2,207,296,303,34,210,462,269,340,134,537,
45,34,522,517,373,
332,32,374,102,46,74,444,524,121,537,468,8,
328,29,3,187,119,32,488,452,432,381,437,450,124,120,42,
79,396,118,294,89,458,307,446,349,69,481,183,468,86,159,232,200,185,187,459,302,497,59,254,547,64,450,501,503,476,2,529,397,509,184,
89,79,512,118,217,162,441,442,382,11,67,136,411,224,510,295,331,130,294,303,492,267,
30,371,197,121,524,47,348,534,490,
435,327,510,403,241,58,161,311,316,373,310,389,435,333,536,197,38,52,509,154,235,275,287,439,538,121,125,478,45,170,360,146,
95,257,518,500,357,83,141,270,305,67,265,491,56,84,211,430,522,
139,82,54,419,12,333,175,64,258,517,228,91,293,24,67,394,184,227,276,88,493,162,74,287,443,7,279,432,9,205,220,177,432,161,287,
490,438,339,220,174,40,306,479,103,518,177,445,366,475,533,151,178,285,15,297,515,105,329,340,331,473,276,244,503,531,159,83,77,494,3,473,59,173,175,408,154,446,30,144,
249,236,280,316,277,310,513,360,326,529,229,374,403,68,
488,0,524,261,17,328,171,419,278,541,44,314,48,87,201,241,
500,540,95,476,531,129,495,42,44,282,400,389,271,261,
358,118,468,203,470,
118,180,457,358,192,21,161,104,171,389,263,527,181,237,149,70,63,31,201,311,531,65,168,376,261,208,165,121,306,446,174,
504,127,528,61,481,147,350,417,469,
453,144,65,305,505,210,365,0,189,79,
134,238,228,174,9,424,529,333,294,
119,209,333,541,476,310,126,341,474,495,434,454,
279,139,227,118,377,458,288,203,9,242,484,
331,443,305,254,174,32,380,155,30,543,388,198,228,132,419,33,365,364,539,478,
179,207,547,521,247,348,411,269,123,31,417,231,456,360,150,
353,228,163,200,346,170,129,258,
422,124,327,531,517,537,327,437,295,120,3,252,547,103,152,287,301,462,481,74,510,546,227,285,286,524,198,383,62,329,322,104,
208,118,134,59,34,537,429,272,282,335,495,
348,468,437,0,29,57,261,517,30,67,160,130,272,141,
184,54,139,278,62,360,118,108,463,27,191,360,474,344,331,63,210,487,197,376,
162,404,22,450,174,313,65,8,286,126,189,490,89,162,533,271,201,267,86,200,488,39,287,238,83,235,373,506,494,220,370,207,15,
70,393,388,213,247,436,415,467,513,118,510,26,122,382,299,103,476,373,415,400,178,272,315,133,387,367,251,502,
272,47,478,260,233,2,
180,361,365,387,
450,355,217,208,103,258,355,36,351,314,362,278,417,120,245,0,549,209,196,220,210,290,139,26,433,431,435,241,307,376,179,384,488,443,34,275,430,509,64,422,405,328,439,534,497,487,281,449,112,359,
430,375,17,369,396,58,96,450,531,167,352,38,61,319,472,17,348,518,422,413,306,36,44,107,287,359,226,
530,547,429,118,537,425,517,
446,336,11,
103,544,314,118,293,39,182,225,370,531,546,129,283,509,381,334,382,65,422,29,30,24,328,455,70,542,48,302,310,402,440,52,201,184,259,86,74,361,31,146,425,40,61,440,514,121,
168,289,434,
389,536,165,234,256,416,456,285,30,475,208,374,0,199,391,45,500,199,402,65,219,236,83,
305,29,348,363,341,509,
310,249,247,299,119,374,284,376,356,387,144,450,517,
384,382,498,21,480,426,223,320,452,226,538,174,517,89,462,
305,78,402,77,69,145,342,230,154,24,126,60,544,6,453,190,201,14,348,112,7,199,323,306,383,524,373,299,543,453,256,469,145,18,168,95,331,201,62,32,
81,11,120,517,156,17,146,
134,184,322,4,118,397,208,408,30,302,153,
273,79,326,17,303,265,132,221,398,76,233,237,341,358,105,194,276,310,440,481,285,315,362,
234,68,96,417,35,183,183,86,221,242,222,46,103,496,549,432,287,389,498,236,48,361,534,175,376,
207,267,179,162,178,40,41,54,356,112,415,432,
89,44,232,549,
423,250,331,144,183,178,500,
364,292,250,499,331,476,
0,389,134,102,53,348,384,118,284,209,192,133,528,453,109,
440,387,219,223,86,382,524,
79,537,59,293,416,187,281,482,426,181,524,303,14,319,
480,29,157,15,283,331,350,198,186,5,334,423,186,419,92,62,537,384,545,305,185,528,530,308,437,400,177,
65,429,210,256,86,28,116,191,453,243,500,218,389,
162,438,302,165,519,261,238,54,472,134,
509,278,345,505,458,286,
39,350,405,267,
292,117,510,59,406,86,364,423,16,92,461,2,
498,547,234,477,40,492,384,172,451,357,83,
339,290,372,265,529,527,383,388,275,102,424,299,528,347,315,68,519,447,38,42,357,29,
236,382,538,394,84,419,343,2,249,479,281,227,240,55,64,539,83,531,45,475,270,84,168,416,242,243,23,52,221,146,144,228,238,
64,444,373,253,34,476,302,490,206,262,473,458,201,265,545,479,260,469,275,
105,374,210,182,374,54,263,523,539,418,236,232,159,95,102,453,21,484,82,495,174,329,543,488,445,407,151,180,184,53,93,531,261,144,48,261,273,32,202,326,505,536,502,31,30,2,294,426,
458,238,499,220,195,193,64,309,79,284,508,276,232,137,254,265,209,153,364,318,426,238,172,432,207,326,118,509,518,
261,154,226,488,105,235,281,500,
419,545,2,367,178,523,448,311,446,144,305,194,525,313,515,349,472,502,185,156,36,203,103,141,159,185,27,294,185,395,153,289,284,223,133,277,12,468,538,523,9,203,319,346,434,400,424,37,174,534,21,315,139,54,165,213,2,210,512,184,264,100,472,286,67,236,382,158,253,473,65,254,314,73,469,540,235,24,488,134,505,74,399,331,59,
171,156,545,2,48,213,303,6,520,2,
233,389,164,39,438,464,517,156,130,236,90,384,362,106,195,316,68,200,224,239,174,221,447,288,537,232,257,527,295,273,360,368,63,15,263,518,84,174,294,117,473,
316,409,76,46,504,233,375,181,136,244,519,286,62,135,270,210,267,150,370,545,493,102,34,272,73,116,32,157,325,516,183,451,487,193,379,7,439,304,249,228,186,62,139,264,144,113,481,60,470,244,
54,207,549,380,2,510,507,405,
237,313,284,16,128,120,447,484,537,183,261,298,64,302,368,537,389,322,422,312,232,26,449,545,34,
314,214,419,384,396,283,357,183,246,48,66,384,85,384,144,129,409,439,121,103,304,241,470,221,403,182,440,305,497,326,173,440,509,537,62,247,401,147,414,373,219,1,485,549,197,531,118,
209,96,514,446,374,448,464,515,235,82,70,278,352,451,496,507,152,380,496,22,168,61,548,0,
17,81,212,116,200,174,473,61,160,441,43,64,391,
62,316,271,177,300,232,185,39,163,48,408,317,228,518,121,470,301,510,
126,203,38,52,417,521,518,
417,545,234,121,451,465,466,34,339,532,
302,391,103,155,64,348,8,113,433,489,273,497,360,115,132,366,160,429,533,134,232,162,159,360,121,409,89,166,17,153,
434,112,538,150,412,17,251,245,314,18,479,472,267,197,340,142,296,501,395,140,98,47,511,155,474,392,276,290,325,176,193,524,335,488,152,237,271,168,408,129,232,125,203,57,129,520,
360,391,335,195,438,318,184,290,233,249,17,411,435,23,118,34,118,377,179,
160,31,81,254,221,524,342,528,90,89,302,312,219,125,406,201,154,22,94,139,439,68,137,56,348,140,
186,80,479,282,15,527,192,24,203,91,314,28,144,460,231,312,212,408,435,458,545,8,60,124,28,84,63,457,203,276,490,250,336,193,486,265,172,343,37,106,176,4,216,73,43,503,347,525,340,5,82,236,165,40,33,288,388,507,88,525,77,353,228,102,90,320,140,252,210,539,338,499,238,254,344,401,201,191,363,432,539,
197,86,30,94,59,213,314,
283,283,210,220,8,330,148,221,257,379,271,540,183,159,68,
327,375,236,313,358,413,422,54,545,225,74,427,154,240,267,524,434,470,451,134,163,301,502,510,48,
365,348,453,0,102,180,
24,62,82,419,378,287,409,503,138,235,289,403,
17,302,530,17,334,286,273,
518,95,430,382,476,317,317,14,356,233,247,412,269,126,
264,527,165,53,174,496,327,219,214,474,480,386,82,510,96,432,203,356,185,83,316,449,
238,221,162,322,389,207,134,251,394,473,476,499,521,458,195,456,475,61,63,294,98,506,
503,79,372,545,178,24,300,461,365,539,537,
495,425,199,105,77,335,323,416,442,80,348,411,449,59,257,500,1,415,
510,440,292,194,122,351,70,142,256,142,167,145,67,75,391,302,34,264,298,278,201,445,411,154,479,467,135,489,377,54,
512,301,61,345,
85,24,205,326,378,267,62,470,14,256,98,48,508,247,368,194,400,278,217,239,475,241,
105,292,300,197,478,277,470,194,64,547,453,5,506,497,
424,446,535,408,
473,361,534,402,414,138,397,233,
441,529,
304,93,70,118,498,388,505,241,523,149,279,184,483,361,10,205,23,
522,95,45,
109,244,434,187,237,136,0,
67,267,89,286,250,291,405,370,
6,432,171,547,425,468,
144,348,53,400,159,474,156,343,130,95,47,543,387,394,68,66,229,384,8,186,170,416,524,265,496,328,10,310,100,249,30,397,135,74,279,103,68,17,141,276,396,131,239,89,21,355,201,26,419,355,369,394,105,537,534,481,336,311,523,314,82,423,273,303,316,490,
82,118,29,528,494,
82,405,252,486,366,105,24,52,183,45,117,173,215,244,254,537,
468,212,231,284,393,337,161,118,348,547,97,171,51,358,478,129,453,34,332,69,
316,52,8,
73,419,433,7,288,171,251,541,195,40,23,334,289,83,4,336,549,368,291,
21,384,429,118,301,318,510,351,429,144,425,187,
292,173,502,
272,26,406,83,316,211,464,127,99,331,545,355,254,311,466,549,3,404,403,
32,332,335,164,202,168,265,377,404,103,134,313,328,395,533,94,545,105,427,175,319,294,140,289,7,
185,64,83,320,2,524,6,15,90,316,241,399,179,224,227,171,316,327,48,419,452,68,445,62,410,244,94,447,264,69,478,340,481,312,451,117,518,118,
348,430,532,219,276,387,200,49,57,118,178,282,431,305,
120,340,83,30,15,290,382,450,525,137,324,345,542,313,48,106,3,81,182,235,383,326,305,33,409,446,11,466,198,135,389,317,431,494,303,334,413,500,326,348,126,47,397,446,457,177,287,328,
518,293,197,237,319,86,112,258,505,26,486,2,412,
142,457,386,163,65,380,519,209,71,203,368,241,468,247,512,52,237,246,24,397,545,510,29,295,74,352,180,524,458,528,114,390,529,88,
177,276,508,120,59,126,480,
174,468,221,315,17,103,118,190,347,134,547,197,309,359,450,410,159,263,182,350,152,
533,183,162,507,181,435,364,523,119,33,112,32,201,250,407,112,382,61,249,285,454,331,474,
109,451,207,115,319,524,
237,142,118,510,56,11,353,417,208,
59,203,306,543,15,79,131,79,145,180,473,208,292,233,528,58,495,315,250,236,177,197,276,182,307,257,478,419,495,447,29,389,504,248,43,515,267,448,
493,334,374,121,381,468,506,65,
387,310,62,362,
67,7,335,204,250,88,405,433,470,95,74,346,2,17,463,478,348,241,
250,423,7,59,319,198,67,148,230,524,364,477,51,387,154,315,
238,264,326,186,161,38,96,399,498,68,299,
532,75,524,166,397,367,83,293,215,321,367,370,119,263,20,118,113,345,435,34,202,475,507,348,268,121,417,532,185,400,545,329,417,
276,301,348,37,
212,183,368,468,89,446,263,382,358,456,134,8,26,468,447,494,17,
244,109,131,177,493,197,458,267,185,270,68,388,357,301,96,201,13,
159,228,105,490,494,93,230,42,249,372,124,226,256,539,174,457,391,278,86,195,264,84,280,477,
300,57,468,534,499,221,89,63,280,146,
336,519,241,132,374,237,233,511,349,446,456,
100,419,526,261,464,374,174,340,
287,340,92,279,432,548,53,488,162,528,537,315,487,225,408,468,35,208,185,120,
134,52,163,194,419,53,239,475,405,183,416,0,475,162,
83,499,340,55,266,484,512,532,344,524,413,490,161,476,39,152,463,53,145,65,118,234,264,48,120,176,334,316,30,395,393,185,272,308,313,378,102,285,48,87,401,7,141,237,57,239,293,478,473,159,269,287,354,95,131,263,262,456,538,7,218,236,62,69,436,312,210,473,438,146,498,247,0,332,382,528,468,547,389,350,
472,156,452,41,434,430,46,163,50,368,90,215,331,217,170,393,400,239,50,254,491,
165,478,168,507,224,210,219,199,547,399,157,511,111,490,119,356,236,0,45,447,344,529,285,186,438,93,331,123,498,66,323,203,42,472,196,401,42,119,10,475,207,391,356,264,229,41,31,162,386,492,171,166,
351,55,229,450,153,182,251,106,231,377,306,204,409,425,516,132,547,75,215,289,47,21,517,
509,515,299,463,495,115,173,208,466,3,512,301,228,145,84,48,103,430,5,225,307,267,50,2,19,187,509,499,418,422,485,42,89,353,344,288,146,119,305,269,3,79,
228,63,284,20,134,159,475,276,336,332,75,353,472,494,507,31,118,228,533,211,304,455,298,519,
68,88,408,473,223,426,158,239,516,480,174,265,234,426,472,233,154,507,544,438,103,253,102,153,445,512,206,499,253,283,462,249,350,51,262,427,
391,387,212,359,408,
11,164,237,456,500,146,223,307,333,446,392,178,
31,2,228,267,470,347,373,393,398,54,121,377,524,476,
12,517,118,47,217,
299,509,161,113,74,349,355,431,514,25,201,498,370,210,547,156,374,382,476,462,265,162,8,102,253,430,64,18,305,238,503,290,513,499,339,134,508,158,495,310,
140,276,173,
537,459,524,430,268,228,524,219,7,213,525,144,409,169,546,265,10,345,233,331,422,237,2,451,516,391,352,469,482,312,208,122,530,319,503,
529,249,134,408,349,423,441,187,121,
418,388,219,
219,348,264,33,531,440,61,476,418,100,
184,462,252,103,381,541,376,266,317,409,157,391,134,304,141,102,82,397,533,402,270,549,52,397,549,334,
117,303,121,443,206,434,114,292,460,69,383,185,254,233,357,
83,157,52,515,57,31,73,117,547,
134,207,299,286,32,40,301,212,155,128,422,164,
0,438,490,462,180,357,211,523,355,145,488,389,137,410,191,393,527,384,360,501,508,185,177,280,458,389,450,429,458,485,365,83,361,
281,79,468,450,196,66,79,
201,299,300,144,160,523,361,508,384,344,64,74,90,361,138,190,360,175,412,264,305,241,328,223,163,445,244,518,305,186,312,
301,21,246,17,46,12,312,261,
512,21,89,83,88,419,331,181,402,326,473,541,385,378,127,142,148,196,427,11,288,252,466,446,226,102,401,158,
185,265,539,287,127,180,368,
316,387,286,79,461,412,131,45,332,533,
102,365,83,138,541,348,105,380,187,353,210,429,416,212,99,68,184,308,145,512,405,183,351,475,376,75,507,336,54,80,30,275,460,525,274,302,331,0,185,474,521,329,339,545,332,196,163,363,451,403,106,
271,473,278,2,27,161,39,44,422,317,
171,468,165,443,195,
446,79,336,267,212,459,499,498,391,345,178,208,188,465,265,165,212,304,145,165,371,512,519,203,280,296,343,201,424,118,289,
156,287,364,282,247,152,138,525,281,140,147,270,226,519,434,85,412,271,278,2,320,259,312,318,428,501,510,233,194,144,8,388,508,82,248,81,315,
217,422,416,292,69,254,63,114,12,
207,128,472,91,161,535,160,114,40,535,458,99,333,183,173,424,141,288,297,498,99,319,70,110,193,340,474,522,119,292,310,132,60,366,134,414,213,109,149,433,
89,160,103,144,106,228,211,53,362,393,483,499,535,549,502,261,319,500,544,302,191,347,359,
31,83,5,413,103,422,270,
267,349,162,532,316,387,281,255,64,185,387,208,113,492,549,422,436,33,254,446,549,244,31,67,179,470,147,501,530,284,347,207,225,435,540,286,89,39,265,59,2,
154,305,459,15,371,41,68,160,329,441,342,164,421,435,391,334,547,304,370,261,290,510,490,246,463,250,408,
157,83,549,176,183,340,89,312,295,419,538,296,500,384,288,371,316,476,315,5,365,425,464,278,524,57,184,58,131,371,133,93,372,543,335,
357,95,261,286,117,174,292,465,506,203,371,451,10,183,368,502,544,138,339,498,28,
30,224,135,284,237,301,105,505,0,75,
391,240,210,169,96,147,478,246,168,499,433,290,100,472,312,425,295,250,165,48,305,528,134,376,289,260,16,180,183,446,179,302,340,184,357,376,100,191,132,537,89,403,67,215,227,360,163,
425,524,474,157,335,387,31,48,495,224,440,57,78,112,260,511,6,191,541,320,2,31,4,160,197,310,213,452,220,228,3,56,151,17,541,478,103,21,505,135,232,530,
290,213,281,171,336,200,32,474,391,66,452,397,128,98,497,361,190,151,370,261,191,172,1,3,176,353,510,390,316,18,339,309,367,337,282,408,163,499,
468,203,531,476,144,6,62,71,190,83,377,
178,503,446,118,254,211,207,242,501,278,2,2,
451,121,541,226,131,265,35,109,537,498,524,106,314,501,203,387,161,528,3,
68,160,422,365,47,339,227,339,389,
161,468,238,451,
320,100,301,3,422,
57,174,438,416,210,37,277,103,83,153,251,402,425,193,210,99,168,254,192,233,434,126,348,454,83,347,253,486,397,
528,300,504,59,125,339,511,451,
200,515,312,11,162,367,20,23,293,320,17,438,518,353,203,540,433,311,512,54,118,170,437,
183,107,416,256,290,494,457,228,200,132,207,88,513,405,234,225,0,309,164,101,82,430,179,413,44,453,13,50,506,39,254,481,488,63,503,335,314,398,357,306,346,535,4,337,480,401,486,35,423,376,90,397,212,423,66,471,14,322,119,316,468,509,307,284,405,478,237,217,54,395,62,157,79,102,7,533,357,283,507,472,6,524,295,368,468,333,134,5,438,
7,438,549,305,384,203,183,83,250,273,315,35,210,110,70,230,63,469,518,125,326,207,376,265,535,32,128,
178,55,18,274,173,487,331,375,70,23,35,59,154,489,423,219,273,
278,209,330,157,48,450,400,293,202,242,184,282,304,391,489,159,383,101,510,8,271,275,509,510,488,85,159,266,282,498,398,531,104,198,
452,332,372,71,30,420,432,267,53,179,165,472,268,304,391,255,349,452,405,312,170,317,45,425,384,328,426,481,101,477,157,459,
37,465,515,
5,31,3,232,183,
334,135,186,223,533,252,35,538,30,133,493,246,162,258,184,
100,379,301,2,434,58,255,280,164,227,387,510,87,320,382,453,515,
70,547,255,7,
429,65,358,169,102,151,248,302,0,530,208,66,21,262,524,
485,314,0,2,517,375,136,416,111,505,
228,102,296,169,168,183,139,335,196,500,62,86,89,360,74,416,284,269,49,39,236,530,90,184,329,249,497,203,393,420,217,93,158,544,247,445,234,514,419,420,509,364,498,276,68,127,83,221,89,460,437,524,218,186,479,226,439,442,213,89,174,335,434,331,62,255,517,152,
44,85,203,330,279,538,6,547,282,89,375,80,
152,423,3,24,99,184,434,261,41,93,225,155,173,59,187,462,228,
64,450,139,105,236,192,437,185,305,450,467,79,294,429,502,
347,355,387,164,267,513,57,148,89,
37,276,387,437,447,198,351,
46,301,332,234,16,488,118,
63,233,217,177,132,127,469,80,351,140,215,399,23,0,191,228,416,342,253,260,118,268,214,19,374,315,57,141,418,290,526,30,7,307,408,437,75,112,261,277,319,454,
547,121,422,109,179,546,226,160,498,389,395,241,83,365,409,519,530,
74,464,525,439,454,169,532,303,119,431,178,267,242,33,358,291,182,31,144,448,2,134,321,257,107,167,547,304,299,546,68,228,264,211,527,419,464,205,547,443,370,375,432,382,29,534,373,149,201,263,332,492,
181,135,223,2,62,
348,302,472,120,121,365,398,419,67,123,
175,301,327,408,32,
286,316,455,504,210,46,45,78,363,357,333,104,429,134,29,409,509,
388,339,47,31,38,418,182,331,345,
17,23,454,436,148,430,360,208,144,237,495,25,192,236,24,17,545,23,353,249,273,160,404,235,524,507,117,360,425,410,301,279,503,535,346,199,331,
505,518,2,314,425,40,234,419,500,393,453,146,509,413,139,71,540,474,243,506,495,92,208,141,312,30,242,257,485,265,47,174,516,
34,510,515,339,203,220,457,469,66,521,357,265,
226,168,159,315,229,122,525,275,173,478,100,270,386,495,384,336,395,457,506,82,473,
265,505,216,165,482,112,299,88,230,61,139,43,436,444,159,174,531,229,463,386,64,339,18,185,520,288,415,34,
547,70,154,2,
106,351,389,187,87,233,154,400,408,65,157,254,102,
173,327,178,118,168,226,244,2,152,23,235,288,140,301,292,
387,198,140,267,396,425,316,377,36,409,534,285,399,496,280,347,282,391,100,30,164,417,142,180,
370,33,325,137,4,189,381,394,547,394,193,273,185,60,524,134,425,76,17,316,163,104,302,35,480,516,98,210,290,319,229,103,119,74,344,379,480,310,433,305,299,243,68,223,239,86,489,397,90,295,523,470,477,513,162,111,501,503,
232,474,55,526,453,79,293,105,458,255,305,538,465,89,416,321,118,175,62,2,127,434,61,302,329,153,425,439,476,5,266,
478,85,163,405,389,197,272,217,226,456,205,30,321,152,59,
7,155,389,284,73,380,84,352,395,537,316,288,508,510,451,303,443,518,400,67,21,
246,142,428,388,53,2,122,455,416,301,404,518,
62,456,387,335,422,181,
417,504,126,387,
203,80,254,200,
247,282,340,50,94,108,271,505,152,451,233,114,449,433,537,133,394,256,548,17,163,409,298,10,48,366,265,310,124,520,310,1,153,56,26,5,305,430,507,532,101,142,317,209,375,210,408,210,314,518,105,361,
280,159,0,524,387,249,376,27,100,289,174,502,182,
203,510,186,378,26,44,425,90,88,43,412,7,279,24,101,521,434,357,438,468,405,330,34,519,2,429,264,
174,330,162,26,40,230,185,57,68,81,298,349,487,2,218,337,105,145,216,492,448,331,237,242,75,384,483,121,312,325,197,450,329,265,384,280,537,282,118,221,517,
462,374,19,0,118,1,376,184,323,73,346,328,408,469,51,73,256,480,40,138,458,94,108,450,473,340,345,384,
52,535,83,356,175,454,531,273,126,184,316,533,227,236,214,
118,360,96,354,261,486,359,506,194,324,408,374,62,121,402,409,497,46,
524,301,162,327,135,62,488,547,17,158,251,46,286,280,41,144,331,
149,118,13,171,
422,226,477,547,40,124,217,255,284,430,31,71,259,281,330,304,31,68,320,16,271,517,187,
341,119,305,416,
300,331,62,495,105,372,528,121,524,503,549,189,483,
235,24,261,
545,104,173,218,122,64,237,405,137,57,18,132,388,18,307,113,266,361,507,419,439,280,389,484,45,30,99,138,511,503,417,380,521,437,102,217,24,440,129,
432,207,186,6,
45,20,199,126,146,112,319,236,82,175,179,389,417,62,133,485,316,30,221,
549,89,272,267,242,328,338,19,54,245,383,477,300,314,
288,120,303,98,233,265,524,380,391,398,401,67,88,91,118,73,512,153,402,203,195,279,52,56,96,244,251,375,386,529,
54,184,120,289,192,2,135,102,213,526,105,321,200,183,342,327,175,31,352,162,315,378,317,276,196,
254,118,336,192,291,66,142,30,470,282,355,422,117,203,
196,281,374,
229,403,212,312,73,323,349,354,203,215,345,23,490,473,270,543,180,191,326,56,365,428,479,212,549,224,139,185,357,48,328,468,489,85,246,218,249,120,18,257,481,221,275,546,197,469,24,498,310,393,336,226,44,107,10,249,
293,548,479,103,0,285,473,284,524,518,503,355,313,508,158,54,151,156,413,
88,487,476,26,507,142,
118,134,517,103,82,288,462,279,317,350,519,178,470,53,129,383,134,233,472,200,314,
144,513,437,420,0,332,345,504,68,263,370,443,22,474,244,2,532,366,213,267,211,29,345,230,468,468,128,430,437,387,236,
468,493,403,119,499,153,
47,226,505,30,323,121,174,7,340,330,388,411,0,120,370,376,68,383,12,173,
150,316,542,68,179,411,150,433,385,311,324,20,77,480,500,156,227,66,188,
347,21,174,10,434,31,130,541,480,326,412,510,335,123,
2,455,53,419,256,445,78,367,258,191,346,492,156,359,241,245,195,468,438,510,329,54,282,54,425,524,400,387,509,188,223,536,40,185,163,35,234,100,11,430,472,246,272,400,499,505,433,366,29,232,361,171,416,258,315,528,388,355,271,203,67,59,485,79,362,105,519,181,178,267,292,332,
465,37,417,456,30,405,
145,269,331,29,132,317,305,446,505,113,102,136,
237,397,59,83,371,166,518,434,154,422,255,117,75,336,544,134,447,132,438,432,374,350,12,107,448,69,495,
185,174,267,532,78,307,
510,382,184,459,435,342,246,513,548,549,272,331,58,50,197,91,283,203,261,522,1,428,276,414,531,261,548,278,269,373,62,
197,2,434,187,289,326,179,512,249,393,184,434,389,0,89,243,403,174,209,350,529,387,419,329,2,93,161,410,484,510,300,459,531,549,384,53,327,399,244,182,547,133,43,118,122,174,105,478,508,
8,283,187,330,320,487,460,482,278,549,316,332,
524,413,380,352,443,193,139,425,277,336,532,461,537,225,531,250,508,228,270,114,80,288,13,2,62,293,24,300,79,440,437,142,334,181,541,170,8,57,14,183,471,122,448,458,109,306,390,332,31,
531,78,490,103,333,422,245,541,161,180,3,524,477,118,265,370,331,20,293,430,353,110,377,254,236,408,219,468,435,259,227,2,138,390,361,94,
43,203,541,17,382,128,379,320,373,298,282,326,312,197,470,155,547,331,406,387,162,265,382,59,
21,528,512,312,249,281,325,4,354,38,331,3,207,46,23,449,301,374,328,347,179,456,450,317,352,307,517,7,
405,221,171,505,527,204,287,452,532,213,102,82,292,103,270,266,54,236,525,301,478,203,39,69,346,121,323,346,54,
408,434,529,118,336,44,228,158,490,269,531,344,247,63,254,122,175,154,424,470,
383,521,117,241,315,321,180,47,237,191,384,483,
187,416,408,389,434,153,381,318,128,263,519,511,407,517,402,77,509,448,310,343,107,368,548,295,189,418,382,529,470,221,155,472,538,72,517,226,328,268,511,321,79,180,5,174,549,286,200,77,278,445,493,472,79,106,164,509,150,228,507,43,389,529,192,508,422,109,21,
535,438,23,30,81,431,335,512,261,328,52,531,379,422,233,210,456,412,312,7,68,424,
403,102,228,476,321,533,314,391,468,505,24,272,
210,221,162,65,104,183,424,121,424,98,165,244,184,475,534,
541,347,512,531,504,510,155,184,193,65,177,77,43,474,451,523,92,401,285,119,524,59,312,425,311,168,436,73,488,284,
276,177,273,59,140,337,238,54,
331,480,512,373,485,35,208,67,102,463,225,528,533,351,279,514,537,531,224,456,524,84,423,43,251,184,9,359,17,
162,62,326,524,139,210,349,184,165,334,20,34,270,
182,163,105,388,314,174,280,
135,327,334,24,524,58,174,181,224,542,308,457,94,414,30,376,457,388,425,
270,481,487,316,156,199,301,58,471,405,31,493,20,184,438,524,143,409,468,406,143,226,495,260,162,
502,9,547,52,292,547,
251,118,174,15,277,524,160,410,448,70,444,539,
284,492,266,228,329,480,367,237,370,293,440,183,47,198,78,218,408,267,422,281,130,233,287,
29,2,286,142,82,305,487,442,359,59,
501,178,473,451,456,48,
138,24,357,531,
330,44,8,203,422,2,352,361,142,
377,32,351,531,58,526,221,381,428,504,510,166,460,360,468,
221,81,282,405,320,263,413,228,291,340,238,138,139,499,434,300,171,240,536,283,261,194,121,91,412,350,495,255,444,509,
261,291,77,118,118,152,497,89,162,105,98,273,
284,255,380,
48,448,321,474,83,509,193,378,62,462,483,450,247,166,118,63,43,185,329,431,222,85,103,17,324,105,437,488,501,453,508,326,87,327,
62,497,355,113,57,451,101,204,380,226,515,198,45,84,196,391,5,204,460,187,417,317,533,144,235,9,432,256,241,85,162,76,183,524,184,185,374,32,24,407,221,83,474,458,118,305,499,45,500,511,228,495,207,473,132,456,320,
210,199,191,524,503,6,531,107,239,40,178,203,497,133,333,253,413,169,358,355,270,105,165,358,101,365,196,69,96,87,283,158,199,473,419,501,347,505,175,482,261,397,472,157,433,391,407,456,316,167,277,286,299,533,292,57,15,102,262,34,286,169,311,271,434,226,307,451,344,83,247,270,453,434,534,
350,434,118,221,477,68,237,174,268,459,39,232,389,517,83,
87,100,445,488,48,
340,287,515,247,341,223,4,336,251,433,245,513,434,231,136,186,347,193,272,100,488,157,208,249,456,198,120,431,396,109,7,83,47,185,462,355,
289,181,280,168,34,366,351,438,241,484,
132,351,207,145,464,216,147,336,391,237,1,261,71,
118,198,0,458,358,464,
24,326,532,85,423,25,70,470,522,103,531,31,476,16,98,260,304,17,91,524,203,134,360,432,437,450,545,210,
470,43,267,67,62,523,24,262,501,327,358,
443,331,450,144,117,93,70,485,336,542,274,454,327,374,74,232,70,171,449,524,224,226,481,322,522,416,171,438,
434,347,109,312,117,210,350,100,119,
464,132,121,241,374,511,171,118,241,
121,314,528,150,190,250,457,161,297,210,487,464,33,47,118,416,284,405,443,417,376,221,213,29,530,444,493,348,461,24,451,521,281,532,34,62,156,31,210,300,30,332,112,529,
198,387,62,340,207,285,329,349,373,37,478,383,422,284,422,15,316,250,44,118,246,120,53,448,14,278,521,
481,81,25,516,439,264,539,299,284,270,411,285,99,172,359,68,144,435,217,54,518,267,53,221,223,440,11,15,412,534,185,505,247,288,529,185,49,27,465,253,331,375,179,186,304,245,538,112,452,71,346,329,529,531,79,203,487,458,57,21,517,504,473,184,316,
320,156,43,425,317,61,263,366,303,111,403,104,461,62,361,
499,327,522,83,195,116,447,181,348,63,120,463,326,509,2,42,487,458,334,146,299,176,68,62,474,364,290,
203,333,59,163,419,446,34,415,126,264,52,111,288,528,208,451,384,358,
223,11,181,440,210,
387,70,382,37,232,438,440,43,381,250,451,431,144,
80,470,203,495,49,173,255,307,3,84,85,44,
3,531,21,422,118,265,485,488,328,152,324,490,546,173,159,151,80,502,520,202,21,320,5,451,
423,301,529,292,480,
547,22,161,355,541,334,337,339,447,74,373,467,279,58,195,528,176,502,9,234,396,445,254,102,449,299,86,160,75,451,83,524,434,44,352,526,292,347,210,182,274,381,189,211,138,281,427,6,74,52,105,422,468,357,351,463,488,495,241,238,539,79,
487,174,43,478,116,493,77,370,172,239,36,450,335,316,147,218,372,11,236,286,
312,157,42,438,169,280,289,200,117,428,38,448,452,467,289,42,119,192,184,513,450,2,165,404,250,43,160,57,174,83,537,352,237,361,435,445,101,301,201,505,
261,474,67,237,535,244,311,355,357,480,18,510,285,19,221,438,203,100,348,533,207,290,
526,100,232,86,101,401,
30,363,33,178,350,538,298,120,403,445,536,38,349,487,323,309,115,192,24,154,506,263,308,199,431,85,493,427,106,336,477,505,468,417,90,452,111,375,503,13,142,378,310,102,237,535,219,139,342,379,197,393,274,218,254,177,85,396,331,465,134,63,45,130,108,
373,530,25,380,454,214,534,433,271,217,377,64,275,70,344,478,97,186,17,305,89,171,74,274,430,522,456,488,471,43,44,309,474,335,445,456,45,
416,57,2,121,384,205,331,368,308,528,
539,503,185,547,257,298,331,
194,85,273,134,120,
177,384,355,
255,80,70,213,232,216,284,
142,254,330,
227,279,422,166,41,408,523,100,531,206,68,391,52,
315,59,383,118,421,54,185,
380,3,326,62,361,154,346,420,438,335,92,148,331,545,503,524,19,102,105,468,7,249,424,412,468,361,54,42,461,331,433,182,91,71,104,205,248,284,318,
247,83,241,469,
438,237,537,418,45,501,322,239,475,369,481,103,231,545,316,363,390,481,490,227,303,448,184,402,35,432,247,269,67,77,91,280,312,533,535,68,213,497,7,418,183,211,324,432,492,37,262,387,164,19,83,443,529,203,
384,104,400,319,238,136,296,254,278,86,206,524,177,222,347,426,159,512,132,196,314,450,106,533,217,157,309,170,211,233,433,396,0,203,12,264,221,540,456,201,79,297,197,0,90,7,184,361,
329,48,197,205,490,135,395,413,429,493,2,321,198,127,214,361,366,298,329,253,105,102,142,155,148,529,532,
521,203,179,383,210,121,102,468,198,
445,2,519,510,216,380,452,510,125,0,531,170,265,105,188,201,182,495,87,470,
517,481,81,45,135,12,233,384,516,21,174,530,350,
241,457,547,210,314,15,101,106,149,122,272,497,121,185,474,223,434,15,450,49,532,58,547,152,2,208,56,142,263,247,304,537,78,379,487,25,29,435,327,145,163,201,383,144,534,289,488,289,259,537,85,464,67,
474,401,290,221,232,169,401,200,434,241,479,192,401,490,237,488,11,301,425,541,193,370,448,310,370,62,542,184,102,135,109,373,145,510,505,151,293,402,533,
374,62,299,98,82,2,100,462,392,336,331,164,405,63,443,295,196,346,379,160,400,118,310,332,451,464,254,365,237,370,249,493,196,190,
181,499,533,289,79,307,453,308,301,524,170,247,319,492,353,312,
128,134,161,180,43,144,393,401,34,7,
468,445,78,174,300,281,270,283,514,264,286,287,213,295,412,183,219,253,261,310,546,144,163,212,521,
192,17,54,283,400,474,112,75,407,440,187,427,335,540,164,
94,462,197,349,
337,361,276,
495,221,300,119,505,59,62,208,533,237,
15,365,120,458,24,44,380,519,241,375,479,524,130,422,454,173,378,480,210,237,515,301,103,431,185,249,251,244,296,524,69,103,152,191,374,198,531,276,371,126,262,421,517,233,162,99,
69,324,15,491,237,83,473,117,468,405,391,217,
29,328,348,121,145,30,161,299,370,
52,103,142,232,68,134,417,506,62,251,188,103,
301,342,15,369,219,355,460,175,29,263,383,232,277,95,271,244,269,450,404,106,216,145,292,250,464,509,524,317,347,512,286,375,405,276,322,476,163,22,134,118,13,100,320,423,476,512,62,239,248,430,
519,547,269,491,
361,545,473,42,312,146,0,531,
226,52,456,266,219,229,389,441,310,460,197,86,494,208,28,27,258,364,65,460,487,170,232,167,158,304,336,481,540,465,368,183,329,342,368,453,451,192,83,61,64,256,228,306,3,422,406,547,229,187,47,210,0,261,391,443,178,412,2,430,
437,517,524,286,314,518,37,480,170,180,279,348,63,200,
284,0,310,30,541,
470,80,118,105,40,254,10,412,212,408,316,445,
534,387,473,116,537,32,234,519,519,30,300,242,495,210,
164,438,42,192,199,283,154,235,53,229,328,1,238,77,187,502,32,374,11,229,403,359,159,129,347,257,71,311,100,516,519,
433,302,67,338,200,73,251,467,336,501,380,207,51,458,247,164,100,52,188,384,
118,147,359,89,48,251,377,532,468,445,411,302,447,50,166,12,301,221,360,408,185,
382,74,299,89,474,235,103,384,419,257,236,430,3,28,120,43,120,516,159,534,538,518,491,457,212,533,422,510,257,100,103,470,520,277,108,299,83,
410,517,174,2,521,17,133,317,146,
523,22,180,132,294,533,359,514,463,543,470,144,383,469,526,67,
264,102,237,249,279,355,177,456,384,26,480,522,169,238,366,132,203,201,147,194,250,331,437,159,454,57,
34,208,210,121,361,360,162,414,268,4,163,219,237,
335,434,425,535,487,94,473,32,430,226,67,360,237,344,294,254,62,117,244,373,157,192,
86,292,526,61,
359,29,391,331,89,
12,301,237,
370,29,67,
120,194,
4,73,34,
34,45,468,128,
528,327,416,2,83,
242,279,534,505,
345,509,388,512,462,
494,82,212,
71,164,468,
0,47,400,30,
221,62,229,174,45,
294,134,335,233,105,
272,208,348,
362,2,387,273,
112,63,207,121,
319,63,537,456,
105,247,361,
282,254,208,2,174,
257,164,539,505,
322,384,422,
184,384,152,79,
212,391,470,
16,292,422,46,
192,269,254,
107,237,31,
65,106,493,
382,387,440,43,
