348,176,166,437,455,29,57,517,30,435,60,130,272,141,539,467,371,49,57,
411,405,383,294,362,160,466,100,133,141,
183,107,416,256,290,494,457,257,200,132,207,88,513,405,143,225,0,309,164,101,88,430,179,413,44,453,13,50,506,39,254,481,488,63,503,335,314,345,398,357,306,346,535,4,337,480,401,486,35,423,376,90,397,140,423,66,471,14,322,119,316,468,509,307,405,478,237,291,217,54,395,52,157,102,7,533,357,112,507,472,6,295,368,280,468,333,134,5,438,229,407,12,424,481,410,233,538,337,
53,74,88,62,270,435,180,425,483,494,89,
45,517,487,379,
260,180,272,
89,512,118,217,192,441,442,11,67,136,151,411,224,510,295,331,130,313,294,303,492,267,148,101,53,
19,370,59,187,
348,7,472,120,121,365,398,419,67,123,117,464,245,472,190,306,
276,273,59,337,238,54,225,443,481,218,362,88,174,530,
401,163,151,62,103,59,109,
487,389,94,3,241,45,112,317,408,350,
337,186,416,214,201,121,329,393,272,183,
5,414,39,183,28,195,196,343,544,228,462,347,
331,480,512,373,485,35,208,67,102,463,225,528,533,67,351,279,514,542,537,178,224,84,249,84,423,43,251,57,9,359,17,242,532,63,262,361,207,326,85,
317,410,163,277,54,402,514,259,239,280,287,88,249,210,434,74,467,255,443,505,
138,357,7,539,288,369,413,280,
269,179,62,31,518,192,390,218,103,105,165,272,481,216,340,457,523,
280,159,467,387,249,376,27,100,289,174,502,182,231,237,64,295,297,118,391,88,
445,408,519,274,216,380,452,510,125,0,531,170,265,188,201,182,495,532,125,57,452,86,23,
518,293,197,195,319,86,112,258,421,26,486,2,412,128,285,104,141,173,314,396,173,
326,418,192,489,124,152,
329,174,205,490,135,395,413,429,493,140,321,201,127,214,361,366,298,329,253,102,142,155,148,529,532,525,237,174,
67,267,89,451,286,250,291,405,48,331,30,34,386,174,242,
539,399,298,331,127,547,428,138,94,
34,424,210,121,361,162,414,268,231,163,219,237,123,131,54,481,388,157,138,246,387,408,451,216,161,
107,48,31,531,209,29,37,480,413,
384,548,228,323,322,323,127,455,468,128,409,
52,103,84,232,68,134,417,506,62,251,188,103,130,300,355,496,423,134,510,43,239,
91,80,364,489,
264,102,241,237,249,279,355,177,121,14,26,480,522,169,238,366,132,203,201,147,194,250,331,437,159,454,57,117,315,376,545,
176,44,337,268,87,132,280,372,339,468,347,
120,520,263,390,290,292,525,137,324,345,542,313,48,106,3,182,235,383,326,305,33,409,446,11,466,122,135,389,317,431,494,303,334,413,500,326,348,126,397,446,457,287,36,121,24,416,124,272,102,316,
205,466,12,7,512,55,75,491,2,45,68,272,
178,55,18,233,274,173,414,331,375,107,23,35,59,154,489,423,181,52,219,273,100,257,423,
333,288,289,210,500,447,
465,37,417,413,172,405,181,295,309,494,547,
490,438,339,220,174,306,479,103,518,177,445,366,475,533,151,178,285,15,297,515,105,329,340,331,473,276,244,503,155,159,221,77,494,228,473,59,173,175,408,154,446,30,125,200,239,380,14,426,516,
121,314,528,150,190,250,457,161,297,210,487,464,33,208,201,118,416,284,405,443,417,376,221,213,29,530,444,348,461,24,451,521,281,532,34,62,156,31,457,300,30,332,362,112,529,397,91,549,149,40,194,152,398,267,549,185,337,259,547,120,
250,423,7,59,319,291,479,67,148,230,364,477,51,387,154,315,368,71,16,120,267,294,400,266,517,201,320,
326,63,499,150,76,154,183,129,134,61,20,205,549,425,213,406,260,30,226,319,227,518,259,350,503,428,87,39,322,477,234,41,455,418,191,13,159,273,548,314,287,274,287,238,80,68,365,120,239,464,46,7,398,335,506,68,92,546,502,152,303,331,
420,403,71,109,381,267,272,351,
420,251,543,308,419,
103,455,416,
151,530,401,194,403,292,138,89,32,239,519,243,363,72,339,61,40,
134,168,1,155,128,422,164,440,512,326,3,163,290,164,57,473,410,509,
37,21,387,437,447,57,26,351,80,124,309,89,198,64,325,547,107,236,525,148,500,
24,326,532,203,423,25,70,470,522,103,531,31,476,16,98,260,304,17,91,134,360,432,437,450,545,210,37,186,459,120,90,341,17,163,378,
216,105,2,269,34,
262,518,474,443,187,64,182,168,42,170,531,227,
546,145,9,235,
377,172,177,58,526,221,381,428,504,150,166,460,468,66,344,240,326,274,405,271,178,523,526,210,
392,462,197,
466,391,261,0,135,205,531,491,527,411,452,497,419,
221,81,282,405,320,263,413,253,291,340,362,138,139,499,339,434,300,171,240,536,143,81,194,121,91,412,350,255,444,509,217,
117,303,121,443,206,172,114,292,460,521,383,99,271,254,233,357,209,406,257,
164,438,42,192,199,283,154,235,53,229,328,1,238,77,187,502,178,20,229,403,359,159,129,347,71,311,100,516,519,271,129,449,7,134,215,489,408,287,267,
438,304,537,418,45,501,322,239,475,369,481,103,231,545,316,363,390,481,490,227,303,448,184,402,35,432,247,269,67,77,91,280,312,533,476,68,213,497,493,7,418,183,211,324,432,492,37,262,387,164,19,351,363,443,529,345,59,540,145,89,126,22,284,545,
502,195,9,52,292,547,475,157,326,54,23,73,
292,117,504,59,406,86,364,423,16,92,461,250,184,234,541,549,476,38,258,516,64,347,522,201,
531,262,466,131,107,316,102,121,346,522,347,70,
317,247,145,320,487,275,359,62,212,326,510,518,251,199,333,453,104,135,136,538,271,8,96,162,388,212,487,37,485,70,
61,320,342,209,533,311,530,272,71,464,472,512,86,200,404,472,436,494,109,
361,486,337,201,180,349,464,331,70,320,483,
389,536,165,256,416,85,285,30,475,208,374,199,391,45,500,199,402,65,219,236,87,487,68,33,77,151,240,284,310,326,310,298,493,391,
340,357,269,517,
152,423,15,24,99,184,434,69,41,93,225,155,173,62,59,187,462,326,533,125,244,454,311,378,527,145,452,330,326,
341,311,416,391,102,320,210,
116,7,408,43,164,
549,89,272,267,242,328,338,19,54,245,383,477,300,314,317,292,310,121,288,517,185,484,333,380,
347,355,387,164,267,513,57,148,89,330,272,498,5,323,8,511,531,
174,468,279,462,221,315,17,103,118,190,347,134,547,26,339,309,359,450,410,159,263,182,350,152,473,344,160,517,85,217,67,
532,75,166,397,367,293,215,321,367,370,119,263,20,118,113,345,435,34,202,475,507,268,121,417,532,185,400,545,329,417,271,298,285,547,492,325,445,513,
197,
320,100,405,507,422,516,288,426,383,250,409,
387,536,37,232,438,43,381,250,451,431,370,159,540,182,64,284,411,34,364,
236,67,538,394,84,419,343,2,249,479,281,227,240,55,64,539,287,0,45,475,270,84,168,416,242,243,23,52,221,146,393,105,238,102,540,57,5,488,536,284,37,254,
152,357,537,331,235,65,438,288,
88,423,422,183,545,
17,116,200,174,473,61,160,441,43,64,391,59,271,215,224,284,400,360,
337,361,276,404,176,282,220,533,97,
200,490,132,45,
187,416,408,389,434,153,381,318,128,263,519,511,407,517,402,77,509,448,310,343,107,368,548,295,189,418,382,529,470,221,155,472,538,72,517,403,369,268,511,321,79,180,5,174,549,286,200,77,278,445,493,472,160,164,150,228,507,43,389,529,192,508,422,109,350,518,364,103,105,262,
499,327,522,344,195,541,116,447,348,63,120,463,326,209,42,21,339,334,12,57,176,68,409,474,364,290,339,201,189,120,290,222,443,405,
89,103,196,106,536,211,53,362,393,483,499,535,549,502,193,319,500,544,191,347,359,93,132,417,
118,180,457,358,192,161,104,171,389,263,527,181,391,149,107,528,31,201,311,235,65,168,376,498,51,165,121,306,423,174,79,511,290,
272,348,147,167,181,207,59,347,378,286,249,420,269,337,5,
138,34,37,151,
513,154,287,362,532,200,9,
68,300,202,422,365,87,339,339,389,89,128,474,
413,500,465,72,374,103,107,138,
447,189,175,318,87,37,59,246,339,193,107,261,249,312,151,447,446,234,
273,433,84,391,
197,86,30,38,94,59,213,314,480,533,525,301,449,423,423,148,
417,545,121,451,465,466,34,339,532,70,239,307,326,89,120,194,483,376,132,259,203,184,62,
198,37,532,537,158,
149,364,272,118,13,171,332,244,
310,389,112,168,416,376,380,67,
251,118,174,495,277,219,160,410,448,420,444,539,496,89,
302,7,261,229,
156,287,364,282,247,152,138,525,281,140,147,303,226,519,434,85,412,271,278,489,320,259,312,318,428,501,510,233,194,483,8,388,508,82,248,315,109,425,443,
441,203,529,356,206,263,448,545,
273,79,326,315,303,265,132,221,398,76,5,233,237,341,358,277,194,276,310,440,481,285,315,362,61,101,231,451,60,290,126,170,536,
543,292,85,488,420,159,64,433,154,45,146,368,
473,65,433,362,451,
296,300,
470,43,267,44,545,62,24,262,501,172,358,533,296,218,447,
70,416,255,7,67,91,268,345,62,317,233,346,261,531,403,
447,105,442,498,530,120,
292,173,502,350,377,414,543,545,184,102,267,293,71,364,445,540,
249,236,280,316,277,331,513,326,529,229,447,450,403,68,368,272,
9,267,64,416,102,546,64,349,513,136,
339,311,473,305,329,465,419,
547,121,422,109,179,546,284,160,498,389,395,365,409,14,530,301,288,437,465,544,
71,164,468,420,250,308,412,171,317,292,493,84,515,
12,517,118,536,217,513,447,205,446,
452,332,372,71,472,436,420,432,267,53,179,165,309,268,304,391,255,349,452,405,312,170,93,317,45,507,384,395,426,481,101,477,157,459,145,445,84,397,212,542,
288,120,303,98,233,198,380,391,398,401,67,88,91,118,17,512,153,402,203,195,279,52,56,96,244,251,375,386,529,319,143,184,317,401,406,395,549,200,152,
424,293,435,408,111,414,100,229,
330,160,437,474,
180,23,104,118,497,391,39,134,163,52,321,78,437,319,447,59,252,127,229,44,549,80,103,510,487,64,325,458,473,500,541,443,548,408,235,243,16,214,242,260,445,332,526,
238,279,264,326,186,161,38,96,489,399,498,68,45,330,304,500,
239,490,317,62,273,6,518,52,14,98,203,416,537,82,
352,468,254,209,
301,17,46,316,312,261,547,408,528,197,
17,23,454,436,148,360,208,459,237,495,25,192,236,24,375,545,23,353,249,273,160,404,235,247,507,117,151,410,301,7,279,503,535,69,346,199,331,497,520,252,426,70,135,509,161,288,308,
228,384,34,178,458,20,5,37,267,49,107,103,8,
448,266,235,229,518,1,399,416,64,
31,2,228,267,470,347,373,393,398,54,121,377,116,24,235,504,437,
254,163,495,203,267,57,272,224,228,230,460,333,178,408,28,217,268,98,533,362,55,331,64,21,464,352,162,164,226,414,296,
316,531,289,120,
512,451,61,345,285,121,275,96,129,109,432,
332,272,102,46,449,74,444,121,537,548,8,518,529,143,183,203,81,315,434,180,421,497,221,
533,237,183,115,507,473,435,364,119,152,33,112,201,250,407,112,120,407,61,249,88,285,454,331,474,471,500,46,350,142,233,314,375,
416,294,103,297,9,408,274,422,266,239,375,203,
231,280,185,364,102,34,315,248,304,432,
91,180,70,121,102,30,100,453,489,82,
54,204,120,289,192,135,102,213,526,122,321,200,183,342,327,175,31,352,209,378,317,276,196,189,120,34,264,474,468,437,247,
277,260,519,67,319,519,
428,474,539,345,234,402,359,66,
434,203,270,312,
64,289,242,139,105,236,192,437,130,305,450,467,294,429,502,280,387,537,100,9,458,280,118,452,
322,384,422,371,408,425,410,156,278,
351,446,438,420,
545,438,368,23,485,
498,547,449,477,40,492,384,43,172,451,357,261,443,102,274,345,523,347,129,447,505,513,
40,172,494,196,151,
8,141,187,330,320,487,460,482,236,549,292,482,134,332,154,228,
94,462,197,349,487,479,5,133,323,364,368,233,539,
159,228,408,490,494,93,230,42,249,372,124,497,256,539,174,457,391,86,195,264,84,280,200,477,334,181,543,21,171,156,
162,221,326,124,299,349,184,165,239,20,34,23,354,370,317,70,178,445,409,152,109,79,
44,85,195,103,187,330,279,538,6,547,282,89,375,80,176,178,187,273,441,350,173,507,463,361,470,325,214,
517,523,406,422,54,118,210,423,410,266,499,377,129,422,465,10,437,495,375,207,268,311,142,300,298,212,185,318,520,100,177,340,299,
489,80,164,91,218,326,
443,362,331,262,157,117,93,70,485,336,542,348,274,454,327,402,74,232,70,171,449,64,224,118,481,322,522,416,362,438,276,183,180,231,498,78,200,
424,468,530,174,432,
79,537,59,293,416,187,281,482,426,30,303,460,14,535,319,210,184,345,43,263,
145,269,331,29,132,317,454,357,505,113,102,136,438,452,546,152,
85,543,537,243,331,
389,482,545,317,7,118,331,385,59,250,421,489,423,446,28,226,295,455,10,268,538,237,191,38,314,59,
342,419,308,228,364,179,545,181,
335,434,325,545,94,473,430,226,113,237,344,294,254,117,244,407,157,192,365,58,59,432,193,237,388,490,448,252,473,490,
37,465,418,64,84,68,147,198,263,141,416,138,167,228,396,52,
168,289,260,434,165,60,66,227,134,102,538,262,228,403,310,359,222,
330,44,8,230,422,2,352,361,152,244,47,308,525,238,525,
271,473,11,27,161,39,44,422,317,355,164,231,444,83,377,193,
105,292,300,165,113,277,402,194,64,453,5,506,497,87,544,497,201,432,447,216,174,236,122,415,187,545,
38,300,292,272,
331,443,254,174,32,155,423,543,388,198,152,13,132,419,33,365,364,539,155,454,254,
112,310,487,121,165,545,238,
540,80,387,236,174,212,387,543,529,
423,250,331,370,48,88,183,178,500,255,51,493,197,308,453,407,364,
134,52,163,194,419,53,239,475,405,510,183,416,542,475,174,406,300,276,483,126,180,311,
433,120,338,200,273,251,467,336,501,473,446,51,458,247,164,100,52,188,74,47,543,480,335,
362,121,321,273,260,330,411,254,90,267,339,468,221,466,316,247,443,323,513,473,314,276,29,290,63,436,383,530,
192,285,247,326,376,314,394,
238,423,530,322,328,182,516,
120,194,54,247,250,404,261,215,220,328,
308,537,330,71,342,316,306,420,484,184,17,
432,424,231,512,
494,82,386,197,267,547,345,480,464,40,287,
287,233,92,455,279,432,548,53,488,229,528,537,315,487,225,408,468,35,208,513,314,120,173,117,45,335,236,164,
317,288,71,389,376,530,336,
86,292,526,61,84,81,187,274,445,22,259,329,295,107,
195,148,518,44,
267,349,532,316,387,281,255,64,185,387,208,113,492,549,422,436,33,254,528,549,295,31,67,179,470,147,501,530,83,347,225,435,540,286,89,39,265,59,224,416,247,187,484,194,362,228,237,
198,37,64,118,339,21,412,472,465,
157,549,149,176,183,89,312,295,419,538,296,500,55,288,371,316,476,315,5,365,464,524,57,141,58,131,371,133,93,372,543,335,69,314,457,229,34,
134,146,228,201,174,9,424,311,529,333,294,52,449,501,441,74,177,302,
290,213,281,171,336,200,32,474,391,66,452,397,128,98,497,361,190,151,370,191,172,1,3,176,353,510,390,316,18,339,309,367,337,282,408,163,499,89,118,63,210,89,95,362,425,
217,422,416,292,133,254,63,114,12,324,295,42,180,184,
193,15,447,335,17,464,
521,227,179,383,147,210,24,121,102,468,33,359,108,312,122,184,163,229,101,
203,333,59,163,419,376,34,415,126,264,52,111,288,528,208,451,358,441,383,434,333,159,84,341,239,416,
526,42,88,86,101,512,245,401,21,64,527,180,278,358,
458,180,391,59,228,331,505,64,182,391,203,311,
127,23,
341,185,264,203,
368,109,288,314,250,350,326,325,100,545,199,338,543,180,524,
289,438,80,280,168,34,366,411,438,484,160,289,267,313,316,333,213,316,464,
154,300,513,459,15,3,371,41,68,173,329,441,342,164,421,391,334,534,468,304,370,261,290,22,490,246,463,250,408,530,213,
173,370,287,547,44,160,249,518,
254,336,192,291,66,62,80,525,355,422,117,323,230,331,81,172,132,191,236,
405,221,171,505,527,204,287,452,532,213,102,292,103,499,266,54,236,525,509,451,320,39,423,346,121,411,323,346,54,92,388,
545,104,173,218,122,64,237,405,137,57,18,132,388,18,307,113,266,161,507,419,439,280,389,484,45,30,99,138,511,112,417,39,521,437,102,217,24,440,129,84,539,391,216,259,25,335,342,
453,423,91,336,120,247,298,473,141,
384,498,480,426,223,320,452,336,538,174,517,89,462,188,299,265,440,143,410,492,423,
43,216,17,128,379,320,28,298,282,326,312,492,470,155,547,331,406,387,162,411,255,59,514,498,7,50,161,14,109,
210,199,191,524,503,6,531,107,239,40,178,203,497,133,333,253,413,169,358,355,270,122,165,358,101,365,196,69,96,87,377,158,199,473,419,501,347,505,175,482,261,397,472,157,433,391,407,373,316,167,277,286,309,533,292,57,192,102,262,34,222,169,311,271,434,503,307,451,344,248,247,270,317,533,534,79,517,477,385,88,230,
200,452,312,11,288,367,20,23,293,320,17,438,518,353,201,540,433,311,512,54,118,170,437,393,511,338,422,294,261,241,301,379,513,443,
109,424,339,187,237,136,91,39,219,440,368,419,184,420,311,537,62,385,118,547,
62,316,271,177,300,149,39,163,154,408,317,320,518,121,470,149,268,528,152,124,390,496,109,169,530,
100,379,380,58,255,280,164,387,510,344,320,424,453,17,405,453,221,123,140,449,65,402,47,360,64,272,368,124,60,
387,103,140,267,396,375,377,36,409,461,63,285,399,496,280,347,282,391,100,30,164,142,180,222,455,
518,239,111,337,317,317,14,356,233,247,412,269,126,128,448,170,262,475,491,184,
14,535,264,55,245,425,463,490,58,526,542,
104,434,364,410,30,518,242,158,220,504,
171,103,71,159,7,
525,330,254,230,197,37,29,
272,332,260,38,63,490,530,205,
542,172,255,388,331,134,
365,348,70,102,373,180,468,
16,292,138,422,46,287,473,250,25,366,241,484,32,195,59,
349,468,84,361,9,
284,252,401,294,255,67,115,55,17,549,
519,322,228,339,138,321,407,498,277,518,514,
267,420,9,7,164,
184,312,217,534,518,
118,147,359,89,443,251,377,532,57,445,411,302,447,50,166,12,221,408,480,236,300,474,130,198,291,537,
437,355,517,286,314,518,37,480,170,180,279,348,71,200,292,339,71,89,355,505,294,54,6,330,31,
532,107,198,
39,350,405,267,89,470,226,545,179,221,5,
222,388,457,210,327,518,168,118,252,
412,201,518,221,468,57,160,518,98,388,530,167,408,71,519,
327,504,443,89,295,499,40,476,195,109,235,417,63,33,173,186,375,9,443,92,159,290,535,441,54,524,132,152,477,544,
425,53,290,157,322,
416,79,311,217,176,436,328,236,443,468,341,214,238,120,56,490,134,262,102,495,433,65,28,103,135,218,201,310,
103,67,52,187,442,228,413,
312,157,42,438,169,280,289,200,117,428,38,448,452,467,289,42,119,192,184,513,450,2,165,404,250,43,184,57,174,461,537,352,237,435,445,101,301,201,434,188,192,96,281,328,521,500,
109,156,118,61,401,
229,403,212,312,73,323,349,354,203,215,345,23,490,473,270,543,180,191,326,56,365,428,479,212,549,224,139,185,357,48,328,468,489,85,246,218,249,120,18,257,481,221,275,546,197,469,24,498,310,393,336,302,44,107,10,249,234,183,187,528,448,374,384,424,
501,272,88,157,
88,21,0,26,507,437,53,280,386,98,443,128,298,511,196,501,
160,187,174,102,364,
446,351,537,83,447,
134,291,322,4,118,397,136,408,61,336,153,13,
345,509,388,512,462,428,362,494,163,184,
310,549,389,161,405,
174,330,424,26,40,230,185,327,57,68,81,298,349,487,2,218,337,145,216,492,448,331,237,242,75,384,483,121,312,325,514,450,329,265,384,280,537,118,221,517,540,400,337,530,252,105,543,329,
418,388,432,36,300,362,326,549,152,334,37,
464,132,348,121,241,511,511,171,289,209,
182,163,278,388,314,174,280,454,180,145,72,458,262,502,238,
422,124,448,504,517,537,327,437,295,120,252,547,103,152,287,301,462,481,171,74,510,546,285,286,121,524,290,383,329,322,104,52,26,468,
64,444,526,253,34,476,407,490,206,262,473,153,201,485,545,479,260,469,275,379,185,163,522,262,196,291,339,
303,23,326,
519,359,412,277,
67,277,103,236,191,296,445,310,279,
272,26,406,401,316,211,464,127,99,331,545,100,254,311,466,549,3,404,509,403,291,501,
255,366,80,70,213,261,216,141,542,423,142,
237,313,329,16,128,120,447,484,537,183,181,298,64,302,368,537,389,322,422,312,232,26,449,545,222,34,306,280,329,44,548,261,267,
247,282,286,50,94,108,271,505,152,451,233,114,449,433,537,133,394,256,548,17,163,409,298,10,366,265,310,124,520,1,153,56,26,5,305,228,430,507,532,101,231,317,209,375,210,408,210,314,518,538,361,89,54,
59,203,306,543,15,131,79,145,180,473,16,292,233,178,58,250,236,197,276,182,307,257,263,419,252,447,389,504,248,43,515,267,448,335,307,272,458,523,468,16,527,260,345,401,364,
194,273,134,120,122,151,267,121,492,
270,53,434,320,261,300,
118,96,354,445,486,359,506,526,194,324,408,457,93,121,402,409,34,497,46,338,537,221,280,102,477,34,109,
505,437,458,498,317,132,
422,477,40,504,124,217,255,71,31,71,336,259,281,330,304,150,68,320,16,246,271,115,517,187,230,88,264,416,194,231,293,346,
107,532,98,421,471,447,60,28,279,118,
171,156,545,65,48,213,303,6,520,2,448,227,410,316,345,39,
408,434,529,279,118,336,44,228,158,490,269,102,344,247,369,254,122,164,154,424,419,81,412,301,322,180,116,247,487,388,73,523,491,159,
344,415,194,27,306,385,178,100,
468,403,119,499,153,237,424,352,14,416,249,
45,201,205,
462,19,118,1,376,392,323,73,346,328,408,469,51,73,256,480,138,458,94,108,450,473,99,345,384,38,424,148,5,518,468,136,405,325,
353,228,163,200,518,346,170,129,258,22,54,110,313,282,286,421,438,
64,180,37,198,247,187,155,68,489,538,448,46,9,230,
517,481,182,135,12,233,384,516,45,174,530,350,30,142,350,210,111,321,329,131,133,517,35,192,174,250,336,
295,23,86,
364,426,231,423,
252,335,174,394,284,222,
54,468,549,247,353,85,507,405,528,489,197,543,436,
118,134,517,103,82,288,462,279,317,350,519,178,113,53,129,383,134,233,472,200,314,165,506,184,34,109,
358,526,30,203,470,456,59,129,261,224,
260,326,168,362,277,124,59,134,421,515,108,
470,39,160,96,467,391,
530,62,151,154,
197,468,494,392,498,228,405,
6,432,171,29,468,511,202,492,426,221,217,464,437,
89,44,150,549,68,37,251,476,57,247,416,290,383,184,
124,162,120,100,434,521,326,116,
423,192,30,118,294,547,396,178,
434,112,538,150,412,17,251,245,314,18,479,472,267,493,436,142,296,501,395,140,98,47,511,155,474,392,276,290,325,176,193,524,335,488,152,271,168,408,129,140,125,57,129,104,520,495,311,475,317,63,168,179,206,308,124,332,
63,387,331,78,480,126,362,
403,102,228,476,321,533,464,392,314,391,468,505,171,50,272,476,276,420,151,7,261,379,544,
455,547,103,
359,391,331,89,519,
192,17,54,283,400,474,112,75,407,440,187,427,335,540,164,63,480,2,157,348,65,259,423,111,120,168,344,
185,174,267,532,78,341,345,231,64,232,259,532,500,517,511,126,429,549,
405,310,377,7,7,462,
300,57,468,30,499,221,89,63,280,465,373,420,134,296,521,
527,152,33,102,
512,548,89,204,88,419,331,181,402,326,473,205,385,378,127,148,196,427,11,288,252,466,125,226,102,401,158,526,347,547,359,69,21,
2,205,248,236,226,13,264,31,179,206,272,377,195,525,15,518,410,330,333,492,148,173,428,178,56,299,192,205,416,216,103,106,116,412,133,
432,534,186,6,264,
364,292,250,499,331,387,155,104,388,129,314,546,60,160,
148,2,51,462,102,195,74,
209,96,514,446,374,448,464,515,235,82,70,440,352,451,496,507,152,380,496,22,168,61,548,107,121,168,46,231,250,403,439,287,499,117,352,538,212,
423,436,529,292,480,484,369,52,193,454,48,97,140,
163,17,161,516,160,23,153,223,323,356,542,388,219,134,138,182,35,447,41,60,352,86,201,325,406,401,358,290,350,468,257,24,136,134,540,64,345,493,57,
243,180,157,335,151,85,
281,79,468,484,23,66,79,37,189,178,288,312,
339,290,372,40,529,527,383,388,275,102,424,99,338,347,315,437,68,519,447,38,42,357,29,362,198,5,33,64,151,
527,466,59,526,354,515,
495,184,517,
228,510,277,20,323,134,159,475,307,276,336,332,75,353,472,494,507,31,118,228,533,211,304,455,298,519,520,329,112,227,481,342,
416,57,337,2,121,384,205,331,368,308,349,313,354,459,155,440,
335,287,492,433,465,
534,184,432,
468,445,78,174,300,281,283,514,264,286,287,213,295,412,183,219,253,261,310,546,163,521,59,527,327,31,
82,118,394,528,494,141,206,312,29,
300,331,62,282,105,372,166,121,90,549,189,483,178,393,392,81,199,301,154,38,512,270,39,249,
316,409,76,46,504,233,375,474,181,136,244,519,286,62,135,210,267,334,370,545,493,102,34,272,73,116,32,157,325,516,183,451,301,193,379,7,439,304,249,128,228,186,62,139,242,308,113,481,60,264,244,171,43,362,398,
391,240,210,169,96,147,320,246,168,499,433,290,100,472,312,425,295,250,165,48,305,528,134,376,289,260,16,180,183,118,179,388,340,357,376,100,191,132,537,89,403,67,215,26,163,263,458,545,489,70,128,327,34,280,389,65,158,300,273,
235,261,34,448,239,152,69,490,31,211,546,
547,173,8,539,455,494,509,93,307,443,423,109,
247,54,267,362,257,456,
84,545,86,349,516,197,273,353,386,314,
120,480,453,121,447,
247,413,120,325,192,33,469,373,454,408,64,461,
218,470,276,416,489,
490,221,272,102,335,
165,478,168,507,224,210,219,199,547,399,157,511,111,490,119,356,236,0,45,447,344,529,285,186,438,93,331,123,498,66,323,203,42,472,196,401,42,119,10,475,207,391,356,229,41,31,236,386,492,166,280,112,
473,335,533,523,85,402,414,138,397,233,11,181,286,
400,409,546,17,192,250,412,282,262,500,101,63,369,454,483,222,128,174,
481,81,25,516,439,264,539,299,284,132,411,285,99,172,359,68,435,217,54,518,267,53,221,223,440,11,15,412,534,201,505,247,288,529,185,49,27,465,253,331,375,15,179,186,304,245,538,112,452,71,346,329,529,531,203,487,458,57,21,517,526,473,184,316,414,527,90,34,228,269,
57,174,189,438,416,210,37,277,103,73,153,251,4,402,118,193,210,99,168,254,192,233,434,126,454,348,347,253,486,397,445,412,236,428,107,207,547,333,482,
96,23,512,293,385,540,
312,80,447,
480,29,157,120,283,331,350,198,186,5,334,423,186,419,92,62,537,384,545,305,185,528,530,308,437,400,33,433,63,100,107,
34,228,339,220,457,469,66,521,357,457,265,414,251,285,391,395,118,
132,145,219,464,216,147,391,212,1,261,71,89,55,376,417,200,
242,279,85,299,46,320,264,322,207,481,304,67,
192,269,254,312,81,517,300,336,401,350,266,89,210,331,
545,264,88,105,441,
419,545,2,367,178,523,448,311,446,339,305,194,525,313,515,349,472,502,185,156,36,203,103,141,159,275,27,294,185,395,153,289,284,223,133,277,12,468,538,523,9,203,319,346,434,400,424,37,174,534,21,315,54,165,213,251,210,512,184,264,98,472,286,67,236,158,253,473,65,254,314,404,469,540,235,109,134,529,74,399,331,59,497,408,549,466,342,420,357,
186,80,479,282,15,527,192,24,203,91,314,28,460,231,312,212,408,435,458,545,8,60,124,28,84,63,457,203,276,490,250,336,193,486,265,172,343,37,106,176,4,216,73,43,503,347,525,5,82,236,165,40,33,288,388,507,88,525,77,353,102,90,320,140,252,210,539,338,499,238,254,344,401,201,191,363,432,539,117,337,449,540,
261,154,98,70,466,235,281,500,19,200,222,447,66,120,237,435,270,345,
23,180,451,96,318,127,545,295,303,163,445,
509,345,541,274,433,223,426,52,28,17,547,240,399,134,221,80,
46,301,332,219,16,488,118,202,65,254,521,525,209,30,350,257,257,64,
385,109,96,344,537,
126,203,38,52,521,263,518,120,250,284,336,160,47,150,
62,53,401,31,239,70,254,384,417,
530,547,61,537,174,517,238,481,424,374,388,14,447,
364,59,292,91,342,
103,544,314,118,293,39,182,225,370,336,546,129,283,381,334,65,422,29,30,24,328,455,245,124,542,310,402,440,52,201,89,259,86,74,361,401,426,61,440,514,121,313,44,296,387,171,525,416,2,321,
81,86,192,408,332,
173,327,178,168,294,244,2,152,23,235,288,301,292,88,7,316,465,537,103,320,
161,232,238,451,225,310,43,34,
537,118,173,118,537,85,314,468,
473,174,517,59,271,320,290,378,392,470,107,115,339,180,402,16,222,
179,10,547,107,521,242,247,348,411,269,123,31,417,231,339,456,293,108,342,
336,427,439,14,468,211,153,303,266,455,324,416,205,191,77,296,228,493,433,448,505,442,461,129,304,82,199,229,384,254,408,489,514,265,72,414,134,69,103,126,57,453,517,317,
212,391,439,156,350,209,317,452,52,371,132,
85,473,54,389,17,242,542,
128,316,134,161,180,43,393,455,401,509,7,246,384,132,222,471,203,68,88,400,
410,517,174,2,521,17,133,317,104,148,305,171,5,322,183,30,
388,339,31,38,418,182,331,345,111,451,461,482,511,542,185,222,331,154,364,70,133,472,530,391,408,106,
264,14,432,54,211,341,
160,289,341,386,470,411,82,330,379,491,
537,459,430,268,228,524,219,7,213,525,514,409,169,546,265,10,345,233,366,331,422,237,2,195,451,516,391,352,469,482,312,33,122,530,239,537,475,8,152,59,100,308,465,64,283,198,23,385,116,
529,249,134,408,349,423,441,187,121,147,375,332,293,540,379,157,370,201,
52,382,356,175,454,531,273,126,283,517,533,236,214,312,359,504,509,103,158,249,37,
230,422,113,198,107,210,330,64,
294,134,335,233,31,14,411,416,98,200,259,272,328,182,250,297,423,173,414,
221,100,75,229,174,45,420,6,204,490,543,332,
233,389,164,39,438,464,517,156,130,236,90,464,362,106,195,316,68,200,224,239,174,221,447,288,537,232,257,527,295,273,368,75,107,263,518,84,174,294,117,473,63,465,387,341,183,
80,289,37,403,285,410,254,15,468,
80,244,91,49,173,255,307,28,84,85,44,540,380,312,489,509,
180,361,365,387,211,91,29,126,134,368,
468,315,537,197,15,176,6,62,71,190,336,377,249,473,292,362,183,40,251,349,462,365,391,
7,438,549,305,405,331,183,171,250,273,315,35,210,110,70,230,494,469,518,125,326,207,376,265,128,347,173,302,164,284,205,155,403,7,267,116,123,
391,466,387,212,359,408,29,302,402,468,31,470,
370,33,325,137,4,189,381,394,547,394,193,273,185,60,524,134,425,76,17,316,163,104,302,35,480,516,98,210,290,319,173,229,103,119,74,344,379,480,310,433,305,534,243,68,223,239,86,489,397,90,295,523,470,477,513,19,111,501,503,79,129,196,529,331,
30,371,197,46,121,524,285,348,273,490,358,244,91,441,321,81,423,104,410,279,
109,451,115,319,235,156,43,512,162,169,
500,540,476,531,129,495,42,44,282,400,389,271,261,165,276,0,380,413,353,185,
31,40,103,165,24,496,443,271,422,185,522,96,269,530,14,323,107,303,62,274,285,62,177,391,
474,401,290,221,54,169,401,200,434,479,192,401,490,237,488,11,301,262,428,193,370,482,448,310,370,68,542,330,102,135,109,316,145,510,322,448,293,402,533,
311,434,341,339,134,109,275,108,280,341,
451,121,322,131,265,35,109,537,498,524,106,314,302,203,387,161,29,23,240,
350,190,118,221,477,68,382,43,174,268,459,39,232,389,517,266,272,91,373,44,368,45,212,192,533,468,
214,180,337,44,
279,457,118,377,458,288,67,9,242,484,212,244,408,142,191,174,238,201,107,30,
267,517,292,121,
178,126,144,118,254,211,242,228,278,2,476,281,154,334,370,
383,521,117,89,372,321,180,225,237,191,384,483,7,78,218,411,203,273,371,544,
201,525,499,300,455,416,523,361,508,359,344,64,74,90,361,21,138,190,360,175,412,264,305,339,328,7,223,134,163,445,157,518,45,186,312,191,432,536,329,481,279,105,65,250,529,292,476,
74,464,525,439,454,169,532,303,119,431,178,267,242,33,358,291,182,31,448,2,134,321,257,107,167,304,39,546,68,144,264,211,527,419,464,205,547,443,370,375,432,29,534,149,201,263,332,100,492,65,239,
68,88,408,473,223,426,158,253,239,516,480,174,265,445,426,472,233,154,507,544,438,103,253,102,153,445,512,206,499,253,366,462,249,350,51,262,427,376,37,475,137,213,64,68,
45,20,199,126,75,112,319,236,23,175,179,389,417,200,133,485,498,322,221,413,350,472,238,291,82,543,249,161,
320,156,43,529,317,61,263,366,303,111,403,104,461,270,361,341,395,276,391,394,173,514,424,
157,502,185,192,243,548,501,425,529,321,122,443,
314,214,419,384,396,283,357,183,246,48,66,384,85,84,129,409,439,121,103,304,456,470,221,403,182,440,305,497,326,173,440,509,537,62,247,401,147,414,377,373,219,1,368,549,197,531,118,426,486,451,323,452,362,389,
65,388,25,256,86,28,116,191,288,243,439,500,196,218,389,312,261,416,46,100,74,176,152,414,452,475,496,479,220,
102,365,408,138,541,348,490,460,187,353,210,416,212,99,68,236,308,145,512,405,183,351,475,376,75,507,336,54,80,488,275,460,525,274,302,331,167,185,474,521,329,339,545,332,196,163,363,451,403,120,460,314,416,341,91,275,231,506,160,168,9,531,527,148,294,274,444,
7,155,389,284,131,285,7,84,352,395,537,316,288,508,510,451,303,443,518,400,174,138,43,405,
446,12,433,
523,498,473,59,138,408,381,
29,283,348,121,145,30,186,161,299,82,230,409,391,451,155,302,220,107,362,305,525,
184,542,152,495,292,124,82,292,79,118,521,449,417,
357,285,208,52,117,174,292,465,506,309,371,451,10,183,368,502,544,138,339,498,28,152,145,419,340,
23,281,502,537,45,162,
74,134,433,317,78,543,
78,74,63,229,349,286,
293,548,479,103,0,285,473,46,518,503,355,313,508,521,158,54,151,156,288,413,482,484,529,
347,253,174,10,176,31,130,5,480,326,412,510,335,123,474,229,
59,537,19,
184,345,89,308,
383,320,362,
15,80,193,
43,316,116,
96,470,
5,339,272,
447,447,333,470,
191,254,67,
161,545,45,
543,221,540,74,174,
138,523,
274,416,102,
489,64,91,
472,198,
443,317,156,499,547,
414,178,5,254,294,
148,410,197,37,
122,105,157,54,210,
464,193,6,
296,67,470,254,
234,428,447,
402,100,428,
211,235,264,
491,160,518,408,
194,344,422,
141,8,411,453,
249,300,173,45,468,
366,68,16,
172,465,40,117,
60,107,364,
294,284,437,102,
229,78,521,
