69,195,350,45,146,243,321,435,207,374,269,392,408,62,389,421,514,425,176,510,363,114,540,483,82,11,257,215,330,318,464,272,456,4,489,128,348,
225,276,200,305,12,274,438,292,
446,20,250,19,474,109,87,58,261,328,18,65,57,311,449,511,211,41,
75,488,98,374,545,465,498,33,235,331,340,429,41,462,485,399,174,
405,549,462,284,299,415,154,546,468,518,38,109,469,481,8,299,332,210,346,139,180,254,468,455,511,236,165,540,409,412,451,
407,438,32,40,433,213,201,133,199,285,
510,503,188,524,
125,47,451,293,
59,460,4,402,80,508,161,82,148,156,337,373,153,105,162,542,166,196,489,452,90,337,363,263,298,33,73,176,336,11,325,8,396,543,210,13,327,366,111,303,73,478,405,506,548,427,159,414,473,381,172,343,210,79,
294,495,252,340,339,473,485,
102,517,318,267,1,57,87,183,544,180,202,400,433,330,28,254,135,464,343,548,466,
336,439,416,139,283,385,
450,133,474,121,130,166,29,162,548,416,351,523,95,54,345,54,402,190,347,132,323,335,296,459,96,336,540,200,431,263,488,277,309,165,538,418,
15,161,396,33,34,84,200,239,396,531,400,373,233,256,412,74,
106,104,286,305,370,113,506,90,498,180,437,410,414,109,41,68,402,27,196,433,333,503,
215,338,431,157,73,52,395,
12,497,399,113,199,253,491,9,228,465,492,320,225,340,530,362,345,330,479,
333,464,96,293,486,419,365,134,216,252,502,398,464,138,296,106,497,547,20,485,340,306,536,547,201,329,21,507,294,106,223,67,
491,73,501,443,272,300,222,492,113,465,267,372,
104,290,381,105,33,336,97,533,88,19,286,106,407,140,444,441,393,60,116,183,50,250,67,62,250,459,482,223,156,
265,272,214,490,49,130,386,445,207,498,96,
250,425,216,259,187,96,179,33,292,313,209,120,138,246,513,53,220,468,439,129,446,489,184,540,448,365,541,463,251,102,191,41,345,104,187,493,163,128,395,209,356,89,330,172,377,333,157,398,
414,8,233,96,430,434,4,153,182,546,452,81,537,138,191,443,232,547,401,399,389,52,174,427,36,12,89,0,200,
127,438,294,456,159,142,162,60,
377,31,220,148,261,103,337,339,363,412,511,67,7,452,95,132,494,525,78,250,
518,224,405,212,96,
341,88,228,487,440,120,186,409,495,
61,39,293,285,115,381,519,33,459,270,357,463,296,
418,141,115,113,209,144,12,485,297,97,138,111,290,31,485,445,63,351,153,37,150,101,524,29,536,180,466,516,464,124,489,287,289,376,516,262,252,144,35,207,211,353,30,242,330,293,450,296,338,506,
246,93,463,206,161,471,518,
419,218,2,367,40,523,448,311,503,387,305,194,525,313,237,521,502,185,156,36,203,445,103,325,159,262,294,139,395,492,289,284,223,
462,107,486,220,537,285,291,83,295,502,
242,396,214,212,180,363,518,12,
67,546,184,377,8,210,496,207,318,303,253,102,
25,434,217,133,253,412,257,9,438,284,100,126,96,218,74,89,443,186,293,23,220,269,350,
139,336,49,396,340,
340,303,5,32,250,381,100,151,417,467,216,
536,33,333,242,309,82,237,369,
300,527,541,289,339,536,133,214,445,371,308,253,220,520,188,189,538,318,389,400,82,186,173,251,377,498,271,220,47,217,72,6,370,59,184,465,213,130,338,480,107,487,303,
538,216,113,109,526,298,457,81,608,207,68,21,8,220,14,672,280,62,370,450,338,244,59,446,197,71,475,220,285,46,43,180,116,300,402,209,85,3,399,371,82,30,223,176,216,231,317,73,119,58,170,218,425,318,293,508,
204,521,108,463,113,504,241,339,345,387,172,218,161,329,428,305,40,43,504,256,457,526,413,450,396,
376,30,165,96,
0,5,397,41,409,329,537,414,102,485,115,293,24,
228,12,296,341,168,183,40,335,409,242,
305,343,493,538,182,320,241,7,298,58,199,148,313,32,354,106,450,368,173,183,137,406,478,156,70,205,410,506,79,370,323,357,474,151,229,359,362,313,311,443,180,106,106,440,344,479,513,503,328,183,
160,440,33,284,184,130,41,233,10,223,84,458,96,541,381,137,465,295,425,391,73,70,517,
441,529,104,78,
399,89,492,118,276,288,425,301,455,481,463,92,486,285,362,58,518,116,324,398,393,406,538,454,60,8,37,414,12,472,352,
409,537,382,405,438,438,503,165,
214,242,486,549,207,451,298,506,293,212,522,
156,421,104,
501,443,501,340,247,38,489,234,491,74,193,473,481,449,317,
172,272,199,293,256,113,181,226,428,334,55,287,465,186,151,439,263,385,527,238,239,86,3,107,482,252,250,262,235,59,49,492,250,348,409,
393,153,159,424,190,200,509,520,485,468,
401,276,366,81,15,314,113,63,481,396,445,445,350,96,11,280,403,279,
157,54,262,443,112,250,498,
11,325,296,258,332,210,69,418,
459,463,29,402,299,433,212,49,104,465,348,209,151,347,220,61,
249,45,184,445,441,307,533,
186,96,213,60,183,126,419,172,294,
296,8,184,115,133,128,300,496,5,109,201,511,100,215,233,370,176,468,356,11,510,13,86,253,48,288,443,
296,431,450,455,134,400,27,195,320,47,77,458,274,67,
479,445,444,199,1,288,384,430,521,370,240,245,481,443,193,12,
439,159,27,5,51,403,250,126,336,412,424,495,503,406,186,432,369,77,238,512,
333,400,250,155,153,68,411,95,40,90,288,418,396,233,363,536,448,212,485,140,99,420,
497,277,362,151,5,350,225,179,464,151,148,358,223,503,468,13,168,312,333,469,
256,395,291,131,429,236,17,473,305,330,299,13,371,63,354,404,127,492,135,38,36,134,450,451,34,8,222,531,455,51,280,263,548,514,81,89,69,416,372,5,19,364,
524,402,109,418,133,322,499,89,202,79,207,451,523,186,123,77,10,101,
74,499,533,115,25,334,479,459,317,17,33,185,446,507,424,105,492,523,163,465,501,396,15,330,
247,495,314,247,175,9,141,254,159,422,398,20,483,489,501,255,202,207,355,456,293,346,220,224,481,
491,288,49,284,396,38,79,
26,71,489,397,
340,229,113,216,538,333,5,454,369,485,432,242,135,381,12,448,288,501,180,19,36,320,95,398,223,294,
373,237,272,4,4,102,
126,387,135,371,25,75,296,215,175,396,187,490,78,214,242,501,397,137,210,220,103,443,369,76,
224,263,501,198,240,183,431,107,67,40,188,259,95,152,518,488,503,330,
325,109,368,463,423,342,4,419,117,241,
483,440,17,65,69,154,396,79,257,424,484,145,98,40,46,208,232,402,372,128,210,152,229,133,215,274,
187,416,366,381,101,153,199,159,128,263,519,188,511,407,402,300,420,310,107,
437,350,522,293,
286,77,343,228,141,79,95,261,184,516,353,417,544,200,237,278,293,494,
188,510,524,187,288,548,162,
4,69,161,41,323,373,69,
372,504,207,301,158,238,184,118,99,309,12,213,491,
118,45,70,373,184,533,465,59,119,479,349,21,200,469,364,216,67,397,473,381,
49,498,212,425,266,353,459,139,172,482,267,230,341,140,
61,134,384,249,92,
487,117,428,
423,350,220,499,62,519,384,325,498,410,318,503,
143,438,109,60,38,528,
523,220,204,465,522,13,346,523,261,440,468,530,338,9,124,326,116,397,363,
486,159,462,53,462,306,232,214,98,402,370,15,102,168,522,432,330,266,78,238,496,212,128,
428,506,438,36,312,481,518,456,145,217,487,294,77,444,433,
433,511,371,459,538,407,474,330,102,244,428,
444,346,479,293,132,56,491,498,
481,81,24,516,439,264,233,539,299,300,428,411,285,451,32,41,68,396,211,479,518,242,
233,333,534,54,70,360,75,100,424,346,
454,27,1,361,468,134,49,100,145,488,26,409,76,256,224,140,309,277,463,399,130,57,178,340,230,521,262,469,74,128,12,453,186,46,
348,436,69,249,459,
72,318,75,530,63,293,11,177,448,53,301,448,
183,224,302,
420,294,95,98,8,201,93,222,509,539,215,508,210,441,211,477,89,494,389,362,528,187,333,
153,295,113,8,393,79,75,136,333,362,218,528,40,112,182,4,172,404,135,539,412,258,184,492,242,
301,72,75,249,522,25,460,372,
33,12,282,381,159,209,61,162,257,522,226,85,392,232,538,104,114,239,218,40,526,463,308,70,0,160,456,113,369,109,79,158,430,24,10,165,464,102,149,57,490,292,
106,533,544,305,5,5,
284,186,185,386,405,496,111,191,148,411,463,160,408,199,370,428,76,549,157,193,307,57,499,133,154,135,346,481,107,384,
440,83,395,289,452,66,342,487,400,229,159,483,341,134,351,362,76,37,183,116,322,334,113,302,393,400,96,209,520,341,523,120,305,210,305,188,390,30,
309,468,463,184,465,450,253,263,494,384,76,111,389,219,372,508,397,
448,153,77,306,250,529,330,455,153,521,289,479,535,113,379,495,208,64,40,250,166,234,144,34,402,328,40,233,72,263,96,317,333,268,547,392,290,
76,249,338,227,318,126,
159,466,439,222,33,194,517,55,162,74,21,463,431,101,443,159,210,534,203,332,300,511,223,300,259,477,270,96,
302,491,518,258,276,
162,997,327,370,302,519,30,420,455,92,496,499,481,448,954,334,484,303,161,240,161,283,202,408,399,99,13,88,233,18,339,450,471,536,540,163,464,209,456,438,427,147,419,33,469,239,4,517,215,169,473,231,67,211,188,275,482,235,539,
381,394,90,388,150,71,328,459,531,15,393,17,296,97,446,527,75,540,360,503,162,222,506,347,410,437,33,123,63,65,208,329,8,240,41,310,420,340,138,118,385,375,489,336,234,89,381,149,544,109,12,187,285,229,184,109,318,134,382,340,398,496,372,
41,160,382,186,50,368,64,507,26,288,367,
486,108,346,424,490,99,
362,495,399,79,512,527,24,122,440,153,43,524,466,297,95,159,317,153,216,401,420,272,12,497,
269,25,300,277,522,253,331,464,529,380,490,40,
381,33,104,16,159,152,408,381,415,537,398,186,203,492,164,504,61,98,99,222,350,253,94,388,300,442,494,140,160,13,27,61,204,13,254,212,96,59,67,
35,298,232,223,318,19,46,
153,412,296,5,59,503,16,65,106,123,423,79,484,448,254,352,106,473,528,32,274,374,442,23,87,362,7,165,467,76,374,183,134,272,374,418,105,415,
32,522,407,362,195,340,350,545,481,192,8,
516,524,286,63,343,21,270,306,278,410,
199,321,209,179,183,546,71,
425,533,452,122,63,425,49,250,293,202,538,406,6,26,419,482,110,227,299,69,374,546,295,464,501,352,319,388,481,238,20,195,400,109,45,39,465,160,179,199,
151,176,369,330,203,337,410,239,42,184,297,407,209,229,165,358,206,216,150,296,435,470,200,318,426,61,42,288,190,152,547,
49,384,463,334,41,219,263,529,284,534,426,247,
533,218,85,74,162,152,118,231,235,211,308,357,104,211,257,313,249,106,425,484,292,307,64,
71,438,45,381,200,26,143,52,168,530,8,
220,117,128,469,391,53,484,262,377,186,303,363,292,247,300,38,322,229,492,382,45,241,25,443,538,262,336,134,9,220,
333,293,497,184,69,
132,444,427,425,509,
223,425,434,509,104,351,333,147,
259,490,87,8,95,374,382,180,120,330,522,124,250,224,
373,286,237,109,28,256,465,126,47,406,504,5,75,184,
215,69,371,284,483,
286,465,229,113,69,458,480,208,371,534,441,106,60,283,313,221,330,417,79,220,383,111,158,352,373,53,327,532,79,354,449,
154,498,140,426,18,261,211,
101,187,151,288,418,273,123,186,101,429,524,489,408,384,184,
211,190,320,373,250,479,49,13,395,48,446,367,413,463,396,533,503,538,185,141,420,481,210,154,
293,204,284,297,172,330,178,223,220,253,418,287,72,506,41,531,226,358,429,0,
313,547,456,233,0,385,40,163,
73,350,46,207,169,226,491,491,253,160,
474,143,446,99,225,329,163,323,450,495,454,363,433,187,537,133,
373,207,5,270,118,325,272,204,457,459,185,96,385,25,233,488,193,277,318,409,44,15,
70,385,144,374,230,250,118,141,277,344,210,376,496,98,303,29,341,466,318,113,210,113,405,485,506,75,209,226,256,233,123,537,268,293,160,382,
395,99,387,212,5,466,484,250,511,218,368,492,330,484,412,463,319,
528,143,517,113,482,468,
445,525,419,362,27,401,190,89,407,432,479,49,36,212,98,330,167,415,445,249,303,135,13,268,128,262,
21,472,516,
107,224,172,242,229,162,300,462,52,457,445,284,534,146,
75,153,321,126,72,250,438,25,384,363,54,40,130,456,113,518,158,301,419,381,247,373,
79,330,179,28,442,513,402,524,47,97,179,437,287,86,
485,12,483,82,52,209,132,408,514,17,77,76,468,182,513,291,503,221,229,340,393,414,105,235,277,348,459,95,36,19,387,181,0,21,
459,315,411,115,430,482,490,74,200,101,234,260,485,159,546,423,59,256,40,252,216,69,136,224,325,489,
538,242,144,256,524,24,236,233,305,331,402,263,186,63,217,514,392,88,427,87,440,140,322,305,346,384,273,450,465,126,329,284,214,41,443,396,402,76,321,258,231,142,340,172,202,406,374,195,133,211,433,403,196,69,223,74,412,
498,106,249,49,357,270,490,154,165,123,397,41,458,397,126,157,
492,22,63,183,445,59,194,506,106,253,189,172,113,521,96,180,368,372,12,74,419,457,382,395,253,153,229,455,
193,479,113,12,50,517,63,198,245,298,99,134,
495,119,80,443,270,247,499,510,294,284,107,539,24,331,272,448,128,512,438,503,102,
272,209,235,454,231,196,511,495,46,273,186,172,448,40,219,355,153,69,516,
456,193,215,226,349,69,313,75,77,127,162,229,428,13,318,216,
40,189,327,403,417,454,384,395,256,437,537,338,463,1,454,146,33,247,286,92,383,369,419,128,96,245,384,220,303,135,406,247,435,333,465,455,222,487,324,128,300,443,34,441,313,544,530,77,407,484,459,204,533,161,464,249,140,75,117,448,159,47,224,320,521,508,294,228,269,
67,425,171,482,104,82,224,529,345,392,258,199,162,275,485,118,135,349,333,
139,372,296,419,310,482,
229,545,377,286,260,530,273,171,94,367,5,381,522,237,379,180,125,258,322,492,
214,396,463,253,43,94,368,340,128,477,230,353,393,268,265,32,109,401,538,214,126,312,382,502,
343,286,388,95,406,60,350,150,212,501,5,
185,178,223,68,495,284,250,488,290,109,60,450,465,435,84,382,113,108,426,211,214,
397,382,76,102,258,0,286,347,297,97,119,402,61,369,234,498,
425,32,215,69,426,86,214,430,399,58,67,535,117,159,143,223,230,530,132,396,
165,33,128,113,450,205,506,449,303,314,318,157,265,
537,0,253,134,384,79,382,165,474,78,109,222,94,528,126,462,206,236,90,107,70,199,280,
211,277,491,103,418,105,41,109,430,543,420,163,218,482,162,
6,237,79,197,330,26,
184,522,222,153,296,246,303,300,358,30,121,160,503,482,237,410,350,202,309,424,398,61,26,179,365,160,255,372,197,290,438,539,78,320,534,285,20,520,454,342,373,77,
398,165,165,442,399,375,381,208,394,236,130,247,5,333,82,179,340,381,61,514,285,531,249,21,344,526,535,250,
387,200,313,330,38,391,393,495,242,508,20,32,485,151,362,82,126,419,133,338,497,486,395,278,547,293,
468,89,464,405,454,25,167,309,372,221,35,361,151,46,296,516,61,152,356,497,131,217,528,423,393,
445,220,265,249,379,123,324,
380,220,134,
90,199,106,131,32,305,325,537,174,381,
242,316,340,372,256,387,359,110,529,285,144,278,475,431,418,37,191,126,146,107,81,226,536,259,481,228,382,153,
434,280,303,223,
195,270,133,427,541,397,296,471,
284,316,318,183,277,96,50,293,306,295,495,189,120,49,0,491,526,215,
517,214,528,91,160,
303,243,524,340,402,31,70,204,547,169,502,289,353,189,434,451,
427,385,140,234,59,341,485,414,195,508,5,292,492,132,
330,382,126,374,155,79,448,290,439,449,508,489,265,142,69,449,535,109,387,82,4,344,341,304,438,62,200,471,198,29,151,128,206,370,206,205,509,212,439,124,253,55,333,538,193,293,530,127,109,286,445,407,61,418,102,390,433,214,184,490,364,395,451,6,463,224,12,347,74,
499,374,543,420,90,40,42,331,397,190,423,495,478,234,353,359,367,255,
332,11,237,342,215,253,
140,454,463,266,288,203,509,119,161,427,198,328,456,134,154,297,338,
216,366,220,431,
247,282,340,50,94,108,271,505,370,233,13,449,40,75,481,
41,318,113,227,231,211,46,249,0,6,463,49,154,13,79,286,496,237,481,322,76,4,250,374,466,128,261,292,162,546,187,253,173,
293,496,247,258,305,248,478,2,162,78,28,269,106,463,161,27,214,199,437,165,125,41,333,399,2,78,
214,4,517,431,330,503,522,292,
202,199,249,442,
133,319,353,25,305,483,270,287,137,434,137,41,282,296,350,320,388,56,26,156,296,450,334,465,195,387,392,288,350,521,544,490,474,109,23,
237,184,6,79,229,41,419,464,373,332,373,43,63,163,344,484,536,164,
528,420,249,537,
261,446,41,286,463,443,346,363,466,3,92,226,154,
179,79,463,299,425,19,
233,298,310,235,96,193,169,313,200,272,408,140,
220,12,293,53,268,369,462,216,380,
197,6,
451,405,330,125,326,522,
371,433,64,538,126,303,156,465,2,61,493,3,102,263,52,99,434,215,
113,348,75,172,335,144,44,99,
463,57,204,33,438,87,74,226,309,332,49,538,385,187,25,163,544,
5,218,422,257,382,398,0,27,96,258,395,427,229,365,343,
159,109,270,177,20,163,192,138,305,292,56,362,151,46,39,265,320,90,385,440,151,18,326,221,128,97,507,341,63,96,110,250,187,33,334,456,381,14,115,498,496,46,486,249,499,425,127,522,314,57,295,279,513,
52,414,320,253,71,107,147,57,
288,151,443,133,296,283,55,46,496,
544,133,106,40,379,526,161,
303,400,374,438,300,539,503,258,385,137,3,513,263,312,162,458,178,59,139,291,210,321,40,235,371,7,274,492,21,280,
321,199,69,538,220,399,546,273,80,67,204,271,55,297,468,140,522,119,402,75,234,493,3,485,517,303,478,15,49,250,268,482,170,339,232,
431,450,544,214,186,242,159,109,112,388,457,142,180,224,215,342,216,
272,265,373,354,471,490,320,320,491,409,
361,454,457,
476,300,69,518,320,
464,333,33,510,26,162,518,145,489,452,41,237,320,72,126,148,39,418,21,118,99,167,134,5,40,
61,210,371,184,330,468,366,52,344,440,397,179,199,382,539,
463,284,214,140,381,76,389,547,111,179,191,493,495,350,246,201,51,365,395,
389,330,309,62,96,
30,79,33,400,350,82,184,403,445,536,38,418,487,23,309,376,538,440,154,506,
287,293,146,1,292,79,490,
263,456,78,293,273,119,338,463,58,205,382,79,494,489,371,408,243,492,59,375,73,538,434,16,85,275,131,36,12,466,299,389,79,465,278,122,111,209,386,522,77,453,82,402,450,79,214,420,492,78,172,224,535,448,303,338,451,
113,191,193,130,391,5,65,534,299,153,402,1,127,128,441,532,227,312,475,360,416,503,93,133,419,210,52,90,402,185,178,162,418,491,
199,278,159,56,172,540,284,422,60,411,151,370,472,103,314,143,328,479,454,350,305,187,326,200,90,271,199,63,338,466,67,226,212,182,320,324,289,293,537,400,425,
184,118,286,212,501,381,15,54,428,249,254,401,293,
8,182,105,25,115,153,59,296,62,129,346,3,176,422,306,420,67,218,47,506,146,39,299,116,114,507,381,32,71,
451,524,465,481,52,196,330,481,503,345,293,
547,22,333,355,249,334,201,313,21,74,373,467,279,463,195,528,176,135,89,396,343,397,102,449,448,24,
396,219,461,268,483,457,217,445,424,232,490,168,36,547,479,112,380,247,267,264,509,401,318,432,225,354,301,269,373,467,133,538,159,464,280,460,310,240,299,305,533,214,486,47,174,382,224,458,206,123,59,120,196,339,198,211,38,207,64,15,518,114,78,185,126,189,141,242,427,333,74,481,463,362,139,491,204,276,425,253,220,384,
162,381,533,365,143,218,47,252,382,30,439,474,506,127,444,79,159,218,350,357,452,345,41,107,246,486,
384,400,40,28,537,136,423,75,200,86,206,524,258,396,
223,541,293,35,340,334,368,538,165,
370,106,100,199,246,300,342,46,498,296,342,202,122,262,439,191,479,
78,350,537,293,263,396,11,
491,417,211,12,302,122,269,364,
293,330,350,282,425,297,13,136,487,503,451,444,
183,107,416,256,290,494,159,457,186,228,492,288,132,207,88,153,405,69,225,0,284,164,77,382,184,102,179,413,44,453,13,50,76,39,440,488,
96,40,159,330,131,246,503,250,29,224,440,200,124,406,216,261,414,450,372,20,69,251,242,287,6,208,29,82,386,225,240,129,197,186,489,86,381,401,59,278,25,316,374,333,220,517,23,390,160,470,233,373,187,244,496,376,104,159,389,518,265,
369,126,40,270,206,77,300,253,535,159,77,3,120,122,318,353,439,394,7,126,397,220,536,
262,180,408,374,285,229,229,3,127,512,172,370,251,461,
484,427,162,118,365,404,372,278,508,37,76,452,197,372,430,547,344,235,117,170,287,193,43,302,489,359,335,330,220,301,354,342,468,533,333,257,495,386,81,522,207,530,440,241,395,317,22,
210,117,126,11,59,211,
294,291,28,273,97,208,343,366,533,478,354,440,485,1,186,544,306,313,479,315,546,470,359,251,65,270,184,308,44,217,528,307,356,420,539,127,302,202,333,279,61,284,285,165,
262,157,77,419,435,
46,272,463,483,178,41,73,502,370,353,159,157,67,213,264,415,448,181,288,21,454,
534,468,466,268,395,513,338,95,412,49,286,184,476,20,352,109,517,113,448,159,233,107,508,
140,538,280,40,333,529,49,286,233,
207,249,200,159,229,67,493,182,34,470,186,372,396,383,393,214,92,242,284,
409,272,228,172,
285,271,518,408,226,350,538,31,377,26,95,285,197,224,208,371,59,66,466,506,399,212,303,290,64,457,381,456,453,124,142,61,287,27,269,
165,498,495,522,376,4,231,281,223,294,409,
6,26,425,158,416,159,471,195,161,280,186,527,300,96,21,203,239,7,8,12,
427,721,173,240,425,446,436,525,374,237,230,484,196,517,421,48,193,48,47,418,101,63,229,317,452,29,373,282,503,115,95,489,501,433,235,464,22,538,301,1,151,313,324,373,113,218,117,318,66,452,
384,479,49,16,138,101,309,299,61,49,210,423,284,122,
207,296,47,
298,458,35,529,233,358,510,224,299,465,113,183,435,214,79,452,38,193,312,
458,498,7,395,28,521,30,44,113,61,81,485,5,3,113,82,97,346,390,79,303,156,408,253,345,
128,148,296,159,186,341,393,495,268,69,41,216,483,40,79,388,454,461,513,486,268,
330,291,486,293,451,82,303,327,113,231,496,484,
508,299,76,522,427,300,
443,182,159,501,305,130,372,126,546,229,325,288,364,491,164,479,536,
216,94,459,211,10,367,506,150,250,246,495,118,549,199,340,538,430,520,272,117,96,362,290,300,511,405,489,128,340,245,343,158,128,346,229,326,481,393,485,456,
485,70,427,124,258,67,216,393,
222,159,300,537,200,89,491,36,521,503,399,
89,20,399,271,373,48,193,36,468,153,237,152,338,74,524,547,320,536,381,169,254,481,25,415,445,222,82,133,292,200,495,184,108,144,362,422,234,131,414,305,522,113,
47,296,49,490,207,396,125,150,31,8,267,547,159,
487,341,367,
186,80,479,282,15,233,192,24,203,91,314,28,144,460,231,312,212,408,435,458,545,8,60,124,28,84,63,457,300,276,41,250,336,193,486,506,265,209,25,381,463,176,4,367,
338,534,473,126,215,523,16,199,218,
180,492,305,218,242,45,284,315,324,109,370,230,
374,79,541,84,124,304,368,432,75,136,139,343,214,334,472,375,437,262,58,153,236,391,159,423,284,113,311,195,
199,62,202,305,13,100,148,453,
21,12,497,220,124,45,200,453,179,330,359,186,374,210,165,92,180,323,6,80,108,485,288,187,396,490,350,29,499,193,428,165,238,276,213,396,346,270,119,357,497,465,46,303,
77,183,474,68,40,448,11,210,262,369,312,456,231,342,296,2,93,468,326,428,
62,88,423,199,259,268,444,501,
4,165,214,373,
49,445,516,511,16,456,45,284,491,429,47,402,295,530,384,211,350,
135,40,256,102,381,207,126,490,403,495,151,214,328,547,67,340,36,445,438,502,350,201,450,284,379,168,184,
210,420,440,524,445,6,531,107,239,40,178,405,497,133,333,303,413,293,358,109,270,159,70,165,21,101,365,196,483,113,96,87,61,384,199,342,328,
342,77,86,370,210,431,122,332,184,
374,229,303,377,365,316,95,418,489,269,23,242,330,357,153,255,2,233,255,499,41,70,207,545,162,403,96,
305,342,264,396,293,137,423,536,301,343,504,501,340,380,407,538,218,403,509,488,284,6,212,388,296,302,451,225,117,180,495,246,200,89,
146,58,54,408,287,299,242,403,486,535,1,
463,263,63,109,90,202,155,538,454,46,151,316,141,211,400,528,276,466,223,381,467,288,459,233,167,23,218,471,54,80,396,69,330,220,
86,425,342,96,179,
144,489,113,89,474,343,76,70,249,538,387,394,503,418,229,384,8,186,170,416,123,366,113,496,
102,373,0,385,495,67,
504,73,204,382,115,381,478,372,169,282,342,367,
445,89,436,140,193,371,46,134,454,493,365,0,324,225,385,116,445,519,296,210,300,79,531,418,370,107,166,
218,5,506,109,49,63,10,533,272,382,200,480,382,67,353,97,305,128,270,231,343,162,114,318,151,78,7,8,419,162,144,538,180,153,336,33,184,204,338,
340,159,75,247,466,139,
328,220,446,135,315,324,305,210,140,
529,269,441,140,278,
201,407,437,10,296,248,434,412,434,547,333,119,151,86,519,187,231,420,371,465,
115,482,504,74,
292,287,427,69,33,225,214,
417,385,491,123,293,220,317,
509,140,223,234,173,371,113,496,132,
28,384,294,372,446,293,385,78,412,187,399,
106,76,109,349,
472,258,21,399,328,528,
280,44,462,537,467,515,448,331,177,115,256,434,95,436,401,140,303,
76,485,342,538,402,51,489,183,152,425,397,40,82,180,508,545,293,253,274,171,463,144,1,78,106,41,497,
249,5,218,33,120,97,344,320,9,197,44,144,438,528,394,318,310,224,8,376,300,76,207,506,41,304,350,533,547,40,498,13,445,79,54,362,159,301,135,202,90,348,398,61,226,
350,78,239,423,205,184,208,105,73,517,32,69,133,529,290,293,25,401,548,471,199,
99,193,474,276,395,85,372,539,113,107,371,113,333,
209,63,0,199,418,151,335,398,130,519,384,85,528,33,442,151,233,504,409,186,346,19,70,258,250,538,506,71,481,
23,233,25,96,463,30,374,22,167,133,
177,382,280,159,72,2,145,388,474,300,77,225,227,252,497,
25,8,64,5,
490,495,6,239,400,265,21,79,519,486,396,135,409,133,259,170,232,224,47,88,111,33,498,302,27,272,330,128,385,33,459,
82,30,536,
522,214,33,143,508,486,416,165,184,278,268,263,371,523,291,32,416,93,283,229,44,200,72,159,301,89,214,437,
461,128,409,
397,233,498,547,126,489,65,26,195,341,226,
320,474,296,521,12,52,449,272,199,189,122,
293,336,444,209,157,229,391,452,104,110,438,252,266,437,387,109,246,76,392,210,503,368,332,25,456,96,180,296,263,538,534,152,217,70,
212,161,125,451,109,368,325,421,318,136,98,192,44,276,476,256,0,398,17,434,56,537,184,462,548,84,343,330,37,349,388,357,35,518,329,200,140,517,49,541,47,449,381,344,469,459,343,166,235,268,486,
536,110,300,498,538,391,435,22,91,132,472,451,123,234,266,328,14,176,472,498,418,463,456,471,524,89,
366,417,187,109,181,401,481,29,144,61,165,165,216,134,186,
296,126,70,333,237,321,123,137,167,485,447,393,127,170,234,445,20,300,126,153,135,137,139,418,71,338,382,172,207,61,351,
482,494,354,195,233,212,181,67,425,160,115,520,539,49,184,25,184,64,
370,33,325,137,4,189,381,394,547,394,193,273,60,524,134,538,76,299,305,385,104,302,292,480,516,98,
123,524,489,144,538,13,351,536,70,163,293,
33,250,15,490,159,276,346,536,65,549,285,
69,183,463,96,545,182,325,117,476,425,42,459,292,494,10,174,138,549,126,4,333,
466,395,362,199,41,309,340,102,196,
161,15,150,212,544,437,417,504,44,40,140,239,4,58,502,31,246,
126,73,318,201,418,267,472,538,367,446,464,354,17,260,330,190,234,226,237,277,342,4,501,251,0,505,96,206,391,443,540,498,
465,291,330,186,115,420,191,206,118,12,290,108,488,40,413,286,74,144,538,500,34,5,421,400,75,451,411,425,309,404,86,393,475,172,275,133,525,201,
164,237,381,402,443,
382,366,136,41,180,179,122,338,217,220,218,22,192,342,516,67,157,535,438,384,376,507,127,453,464,79,389,349,241,537,409,504,402,91,278,397,330,322,459,183,185,228,151,162,304,284,57,299,422,263,223,61,396,215,226,521,396,170,83,177,492,214,531,219,296,242,70,
186,346,272,184,366,119,454,
465,400,373,459,92,21,
277,284,157,350,211,408,126,125,103,8,497,450,159,281,516,58,9,159,420,451,162,307,391,373,
489,144,260,208,9,244,123,348,46,272,455,367,465,416,511,509,460,82,418,330,427,135,402,536,383,381,460,6,123,524,334,500,250,263,76,8,216,484,457,493,247,36,464,374,31,355,0,187,69,290,235,33,501,21,331,26,491,397,19,459,540,450,101,503,346,
12,193,220,242,524,
134,366,397,521,61,153,381,380,537,296,71,189,220,193,
124,485,523,200,162,508,548,
184,397,101,463,175,333,4,460,217,209,29,270,506,515,200,405,54,200,229,489,67,183,412,324,89,151,250,409,253,329,367,186,330,
496,169,70,109,302,296,483,514,67,293,463,548,427,165,509,292,159,503,288,330,486,381,
165,478,168,507,224,210,219,199,399,157,511,111,490,119,356,236,398,45,344,285,180,405,93,496,123,498,366,
117,425,220,210,487,220,246,325,
443,157,414,
220,423,467,300,75,523,126,21,51,396,463,
350,497,503,135,133,437,104,408,343,201,49,26,146,
267,396,47,49,491,513,
20,488,113,153,492,426,201,44,402,184,101,295,433,270,488,159,281,
128,218,220,330,40,4,16,165,459,506,59,486,484,366,250,490,495,216,454,357,442,115,445,
109,463,518,489,431,380,527,106,84,374,62,268,159,79,21,185,286,349,276,330,192,325,270,517,402,425,4,548,385,267,373,179,174,381,452,446,139,129,170,358,367,296,210,211,431,214,120,255,537,496,366,264,511,33,106,371,180,365,355,274,143,534,133,416,495,
229,293,212,73,349,354,203,215,345,23,490,473,270,543,374,191,326,365,428,220,340,549,224,184,262,357,
233,220,378,430,41,160,234,482,324,70,469,414,209,505,397,474,123,481,186,373,23,203,365,541,296,448,265,
300,40,249,381,481,369,27,476,511,269,296,219,222,135,444,499,187,159,220,529,220,296,177,491,216,
113,303,336,402,418,175,115,27,41,269,317,333,20,144,50,310,106,120,18,519,179,386,337,469,208,87,340,31,446,8,115,545,408,204,58,496,133,120,235,469,198,24,374,286,78,399,401,427,322,385,320,458,297,399,48,12,448,159,492,298,25,491,533,534,528,185,318,259,330,446,181,1,89,
318,129,72,328,151,521,432,284,547,102,27,332,381,70,373,512,189,135,538,
238,486,506,28,331,
501,521,120,522,501,78,333,224,513,343,184,
74,464,525,439,454,532,303,119,431,178,267,242,454,33,358,291,182,31,5,448,2,89,134,321,257,107,159,547,304,268,546,538,
220,250,442,233,246,316,459,183,334,411,511,328,4,530,286,96,117,225,504,71,85,518,520,417,350,220,
268,503,220,128,66,43,321,74,417,445,212,
463,450,194,439,523,205,293,184,503,206,34,143,180,428,60,379,349,76,214,250,420,90,404,326,261,186,159,231,206,
402,113,57,22,226,347,113,303,183,165,278,157,575,95,74,555,61,63,59,296,318,954,429,74,450,513,210,442,534,486,230,526,193,322,64,532,524,251,96,114,183,364,178,45,5,482,125,382,486,45,246,362,266,55,20,267,315,134,489,49,538,164,535,115,
385,112,305,46,70,388,535,329,381,417,266,437,485,72,109,113,52,266,172,370,427,190,20,159,373,107,159,210,313,28,122,473,116,98,200,533,490,
281,20,495,79,165,
506,216,256,254,408,381,447,218,290,59,186,492,428,148,232,184,90,2,285,366,85,35,77,279,404,349,80,305,128,423,455,171,540,106,288,390,8,133,70,495,293,238,214,235,165,209,418,
200,426,151,240,96,184,425,45,207,548,266,457,191,255,492,525,330,453,63,222,151,158,127,531,41,199,31,286,34,384,459,61,225,222,233,44,124,414,
270,502,522,57,245,6,447,195,130,512,391,298,495,202,292,459,141,490,486,258,502,133,251,218,373,25,338,366,96,369,154,253,61,527,283,21,
343,145,549,546,374,72,185,139,292,316,102,547,
495,284,392,426,230,155,362,54,471,493,496,448,322,276,253,497,420,135,387,439,190,180,474,216,80,424,490,45,479,452,165,506,437,463,0,217,281,195,385,101,89,446,341,109,
79,109,382,30,59,216,250,539,272,29,362,189,104,374,389,332,53,168,483,243,407,170,491,162,305,24,466,408,489,166,153,4,48,263,418,436,140,342,98,5,445,41,537,237,410,450,1,285,249,458,134,513,286,226,295,241,
524,536,362,56,521,514,516,188,510,457,536,
186,6,262,426,341,465,
45,481,486,268,529,228,483,91,104,53,401,166,169,167,273,97,408,200,402,412,220,118,71,435,46,95,495,206,249,500,194,434,262,126,
21,210,159,118,333,398,547,169,363,
180,311,77,382,262,357,47,181,21,165,418,121,137,93,195,521,360,233,25,341,190,67,438,525,340,405,102,276,437,346,544,171,431,201,212,259,500,
151,84,468,330,52,486,305,187,181,509,199,462,101,172,200,387,329,172,233,465,382,
122,369,426,370,385,124,427,120,152,320,150,491,342,384,
521,458,419,204,524,528,465,501,134,320,253,52,311,479,40,479,270,412,300,133,39,385,407,
426,185,49,122,186,154,148,548,151,
258,263,397,0,257,316,407,143,253,326,376,88,128,293,81,11,403,67,384,282,172,302,481,61,153,472,
292,185,370,41,496,
326,63,523,216,76,154,183,77,134,61,20,
234,499,509,501,372,397,117,412,29,65,302,311,
372,78,443,223,138,139,28,368,234,256,449,165,198,381,
299,179,256,54,113,298,264,396,36,370,87,12,205,79,82,395,253,39,130,403,409,531,425,263,382,508,412,124,303,203,
159,6,207,183,428,445,124,203,474,488,438,454,159,535,199,196,340,40,374,
288,183,140,101,491,188,5,41,373,385,463,315,
206,246,330,537,463,
13,456,123,247,199,445,233,
262,186,220,454,215,445,45,
409,454,134,271,209,461,81,258,149,490,254,209,284,486,341,242,529,
5,311,153,402,113,368,224,279,137,155,439,464,465,249,418,6,91,448,471,321,494,291,86,373,74,351,76,296,79,544,464,458,529,119,256,106,469,373,25,24,
518,242,220,109,19,302,246,
503,434,263,113,419,144,184,37,456,503,427,90,211,127,1,293,209,256,268,350,2,118,255,214,456,510,485,149,0,96,497,305,51,489,496,222,106,
481,82,401,545,216,405,481,89,9,338,247,181,358,247,
457,431,361,204,130,492,117,107,
412,439,299,319,464,397,494,527,153,521,538,395,15,
12,287,485,299,174,377,242,494,341,4,418,11,196,194,154,381,160,277,79,490,10,500,376,425,258,372,414,322,403,
64,371,446,448,253,396,168,384,130,435,41,309,88,25,533,482,
120,259,341,
438,25,225,428,382,501,322,239,475,249,481,103,143,71,316,127,390,481,409,
400,451,199,296,541,193,30,70,482,465,417,333,405,253,280,511,242,465,369,300,
253,537,396,64,330,293,76,400,267,204,284,381,12,488,258,548,400,495,521,42,270,409,184,152,269,162,327,458,540,305,296,533,73,298,67,332,
513,250,534,79,116,325,483,402,459,312,77,66,306,305,38,417,501,79,128,362,488,524,159,267,
508,495,522,387,461,298,535,313,105,20,240,137,221,387,106,358,0,531,330,133,405,252,234,75,542,372,287,315,416,527,322,251,452,309,448,534,
451,277,214,305,263,400,233,50,352,484,180,303,
346,523,180,303,209,186,444,539,247,447,21,454,465,284,233,489,486,
226,52,456,266,242,172,293,441,79,460,382,199,494,397,249,
45,49,180,46,
511,220,377,516,114,405,104,49,239,196,433,159,110,446,395,411,534,310,418,109,
529,409,67,
12,6,
368,223,372,374,
28,373,238,
41,293,446,75,
446,495,64,113,
278,387,529,
65,234,397,
232,35,486,321,
5,106,
318,165,41,35,76,
367,186,487,
503,439,293,224,409,
252,294,177,
526,284,544,398,
25,482,301,
274,225,296,483,
399,28,113,293,222,
380,269,
19,446,179,35,
79,6,286,281,
125,229,
436,79,348,
196,106,466,
162,277,124,374,381,
24,495,481,0,547,5,
184,482,218,135,
200,393,385,305,
227,177,76,
119,5,21,186,
370,180,445,330,247,
233,13,151,
