265,265,
565,135,
659,906,
227,813,
723,662,
538,505,
2,407,
7,657,
135,565,
439,490,
216,714,
940,472,
951,994,
61,792,
861,386,366,
752,3,
986,432,
173,
792,61,
424,818,
115,288,
459,968,
779,
714,216,
567,359,
804,551,
896,256,
881,309,
505,538,
414,563,809,
162,327,
502,
667,865,
563,414,
813,227,
756,722,
106,287,469,
929,923,
325,578,
366,861,
704,129,
333,123,
681,629,
824,339,
309,881,
857,806,
810,870,
490,439,
860,39,
551,550,804,884,
916,899,
481,949,
123,333,
346,852,
446,878,
469,106,
657,7,
298,
254,254,
407,2,
924,856,
472,940,
590,483,
695,174,
858,50,
447,
129,704,
386,861,
678,8,
623,536,
482,594,
852,346,
994,951,
553,954,
629,681,
645,460,
12,937,
209,
174,695,
288,115,578,
974,749,
218,632,
39,860,
884,551,
3,752,
843,816,
899,212,916,
312,488,
670,588,
722,756,
878,446,
302,
672,639,
838,
327,162,
58,493,
161,161,
493,58,
632,218,
870,810,
735,
954,553,
721,721,
212,899,
8,678,
865,667,
764,
809,414,
968,459,
594,482,
639,672,
187,
816,843,
906,659,
513,139,
949,481,
818,424,
483,590,
923,929,
550,551,
460,645,
662,723,
24,
578,288,325,
4,
588,670,
139,513,
749,974,
937,12,
488,312,
359,567,
287,106,
432,986,
806,857,
50,858,
339,824,
149,44,
856,924,
724,
536,623,
256,896,
426,
44,149,
775,
463,
222,
817,
603,
575,
207,
646,
52,
635,
33,
829,
468,
616,
107,
398,
89,
826,
987,
102,
685,
387,
935,
962,
21,
512,
389,
548,
334,
307,
696,
228,
494,
449,
172,
524,
837,
650,
990,
649,
666,
116,
851,
863,
214,
68,
522,
691,
674,
877,
930,
763,
991,
415,
134,
887,
250,
452,
128,
109,
201,
211,
950,
702,
480,
808,
547,
577,
26,
862,
697,
998,
872,
542,
406,
608,
322,
118,
380,
602,
361,
533,
148,
286,
367,
166,
5,
489,
358,
546,
988,
347,
230,
784,
369,
624,
16,
221,
890,
219,
249,
22,
410,
215,
401,
932,
640,
167,
555,
787,
34,
92,
795,
737,
927,
53,
964,
125,
908,
933,
622,
996,
320,
28,
827,
451,
267,
196,
742,
78,
73,
948,
953,
558,
263,
669,
234,
777,
693,
844,
416,
736,
692,
698,
354,
794,
529,
352,
972,
473,
767,
290,
46,
841,
15,
576,
758,
750,
647,
150,
627,
773,
532,
496,
689,
442,
931,
349,
276,
535,
599,
530,
582,
638,
521,
965,
504,
708,
240,
560,
332,
820,
151,
699,
768,
112,
984,
168,
411,
936,
301,
310,
192,
431,
317,
262,
220,
570,
520,
579,
467,
605,
668,
709,
10,
103,
776,
912,
967,
941,
801,
944,
673,
509,
113,
785,
330,
141,
976,
164,
157,
289,
543,
683,
421,
729,
350,
202,
461,
282,
745,
958,
503,
376,
252,
751,
518,
909,
485,
478,
497,
945,
983,
676,
952,
910,
971,
957,
95,
323,
94,
31,
879,
491,
429,
572,
989,
246,
384,
450,
883,
781,
617,
615,
393,
71,
731,
420,
466,
390,
251,
42,
337,
408,
284,
342,
441,
811,
711,
621,
80,
960,
283,
898,
982,
275,
700,
519,
798,
340,
484,
224,
225,
409,
748,
783,
928,
153,
845,
665,
144,
294,
534,
255,
943,
868,
231,
