407,438,32,40,89,213,99,133,199,285,313,165,25,387,144,326,422,458,
387,204,443,431,128,
60,41,268,420,
74,464,525,439,454,169,532,303,119,431,178,267,242,33,358,291,182,31,5,448,2,89,134,321,257,107,159,547,304,268,546,228,264,211,527,509,
399,314,179,41,417,
300,527,541,289,339,87,133,214,371,308,184,253,220,520,188,189,538,318,389,25,82,186,173,251,377,498,271,220,47,217,72,6,98,59,184,465,213,130,338,480,487,303,448,
180,435,493,305,251,355,488,45,284,315,324,165,91,230,487,183,485,514,79,32,547,292,242,490,263,259,
537,0,506,134,384,79,382,165,78,222,94,528,126,206,236,60,107,70,199,509,280,351,161,127,21,79,330,99,370,393,462,282,271,40,343,205,263,162,374,338,113,244,538,529,
333,96,293,486,419,365,134,216,252,502,398,464,138,94,106,497,547,81,20,485,306,536,547,163,329,21,507,152,106,67,237,293,225,
363,220,301,183,322,389,363,33,81,
233,298,310,235,96,193,169,25,272,408,111,429,409,381,72,301,423,22,
531,215,382,463,533,100,504,199,423,118,308,163,210,
71,438,349,200,26,143,52,168,530,8,25,267,
229,212,52,73,349,354,203,215,345,23,490,473,270,543,374,191,326,56,365,428,220,212,549,224,184,185,357,48,328,468,489,
207,418,159,229,143,493,182,34,470,186,372,396,383,393,214,92,242,284,276,153,26,287,307,405,450,509,467,138,288,384,
382,425,366,136,280,41,290,179,122,338,217,220,377,22,192,342,516,67,157,535,438,384,376,507,127,453,464,79,389,349,241,537,497,504,402,91,278,397,330,322,357,459,183,185,228,151,162,304,284,57,63,422,263,223,61,396,215,226,521,396,170,83,177,507,214,531,219,292,214,70,349,468,179,33,531,106,4,293,353,399,350,41,404,
345,521,325,414,5,202,261,
497,414,300,267,482,331,224,449,41,240,220,508,373,118,
543,465,82,210,350,424,521,463,
417,385,93,311,123,293,119,220,317,314,264,456,461,491,
77,118,54,488,122,179,115,
220,117,199,469,363,391,53,484,262,377,186,303,363,292,391,300,38,322,229,492,382,54,241,25,443,538,262,336,134,9,220,500,52,526,210,
162,102,162,274,185,350,
467,156,3,207,
361,457,144,390,436,425,485,388,
269,25,300,277,522,41,331,464,529,490,40,98,118,156,460,399,
212,125,451,109,368,325,421,318,136,98,192,44,276,476,256,0,398,17,434,56,537,184,462,548,84,343,330,37,349,388,357,35,518,329,200,140,517,402,49,541,47,449,381,344,469,331,459,343,166,40,235,34,268,544,203,483,490,487,324,543,199,41,
73,350,46,207,169,226,436,491,5,343,117,303,41,362,514,
490,438,413,439,96,174,199,
538,495,113,109,526,298,457,81,608,207,68,21,8,220,14,672,280,62,370,450,338,244,59,446,197,71,475,220,285,46,43,180,116,300,402,85,3,96,82,30,223,176,216,231,317,73,119,58,170,425,318,508,351,184,41,119,25,537,
113,303,336,402,418,175,115,27,41,269,317,333,20,144,50,310,106,120,0,18,519,179,386,337,469,208,87,524,31,446,8,115,545,408,204,58,496,133,120,235,469,198,24,132,286,78,399,11,322,385,320,304,297,399,48,12,159,8,60,298,25,491,533,528,185,318,259,330,446,439,181,1,55,89,370,119,524,133,260,120,302,136,281,280,515,547,514,442,169,537,55,340,396,
159,6,207,183,428,350,26,445,124,203,515,474,488,438,454,402,159,535,199,196,340,40,468,208,228,200,33,
387,301,407,268,445,420,
120,259,341,99,30,15,290,113,522,350,137,
32,326,407,362,195,340,350,545,481,192,8,471,399,250,324,330,121,180,148,344,373,
186,346,272,184,366,119,481,257,280,347,23,122,251,512,280,301,99,341,427,228,
200,159,385,138,529,504,191,24,199,302,81,160,353,21,
535,450,272,485,
286,465,229,113,69,458,480,208,371,441,106,60,283,313,221,330,417,79,220,383,111,158,352,22,53,327,532,79,354,449,156,5,530,457,35,302,464,206,236,41,274,490,
115,504,281,457,215,484,508,274,300,288,516,292,228,120,475,77,94,
311,381,20,372,286,382,402,464,
101,187,151,288,418,273,123,186,101,429,524,514,408,281,184,373,137,190,332,381,433,
426,185,228,122,186,148,260,548,151,322,49,73,310,224,140,64,
255,99,374,79,
126,73,318,201,418,267,472,475,367,446,354,17,260,330,190,234,226,237,342,4,501,251,0,505,96,206,391,367,540,22,427,364,418,52,450,
425,302,382,100,451,417,334,505,274,267,
285,271,518,408,226,350,538,31,377,26,95,285,197,224,208,371,59,66,466,506,181,212,303,290,64,457,148,456,260,453,124,142,287,27,269,184,244,247,185,491,
96,456,528,133,5,
164,437,381,402,539,14,225,243,314,501,202,325,301,316,502,228,48,458,
216,366,431,11,234,495,135,146,243,
165,495,139,524,4,231,281,223,144,40,52,21,193,43,210,505,214,184,147,54,
514,61,101,423,79,150,450,323,113,233,73,86,238,
450,133,474,121,130,166,29,162,548,416,351,523,95,54,345,54,402,190,347,132,323,335,93,459,96,46,336,540,200,431,263,488,309,418,55,260,
438,25,232,428,382,501,322,239,475,369,481,103,143,71,316,127,390,481,490,227,303,448,184,199,86,432,
495,392,426,230,155,362,54,471,493,496,448,322,276,528,497,420,135,387,190,190,180,405,80,424,490,451,479,452,165,506,437,62,0,217,281,195,385,101,89,446,341,451,491,292,109,41,300,506,
484,162,118,365,404,372,278,508,37,76,452,197,372,430,547,344,235,117,170,287,193,43,302,274,359,335,330,220,301,354,445,342,468,533,333,257,495,386,164,81,522,207,63,530,440,241,146,317,22,33,274,
399,220,113,482,222,32,330,292,544,216,393,314,539,262,314,333,382,169,269,54,12,374,481,502,
268,228,491,60,228,119,62,387,179,499,258,
186,6,262,426,341,465,44,327,491,431,194,475,
60,134,526,519,136,224,434,
75,488,98,330,545,465,498,33,235,331,340,429,41,462,485,399,174,234,197,376,102,339,391,162,
384,5,400,40,463,537,136,423,75,278,86,206,524,258,396,342,347,426,159,512,454,409,314,232,40,207,
487,419,288,183,518,342,431,300,111,381,
365,453,396,
341,88,412,228,487,440,120,186,409,20,495,190,191,292,305,316,510,303,417,166,
117,94,220,1,487,220,246,325,32,122,260,232,20,462,22,165,
350,497,362,135,133,437,341,104,408,343,201,49,26,146,440,432,278,226,333,153,23,120,331,205,241,317,159,509,544,420,382,
346,184,303,6,186,529,539,502,447,325,454,465,233,241,189,430,468,181,373,
414,8,522,96,430,434,4,153,182,546,452,81,537,138,191,443,232,547,401,320,389,52,174,19,36,12,89,0,61,82,442,497,199,106,
446,495,64,113,450,538,519,457,167,420,
486,250,272,481,359,
96,40,330,131,246,479,250,29,224,440,326,124,406,507,261,414,179,450,372,20,69,251,242,287,6,208,29,82,386,225,240,129,197,408,489,86,381,59,278,25,316,374,333,220,517,23,390,398,470,233,373,187,244,496,238,343,104,159,389,78,518,207,48,279,274,202,125,123,286,538,307,206,179,490,479,52,518,459,137,300,460,
366,144,274,184,233,380,233,414,
235,79,127,
349,330,71,499,
228,302,288,198,335,268,250,184,25,359,90,426,531,497,254,174,416,186,
463,450,194,439,523,205,447,184,503,206,34,143,180,428,60,379,349,76,214,250,420,90,404,326,261,186,159,231,206,535,487,260,398,419,228,543,128,
547,22,333,355,220,334,337,21,21,74,373,467,279,58,195,528,176,135,89,396,343,113,102,449,24,160,451,302,151,46,348,
366,417,187,260,181,481,29,144,61,165,165,216,134,186,19,278,437,46,415,4,
21,210,159,118,333,398,547,169,363,200,372,503,99,537,340,272,79,124,
187,416,366,389,434,101,153,199,201,128,263,519,511,407,517,402,300,420,448,310,1,107,368,343,463,142,445,
125,106,28,141,96,
425,533,452,122,63,425,49,250,293,202,538,406,6,26,419,110,227,156,374,97,546,295,464,315,501,352,319,388,481,238,20,195,400,109,45,39,465,41,179,199,135,511,361,49,41,390,215,
223,541,526,35,518,334,69,120,185,165,1,412,547,481,262,207,83,432,12,8,334,
300,40,485,381,481,27,476,511,269,16,219,222,135,444,499,187,159,220,529,220,296,177,195,186,497,513,115,318,495,487,96,
45,399,49,180,46,318,420,137,498,125,39,57,140,439,
207,439,233,476,3,160,
365,545,450,106,
186,483,59,300,
24,495,481,0,547,5,40,254,134,283,200,465,490,501,350,405,
307,431,215,419,428,330,
431,450,544,214,186,159,222,112,506,388,457,142,140,306,215,479,216,307,55,258,413,423,487,387,12,401,418,183,
483,440,17,65,154,154,396,79,257,424,484,145,98,40,46,208,232,402,372,128,210,152,229,133,215,274,443,52,387,156,186,402,242,371,
138,176,508,23,79,
504,73,204,382,115,381,478,372,169,282,342,367,16,45,184,148,356,505,200,397,133,109,
70,385,144,374,230,250,118,141,277,478,344,210,376,510,98,431,29,341,466,318,113,210,320,113,405,485,506,75,226,256,233,250,537,268,102,535,382,73,518,386,367,156,279,161,274,274,
183,228,451,0,228,383,523,50,175,
61,210,398,184,151,330,38,468,366,52,344,440,397,179,199,382,539,514,64,463,215,538,490,
454,423,206,184,384,34,149,394,0,82,440,
4,108,534,41,323,330,69,46,151,
545,281,365,43,
250,425,486,259,187,96,179,33,292,313,209,120,138,246,53,220,468,129,184,540,365,541,463,251,102,191,41,345,104,187,493,163,93,439,356,89,330,142,377,333,82,398,40,228,189,4,302,538,70,232,
106,104,286,305,533,113,506,304,180,437,410,414,7,41,68,402,27,340,433,333,413,73,319,203,
99,283,125,537,255,204,521,
165,478,168,507,224,210,219,199,547,399,157,511,111,490,119,356,236,398,45,344,529,285,330,438,93,331,123,498,366,267,536,463,
262,186,220,215,445,221,482,258,196,542,545,399,420,46,20,
151,84,468,330,9,52,486,305,187,181,509,199,251,462,101,172,389,387,329,63,465,382,135,529,4,361,461,214,
183,107,416,256,290,494,159,457,109,228,333,288,132,207,88,153,405,69,225,0,164,487,382,184,102,179,413,44,453,13,50,76,39,254,440,488,63,503,335,314,180,398,401,232,306,
162,381,533,365,143,364,47,252,382,30,439,474,506,127,444,79,159,218,350,357,452,345,41,266,246,486,449,481,71,148,17,456,330,396,290,81,522,528,
457,431,361,204,130,346,117,167,189,286,336,443,38,236,446,455,206,481,456,
259,490,499,87,8,95,374,382,488,120,330,522,124,250,180,490,414,185,200,373,
420,221,95,98,8,282,93,222,509,539,331,215,92,508,210,441,84,477,89,494,389,362,528,187,333,401,45,303,6,60,
232,35,305,374,373,380,117,183,384,373,49,250,99,438,
59,165,140,125,263,
162,124,374,320,162,361,463,513,383,537,390,214,
463,57,204,33,438,132,87,74,226,309,332,119,538,385,187,335,25,163,544,385,187,531,384,377,88,499,209,237,165,122,
490,199,186,79,40,43,273,540,439,24,
184,397,101,463,175,372,4,460,217,209,29,270,506,515,200,405,54,37,229,489,397,183,412,324,89,151,250,409,262,329,367,186,330,33,538,459,418,263,366,53,300,
335,228,397,40,267,78,391,
443,1,414,457,202,343,224,328,5,33,338,447,387,
81,333,325,40,89,162,124,139,215,200,363,
233,389,
134,366,397,521,36,61,153,476,310,537,60,71,189,220,193,436,156,24,171,504,443,
41,511,113,341,227,231,57,46,431,0,6,463,495,154,13,79,274,286,496,252,481,322,76,4,250,374,466,128,261,292,162,546,187,253,173,399,184,39,487,199,73,86,37,538,269,151,18,497,470,157,184,119,179,286,522,346,214,49,140,320,459,
401,481,330,183,29,308,431,520,
179,89,360,467,96,373,43,399,536,407,104,
397,382,76,102,258,0,286,347,297,97,119,402,61,313,234,44,335,374,214,30,83,184,504,350,40,222,501,237,199,
159,466,222,33,194,517,55,162,74,21,463,431,101,391,159,210,203,332,300,511,223,300,259,477,185,270,96,102,366,409,206,447,288,548,86,465,529,536,17,178,350,26,1,
185,178,223,68,495,422,250,488,290,60,450,465,435,84,382,188,159,519,113,108,426,366,483,214,350,507,259,285,
28,125,238,154,343,516,
381,33,104,16,288,152,311,408,470,415,537,398,186,203,492,164,504,533,98,99,222,350,482,94,388,300,442,494,140,13,27,61,204,13,254,212,96,171,67,341,396,458,479,41,233,450,144,355,273,229,32,
389,330,309,62,96,250,501,144,38,228,262,469,40,428,59,205,421,502,
234,509,215,372,397,117,412,29,528,302,311,75,306,322,75,75,169,418,
434,280,538,150,412,17,274,245,18,479,60,
475,186,364,267,109,
79,286,281,205,518,190,205,490,79,238,
26,71,170,159,350,0,308,429,159,468,59,485,314,263,537,317,441,
0,5,397,41,409,329,537,414,102,113,115,268,24,98,449,183,5,253,291,204,365,451,454,26,56,161,153,
78,350,185,537,104,263,396,11,96,503,545,353,140,
62,268,242,76,293,
33,12,282,122,440,282,59,162,257,226,85,392,232,538,104,114,239,484,40,526,463,308,70,0,273,456,113,369,346,79,158,430,24,10,91,102,149,57,490,84,107,266,181,159,363,
378,426,236,267,46,154,226,207,536,
61,134,155,99,92,45,153,222,459,373,88,28,502,468,524,35,
544,133,460,40,379,526,445,374,44,141,415,399,340,122,
228,12,296,341,168,183,40,335,196,86,183,360,74,389,268,49,39,463,164,90,184,329,115,249,
318,129,40,328,151,521,432,547,102,27,332,172,70,373,512,189,135,538,199,300,
511,220,377,516,114,343,114,104,49,239,196,514,159,110,425,244,411,534,310,418,41,424,533,250,
252,177,54,336,15,41,305,58,109,
130,330,528,
479,445,55,199,1,288,222,430,521,252,240,245,481,18,193,12,325,536,96,311,418,
54,252,77,522,451,400,165,
437,350,276,547,514,195,308,164,451,25,33,
207,148,377,356,522,20,324,16,30,531,
286,77,343,228,141,79,95,261,184,125,353,417,544,388,237,278,293,494,184,463,490,1,96,459,462,528,531,518,
309,468,463,184,465,450,253,263,494,92,76,111,389,219,372,508,397,337,314,499,276,87,184,94,330,480,89,124,40,
491,509,186,237,495,522,369,386,451,417,
135,40,292,102,381,207,218,490,403,495,151,214,328,547,67,498,36,445,438,502,350,201,450,183,379,168,75,162,330,151,477,425,214,267,74,216,82,380,439,125,90,212,296,272,
215,197,459,5,137,457,104,
278,387,529,122,5,350,134,195,396,257,459,
179,33,197,425,19,280,64,214,341,41,96,77,
374,453,308,122,
274,348,484,96,372,17,12,35,328,148,70,
143,438,460,60,38,528,415,84,90,93,466,436,4,402,139,209,396,
162,997,327,370,302,519,30,420,455,92,496,499,481,448,954,334,484,303,161,240,161,283,202,408,399,99,13,88,233,18,463,339,450,471,536,540,163,209,456,438,427,147,170,419,33,469,135,239,4,517,215,169,473,231,67,266,228,275,127,482,235,539,11,154,233,75,471,63,
491,288,49,396,38,79,268,63,348,
487,41,341,148,111,212,185,285,450,
528,342,420,90,537,489,412,498,344,383,96,109,171,540,450,162,
423,350,220,11,519,384,325,498,410,318,503,170,436,460,454,514,536,
451,214,394,263,88,233,50,352,484,180,437,297,307,0,425,495,497,413,491,495,222,
509,140,74,83,234,173,371,113,395,413,491,260,83,385,495,
508,295,115,76,522,138,300,49,304,100,
493,180,334,193,78,153,390,249,263,
67,171,340,104,82,226,529,345,392,258,6,199,162,275,485,118,135,349,333,385,528,105,363,373,220,481,174,
485,70,124,258,67,453,150,528,216,180,57,
106,76,104,106,349,185,331,365,
450,156,342,381,119,177,365,249,264,301,487,126,
144,528,366,113,89,474,142,343,76,70,95,153,387,394,68,418,229,384,8,186,170,416,366,113,496,361,407,381,
503,536,293,313,410,78,21,115,223,462,226,109,35,
151,176,369,330,203,337,410,239,42,184,297,407,317,229,165,358,206,216,150,296,435,470,114,318,426,61,42,288,190,152,547,239,41,547,297,340,396,284,
424,124,543,90,274,
237,238,289,135,156,
222,61,373,40,298,495,451,
487,510,180,529,5,337,40,153,509,
293,330,350,282,425,297,13,136,487,503,530,470,180,283,300,33,94,198,250,459,438,62,244,333,382,
99,120,426,
327,186,377,512,421,481,
340,159,75,247,466,139,373,4,106,544,433,21,245,513,85,136,
118,70,373,184,533,465,59,396,119,479,349,21,200,469,364,77,67,397,473,60,269,261,308,137,193,379,531,440,497,
139,68,49,396,340,15,110,359,99,488,78,125,355,81,122,506,
414,89,259,140,102,443,199,326,133,345,366,314,
177,382,280,75,2,260,145,388,474,300,77,225,252,497,518,518,483,331,254,254,43,147,
214,379,450,549,207,451,298,506,273,212,183,264,308,314,167,463,20,128,59,207,57,151,165,501,41,
435,89,510,106,133,
320,162,301,441,414,41,
428,506,438,36,312,481,518,456,145,217,487,294,377,237,444,536,307,445,395,
465,291,330,186,115,420,191,206,118,12,290,108,488,40,413,286,144,489,500,34,5,421,75,243,411,425,309,404,86,393,475,159,275,133,525,543,166,219,269,304,445,253,222,330,
6,267,26,427,425,158,416,159,471,195,161,280,186,527,300,96,46,203,239,7,8,12,59,226,298,175,386,406,
499,281,259,79,463,263,199,349,
190,79,341,104,495,
383,305,156,153,528,468,
445,220,483,372,379,123,324,164,69,189,499,370,428,431,
314,309,164,387,214,283,22,183,399,48,274,399,86,384,414,
243,86,183,288,183,216,
487,117,428,106,375,372,226,474,357,342,415,434,
461,128,409,116,96,453,
142,5,22,250,187,144,380,482,122,140,389,500,448,25,314,
204,521,108,463,113,504,241,339,345,387,172,205,161,329,428,305,40,43,504,256,457,526,413,450,396,169,104,512,166,282,
49,445,516,511,350,16,456,45,284,491,429,390,402,295,530,304,28,350,459,426,58,329,425,508,41,296,
124,485,424,162,508,548,459,81,490,19,309,75,12,21,
362,495,346,79,512,527,24,122,440,43,5,466,297,95,159,317,153,216,401,420,272,12,497,219,399,73,
274,184,434,529,481,505,
214,396,485,253,43,94,368,340,128,477,230,353,393,268,3,32,445,401,180,214,68,312,382,502,122,
104,290,381,105,32,33,336,97,533,88,19,286,106,407,140,444,393,60,116,183,50,250,67,62,250,459,482,190,156,409,204,12,488,201,310,366,267,215,459,353,531,179,
140,41,426,266,288,203,509,119,78,5,198,328,456,134,216,297,338,431,514,330,414,59,
1,443,187,332,159,
528,67,143,235,113,119,41,482,468,133,216,144,495,130,506,184,274,342,491,
102,517,318,267,1,57,87,183,544,349,202,400,98,330,28,254,135,464,343,414,548,466,382,208,296,
296,8,184,115,133,128,300,5,461,532,511,100,215,534,428,32,176,468,356,499,510,535,13,86,355,257,48,288,283,443,277,155,505,433,58,206,135,202,128,49,
242,301,529,232,406,480,391,62,148,418,44,75,483,516,546,330,471,298,
30,79,33,178,350,82,184,120,403,445,536,38,418,487,23,309,115,538,440,154,506,263,308,431,397,493,207,106,336,477,8,468,497,
439,183,12,135,340,490,207,476,490,40,312,197,346,287,85,21,
59,464,33,26,186,297,522,366,
156,286,4,286,247,152,425,
111,509,83,233,41,254,
451,7,330,125,326,522,48,119,183,478,400,545,26,190,54,
82,30,525,250,59,94,543,40,135,261,454,
261,345,343,175,118,41,286,463,443,346,363,466,3,92,226,0,275,
64,446,396,168,384,130,435,41,309,88,426,533,350,387,
113,348,75,76,335,144,44,202,367,63,
149,454,25,23,418,
12,193,522,373,524,241,467,111,372,71,
326,63,150,76,154,183,129,134,61,20,205,549,414,213,
372,504,207,301,158,238,184,118,288,309,12,213,21,431,11,20,365,384,175,445,34,286,468,487,416,119,305,184,89,
86,514,243,74,96,179,360,198,438,284,159,184,39,88,314,
125,301,197,155,328,45,
419,2,367,40,523,448,311,446,387,305,194,525,313,396,349,521,502,185,156,36,203,445,103,325,159,262,27,294,185,395,289,284,223,133,277,12,468,487,307,
49,212,425,266,353,459,139,267,230,341,293,12,232,
90,424,128,528,228,199,
429,280,413,
228,162,159,
83,397,111,439,
343,145,549,443,546,164,72,185,215,139,292,316,107,102,547,537,468,
387,200,313,330,38,391,393,495,508,20,32,151,362,82,204,419,133,338,497,486,127,278,547,293,12,314,64,100,483,301,
128,148,296,540,186,341,393,495,268,310,41,191,483,40,79,388,454,461,268,461,90,487,387,
233,333,54,70,360,75,100,424,346,266,523,366,207,274,97,391,
133,319,353,25,305,483,509,287,137,434,137,41,282,296,350,320,388,56,26,156,296,450,334,465,387,392,288,350,521,544,490,96,23,481,113,89,229,372,363,435,
109,193,197,373,
524,402,109,418,133,322,499,89,202,207,523,186,61,77,10,101,248,181,113,165,5,367,
201,187,104,
119,5,134,186,417,113,544,450,9,241,41,522,372,
292,185,370,41,399,35,115,154,180,5,
280,44,462,537,467,515,448,331,177,115,80,434,95,436,23,303,30,382,325,179,520,186,184,544,27,175,113,417,429,120,383,
372,78,375,223,138,317,280,253,234,133,449,165,198,52,311,487,325,471,
258,263,397,0,257,316,407,143,456,326,376,88,128,215,81,132,403,67,384,282,172,302,286,481,61,268,48,467,328,262,
450,355,446,5,214,535,514,57,488,
463,302,499,
467,12,167,258,179,434,117,191,17,501,397,440,
184,421,222,41,296,246,303,300,358,30,121,528,393,410,350,202,309,424,398,61,26,179,365,160,255,372,197,290,438,539,78,320,285,20,520,454,454,283,77,72,86,495,165,
102,159,0,385,385,495,162,250,4,496,
153,412,71,75,5,59,503,16,65,106,123,423,79,484,254,352,106,473,528,32,274,374,442,23,87,362,7,165,467,76,374,183,134,272,497,187,418,105,415,223,424,350,383,100,65,325,526,78,207,487,228,144,493,0,
222,159,300,537,89,36,521,399,355,431,539,200,256,465,509,397,0,463,479,510,19,303,
521,419,204,543,528,465,134,345,420,52,311,479,40,479,270,194,300,133,39,385,407,127,320,332,425,419,
374,229,369,397,303,377,365,316,95,418,489,269,23,242,68,330,357,153,255,2,233,255,161,41,523,70,207,545,162,403,96,528,255,333,232,399,35,
43,490,179,545,
343,286,388,95,406,60,350,150,212,5,50,442,476,511,105,96,187,298,200,193,73,
398,165,165,442,324,375,381,208,394,236,130,5,333,82,179,15,61,514,285,531,198,21,344,526,535,250,546,321,406,424,10,
396,25,219,461,268,483,457,217,445,424,232,490,168,36,547,479,112,380,247,267,264,509,318,432,225,354,301,269,373,467,133,159,464,280,460,310,240,303,533,214,486,143,174,382,224,458,206,123,367,120,196,339,198,278,38,207,64,365,518,114,78,185,479,189,44,141,508,427,333,481,463,362,139,491,204,276,450,419,469,220,384,312,229,81,442,398,510,365,
122,77,426,385,124,427,120,152,16,150,544,95,328,117,169,278,64,159,61,253,85,41,488,33,374,39,230,463,482,
22,314,117,142,41,
274,233,254,330,484,528,424,
5,422,257,382,398,0,27,96,258,450,232,229,365,343,54,370,
518,286,156,212,96,14,257,177,79,35,474,330,15,419,465,487,308,146,379,17,
215,99,431,157,73,52,395,254,360,192,343,210,531,75,413,510,8,234,45,445,77,81,
106,487,125,382,435,55,7,497,106,344,456,171,
199,105,325,179,183,305,546,71,409,169,387,215,200,212,397,
413,303,490,79,509,75,52,326,429,406,
445,525,419,362,27,190,89,407,432,479,49,36,212,98,330,167,415,76,303,135,446,268,262,131,199,387,215,3,399,360,187,544,
308,26,466,214,146,118,374,535,19,531,45,548,401,
464,311,40,59,
12,287,288,191,174,377,242,494,341,4,418,11,196,194,154,274,160,277,79,490,10,500,376,425,258,372,414,322,403,495,124,
197,125,109,215,434,75,179,326,439,512,
89,20,271,373,48,193,36,468,153,237,152,338,74,524,547,320,57,169,254,481,25,415,445,222,82,133,292,200,495,184,108,144,362,422,234,131,179,414,23,113,216,350,414,326,413,133,339,435,123,484,508,
7,106,106,
25,434,217,133,253,412,257,9,438,284,100,96,218,266,89,443,186,23,220,269,350,256,461,272,142,228,490,361,376,538,149,338,
76,11,342,435,402,51,164,183,152,425,397,206,40,82,180,508,545,274,171,445,144,1,78,106,41,497,113,456,4,505,62,359,
302,180,345,518,258,276,425,195,254,484,547,333,505,314,489,463,200,
288,183,140,101,491,1,5,41,373,385,463,315,321,183,372,143,116,21,430,159,98,282,330,
186,80,479,282,15,192,24,203,91,314,28,144,460,231,312,212,408,435,458,545,8,60,124,28,84,63,457,300,276,41,250,336,193,486,506,265,172,25,381,463,176,4,216,73,43,490,347,525,
330,130,32,399,
288,151,199,133,228,296,283,55,46,251,239,508,69,56,0,243,124,115,487,463,381,207,
460,209,269,156,215,264,371,
202,233,38,442,100,196,267,164,443,420,27,96,345,
75,109,177,413,226,242,
17,159,274,467,518,
184,118,286,212,274,15,54,428,199,254,401,293,526,285,228,309,419,41,372,383,
476,300,69,518,320,357,540,229,343,66,438,12,439,134,339,207,
238,237,96,506,28,331,345,65,419,443,461,212,501,538,468,102,514,
69,183,463,96,545,182,325,117,476,42,459,494,10,174,138,549,126,4,359,532,288,458,445,5,417,
33,250,235,461,490,159,135,276,346,121,65,549,285,481,79,12,437,293,60,46,
41,425,382,186,50,368,381,64,507,26,288,367,382,229,97,111,63,150,22,177,40,226,212,214,
510,70,459,487,435,402,215,396,548,
301,342,75,109,460,372,29,363,383,8,95,125,242,387,420,164,267,199,233,320,128,
418,141,55,115,113,242,144,12,485,297,97,138,111,290,31,485,63,351,153,37,150,101,524,29,495,466,516,124,481,287,289,376,516,262,252,144,35,207,448,353,30,330,234,450,149,184,338,506,395,262,348,207,342,
247,282,340,50,94,108,271,505,152,451,233,114,449,40,75,481,394,256,548,346,163,285,298,
204,0,387,99,311,462,536,387,41,
254,24,302,274,228,77,314,400,177,199,
210,420,440,524,6,531,107,239,40,178,267,497,133,333,303,413,358,355,270,159,70,165,21,101,365,196,483,543,96,87,61,158,199,473,328,501,347,505,3,397,220,
377,31,220,148,261,178,103,337,339,363,412,511,11,7,452,95,132,494,525,78,250,212,280,109,463,382,220,
420,301,325,521,202,220,350,387,
127,438,390,456,387,142,162,60,387,537,271,305,
229,545,377,286,260,530,273,171,94,367,5,91,194,41,379,476,180,178,258,546,322,141,396,229,8,314,381,
340,439,5,32,250,498,387,100,151,417,467,420,453,75,113,
536,165,267,179,204,236,520,468,296,378,
370,33,325,137,4,189,381,394,547,394,193,273,185,60,524,134,538,76,537,305,385,104,302,292,480,516,98,210,113,319,183,
156,503,421,104,153,167,467,518,134,455,84,383,348,450,483,460,70,237,249,425,152,
3,210,207,445,214,467,267,
330,291,382,395,293,451,82,303,327,113,231,77,484,340,140,349,465,165,442,88,399,
490,495,6,239,400,286,79,519,396,135,409,133,259,170,232,224,88,111,33,302,27,124,330,286,385,33,459,384,180,176,454,522,88,25,212,489,46,40,61,373,173,
373,67,232,61,286,259,312,490,20,63,71,346,
342,384,528,35,237,450,487,280,517,418,385,
456,193,225,215,226,349,476,199,75,46,127,162,229,428,463,318,5,439,314,161,241,498,199,289,
79,453,382,30,53,216,250,539,272,29,362,189,104,514,389,332,53,168,483,243,407,170,491,162,305,24,466,408,489,166,4,48,263,418,348,140,342,98,5,41,537,410,522,450,1,285,134,297,432,286,226,295,241,255,499,413,529,402,98,79,445,61,73,21,18,235,138,
170,26,423,162,397,
268,292,128,66,43,179,74,417,445,212,448,409,373,0,
41,60,75,468,382,362,462,425,139,122,204,378,472,521,463,36,310,
52,414,308,253,71,154,147,57,23,229,210,156,350,380,96,1,
522,207,79,490,298,506,120,293,109,414,111,314,59,162,12,272,497,491,12,531,168,119,54,263,
125,166,451,172,99,486,253,305,135,22,502,
263,456,78,273,119,338,73,463,58,205,382,79,494,56,371,408,243,492,180,375,73,499,434,16,85,275,131,36,12,466,207,383,389,79,465,278,122,111,209,386,19,77,453,82,402,450,79,90,214,420,492,78,26,522,535,303,338,451,8,184,98,493,
262,245,419,8,435,330,34,49,549,468,418,242,
330,309,288,242,495,89,
269,286,465,247,
466,242,362,199,308,41,309,340,102,546,143,248,376,521,
146,308,120,
314,456,417,26,302,305,522,399,65,213,
497,362,151,5,350,225,179,464,221,151,148,358,223,412,468,13,168,312,53,469,153,109,319,382,106,522,451,228,499,30,
359,459,221,228,344,69,486,11,153,495,76,
206,46,330,537,463,41,363,454,544,159,76,286,529,96,457,296,290,
193,479,7,12,50,517,63,198,245,298,134,86,110,419,517,484,118,109,480,493,343,165,
35,298,232,223,19,46,44,292,397,274,330,61,374,287,503,
468,89,464,262,385,25,167,309,372,221,35,361,151,46,296,516,41,61,152,356,497,131,217,528,423,238,26,470,382,120,292,242,346,383,536,61,423,436,
100,153,425,12,350,508,
495,119,80,443,270,538,510,451,284,107,539,24,331,272,128,512,438,503,102,95,107,148,505,12,348,71,418,184,222,
12,497,284,113,199,33,223,9,228,465,488,303,116,530,362,345,330,479,423,387,49,155,100,
281,20,495,322,79,165,19,407,113,125,306,43,423,545,338,290,214,
333,250,155,108,68,411,95,40,90,288,418,396,233,363,212,485,292,420,66,83,371,77,374,302,350,183,524,399,
176,138,441,490,
350,78,239,423,205,164,184,208,105,73,517,32,397,133,529,290,293,25,548,471,199,205,78,30,209,224,477,26,52,100,1,414,300,364,
305,343,493,171,182,320,241,7,298,58,87,148,313,32,354,106,450,368,173,183,137,406,252,478,156,70,205,410,506,79,370,323,357,474,151,229,359,362,313,311,215,180,218,106,440,344,479,60,127,328,199,183,380,314,435,502,431,
199,278,159,56,540,521,422,60,411,151,472,103,314,143,318,328,479,454,350,305,187,326,502,139,271,199,430,63,106,466,67,226,212,182,417,324,289,255,537,523,414,425,490,1,438,22,411,445,41,499,301,414,531,90,78,395,490,431,220,254,487,
346,247,457,439,41,
20,311,488,113,153,492,426,201,44,402,424,184,101,295,433,270,488,88,281,12,80,347,117,374,373,262,54,532,
40,464,81,41,309,384,
109,301,377,522,64,503,475,528,512,
328,220,36,135,109,315,324,305,66,210,140,258,500,34,433,274,412,
360,445,179,
4,165,214,251,156,76,133,185,250,382,506,
508,495,387,461,298,535,313,105,20,240,137,221,387,106,358,0,531,330,133,405,252,234,75,542,372,287,315,416,527,322,251,452,309,296,448,218,127,447,88,413,40,89,365,536,
237,342,183,
456,220,109,96,76,331,334,16,296,224,312,457,
272,209,235,454,231,196,511,495,46,273,186,21,448,40,219,355,153,4,516,25,402,380,486,535,522,138,230,433,175,
8,182,105,30,115,229,296,62,129,346,3,176,422,306,420,506,146,39,299,116,114,507,113,32,71,453,513,301,262,280,263,223,
518,223,220,12,19,302,406,129,507,23,70,36,96,336,533,330,
274,425,281,473,483,491,115,366,314,162,389,70,105,198,365,395,228,
23,407,25,96,463,30,374,22,167,133,17,394,405,257,133,174,149,
15,398,120,183,458,
526,544,398,184,60,437,189,
298,458,35,529,233,358,510,92,224,193,465,113,183,435,214,79,452,38,193,27,312,6,267,456,266,522,160,240,245,342,6,258,285,210,242,
348,221,233,212,459,274,418,120,79,
46,272,463,483,178,41,73,502,486,353,261,157,67,213,264,415,366,448,137,181,288,315,450,512,498,206,33,262,547,490,83,
529,269,513,278,203,330,
267,396,278,49,36,279,165,497,475,428,178,89,370,378,335,182,71,135,245,409,301,210,21,486,536,216,104,88,5,472,425,54,0,3,
506,522,256,254,408,447,290,186,428,148,232,184,90,2,285,366,85,35,77,279,404,349,80,305,423,455,171,540,106,355,288,390,8,133,70,495,139,238,214,235,418,537,431,251,481,440,53,4,
5,183,384,73,142,0,120,324,443,215,405,58,345,325,364,
303,400,374,438,300,539,503,258,385,137,3,513,263,312,162,462,178,341,139,291,210,40,235,367,7,274,492,319,23,280,264,413,89,
481,82,545,509,481,89,9,338,247,181,358,506,418,220,391,423,67,
215,234,22,483,184,115,369,40,270,372,227,61,307,305,200,
423,12,233,531,
305,125,341,232,383,342,372,
5,362,278,224,471,267,140,69,
463,263,63,41,90,202,155,538,105,46,151,316,141,335,400,528,276,466,223,381,467,288,459,233,167,23,218,471,54,80,396,69,330,220,115,286,61,220,545,288,162,456,214,222,195,228,
214,4,546,431,330,96,397,135,141,92,382,162,41,281,
334,425,325,456,330,322,458,493,508,48,85,431,223,
385,112,305,46,70,388,535,329,488,417,266,437,485,72,509,113,52,266,325,370,473,190,20,175,373,107,159,210,313,509,122,473,67,116,98,200,533,490,102,438,313,491,463,468,342,
167,457,446,
226,52,456,266,229,389,441,79,460,382,199,494,208,28,27,258,364,65,460,487,350,503,378,167,304,336,237,41,
481,81,133,24,516,439,264,401,539,299,300,428,411,285,486,32,41,162,68,396,435,217,479,518,267,223,221,223,440,11,274,412,534,
338,443,25,537,
383,183,280,162,348,184,
286,311,156,373,325,301,
325,345,368,463,423,342,4,419,81,117,241,117,87,420,499,164,158,334,476,153,385,537,286,372,5,
453,178,12,461,295,374,294,365,379,488,282,
57,409,450,
183,302,249,5,363,288,15,243,439,237,370,282,
533,106,85,402,162,152,118,200,231,235,211,308,357,104,531,257,313,182,19,420,425,484,292,307,64,294,326,
127,162,235,117,258,533,
529,409,67,304,353,242,388,274,487,459,159,295,55,93,206,389,346,537,
120,220,330,5,529,348,115,
402,403,57,22,226,347,113,331,183,165,278,157,575,95,74,555,61,63,531,296,318,954,429,74,450,71,210,442,534,486,230,526,193,322,64,532,524,251,96,114,183,364,178,45,5,482,312,125,382,114,34,246,362,266,55,20,267,315,134,202,152,49,5,164,535,115,159,41,212,257,529,510,237,292,19,483,533,
220,423,467,300,75,523,546,51,396,463,409,456,449,481,348,113,497,448,543,399,377,
75,124,22,340,250,438,25,384,363,54,40,130,456,113,518,158,301,419,506,247,410,313,153,234,372,181,246,215,267,
5,311,153,402,487,368,224,279,137,155,464,465,281,418,6,91,448,471,321,494,291,86,373,74,351,76,296,79,544,412,529,119,286,469,59,74,24,299,58,253,115,220,96,292,
373,207,5,118,325,272,204,439,457,459,185,96,385,25,361,488,193,318,409,44,32,503,179,340,222,101,497,109,
485,300,26,535,214,138,200,85,531,
409,397,134,271,209,461,81,258,149,490,254,390,284,486,341,242,529,227,177,224,354,267,134,57,413,121,384,233,520,
109,328,75,497,511,495,456,183,250,504,252,
12,6,453,113,522,226,500,431,399,
459,315,411,115,430,482,490,208,501,101,234,260,359,159,546,423,59,256,40,252,413,69,136,224,325,237,449,530,124,529,284,41,278,104,96,
40,189,327,403,417,454,384,395,424,256,437,537,338,463,1,454,146,33,247,286,92,383,419,128,96,245,384,220,397,303,135,406,247,435,333,465,455,222,487,324,300,443,34,441,544,530,212,407,484,459,204,533,306,487,512,75,117,159,47,320,521,508,294,228,269,250,24,335,165,82,533,389,490,200,537,490,222,266,215,397,527,496,
220,250,442,301,246,316,459,183,334,411,511,328,4,120,530,286,96,117,225,504,71,85,518,520,417,350,220,471,312,547,
440,83,395,289,452,279,66,342,487,400,229,483,341,134,351,362,76,37,183,116,322,334,113,302,393,400,96,209,520,341,120,305,210,305,188,390,30,530,106,126,241,506,467,
330,262,382,126,374,155,87,290,439,449,508,265,142,334,449,535,387,82,4,344,341,304,438,62,471,198,29,151,162,206,206,205,509,212,439,124,537,55,333,538,193,530,127,109,286,445,407,61,418,102,390,143,214,184,490,364,401,274,463,518,12,347,120,307,35,529,426,266,
19,179,35,366,533,281,355,359,40,124,402,222,
459,463,29,402,299,212,49,104,261,348,209,151,347,220,215,49,180,49,184,380,61,68,
439,83,45,
471,372,5,162,242,
422,407,185,
311,204,479,
431,445,372,199,334,305,
487,128,372,199,
237,463,491,226,397,
200,343,40,222,215,259,485,
417,425,341,399,69,
502,61,125,399,389,
48,164,258,96,334,
22,125,215,75,233,
488,12,450,77,
34,372,454,402,
460,544,143,96,
371,483,460,
445,79,214,
481,457,186,327,399,
179,268,268,
301,450,286,387,
348,491,547,383,
441,320,176,26,
226,75,12,67,
290,162,206,281,
353,104,200,
224,456,60,
140,45,142,
303,12,222,396,
216,140,267,485,
128,301,463,296,
63,373,113,162,
171,528,134,106,
364,350,162,475,5,
85,340,439,334,485,
21,165,547,439,
71,373,153,402,12,
