367,179,374,
534,401,345,268,433,513,517,
401,4,280,113,153,197,165,37,360,142,74,409,506,514,527,458,60,421,517,257,93,451,483,478,228,203,58,25,182,1,84,204,365,405,377,40,519,490,404,18,139,434,301,534,319,382,427,46,59,429,216,487,198,372,543,496,506,376,221,249,488,472,119,498,34,538,
325,310,303,303,60,318,93,23,348,424,90,209,504,355,
296,126,70,333,237,321,265,137,167,485,447,245,127,170,
365,381,347,510,454,200,83,486,517,242,328,478,28,535,249,326,
133,488,25,349,270,287,228,434,464,282,296,98,320,388,221,71,
398,331,468,205,172,83,138,88,126,107,400,392,212,355,496,420,186,197,
547,164,201,
495,209,42,426,230,155,362,538,471,493,46,255,187,245,497,416,420,
439,328,212,265,303,95,14,332,1,315,374,419,
305,270,264,396,458,158,265,301,343,504,501,380,538,218,
229,471,333,8,211,174,454,234,119,475,75,378,221,
36,336,75,435,139,165,323,81,456,534,165,179,469,466,373,40,477,468,107,212,306,111,278,387,445,6,97,352,466,467,
421,480,179,369,423,464,221,36,356,243,58,173,13,229,144,492,90,321,164,347,73,345,231,260,271,462,448,381,126,50,400,424,112,530,294,425,330,
505,306,479,
164,318,517,109,315,111,48,
387,236,447,479,498,71,263,472,418,305,263,151,388,79,127,406,307,228,4,91,414,
667,865,261,205,40,538,214,449,347,195,178,378,130,281,16,152,343,498,79,13,412,216,
496,253,488,4,523,100,357,363,105,67,90,500,204,506,398,336,4,425,246,301,401,249,420,298,294,325,504,
447,153,186,526,374,364,30,18,357,221,235,511,106,387,386,142,536,524,98,458,537,228,396,447,388,34,482,430,348,457,331,155,335,330,318,79,341,
321,421,190,510,364,206,396,271,203,400,49,24,
462,374,409,458,210,524,543,294,254,306,100,374,396,421,219,158,19,457,60,120,106,246,
35,401,206,358,442,542,215,96,182,297,521,260,
345,421,219,538,165,407,483,40,35,208,377,386,534,495,78,485,538,365,404,447,331,53,207,304,
228,387,467,401,404,450,381,18,263,105,133,104,529,96,432,
381,33,104,90,159,285,346,408,381,415,537,398,209,
484,427,162,118,365,404,372,278,508,37,76,400,452,197,372,430,547,344,235,117,170,287,193,43,457,429,359,335,210,220,301,354,342,400,60,333,257,437,495,386,119,177,522,103,316,530,440,241,442,379,473,
510,192,197,339,286,303,317,53,83,206,99,407,529,113,375,90,141,49,365,61,459,63,302,358,506,17,198,368,37,
451,174,212,230,514,456,488,16,65,220,258,381,246,317,396,486,184,358,113,422,154,418,546,386,
199,71,464,
265,305,439,79,299,184,142,
298,532,496,42,270,539,
349,398,50,133,341,157,211,207,346,425,400,164,101,488,348,82,517,126,377,265,330,521,365,536,261,159,307,323,379,490,380,201,286,394,248,153,
144,105,489,113,82,474,346,96,203,70,398,249,538,119,387,
226,402,75,96,176,162,442,330,49,103,538,519,221,105,290,382,202,317,36,42,473,493,25,362,316,
385,498,449,511,522,464,96,207,445,219,265,355,76,
492,458,183,445,59,194,506,490,253,
546,374,382,214,382,
151,324,184,330,
268,356,59,69,220,39,18,68,331,170,264,46,42,434,230,318,383,381,106,454,73,209,136,153,431,
333,425,245,3,394,358,
295,119,465,246,233,472,17,538,
220,239,464,
419,510,70,350,363,516,247,439,
0,229,191,40,333,103,193,196,538,328,442,226,408,13,119,96,110,281,374,455,237,297,498,303,22,225,480,20,
324,209,234,200,183,40,0,521,246,151,446,159,229,370,445,542,511,
485,12,483,82,52,209,132,408,514,17,77,76,468,495,513,291,96,221,229,340,431,
270,354,536,260,60,12,298,436,183,94,351,370,159,479,298,27,256,255,314,116,449,119,127,541,305,517,386,
445,423,324,27,
399,89,210,118,244,276,543,397,336,301,455,316,44,49,92,486,285,362,58,518,275,543,398,393,406,538,454,
199,456,71,151,237,177,518,12,382,228,266,239,422,196,
303,325,439,353,420,87,74,323,
6,428,524,265,468,114,305,183,222,319,365,396,72,32,425,371,525,538,382,130,400,186,38,499,
2,449,244,184,79,448,29,25,277,267,277,406,427,
46,381,280,81,379,492,59,18,263,495,401,405,112,409,346,
445,89,436,140,193,371,46,473,517,197,493,365,0,324,
307,437,400,261,19,38,444,387,6,324,504,366,277,517,188,
59,460,4,402,80,268,161,82,148,156,337,373,153,105,162,538,166,196,489,452,90,337,363,263,298,33,73,336,11,364,8,396,142,
524,280,6,418,141,311,382,311,464,438,405,449,219,428,60,487,318,85,133,524,379,204,72,221,208,504,429,
70,249,385,144,374,419,250,118,141,277,372,344,
390,263,271,76,18,
479,473,416,219,505,
468,431,162,420,6,299,36,234,418,205,
504,42,467,97,486,5,419,216,330,306,480,524,408,540,330,458,
325,168,285,169,178,496,302,
499,374,323,227,245,40,42,
284,186,185,405,284,496,96,
249,5,33,97,344,320,197,90,144,438,496,394,318,310,
414,401,233,96,543,434,4,153,182,546,34,81,537,
42,386,105,358,28,200,365,298,
140,316,504,157,
209,8,488,418,151,324,398,130,506,519,384,528,33,442,18,233,504,
159,245,104,194,
96,244,40,159,330,35,246,40,250,29,224,221,200,124,437,216,261,414,339,372,20,31,69,251,242,517,6,277,409,29,241,
458,377,432,121,28,539,81,
433,534,265,173,529,398,
71,199,448,199,387,538,316,133,
183,107,90,203,290,331,159,457,328,324,492,96,132,246,88,153,405,69,105,187,
422,504,422,532,199,
381,370,458,368,27,372,
23,219,280,222,441,483,206,543,110,339,197,464,449,333,
205,198,410,416,76,383,534,523,221,489,538,402,209,493,156,468,
229,293,212,0,73,464,349,354,171,215,345,23,490,473,270,400,374,191,244,336,401,67,340,549,324,184,209,
375,376,277,547,464,
401,427,365,268,532,
473,506,8,448,153,313,526,216,412,25,405,479,445,299,240,370,355,484,374,226,440,504,239,296,424,
251,214,523,459,377,382,
1,162,537,75,82,242,
427,358,355,294,136,219,425,
121,47,464,358,25,253,305,237,458,429,544,5,
506,220,17,90,5,423,509,549,209,454,506,73,429,444,203,376,534,209,256,
294,211,427,400,496,462,542,190,217,421,113,459,
220,506,451,391,53,484,262,377,186,303,363,323,242,300,38,322,
67,396,479,242,382,336,536,334,367,260,506,336,400,255,431,140,93,400,229,369,498,139,79,
464,333,42,510,26,162,518,145,490,452,41,320,126,39,418,21,118,
490,464,45,401,365,126,160,137,345,274,
119,379,8,295,113,484,273,381,126,439,250,302,5,490,485,179,
546,409,437,90,249,223,471,47,83,156,361,397,441,380,421,
329,105,425,5,474,49,59,129,313,500,512,
450,346,474,121,239,130,166,81,162,431,416,351,523,95,54,54,402,190,376,132,323,335,296,
75,419,76,288,159,36,346,397,103,226,245,114,285,371,129,267,249,333,360,397,200,493,289,366,100,191,320,454,467,136,
210,517,462,523,459,6,531,271,239,
489,265,400,144,260,208,9,244,104,348,46,272,455,367,465,416,511,510,502,459,418,330,427,135,536,383,401,96,184,200,203,
524,402,418,322,499,89,202,
89,399,495,271,373,48,193,36,197,153,237,318,338,74,524,
346,200,144,381,280,142,46,79,436,
135,40,316,103,333,
60,401,397,395,385,300,346,200,68,125,487,537,336,406,382,523,524,502,30,244,484,538,102,270,39,20,128,83,525,358,405,96,420,409,
463,263,109,90,98,155,538,454,
221,397,12,462,490,481,133,161,208,421,264,155,458,320,447,183,462,467,319,126,226,537,440,124,483,
214,396,285,471,43,251,368,340,423,477,126,380,353,510,
374,79,249,462,84,124,367,432,
165,168,507,224,401,345,219,199,36,399,157,511,400,490,119,356,236,398,45,344,544,
256,291,131,429,104,17,473,305,330,299,13,371,63,354,404,127,492,270,38,36,464,450,451,8,222,531,455,216,330,265,
6,365,26,495,425,159,471,18,161,280,36,527,300,96,21,
158,18,404,105,322,176,370,486,230,325,448,525,518,264,228,525,40,305,58,462,495,
284,284,247,109,315,
211,44,320,294,373,250,467,104,319,310,
286,465,229,113,69,458,480,
45,81,268,490,228,91,104,310,19,169,167,273,97,408,200,
377,81,220,148,459,339,96,337,339,363,216,
397,413,343,104,193,419,314,213,3,256,312,75,491,348,529,221,38,338,46,399,366,348,218,452,506,33,34,44,195,171,273,
382,546,379,269,
464,220,405,203,382,256,133,23,446,113,338,124,544,486,105,229,401,514,197,199,209,332,113,218,269,454,539,385,233,506,398,121,199,386,517,375,533,431,
398,165,442,399,464,381,208,
397,546,
498,67,385,45,299,401,263,
250,425,216,361,187,96,504,227,119,313,209,138,226,513,53,401,219,468,459,255,446,
302,374,162,179,2,218,150,540,39,194,113,153,63,8,499,200,505,370,126,482,533,166,257,92,178,304,409,325,
244,399,229,175,96,369,203,28,251,386,468,57,166,
129,216,15,310,222,270,538,138,48,467,468,297,333,341,525,40,336,422,
495,80,443,270,247,368,284,107,539,523,331,272,
281,83,179,
386,365,113,27,263,377,292,437,265,42,173,464,369,219,451,270,
336,343,479,361,162,517,365,67,419,21,493,440,54,304,86,457,506,344,399,229,136,22,174,467,101,376,79,210,275,514,263,
449,135,78,322,306,292,146,346,379,123,318,289,61,345,385,110,50,290,442,381,2,124,33,270,191,471,280,
241,178,265,245,347,496,300,270,504,216,39,8,96,
508,495,522,387,461,298,535,313,105,20,240,137,221,106,358,531,330,133,405,18,27,542,53,
126,490,268,400,331,221,216,20,467,495,516,302,330,159,142,211,418,421,264,214,233,474,
459,263,210,489,377,368,117,251,105,304,250,
446,324,308,250,
164,538,355,433,349,174,427,421,152,107,523,116,488,225,333,201,400,547,522,318,33,
536,110,300,114,538,391,435,18,447,22,216,132,472,451,502,67,234,266,328,14,176,472,498,418,246,471,349,
99,88,465,457,110,418,9,502,394,437,536,142,216,265,48,386,549,
338,218,272,467,
233,330,378,234,41,323,234,324,70,522,414,209,295,126,123,
186,80,479,282,538,192,24,203,91,314,28,460,231,53,27,408,435,458,545,8,60,124,28,84,63,457,300,276,250,
458,492,221,463,184,214,491,401,377,536,247,209,380,305,51,351,147,290,381,331,121,15,
321,69,220,399,546,80,67,204,271,55,96,468,202,522,119,
300,527,541,289,339,536,133,214,42,371,308,60,220,520,189,538,318,389,471,82,186,241,251,377,498,44,220,47,217,539,6,104,318,
126,73,318,201,418,267,472,538,39,446,464,373,17,260,330,349,234,174,277,
308,109,446,102,310,310,
21,12,497,124,265,200,453,179,330,359,186,374,210,165,92,180,323,6,108,288,187,
504,178,418,250,49,533,263,373,151,523,132,117,140,50,494,17,122,40,153,81,93,241,339,496,402,
118,70,373,465,
227,250,96,115,270,11,499,96,100,301,483,379,153,79,79,
400,445,540,40,47,117,48,208,310,475,70,484,112,318,483,319,500,295,480,5,221,339,50,42,349,122,194,467,63,6,271,
457,498,497,395,336,305,11,90,447,390,292,99,365,95,302,493,512,484,59,49,329,397,388,95,248,285,434,271,462,393,427,96,
294,291,273,97,208,343,366,533,478,354,440,485,1,219,544,306,313,479,315,546,470,359,251,65,270,44,217,528,307,356,420,
463,450,194,439,184,503,206,83,458,143,428,60,349,76,
245,275,495,302,103,
121,103,189,458,21,331,
202,343,321,63,42,464,431,
340,229,471,216,538,333,39,286,369,485,432,
347,2,12,358,276,259,421,525,456,241,268,541,212,
184,82,408,172,379,212,411,199,333,451,474,109,27,151,489,40,225,319,
216,377,540,121,298,301,310,238,219,200,129,248,24,511,536,538,148,458,524,69,40,323,427,667,518,182,90,488,96,473,185,504,126,136,379,401,270,256,
270,502,543,57,245,370,447,129,130,391,298,319,202,292,216,141,241,227,502,133,251,218,373,
212,221,125,451,109,368,325,421,219,318,136,98,192,44,276,476,256,184,398,17,434,56,537,451,184,462,27,84,343,37,349,388,277,35,398,347,448,
370,33,325,137,4,189,381,394,547,394,49,273,302,473,203,524,134,185,
437,402,265,374,230,280,382,302,307,4,402,416,376,106,484,286,546,318,206,99,189,96,400,459,51,107,170,330,
81,113,425,33,471,508,450,344,209,45,459,36,138,72,46,453,506,97,448,131,473,480,274,377,536,475,109,458,248,
547,22,333,8,375,173,
25,473,121,133,219,257,401,438,171,242,2,
523,293,346,466,256,159,2,504,116,152,62,346,496,154,122,210,330,60,71,66,192,470,165,210,319,220,525,164,467,424,495,337,305,251,465,139,549,286,
377,386,69,363,149,8,221,485,458,432,458,29,251,
104,353,265,256,109,188,538,434,397,96,510,113,293,313,153,100,311,96,226,489,203,83,465,137,278,305,113,197,202,159,163,211,256,185,300,
50,40,523,533,367,464,37,283,437,405,339,200,246,219,35,349,4,158,364,256,106,44,52,400,115,286,440,305,219,341,198,213,393,449,490,137,103,202,21,538,74,517,427,
179,367,281,119,
37,50,431,255,103,401,521,
510,331,495,489,427,44,419,33,63,373,419,385,321,82,177,396,105,76,365,192,364,214,538,272,
538,216,113,109,526,298,457,81,608,207,68,21,8,431,14,672,280,62,450,338,255,59,446,197,71,475,220,285,46,216,43,180,116,300,358,40,85,3,399,
427,79,50,75,
296,488,450,473,400,
5,400,153,402,113,368,224,279,137,155,329,464,506,249,6,91,376,265,321,119,255,373,74,316,
364,321,431,96,219,76,3,372,385,510,59,400,
142,429,222,400,318,277,480,426,143,99,531,126,99,273,418,265,346,524,109,471,508,28,266,59,
173,99,44,40,463,421,386,382,74,333,83,372,
305,343,457,538,182,320,241,7,298,58,202,148,313,32,354,450,495,173,543,183,104,406,387,478,488,277,70,523,205,399,506,79,346,471,
246,151,38,210,187,403,262,228,157,330,31,273,295,44,87,90,543,210,541,358,184,474,451,306,249,55,201,402,356,324,398,275,316,
177,199,484,200,382,265,510,507,36,
174,164,336,431,376,513,338,506,126,518,451,79,338,229,277,103,258,445,156,533,379,
431,450,369,18,268,37,176,468,15,87,275,364,431,520,105,398,464,268,503,538,
69,183,377,96,
400,306,45,510,387,338,351,397,287,255,244,247,395,161,524,149,263,140,18,249,262,173,356,259,523,390,151,381,
418,141,115,113,209,144,485,297,97,138,111,290,31,485,451,387,63,351,468,37,150,99,524,29,536,180,466,516,464,124,489,287,289,376,516,543,126,
8,209,119,65,353,402,214,547,501,241,
430,271,405,90,109,184,
83,365,463,18,89,60,281,443,508,540,173,
538,366,536,116,438,433,250,246,69,113,543,18,295,345,310,279,186,151,413,110,60,396,431,318,16,36,667,199,542,184,175,235,545,129,90,180,59,310,171,103,313,104,73,447,495,18,50,429,
536,207,328,441,270,103,318,401,282,126,192,328,394,442,81,94,177,
370,270,158,279,409,324,115,263,280,280,381,399,39,219,400,543,
506,336,216,256,254,408,381,447,464,290,401,397,510,492,428,174,232,184,90,2,285,401,506,366,85,35,77,279,404,67,349,305,18,
454,27,1,40,537,368,49,100,145,488,26,157,318,229,464,202,277,463,399,
272,209,271,117,454,231,338,511,495,
27,90,471,212,406,508,386,186,330,261,132,63,265,381,190,502,34,
74,114,533,303,105,
286,285,340,523,
331,268,145,310,210,250,398,381,265,528,206,414,484,366,109,458,447,278,177,528,544,345,130,126,127,510,183,121,
543,402,14,14,56,144,270,488,318,223,399,221,194,370,400,33,40,462,479,249,
432,289,173,397,162,144,511,22,381,471,458,314,170,246,12,296,423,255,386,490,249,485,339,377,228,
379,268,31,127,337,208,53,281,215,430,419,61,146,311,324,204,197,335,119,98,217,255,524,538,46,110,408,216,382,460,227,425,484,222,174,
151,176,369,330,203,400,410,239,171,538,297,407,209,229,165,358,206,216,150,296,435,470,200,318,105,42,
81,513,504,250,
180,77,382,262,538,47,467,21,418,121,137,93,195,521,360,185,25,341,
285,271,408,226,350,538,31,377,26,95,285,197,208,371,59,66,466,506,399,303,
275,419,245,399,402,421,319,246,
49,187,18,480,9,504,247,37,420,297,91,373,544,285,510,486,457,187,263,495,39,329,216,79,370,399,82,15,354,321,40,
482,447,265,
109,463,104,489,431,380,331,189,84,164,268,184,159,79,310,21,187,286,349,276,308,330,192,430,270,517,425,4,548,385,82,284,
409,46,546,421,240,324,516,471,337,462,517,133,136,405,111,68,45,467,63,302,107,242,495,466,90,338,81,259,431,313,60,96,
333,464,188,293,229,419,117,134,216,252,502,129,464,173,296,106,497,547,164,20,23,340,
209,535,495,540,203,431,520,511,426,325,229,405,205,381,133,229,544,19,448,
401,363,235,113,464,490,229,265,154,433,459,523,74,364,165,387,21,35,392,525,63,100,414,506,174,205,489,250,536,105,454,
385,112,249,46,70,388,219,329,381,260,18,510,271,364,485,72,109,113,
502,133,114,27,330,310,105,234,423,527,16,27,12,405,84,60,337,263,388,175,489,474,426,197,536,
540,400,265,12,374,467,141,238,291,252,209,453,193,83,216,537,338,
513,250,534,79,
277,142,511,231,501,174,305,420,257,212,495,177,96,106,
467,211,218,471,
177,39,29,178,402,159,476,330,277,
299,256,54,113,543,264,473,396,36,537,87,12,205,79,82,395,253,468,346,403,409,531,425,263,
355,473,90,164,427,479,255,0,325,448,400,405,184,96,
522,203,33,508,12,39,184,246,268,263,164,523,323,
323,42,233,100,269,499,100,201,497,465,483,220,326,522,
201,323,164,246,349,10,252,547,
19,307,45,500,449,425,339,77,222,400,209,422,
218,302,532,338,397,109,49,63,10,464,533,272,382,200,480,67,353,467,305,270,231,
15,40,170,431,57,486,49,419,381,267,161,458,
171,151,229,382,63,396,295,401,9,60,69,31,25,397,347,356,184,523,490,236,
96,365,91,330,56,515,83,153,371,76,370,327,227,496,495,60,513,31,104,193,150,170,318,517,398,485,
248,245,81,381,120,8,349,
76,485,96,538,402,202,205,364,152,390,339,385,
538,242,144,255,524,345,24,236,233,305,226,510,263,186,63,12,514,0,88,427,87,440,164,322,305,346,6,71,126,329,284,416,41,379,396,402,76,258,231,265,340,205,202,133,374,401,
431,209,293,485,143,409,102,267,67,86,23,162,202,
219,216,107,232,113,464,210,524,345,294,212,132,431,50,71,419,448,295,390,25,386,43,364,81,221,462,385,447,516,350,385,249,112,36,198,369,71,370,23,250,100,274,378,521,103,479,
63,543,255,407,490,538,246,255,343,415,50,485,301,352,276,425,218,166,427,171,148,401,27,409,510,42,202,202,401,319,400,204,398,402,
495,540,417,191,6,82,96,283,488,424,262,327,326,431,305,249,510,89,516,382,18,485,409,345,127,277,470,214,
422,129,422,19,
488,543,305,391,413,496,495,133,319,282,216,134,262,209,20,243,262,423,273,451,316,296,22,349,202,
315,439,164,284,
249,467,70,104,385,400,182,432,246,365,401,374,495,219,250,470,31,543,
74,464,525,439,454,50,431,178,267,242,33,358,291,182,31,5,173,89,
226,250,20,104,153,
214,546,495,
405,473,409,284,299,154,546,423,117,38,109,209,
162,997,327,370,302,519,30,420,543,92,496,499,481,448,954,334,484,303,161,240,161,283,202,408,99,13,88,233,39,18,336,339,450,471,536,540,163,464,209,1,468,427,147,318,431,33,469,
416,495,437,538,471,465,205,141,2,217,335,479,536,234,
316,399,139,135,140,398,338,400,481,226,71,324,154,
100,263,496,136,418,213,185,39,9,219,428,429,511,267,182,500,60,323,310,330,235,138,
40,175,477,15,401,154,454,337,400,504,448,527,381,96,4,538,504,119,200,434,
523,401,106,205,162,310,286,50,321,153,425,298,525,163,169,252,522,377,201,481,
187,467,44,396,109,49,456,185,495,30,449,537,183,
44,96,12,399,187,211,448,368,173,305,510,212,382,300,330,91,428,
255,5,100,135,399,42,113,63,133,476,124,477,547,195,499,217,392,389,211,450,55,75,270,380,538,346,258,400,517,329,265,245,37,318,538,355,479,266,127,408,495,465,9,432,250,
53,547,203,200,107,183,508,427,440,45,348,186,140,215,51,345,379,341,467,222,356,84,314,279,274,
286,349,328,228,197,96,
69,195,268,45,146,318,321,435,207,374,269,392,408,62,389,421,514,425,114,510,363,114,
339,400,19,96,221,377,328,76,
382,464,60,136,98,41,180,179,122,401,495,217,524,199,177,218,226,171,516,67,157,260,438,384,376,507,44,6,453,173,79,389,349,241,546,251,504,402,
79,330,387,28,442,513,227,
534,420,221,481,443,486,202,374,338,
189,113,261,240,217,296,241,121,298,109,480,422,488,526,
480,504,421,81,142,4,407,55,490,21,400,40,97,218,500,
496,241,398,20,105,79,149,315,528,
328,246,339,286,183,517,365,265,
263,459,18,
425,6,452,122,63,425,329,250,523,202,406,6,26,419,496,110,227,299,69,374,333,127,295,19,98,105,352,379,421,427,238,
231,517,277,93,114,
408,75,144,204,144,309,274,535,28,144,202,486,
104,249,381,357,226,517,336,252,202,
82,437,143,349,49,281,347,510,318,495,1,402,539,106,231,
202,434,427,287,360,76,282,419,159,305,114,321,226,488,50,534,80,454,410,50,63,178,104,366,154,382,324,104,
139,316,427,265,199,258,92,244,368,373,338,
277,375,2,211,442,126,
200,225,523,1,10,535,346,417,547,324,106,101,441,177,51,216,489,
117,333,272,405,381,354,484,523,
324,316,145,75,325,105,46,166,407,438,446,486,141,90,319,459,484,265,320,379,
265,42,310,489,296,386,344,175,128,241,33,113,177,538,21,221,114,130,99,256,464,27,381,
153,412,473,227,349,5,226,503,16,65,106,123,523,79,302,448,254,104,106,473,528,32,274,374,442,401,447,7,221,165,268,76,374,183,
440,83,395,289,452,336,66,342,487,400,50,159,483,221,134,351,362,76,
399,370,400,113,305,76,
376,450,5,401,90,506,128,336,375,443,
20,203,113,60,426,201,0,
467,221,75,381,208,184,509,504,228,253,36,523,540,523,133,249,483,180,409,50,336,187,462,153,104,338,
204,524,63,
12,419,207,469,527,187,141,270,223,517,271,319,111,60,221,17,532,44,8,538,320,520,155,32,540,291,372,502,265,432,96,522,
522,523,385,233,55,278,260,197,105,
8,182,229,105,248,153,59,
274,106,188,40,81,490,400,219,
318,129,325,255,151,447,164,82,547,102,
242,105,67,459,127,436,4,35,72,25,263,396,409,365,119,296,103,78,138,477,220,463,1,
373,510,126,139,
400,321,398,296,541,193,30,
420,294,303,60,
543,345,221,364,414,538,387,362,446,505,63,451,478,457,116,205,349,99,445,84,363,275,299,32,246,465,23,7,429,40,168,4,50,305,6,381,401,162,399,418,317,400,113,420,
532,218,298,
216,94,211,10,367,506,150,250,246,49,18,549,199,400,340,538,430,520,272,117,96,241,290,491,
223,546,113,381,517,
154,402,90,451,202,333,316,
245,248,427,255,495,241,333,192,296,228,159,310,499,42,40,181,
400,18,165,126,229,447,370,195,362,543,489,27,312,374,484,355,255,142,141,307,346,147,200,6,321,216,42,489,40,40,437,399,67,294,316,523,234,19,364,
204,408,
185,178,223,68,495,284,250,488,290,187,60,450,104,
401,276,171,81,314,113,63,481,
273,216,492,142,155,452,250,501,133,385,259,881,289,322,342,441,285,302,27,473,93,39,408,421,518,158,444,246,488,171,521,
159,109,270,265,163,192,138,523,75,270,56,362,151,46,39,265,320,90,440,151,18,326,221,202,97,507,341,63,96,110,197,33,334,456,381,14,126,324,498,244,349,
303,400,374,438,537,539,258,137,380,513,312,162,0,
109,81,206,128,396,401,188,
533,218,174,74,162,152,
98,463,133,
365,96,6,287,282,457,6,336,310,415,401,353,166,490,474,363,178,500,431,323,349,42,
483,440,345,221,65,396,79,257,424,227,401,
263,456,100,273,119,338,463,498,205,46,79,494,387,371,408,243,59,375,73,538,434,400,16,85,36,12,466,299,336,389,79,465,228,111,390,49,522,252,
405,355,305,263,524,222,229,406,344,155,236,430,244,341,
398,144,316,96,361,119,113,63,433,
293,336,444,209,157,229,391,523,110,438,252,266,437,104,392,
368,192,528,442,155,34,381,18,454,112,167,495,23,44,541,139,459,
319,505,400,255,324,173,95,270,472,481,287,211,184,
33,12,282,381,159,209,265,162,397,257,522,226,449,232,538,543,114,164,40,
402,113,57,22,226,347,113,504,165,226,157,575,95,74,555,61,63,59,296,318,954,429,74,450,205,210,442,534,486,230,275,526,322,64,532,524,251,96,114,183,364,154,45,5,177,524,543,382,
39,247,126,370,
96,229,364,467,412,423,114,226,270,44,246,544,382,76,471,5,228,104,491,410,183,321,385,227,489,144,377,33,355,79,260,286,284,
471,409,300,27,288,452,416,382,214,536,467,229,137,340,163,485,317,222,383,427,305,
18,447,49,536,4,158,491,204,400,484,360,320,368,431,401,179,517,197,199,263,209,216,203,306,465,85,40,132,390,
318,544,454,96,62,227,517,543,182,69,456,369,266,449,46,524,536,142,400,549,454,162,64,42,195,310,99,491,164,33,89,508,538,300,
438,25,382,239,475,249,244,192,
524,69,447,465,404,142,282,464,402,
285,325,310,214,484,524,457,381,249,286,415,218,
184,522,467,265,355,
113,191,189,130,391,5,65,386,299,153,402,1,127,128,401,532,464,312,451,360,416,503,419,398,
79,336,109,382,30,67,427,216,250,539,272,29,362,189,104,374,2,389,332,53,168,483,243,496,170,96,346,227,305,
429,206,484,541,536,142,348,302,221,286,215,543,92,310,335,12,39,163,401,136,384,121,538,
517,203,96,127,318,136,387,477,349,493,431,183,96,152,18,464,282,400,
127,425,42,495,270,525,255,107,380,122,90,387,238,
221,133,310,57,212,219,80,178,182,348,235,226,0,153,235,423,368,99,114,236,227,369,96,62,386,400,371,543,534,401,265,339,455,153,229,396,
197,379,334,396,23,445,401,159,349,439,450,104,80,101,351,89,398,428,31,500,286,
200,75,151,400,96,184,425,45,207,548,
537,221,303,1,205,187,381,324,299,454,83,
310,506,287,429,109,531,338,103,308,77,338,129,272,464,285,265,154,156,317,522,331,365,176,523,87,45,396,459,100,318,245,538,211,217,229,179,325,216,
42,268,300,239,197,336,286,260,400,318,
105,144,113,261,21,459,289,166,325,476,151,464,242,445,14,496,330,226,274,409,265,158,496,42,8,228,485,183,500,425,538,401,343,414,183,185,329,
106,274,523,82,462,277,
40,189,346,216,327,403,417,454,543,395,667,437,537,463,1,454,146,33,36,286,92,383,245,419,96,245,158,220,345,274,135,173,247,435,400,129,50,455,222,49,480,184,
330,226,246,126,374,155,79,448,290,126,449,508,489,265,27,142,517,449,535,109,4,100,341,438,62,177,471,44,151,504,206,437,421,
103,216,33,263,304,424,135,81,304,327,219,299,371,368,81,239,256,141,536,75,312,75,129,205,427,534,34,531,549,121,310,367,84,37,50,195,242,329,166,174,484,443,219,245,211,
465,291,330,18,420,191,206,118,99,290,543,416,295,413,286,104,144,323,500,255,523,
271,482,430,272,344,321,474,390,440,385,210,
448,153,219,40,81,330,455,153,421,473,479,355,2,379,208,316,
423,206,506,405,214,107,445,162,330,
184,397,458,463,430,246,4,460,217,538,29,270,506,515,2,405,54,200,229,489,
234,42,233,468,229,387,
330,338,12,207,116,384,265,233,119,507,153,202,456,189,504,63,178,411,105,495,256,12,408,250,447,199,490,427,451,20,423,
265,401,159,104,333,216,22,446,12,470,117,303,472,455,356,5,540,331,374,127,433,437,255,116,12,378,342,381,331,349,105,15,328,482,
306,194,36,381,504,338,374,505,246,316,18,503,
239,99,114,223,91,381,112,450,447,220,354,
247,495,314,458,175,39,141,284,419,
396,67,219,171,461,268,483,457,217,445,424,538,510,168,36,547,479,112,380,247,447,6,264,509,318,432,225,354,301,269,373,467,133,538,159,197,464,280,460,310,310,299,305,533,214,187,486,321,174,462,224,109,206,123,59,120,221,
229,405,286,260,530,171,209,
374,229,302,544,303,377,365,316,439,437,400,246,203,242,546,330,357,153,255,462,233,255,499,473,306,70,534,
427,721,173,240,425,446,436,103,374,237,230,484,196,517,421,48,193,48,47,418,101,63,229,317,452,29,373,282,139,510,202,489,501,164,235,464,457,301,1,471,313,324,513,113,2,
12,485,299,174,199,242,347,341,4,42,194,154,265,277,429,
113,303,336,402,418,175,510,401,27,81,269,317,333,20,144,50,105,219,120,302,255,18,119,519,104,386,337,464,208,87,446,8,115,545,408,58,496,265,120,235,469,24,399,543,286,96,223,401,427,294,385,320,
357,104,
503,157,113,306,
203,522,53,464,139,20,117,183,74,324,489,274,18,104,517,321,163,144,374,506,370,463,
96,76,457,113,508,
485,71,345,471,119,
358,332,347,328,42,525,121,338,35,246,326,538,487,380,381,116,510,132,451,427,493,397,232,380,333,68,
419,75,504,219,40,12,448,311,246,275,305,380,525,202,15,510,379,502,185,36,
162,302,533,365,143,
260,385,382,522,35,96,
361,546,398,250,
362,495,399,79,226,527,
346,276,40,205,83,236,450,533,204,263,519,43,138,239,444,525,523,299,99,460,116,536,400,154,359,224,458,60,305,
90,410,457,489,216,246,149,450,297,496,463,141,324,538,27,115,183,506,28,115,355,190,381,186,430,39,546,327,325,376,249,91,154,496,510,82,525,127,400,
244,2,405,159,139,42,192,371,256,438,
459,411,115,430,510,294,
114,365,6,257,299,96,498,412,422,389,457,266,113,73,437,501,21,412,72,437,177,536,435,74,231,
114,69,42,
159,6,207,183,177,210,445,124,203,
316,484,306,488,246,5,448,
517,235,409,401,365,456,445,270,328,153,164,427,330,210,231,252,104,223,534,
490,480,349,492,171,14,221,
246,24,361,133,432,239,63,393,423,536,153,155,321,386,96,152,206,183,347,171,545,374,450,419,522,117,538,
39,414,375,273,224,298,522,80,362,182,35,333,517,428,171,302,301,474,177,162,100,51,82,77,406,21,157,60,90,340,271,347,49,241,
365,401,
42,464,323,347,504,374,137,184,140,12,274,63,76,111,158,241,127,237,263,295,234,331,359,226,202,495,245,244,209,273,188,114,
381,365,467,331,150,265,328,459,531,15,393,17,296,400,446,527,306,540,360,503,451,268,222,506,347,410,46,33,210,421,265,358,239,543,329,40,240,41,310,420,449,119,117,228,385,537,15,489,223,336,234,248,381,
18,152,125,489,525,269,251,91,508,279,400,198,253,6,495,290,538,258,385,263,199,148,506,
210,106,219,79,246,399,57,225,205,401,240,484,188,485,29,389,523,462,443,307,381,508,221,159,179,331,
524,524,400,246,462,285,408,373,344,374,
338,397,436,310,330,540,172,540,534,358,464,174,251,
513,427,81,
532,422,401,
211,349,277,103,
373,524,5,270,118,
523,117,171,400,522,
380,419,214,303,546,
236,346,171,
105,502,510,522,459,74,
302,245,429,
372,381,70,173,
481,523,401,316,221,
343,105,202,667,
190,294,
157,454,503,140,
185,180,370,100,105,
179,210,310,
371,244,96,
539,458,300,82,464,298,
252,104,201,263,
188,333,109,307,42,
30,79,187,400,
333,173,154,135,
219,103,427,
75,229,1,427,
34,414,27,401,
400,274,517,90,
448,71,212,209,
442,484,277,
153,113,8,467,
133,538,209,
504,422,382,
228,286,
280,449,437,346,
119,144,40,398,401,
173,547,333,433,
265,385,139,
107,423,437,
192,244,510,438,
31,96,197,249,
491,96,216,
102,308,318,431,
207,345,200,159,
98,379,425,382,
82,90,144,109,
493,205,226,
544,374,165,209,121,
