366,861,101,305,323,512,519,136,273,124,482,623,298,485,332,143,545,27,32,129,368,233,532,471,206,
512,366,940,470,180,221,231,243,390,466,69,106,499,516,117,262,379,203,
422,221,532,54,
120,439,723,89,202,344,374,205,
280,238,205,391,238,509,249,239,253,102,
525,127,409,278,
83,370,723,95,98,293,536,162,315,478,425,461,101,
62,752,424,193,170,31,428,505,210,246,249,316,364,531,54,65,157,210,357,445,389,
507,532,505,463,
300,200,52,138,289,301,364,423,536,504,
500,532,530,305,49,
390,335,505,105,270,45,133,163,263,332,500,545,329,55,159,441,
529,162,723,186,216,267,151,407,463,543,
529,519,
205,505,538,280,367,418,109,2,433,102,456,310,537,202,543,120,479,39,266,
311,479,940,
354,79,940,
192,424,538,82,116,482,209,723,421,
143,470,114,
114,723,162,22,99,195,142,352,516,367,393,401,487,543,487,173,351,160,22,127,
523,103,395,
530,152,238,428,340,500,55,537,
335,216,538,118,219,231,266,390,8,210,442,463,502,541,539,201,
508,7,136,505,345,85,175,324,487,
228,402,233,92,8,384,499,115,4,
294,505,139,252,69,498,201,131,180,509,3,418,239,221,79,
152,667,54,21,419,436,486,530,233,90,284,344,461,534,212,181,
345,470,508,
427,721,173,240,252,446,543,470,16,34,291,192,371,484,196,421,377,
409,284,470,3,52,208,255,497,370,418,35,525,5,278,210,
275,101,200,221,487,351,
484,427,162,
273,216,7,142,155,3,250,332,379,385,537,881,289,322,342,377,455,391,
544,58,200,
12,32,
387,470,162,433,
411,482,62,129,182,232,390,156,509,213,334,
27,171,366,93,
163,421,105,
246,62,62,361,391,
437,305,36,370,487,
292,102,470,
538,7,370,536,274,116,438,433,143,448,310,379,
200,916,424,61,79,114,120,194,196,221,256,269,275,300,344,406,430,482,544,6,13,36,147,186,437,75,90,120,175,288,94,
144,940,
190,105,203,136,
301,98,300,
117,470,543,194,234,375,512,443,
103,101,
238,324,258,176,280,316,532,537,402,530,403,406,210,381,401,375,474,
537,273,238,205,28,312,15,448,284,45,139,522,304,431,512,530,
32,538,127,132,291,258,110,486,366,12,211,312,410,59,383,
464,502,74,407,445,465,
391,470,48,52,138,175,424,505,127,549,344,5,102,273,
170,62,
310,424,19,138,
158,278,112,184,342,430,442,171,
48,397,0,391,94,203,355,380,36,
266,323,278,127,168,201,205,176,39,
203,563,768,190,509,156,524,
316,62,401,
278,252,158,266,313,413,409,
351,519,275,421,
443,482,195,117,404,
0,162,96,221,48,92,178,403,123,228,350,323,410,538,
305,7,366,305,437,470,453,478,539,141,117,394,310,329,337,442,500,
101,366,940,275,418,65,401,103,233,344,392,509,221,83,
667,865,22,102,171,115,152,214,487,532,347,378,
497,344,430,
53,94,379,134,
112,162,58,881,252,158,485,101,159,
181,940,158,395,485,525,152,
253,102,280,272,
102,106,667,702,186,253,292,298,205,410,532,545,304,391,201,280,
258,238,470,408,
180,512,
371,427,344,
126,252,505,30,93,130,177,209,377,252,193,447,31,393,121,
99,252,70,367,
403,103,0,238,79,402,202,
143,538,7,402,366,
98,804,7,385,222,301,35,457,508,
530,402,723,55,102,293,379,54,537,105,74,177,355,360,374,
28,352,537,447,
252,212,538,126,278,316,456,178,188,708,129,432,115,490,294,112,99,721,76,189,168,173,129,480,326,82,175,
424,91,940,391,466,481,
233,221,366,152,228,
100,162,
482,200,162,357,411,443,208,117,304,
92,352,0,228,118,253,485,500,159,
255,55,
115,667,7,252,423,446,
501,940,58,
367,114,205,402,543,262,269,55,99,36,325,379,503,
256,200,58,131,157,473,
393,114,7,219,93,253,520,126,
471,342,156,366,233,541,
473,156,397,204,
505,61,538,205,314,30,107,126,294,390,118,507,442,721,175,62,508,511,188,132,21,60,159,174,391,
332,171,273,366,
36,424,200,
216,7,41,624,13,54,103,195,273,335,267,252,153,698,227,860,17,
394,194,99,103,390,
105,99,532,530,212,4,377,466,
537,530,
136,940,96,366,190,127,
286,352,
447,470,940,469,512,357,390,481,126,
510,470,424,339,
43,139,
39,195,171,205,266,
49,424,390,500,
143,27,723,81,142,208,371,503,17,55,72,192,193,274,302,539,269,385,
370,437,83,54,
29,723,7,
723,662,56,83,103,114,120,143,311,192,29,59,107,320,426,486,529,530,402,4,881,
379,273,166,861,204,53,31,408,512,538,
221,200,0,57,212,233,422,80,178,182,341,101,275,294,
253,375,316,263,25,
159,532,70,105,92,390,
58,657,563,112,194,256,324,501,544,117,365,541,43,228,294,360,476,
400,22,424,72,168,474,310,
424,702,45,54,62,192,200,438,49,178,201,302,310,400,510,519,526,36,60,313,
377,470,184,206,216,105,
375,532,117,198,421,
298,102,366,389,151,243,384,523,534,
536,156,83,118,283,
430,120,200,245,249,357,497,22,155,206,341,446,
22,459,667,31,549,529,400,114,430,251,
231,335,512,346,217,195,310,
563,414,290,58,203,211,
127,402,32,13,114,166,424,350,525,458,136,
194,58,200,245,262,318,394,38,117,
156,721,74,118,136,471,517,536,34,473,527,411,
446,115,
72,143,401,
466,512,538,132,105,
195,171,114,402,39,82,173,306,365,443,216,274,464,504,157,54,315,
455,352,519,332,
134,53,
502,220,161,114,408,464,363,43,158,
532,162,238,667,16,105,159,183,375,422,500,507,366,203,
204,7,544,216,238,473,72,379,45,495,
448,537,538,
70,162,538,99,159,497,339,285,536,523,183,
396,26,940,425,233,
357,430,482,
389,994,470,298,94,7,446,62,
162,997,327,0,114,70,79,112,132,482,519,529,532,522,954,83,484,487,161,240,387,100,283,408,474,
538,32,505,105,192,205,252,335,377,70,457,285,608,207,21,8,466,266,461,672,280,132,75,0,99,
107,505,723,27,519,
171,881,667,27,195,332,31,39,95,4,149,338,347,511,158,
245,430,194,470,
479,45,26,270,311,541,205,91,110,294,428,453,
95,171,
401,114,72,363,74,316,318,101,455,
423,300,115,
251,352,99,22,499,
52,300,409,391,37,149,457,7,192,
202,120,7,205,403,
447,112,234,28,
342,99,471,
234,447,117,
519,424,162,366,324,351,455,476,529,
395,439,333,523,429,
402,99,57,22,127,228,262,375,4,530,752,238,575,195,555,61,723,59,143,367,54,296,318,954,406,79,332,403,344,442,470,
315,83,195,
293,83,530,
324,519,238,
173,114,195,
512,447,537,
30,239,505,437,126,118,450,517,232,
262,940,402,340,383,239,367,102,477,408,406,344,470,92,
55,143,530,
59,460,723,402,80,32,148,156,180,337,373,
94,53,48,200,
375,21,402,253,482,155,166,186,212,238,370,446,54,
79,200,162,118,354,316,402,338,340,424,403,294,
138,318,310,861,
120,200,14,15,
210,62,335,409,
132,32,162,505,538,466,279,
318,401,194,103,138,147,288,
316,252,238,60,253,302,79,8,120,121,123,147,195,232,395,466,511,463,6,246,
421,940,163,294,114,395,351,427,375,192,197,
364,300,62,195,387,469,529,328,
114,502,200,143,176,199,
352,114,28,92,251,286,303,502,390,453,455,498,
55,255,7,487,390,367,
323,7,366,124,266,538,0,513,130,
384,298,228,
212,221,252,451,152,
99,402,114,105,251,342,394,476,257,174,143,538,
470,940,116,117,292,377,387,389,391,409,447,510,305,427,457,345,258,599,201,512,199,19,143,490,228,431,262,402,245,
397,48,940,174,461,473,213,347,429,127,
476,99,519,58,
7,216,52,
333,395,
103,723,216,436,263,304,424,403,523,318,394,
192,427,143,52,
252,427,126,
302,316,143,
7,657,60,98,141,204,273,305,60,389,538,29,55,115,143,202,323,393,446,508,216,
95,83,138,
543,367,205,117,285,
940,144,472,101,92,136,379,470,181,262,378,277,396,397,278,421,424,447,501,512,354,311,13,
105,538,190,451,163,159,390,367,469,
344,200,120,120,371,14,497,324,508,262,
419,152,121,
442,335,158,305,
54,152,402,370,375,
509,101,294,411,
253,92,393,
453,352,305,479,
3,409,273,294,
439,490,120,395,
74,464,156,
500,92,390,
13,216,21,127,
138,300,391,
270,479,390,
531,62,
523,298,70,
387,364,
130,126,323,
180,294,59,
344,152,101,391,402,
485,181,92,
310,590,91,400,538,
457,98,470,
120,430,344,
284,469,
534,298,152,
541,471,335,
390,352,512,394,
543,427,114,
157,256,62,
508,98,344,
263,390,253,
37,52,
377,538,220,222,427,
312,537,32,
436,103,152,
306,31,195,
16,532,427,
269,200,367,
175,508,200,252,
233,471,101,396,
168,400,266,
195,316,364,231,
143,99,
391,246,280,
284,152,
469,284,
539,305,143,335,
124,366,323,
274,143,538,195,
262,194,512,
13,940,200,
102,530,262,
487,275,437,
499,228,512,251,
14,120,344,
538,323,
209,192,126,
203,48,532,512,
466,316,424,
216,195,377,
106,512,
62,246,411,
212,375,105,
123,0,316,
138,95,
219,393,335,149,425,
221,512,
117,58,
509,203,280,
142,273,143,114,
151,298,529,
147,318,316,
228,58,0,
21,375,152,
370,538,409,375,
208,409,482,
418,409,
82,195,532,
536,300,70,
487,114,667,162,508,
485,112,366,
395,181,316,421,
469,105,364,
45,479,390,
4,402,171,105,228,
355,530,48,
543,529,
529,364,22,
186,375,102,
474,400,162,238,
332,402,390,455,
136,508,156,
139,916,43,816,205,294,537,406,
31,62,171,126,306,
437,200,30,
469,447,
178,252,0,
410,102,32,0,
482,375,192,
541,58,479,
752,3,15,62,63,84,93,280,491,533,402,
406,200,139,881,402,238,262,
324,344,508,
390,411,447,49,
239,262,30,294,280,
377,126,273,
112,447,
360,58,530,
266,335,538,
84,752,
249,62,430,280,
303,352,
267,529,
365,58,195,
522,162,537,
34,156,427,
418,101,205,294,
429,397,395,
74,530,401,
401,238,280,
520,393,
174,397,99,
338,79,171,
149,171,52,219,313,
481,447,424,
346,231,
341,221,430,
184,158,377,
511,171,316,
502,335,352,
438,659,424,
118,156,335,30,
516,114,512,
463,529,335,316,507,
90,152,200,
35,98,409,
238,280,204,
15,537,120,
199,114,470,
155,430,375,
82,192,252,
243,298,
455,401,273,
127,266,391,397,
294,58,479,
280,538,401,
6,200,
461,397,538,
313,424,278,149,
60,424,316,7,
201,424,294,
517,156,30,
258,32,197,
363,502,35,
347,171,397,
75,200,538,
325,367,
117,305,482,
381,238,
54,62,530,422,195,
158,502,181,
549,391,22,
182,221,411,
351,114,
525,181,478,
464,195,
91,479,424,310,
379,530,940,367,
92,940,262,
57,402,
408,502,749,379,
278,881,940,525,
27,143,107,
26,396,479,
206,430,377,366,
451,105,212,
232,316,411,30,
176,238,114,266,
340,79,262,530,
288,200,318,
121,419,316,126,
291,32,427,
36,367,437,48,
378,940,667,
5,409,391,
69,512,294,
285,70,543,538,
385,98,143,
374,120,530,
166,375,127,
504,195,300,
93,393,126,27,
304,482,537,102,
433,387,538,
120,316,200,
118,536,92,505,
408,585,181,535,378,626,162,262,258,
273,366,
201,470,266,335,102,
532,102,82,
118,79,
486,723,32,
428,62,
63,752,
55,530,
110,479,32,
357,62,447,
329,305,390,
131,294,256,
545,390,102,
80,221,59,
310,305,205,231,
314,
193,143,126,
31,22,379,
177,126,530,
424,127,79,
65,101,62,
72,204,400,
19,310,470,
342,273,158,
210,238,62,
428,479,530,
519,107,
373,59,
380,48,
425,83,396,219,
691,785,984,98,712,647,
57,221,
255,409,
498,352,294,
186,200,529,
115,228,
478,83,305,442,525,
96,0,136,
266,321,
208,143,
456,252,205,
861,750,379,616,366,133,193,352,487,138,
465,464,
457,52,
430,158,
