485,484,228,367,414,77,80,448,531,286,290,404,6,218,363,365,32,243,515,
53,529,249,504,68,181,319,422,486,533,542,434,74,271,439,389,476,547,132,293,255,316,200,68,390,225,58,326,327,504,2,
162,270,264,17,29,46,63,265,253,155,13,344,174,319,205,229,493,128,323,253,308,277,485,477,188,289,406,465,160,82,76,203,27,81,325,324,230,
398,123,100,318,407,153,249,504,188,256,140,203,29,326,78,27,223,73,216,369,143,334,374,462,40,452,481,
472,126,310,105,401,286,133,479,222,63,25,212,461,417,274,218,
243,94,79,138,258,310,485,
3,427,102,132,323,432,287,134,180,319,299,218,491,525,448,399,121,275,513,426,539,437,258,238,371,377,504,227,499,494,267,
98,261,530,345,87,474,485,405,501,330,285,
239,221,124,338,333,37,500,329,342,413,
116,67,515,
456,264,307,234,67,208,288,265,359,205,408,11,549,127,236,388,525,310,449,345,177,6,292,82,287,
310,504,491,37,98,333,487,472,378,303,99,241,93,334,456,219,314,133,157,218,255,363,17,274,49,199,184,21,460,
71,489,230,98,141,208,230,499,183,539,406,231,242,369,137,210,309,
314,478,355,373,81,397,132,129,31,145,331,101,89,448,513,121,245,419,299,205,53,363,141,490,90,209,310,383,
422,124,448,504,17,45,327,437,295,120,260,252,528,152,287,301,462,481,171,74,510,546,205,285,286,121,524,290,383,142,329,287,104,52,26,468,26,214,101,123,417,128,88,35,97,495,485,423,349,102,141,477,394,172,265,531,81,344,406,123,267,236,408,336,
6,0,212,314,549,145,348,60,408,222,416,192,465,491,404,138,324,101,99,185,129,278,273,307,41,168,232,328,463,138,27,415,171,175,456,485,219,353,532,
78,398,207,70,153,450,260,354,305,
86,236,308,45,157,35,275,222,406,129,326,274,222,303,
35,486,217,353,384,225,94,347,
547,168,365,504,257,52,480,208,449,303,148,13,235,
272,63,84,218,318,477,103,77,63,
158,404,150,87,425,375,177,201,360,218,73,453,311,366,157,127,408,91,405,414,192,390,
123,35,436,438,140,300,15,155,139,341,358,252,11,379,398,304,416,543,309,179,57,0,429,281,233,419,358,508,257,315,434,508,343,512,221,
225,35,360,
360,245,21,299,197,515,519,478,45,377,114,
157,86,92,156,227,194,453,176,190,100,135,38,381,8,373,44,436,331,277,47,121,172,15,275,316,320,541,118,345,506,
199,378,30,
494,119,330,137,475,497,218,
142,199,518,236,
352,136,32,249,276,134,168,331,208,319,106,113,50,279,55,92,197,517,176,360,414,475,510,149,388,151,414,95,78,226,235,40,66,396,16,48,469,279,217,419,181,508,366,172,241,393,44,42,180,60,
82,408,542,322,214,
88,422,243,469,100,33,233,544,228,211,184,499,345,478,537,83,217,33,520,294,42,79,208,529,510,523,155,
347,390,536,35,509,
84,533,494,272,539,68,229,375,438,360,529,
361,38,390,222,401,99,389,441,203,67,327,470,431,37,
100,88,108,549,
331,159,132,254,372,32,129,155,423,543,444,198,13,132,540,33,365,446,155,454,427,437,94,39,548,352,334,18,78,373,152,260,436,54,454,437,10,328,533,302,485,238,538,259,76,448,314,135,139,430,135,385,18,80,344,134,346,181,201,267,434,511,390,213,541,19,460,
110,432,286,102,394,213,286,
8,464,268,549,187,6,13,245,168,331,522,160,14,485,
110,1,312,203,188,432,11,397,209,365,132,521,129,504,480,99,132,
183,195,86,280,116,52,81,35,383,118,203,251,154,267,364,71,44,299,97,391,106,86,348,497,499,537,262,384,68,491,92,22,483,193,533,246,474,137,108,21,261,54,57,107,491,450,279,295,317,480,493,33,478,446,
529,379,155,161,286,339,6,127,244,418,218,358,88,202,313,468,311,319,64,530,
218,485,158,
401,511,3,464,80,352,522,30,35,364,170,405,58,426,541,518,545,131,115,80,435,10,323,364,196,361,415,398,443,455,440,267,481,
365,261,345,504,231,166,299,166,127,463,287,
262,331,154,106,356,236,156,76,166,65,227,518,548,330,420,10,137,384,181,18,339,144,23,113,283,358,500,262,
228,534,25,23,375,329,276,485,501,472,51,100,111,48,363,507,314,278,
517,468,114,172,
355,419,253,72,457,108,168,376,
155,267,205,314,473,502,94,162,
113,438,13,124,315,45,114,33,237,340,394,333,
370,255,149,537,303,221,277,433,500,42,293,
542,410,185,263,204,39,362,504,405,530,415,156,122,230,124,116,153,401,414,404,318,82,287,320,67,323,397,
329,521,174,205,67,135,395,413,429,493,140,321,213,127,214,361,366,298,329,253,307,421,142,155,148,529,335,160,129,525,263,262,370,528,342,353,9,527,72,222,314,520,242,290,130,331,334,437,94,432,142,84,419,390,82,350,480,246,365,337,495,228,20,279,518,251,239,
360,132,40,137,208,487,423,22,225,137,67,74,281,340,311,432,25,290,253,436,54,
13,113,491,489,332,419,73,479,237,181,547,515,
470,198,163,
283,22,529,208,150,178,328,16,104,181,
25,207,492,168,352,438,28,528,415,354,70,378,412,275,300,20,257,76,63,472,218,524,0,517,
365,36,21,468,35,379,421,259,539,511,514,286,314,80,233,412,59,358,76,30,101,148,160,279,
312,110,251,281,502,
245,314,323,375,256,175,279,360,462,208,418,270,42,428,447,420,
444,124,366,287,432,459,536,180,108,207,436,153,192,514,
251,70,113,195,320,436,470,121,390,325,
530,47,32,162,421,314,445,191,446,476,102,439,521,376,
42,542,415,88,472,47,51,399,245,352,533,208,370,338,
111,413,423,23,100,25,406,67,165,491,182,92,492,461,228,260,393,229,59,
310,207,40,306,137,243,241,
504,292,392,230,309,128,
501,149,402,92,5,119,375,497,
260,168,78,465,322,150,
515,221,258,73,539,116,333,365,492,251,13,485,
271,208,377,147,208,93,423,366,93,229,526,457,357,434,129,110,
255,487,312,53,195,299,370,464,540,494,536,76,144,313,8,74,187,202,416,198,536,
205,155,148,423,491,
474,98,422,276,35,209,235,517,241,
399,42,37,150,45,431,127,
378,199,192,127,60,21,13,202,21,441,317,452,221,36,377,501,365,375,432,428,
110,322,286,410,11,111,10,22,386,147,410,323,511,159,377,314,302,176,496,293,272,387,400,521,133,476,238,181,163,521,211,507,190,80,526,531,378,341,271,
504,117,542,256,339,398,64,160,254,87,411,515,7,341,486,547,167,452,516,384,221,18,9,435,333,181,214,120,191,315,208,448,303,362,
344,372,530,168,123,166,317,460,42,131,92,159,97,450,
402,87,169,428,486,489,
76,331,113,428,217,273,93,89,81,204,264,332,470,196,209,322,129,546,57,4,70,108,255,38,181,365,196,301,264,477,41,221,377,162,245,102,
335,329,141,250,358,106,469,369,99,75,361,504,55,107,417,509,257,
397,454,23,102,448,411,35,94,322,21,148,439,390,543,82,212,271,353,472,33,191,142,330,8,491,44,384,
381,436,286,432,428,
438,254,425,145,113,430,131,172,524,165,194,221,332,478,355,516,491,
181,274,81,461,331,32,504,500,29,246,390,410,
504,404,323,512,114,205,137,365,233,310,114,342,251,547,508,304,407,105,461,536,467,303,485,71,148,517,
405,401,149,91,423,356,158,69,132,274,462,251,176,
91,299,447,405,30,59,267,12,453,121,407,471,128,25,391,350,483,470,491,439,501,545,
251,337,77,299,449,465,149,352,445,471,522,405,89,547,57,463,93,442,539,504,243,504,329,261,
402,75,501,109,170,395,14,203,29,285,130,
99,353,2,436,332,20,315,135,110,
500,543,24,316,369,308,195,127,181,136,177,2,419,
254,489,173,79,476,242,364,295,350,
377,271,150,390,533,360,
494,84,386,15,267,430,306,190,480,464,257,287,463,523,100,158,437,209,168,3,194,325,538,70,219,472,526,418,313,529,388,345,78,29,159,234,126,463,393,453,93,389,49,154,172,447,314,474,245,343,462,39,461,321,221,
267,373,288,469,129,242,126,451,387,17,401,70,133,66,155,61,399,275,391,41,184,107,399,483,47,307,70,194,105,176,156,457,48,108,491,97,496,269,349,12,141,397,422,316,91,32,80,160,373,389,244,330,204,299,222,137,357,3,
133,6,428,472,137,32,22,480,482,224,439,301,168,263,97,49,
366,444,11,172,148,158,374,175,126,145,429,131,460,117,
24,390,500,471,207,238,470,
311,456,405,124,445,432,85,316,158,378,408,31,286,447,360,167,87,261,
38,404,536,257,543,407,
443,527,376,140,310,512,71,293,468,251,230,308,21,43,534,87,204,255,382,94,518,22,401,343,214,
128,242,246,422,121,504,47,497,222,117,292,39,428,268,439,415,247,279,463,483,316,433,331,276,38,287,59,
236,94,493,83,328,266,483,176,73,23,86,541,162,234,377,522,113,419,86,201,456,142,321,420,529,224,501,472,262,341,545,442,327,296,422,73,151,222,536,142,
118,303,126,157,333,
2,83,184,99,437,393,401,41,94,137,175,311,240,460,417,178,10,53,500,165,300,511,32,
205,295,472,235,36,181,69,468,8,79,466,345,
397,325,318,414,208,204,102,482,197,20,395,482,181,527,248,359,456,439,423,542,
372,143,331,344,5,321,301,127,273,314,369,13,275,397,69,195,518,169,32,330,
98,61,368,35,191,490,366,506,21,255,388,540,52,295,332,455,334,66,
79,301,172,254,218,95,221,333,279,88,270,83,529,319,205,137,452,243,
221,436,339,268,515,99,304,543,305,121,188,333,294,135,323,543,494,
390,1,205,361,449,211,457,127,262,347,106,158,465,135,191,
59,67,195,57,128,93,491,
73,515,13,124,294,
475,320,494,
471,24,545,251,
195,439,294,192,358,400,467,64,78,174,21,245,512,488,251,183,461,218,75,124,274,480,281,111,340,60,374,436,438,100,59,406,526,94,372,515,
301,378,361,17,149,542,261,454,135,79,528,19,443,343,364,265,397,384,351,497,549,26,344,350,396,267,328,475,544,20,336,251,294,25,461,448,372,429,133,369,137,140,530,385,
323,498,468,106,140,
168,323,344,0,436,8,425,18,260,460,539,547,258,
117,27,243,401,384,151,
137,336,409,149,487,289,48,161,47,275,476,70,18,219,318,360,71,183,482,295,457,286,150,292,318,79,263,208,
364,401,330,67,127,437,253,246,349,35,23,54,452,254,309,338,546,213,150,
59,436,365,111,305,497,540,
32,523,2,276,267,315,485,400,407,484,485,146,
376,203,322,141,220,203,505,75,355,110,55,419,498,548,391,353,239,459,201,451,519,357,367,287,198,121,94,276,493,536,253,
241,476,179,176,384,377,448,421,352,71,124,379,73,97,68,122,16,158,132,140,164,390,217,317,23,124,206,243,419,395,320,69,310,
223,308,35,428,117,16,159,423,
128,504,500,432,271,
47,153,393,159,
440,52,374,135,200,113,251,297,
485,197,59,8,445,475,300,50,345,122,359,402,116,253,240,356,331,66,88,540,236,372,419,46,98,333,461,504,
175,67,366,492,214,417,246,
217,303,35,148,
432,51,378,
254,438,418,113,239,140,549,45,188,281,548,310,303,270,172,
349,105,111,114,125,144,267,364,33,281,17,231,358,263,405,181,475,300,
29,10,5,341,426,28,446,149,360,235,305,206,494,290,449,81,182,312,380,379,282,198,170,102,242,263,461,502,398,45,335,161,424,67,114,378,200,207,
308,86,484,223,117,460,443,
536,425,38,347,468,265,383,507,505,255,
303,73,148,508,86,491,100,504,40,
51,184,42,432,221,432,
326,86,393,330,
21,200,350,448,405,359,311,324,92,34,352,507,137,346,330,192,491,188,183,304,27,7,439,517,98,279,358,315,378,140,127,21,18,468,51,416,159,512,5,425,426,
137,133,228,208,73,292,402,369,494,160,301,342,
291,198,334,36,403,281,343,244,337,90,122,407,541,269,6,197,407,160,205,438,59,128,432,328,169,
63,39,463,486,25,272,512,169,484,34,431,286,272,171,472,264,477,
417,268,121,422,427,153,387,432,500,311,420,142,257,175,538,124,237,232,6,178,278,372,97,251,11,104,31,242,433,282,100,526,62,207,391,404,45,250,286,2,45,82,
401,472,2,208,10,543,449,4,48,219,236,238,330,150,
260,518,426,270,523,357,
265,21,536,
181,76,205,283,89,487,13,
470,214,91,87,177,433,453,23,228,517,17,352,19,385,24,
10,401,2,284,453,413,68,162,535,69,426,
153,438,351,23,60,393,473,89,101,47,444,
221,239,500,370,378,448,123,
529,79,303,102,124,453,520,463,84,
500,370,239,
474,13,208,119,183,17,494,138,207,345,360,
331,206,462,373,485,35,208,67,83,463,225,528,248,476,351,279,514,542,244,178,224,84,504,84,388,477,251,57,9,17,242,532,399,262,276,207,104,7,532,71,451,286,3,81,490,514,168,72,243,500,520,386,455,527,21,152,187,63,67,391,384,329,24,39,270,115,86,310,419,272,8,128,67,191,
522,515,356,22,504,6,213,510,325,411,131,53,
314,214,6,384,396,283,357,117,246,48,66,384,85,13,129,409,439,353,304,456,470,221,116,342,440,305,497,309,173,440,509,537,62,247,401,147,414,377,373,219,1,534,364,91,531,511,426,486,451,323,452,301,92,412,29,247,188,248,308,362,407,224,305,124,45,16,441,101,329,514,46,95,97,500,379,43,251,388,376,70,404,450,127,494,365,353,438,111,129,522,487,333,252,103,110,
432,51,381,208,266,421,434,208,329,110,320,110,425,52,255,360,54,128,
468,529,536,45,205,428,323,470,517,491,517,
436,253,49,33,25,303,59,258,0,360,
242,195,253,49,
181,441,88,540,105,259,279,264,129,447,266,208,136,262,85,524,132,255,141,349,169,404,164,385,
318,542,272,115,199,325,258,
406,162,289,124,232,83,81,355,129,303,468,52,48,209,71,475,477,
371,207,431,320,178,358,9,120,365,407,214,106,295,
208,114,283,124,78,218,84,391,88,509,42,175,126,
195,475,37,251,148,242,499,251,90,25,527,
49,310,13,365,549,270,
177,451,14,516,235,208,468,155,484,185,383,17,491,355,525,477,487,438,439,538,346,447,184,146,124,138,435,19,477,277,99,543,510,245,456,217,315,456,395,436,500,56,101,387,404,252,
500,404,354,417,393,128,221,262,245,157,210,106,
547,251,150,60,274,73,239,272,
491,4,113,136,304,258,99,177,277,325,514,267,183,107,280,309,149,424,13,404,489,537,115,416,21,442,224,271,163,397,309,146,123,414,59,
543,370,143,316,442,258,112,500,188,480,125,346,353,434,495,401,478,221,480,1,214,38,428,28,
251,108,174,495,277,219,160,410,448,416,444,539,496,168,333,171,214,362,443,430,289,327,2,180,492,88,320,183,394,487,543,215,431,511,112,37,314,266,219,336,157,515,186,119,528,
129,214,234,114,76,16,358,343,35,241,265,314,86,130,160,237,283,447,134,203,311,388,321,506,271,
127,93,456,158,500,107,431,365,
113,274,124,76,365,22,234,286,235,305,251,87,540,496,440,71,17,
452,378,168,198,11,70,515,
361,108,314,
114,265,349,129,162,331,258,481,256,212,443,504,71,299,332,281,517,360,
44,261,397,268,
137,164,84,147,288,271,317,374,264,462,168,35,59,298,352,17,124,274,501,504,262,360,145,525,491,5,27,177,287,310,
510,504,
126,70,494,62,103,135,96,200,218,337,472,175,467,478,389,365,369,390,105,118,204,194,229,332,37,260,479,208,374,203,
529,225,494,102,41,300,22,173,274,238,260,236,194,352,110,287,280,226,257,177,283,95,243,349,433,353,404,322,124,261,
132,297,191,219,116,216,147,4,172,43,1,261,71,41,55,376,159,152,361,226,342,36,399,506,3,468,123,543,24,485,406,76,173,450,66,217,344,53,13,360,530,405,301,475,110,487,
341,347,29,274,299,462,38,514,70,251,469,538,317,236,505,226,501,421,
345,194,456,124,98,183,365,503,263,184,440,447,494,425,474,157,205,
87,208,443,431,543,98,407,77,246,311,486,
279,286,13,167,21,419,337,76,194,250,540,447,183,429,190,368,513,13,172,3,168,365,
60,378,160,426,
161,412,529,137,547,538,283,387,285,477,208,227,29,379,
108,8,76,100,125,224,539,270,308,124,35,393,
62,530,131,334,
45,414,399,423,31,188,299,500,250,87,410,54,463,338,286,103,401,86,254,193,517,150,198,127,171,536,19,91,128,312,400,501,203,29,125,113,472,537,468,431,366,540,417,
11,123,452,472,271,455,
208,216,42,337,474,481,405,303,441,379,401,215,273,432,171,425,328,173,
258,491,461,168,34,505,3,543,382,459,68,530,58,262,140,515,430,311,277,211,407,104,243,318,168,
83,111,478,243,76,404,187,195,262,259,283,424,79,128,459,406,
428,93,111,454,23,381,435,434,67,123,218,169,128,76,496,312,271,540,49,498,49,76,274,413,430,244,52,6,463,133,408,168,493,250,402,468,269,
141,181,71,0,335,60,532,94,407,482,212,285,188,413,
407,291,91,398,365,505,314,495,248,163,504,320,371,214,225,289,38,
285,22,46,295,22,325,419,78,483,527,107,167,518,194,55,455,312,170,16,168,305,463,119,169,141,11,172,293,98,161,311,
167,285,35,311,94,
37,215,391,173,150,320,251,491,26,365,195,3,161,347,143,200,486,200,399,239,296,512,184,
67,249,89,111,47,139,334,297,361,331,59,358,175,23,428,75,344,
483,341,70,321,496,182,187,513,483,128,257,514,512,137,271,69,33,347,542,245,70,507,437,183,412,268,450,374,504,257,406,242,384,197,478,
99,140,
148,195,102,504,426,366,101,303,486,496,547,
108,362,350,546,272,14,17,262,484,261,176,354,537,444,64,13,111,76,540,341,504,355,361,314,345,389,
168,352,330,25,249,324,494,409,355,254,120,487,326,455,418,210,233,263,331,12,223,221,273,463,43,269,165,367,79,392,258,22,194,340,78,520,253,190,278,356,366,428,208,285,486,279,
93,127,59,271,
49,530,32,122,265,438,402,133,214,436,
40,360,246,310,265,517,175,
274,113,415,
333,322,310,239,169,504,426,515,404,112,508,221,21,485,128,320,323,113,376,
140,123,21,20,301,99,471,516,323,
414,53,158,491,505,316,
334,425,425,491,140,310,230,356,425,176,67,98,453,62,232,149,
374,429,483,440,366,3,155,478,126,
450,78,504,450,160,400,344,
257,547,483,501,338,7,375,335,472,491,382,
507,384,283,138,150,352,328,483,228,434,536,137,393,17,72,
243,83,529,493,251,23,232,489,540,48,208,
261,365,240,476,46,133,214,301,98,82,320,44,541,346,398,360,506,65,507,508,502,529,
214,247,476,427,100,129,155,268,291,440,315,389,504,371,258,382,9,265,543,407,429,471,186,
493,376,
311,413,208,258,17,529,155,53,285,
522,463,322,60,504,133,222,539,18,85,142,48,146,8,181,154,261,19,502,2,497,322,314,490,530,
270,504,284,114,245,79,162,108,260,288,428,432,95,188,106,92,410,49,254,
354,378,25,106,58,261,248,456,303,95,272,379,469,207,500,351,330,
5,42,225,511,496,218,29,16,172,402,119,114,425,436,445,345,451,523,167,501,148,529,198,230,
45,61,33,69,160,238,386,530,461,239,276,360,123,
70,64,295,278,211,251,423,461,117,98,25,393,494,440,81,265,487,54,483,137,129,523,265,159,349,264,240,35,314,141,431,508,168,147,184,297,468,474,272,430,369,78,418,6,372,230,180,
517,95,81,45,122,131,19,323,326,25,395,264,40,468,28,332,71,201,220,229,374,107,518,308,
402,49,53,35,46,137,84,185,442,432,87,292,483,
35,280,98,90,30,179,448,402,12,24,3,149,502,515,70,33,364,86,123,167,223,96,42,
208,532,288,34,311,271,223,535,159,547,243,30,545,
369,372,335,137,301,360,150,85,166,314,349,382,
512,322,95,41,63,394,243,163,404,
487,255,3,241,366,40,101,208,350,238,428,424,473,188,328,133,465,168,117,419,127,131,300,343,153,121,268,146,34,11,93,191,440,27,540,532,178,177,48,294,67,310,251,354,361,377,360,486,314,213,37,491,
22,26,110,141,209,487,8,279,395,183,53,59,292,410,426,208,516,523,120,518,522,283,300,360,247,489,160,142,150,239,184,205,17,397,
69,483,45,140,92,205,480,138,169,241,
13,166,254,129,23,393,162,184,505,166,146,385,501,212,279,471,57,218,303,389,422,208,474,489,399,322,390,85,141,150,404,49,277,450,383,544,
137,509,403,323,29,263,514,327,267,196,
314,372,530,228,299,155,361,320,
21,46,32,120,333,265,22,57,294,360,21,503,504,82,310,
419,329,355,411,510,90,82,352,322,123,191,158,13,487,400,
212,397,168,267,536,331,10,210,114,317,355,451,184,191,246,141,107,464,53,
390,299,57,413,241,240,361,545,467,317,13,24,53,111,284,397,511,395,331,218,270,321,359,377,506,251,384,181,
463,15,496,180,529,159,436,41,415,276,451,45,522,312,461,38,63,122,433,168,66,30,176,146,278,227,229,357,494,348,264,438,45,124,254,70,155,246,250,404,428,546,299,196,63,342,74,42,171,373,542,477,529,
119,393,251,67,41,231,
333,79,220,94,314,288,231,76,241,477,
518,367,337,208,373,535,371,4,219,108,156,443,260,285,385,22,262,122,178,276,163,384,81,299,197,517,549,434,64,533,142,
461,463,181,25,337,35,256,357,276,195,491,101,258,70,28,92,530,159,64,484,329,342,40,511,504,506,328,466,150,539,215,45,485,
27,391,190,249,117,437,235,9,
425,329,332,17,438,275,473,389,296,479,130,336,380,106,521,160,405,234,450,
491,334,81,441,27,537,112,512,131,37,1,218,111,33,210,411,152,504,487,19,204,364,366,468,303,224,438,183,
415,42,274,412,230,292,459,167,252,52,25,274,304,365,533,90,216,57,236,6,527,151,46,3,389,182,197,369,531,94,468,62,
295,205,352,127,48,77,389,137,36,254,165,415,152,445,308,372,387,
218,299,272,25,59,244,294,434,472,494,
486,415,402,4,74,352,487,63,35,347,377,168,77,148,446,87,
500,28,424,272,347,240,228,243,432,506,368,49,112,307,89,115,359,447,111,259,207,436,451,314,238,464,529,237,
536,365,97,105,205,258,191,389,45,212,469,58,151,237,304,469,13,351,413,444,439,442,93,188,
268,488,363,269,8,417,467,164,546,221,24,514,206,44,
92,157,94,21,501,173,204,317,511,270,
207,310,78,25,371,399,327,143,150,293,313,366,185,379,47,29,
135,94,413,221,157,95,452,345,288,148,207,316,294,430,506,354,233,124,236,540,274,301,33,390,231,63,80,
436,31,5,168,204,381,331,444,
530,228,347,468,84,218,245,475,273,542,378,2,122,461,269,164,344,127,407,203,480,49,56,80,549,62,307,154,390,336,481,258,489,98,137,401,481,127,21,469,408,478,45,117,114,3,413,522,529,
131,62,538,491,517,238,489,435,344,366,178,238,
366,98,168,239,22,244,197,436,191,549,352,271,233,264,61,45,334,208,
288,456,137,135,208,333,317,333,270,174,
93,153,84,310,287,124,345,308,56,289,514,536,
81,183,233,33,314,119,29,440,76,405,410,502,324,339,491,422,70,406,445,205,73,102,168,539,338,60,144,352,183,
197,397,366,3,370,16,255,75,175,532,371,153,90,467,284,34,360,496,524,203,483,
99,160,400,129,258,19,12,395,100,458,
384,301,101,412,507,411,478,89,516,230,416,331,183,259,44,331,163,504,539,384,410,191,
423,405,271,67,300,223,523,111,94,
63,17,543,542,299,75,272,135,
504,105,522,483,446,224,163,298,299,128,367,
117,248,308,530,252,223,160,430,366,
211,390,426,70,46,152,389,258,257,540,106,168,431,
54,364,360,300,286,322,548,529,45,460,54,124,208,205,432,
286,111,529,110,472,150,390,113,299,239,40,311,284,295,287,45,62,296,381,
413,530,111,29,21,513,65,239,135,463,446,94,48,177,284,287,198,390,78,123,395,446,270,23,84,299,458,544,181,311,536,459,25,104,
160,94,425,450,99,
42,389,175,272,273,287,355,17,344,479,200,267,417,
252,314,117,177,
478,314,102,287,211,75,83,469,500,252,28,148,244,356,470,369,540,88,374,507,87,49,199,530,543,205,151,271,
255,516,310,329,197,
384,35,117,33,248,399,483,71,312,390,
138,549,325,531,274,201,263,80,85,6,474,518,285,49,243,268,177,126,309,507,203,446,193,536,322,69,543,372,
230,334,68,426,542,524,162,70,5,
105,504,79,389,164,296,186,242,265,23,424,469,509,430,176,178,267,0,126,357,504,24,190,
274,540,137,152,363,199,208,405,447,472,
438,49,208,153,123,21,295,389,
208,177,71,489,458,127,480,273,164,334,75,210,94,269,487,101,137,
526,365,271,
33,81,153,213,104,299,219,115,146,35,352,213,266,278,371,349,117,171,196,331,415,135,183,345,491,113,
299,467,449,9,341,26,85,328,524,251,26,277,352,7,375,33,183,548,200,141,345,314,87,333,236,223,314,211,526,233,518,218,360,3,365,63,91,267,458,410,537,63,
67,274,360,294,187,116,119,543,270,542,213,29,0,
352,25,50,295,519,411,33,299,213,287,21,53,390,540,184,151,507,369,470,
274,404,181,94,310,483,86,346,270,116,67,454,323,237,
17,23,454,436,148,487,360,208,459,237,495,25,101,236,353,375,545,23,353,249,273,160,404,235,247,507,117,120,151,301,7,279,503,535,69,346,199,331,497,520,144,252,426,70,135,134,161,425,262,339,197,137,344,349,495,91,162,377,446,292,208,102,436,108,540,273,544,545,210,446,203,422,177,114,103,111,203,285,494,43,485,7,112,318,322,453,52,442,124,137,356,474,15,42,80,470,516,311,310,489,519,113,507,63,221,383,
483,221,91,94,323,369,394,422,437,402,
300,51,22,54,41,137,424,429,349,489,
287,177,444,542,286,209,325,213,456,365,352,479,
208,387,124,41,22,109,325,540,512,271,526,215,542,138,195,436,529,87,97,338,549,536,360,181,271,468,85,137,438,176,431,198,504,227,355,472,325,
516,250,11,270,317,274,17,255,480,464,
484,530,124,195,63,485,506,519,454,37,99,
450,13,450,395,
102,478,530,529,
426,60,176,211,538,333,344,546,260,143,484,
397,22,231,
94,51,53,112,442,373,542,443,22,143,532,413,397,124,263,285,547,528,79,428,2,295,409,494,317,344,313,376,479,195,354,533,362,155,
480,329,191,220,406,429,516,69,
404,282,124,298,3,195,253,35,333,30,158,504,504,314,305,315,186,500,38,88,460,490,542,
30,208,199,463,
1,393,390,543,429,
246,407,150,40,181,104,466,212,365,87,101,175,
365,329,415,399,113,105,547,217,150,111,526,163,68,380,316,56,447,237,246,49,515,47,62,232,
322,376,389,362,423,251,110,165,202,247,203,540,138,17,498,196,522,52,143,77,262,281,82,424,65,420,385,76,260,296,333,294,13,316,382,419,346,
330,74,364,168,494,436,86,165,496,21,262,130,416,291,308,267,397,98,130,354,326,
200,440,191,29,
231,119,365,135,397,
94,76,135,167,236,274,262,222,141,208,16,243,483,114,160,415,28,155,125,527,389,
106,428,211,390,371,323,500,508,
149,251,35,194,191,
121,91,157,251,
198,413,470,452,255,208,5,
148,217,205,
72,355,316,137,295,507,
393,125,119,316,352,500,1,150,309,108,47,
523,292,260,423,
395,402,431,450,73,99,241,159,271,290,455,
320,265,157,371,410,482,513,489,475,251,251,
203,138,110,398,322,162,182,361,104,143,518,294,402,
490,418,404,465,
393,2,326,261,111,52,
407,246,32,
540,322,424,354,451,471,345,243,83,46,8,103,331,184,227,428,86,188,504,427,549,135,26,208,313,402,75,378,466,181,211,352,274,73,478,124,441,485,77,211,90,25,113,51,297,106,338,449,
389,318,240,57,168,255,322,472,126,105,498,260,174,500,140,163,225,401,524,224,95,346,498,137,298,47,479,485,435,492,494,536,246,90,42,370,425,267,211,415,215,214,294,94,
127,530,428,214,295,71,208,280,370,21,314,506,392,314,185,382,399,
80,304,56,464,479,512,182,72,180,308,396,430,148,4,129,138,105,250,422,267,458,17,345,516,90,135,437,466,534,
83,2,214,88,136,273,504,543,158,316,293,425,431,331,
169,63,153,372,285,69,340,475,402,
253,374,437,246,115,291,244,485,450,168,436,364,205,530,379,542,122,454,119,242,400,
87,504,45,335,409,500,63,158,67,173,240,442,478,314,402,113,511,
93,9,251,103,388,408,53,347,
68,88,408,473,223,426,158,253,239,516,480,42,265,445,426,472,359,303,507,544,0,103,253,150,153,445,512,206,230,253,128,462,433,217,51,262,427,376,475,475,137,213,370,68,190,360,507,497,501,470,297,219,189,540,547,236,378,158,454,424,322,29,339,455,365,178,208,
59,218,291,485,
292,22,276,456,137,137,315,504,523,402,
23,172,105,228,95,441,416,231,241,262,290,67,309,509,413,
543,265,83,54,221,87,63,357,138,124,221,238,
400,303,32,253,498,
303,208,231,118,10,254,17,78,85,100,217,504,392,67,
191,98,536,395,220,179,73,265,362,419,331,200,232,299,515,390,186,384,317,431,
507,294,261,368,124,167,268,516,
172,422,124,482,207,543,279,157,112,333,499,366,253,304,517,267,
549,415,482,129,149,422,450,82,320,301,101,187,83,505,113,540,19,281,184,191,124,418,36,134,471,138,56,418,134,235,201,8,56,123,462,53,406,223,163,447,468,100,402,518,128,425,49,
53,74,255,295,435,180,30,483,494,322,409,41,313,8,293,339,22,264,142,111,522,223,425,452,49,540,207,146,44,448,390,331,212,431,319,322,311,522,414,
428,127,223,106,312,5,378,268,543,
160,504,60,304,339,331,49,8,186,425,162,
111,539,39,131,83,441,479,349,159,33,75,241,393,286,108,116,314,234,535,365,390,32,142,342,75,26,428,
20,329,140,99,124,532,265,
124,208,46,127,106,279,240,549,507,113,540,108,272,538,529,239,21,409,294,418,
294,124,245,135,39,289,310,416,71,257,95,67,301,184,221,203,322,73,9,
149,364,272,303,13,171,332,244,17,97,377,36,408,452,351,491,273,533,94,185,390,226,543,339,106,207,549,299,258,21,280,174,86,111,341,276,256,76,24,29,30,242,334,194,137,86,53,144,405,507,491,526,451,370,436,501,93,334,355,343,
124,417,408,130,314,176,474,521,315,195,229,108,465,94,282,261,340,345,444,294,533,529,213,20,135,93,542,73,
248,117,521,27,22,455,299,408,
95,517,466,150,195,512,382,294,523,280,303,379,421,
418,72,254,45,478,90,490,100,184,226,19,300,388,482,539,119,188,61,172,27,72,
119,150,474,418,253,472,285,501,73,28,
163,504,223,491,512,369,399,470,
280,35,3,
81,541,245,458,517,548,430,518,349,184,275,408,268,539,
422,276,474,33,360,362,
303,529,259,95,370,261,400,354,547,42,164,
395,191,434,84,194,263,72,
3,498,121,268,62,46,141,148,429,310,496,234,399,138,269,544,445,87,52,68,186,355,436,504,35,156,404,397,458,489,431,415,299,279,324,374,152,
508,261,333,504,343,384,123,303,106,
504,414,341,404,52,32,476,160,159,224,270,292,251,347,384,491,335,450,108,44,110,128,271,21,372,510,
316,157,543,5,385,322,53,393,400,500,74,273,25,365,128,159,450,72,432,267,119,401,235,333,414,
265,249,242,340,370,318,348,414,20,121,147,243,238,93,114,343,3,406,252,62,70,79,83,140,505,162,543,244,422,4,243,75,92,543,165,320,530,214,40,81,200,20,
184,369,429,36,80,2,39,435,515,216,51,352,345,451,267,13,310,317,422,
14,8,
150,246,119,369,45,88,158,203,95,547,25,22,377,260,187,212,286,151,283,309,365,507,137,219,232,399,37,68,
489,254,188,3,131,272,530,13,244,386,17,166,278,402,378,
90,80,359,35,516,107,127,15,222,419,487,79,29,230,418,369,343,424,367,194,225,430,195,197,
25,111,234,150,316,436,449,482,413,540,417,544,
276,221,131,228,104,86,167,381,129,260,69,545,261,23,22,285,444,352,372,258,76,423,466,49,288,440,126,455,502,128,422,207,386,410,474,458,
124,448,114,404,17,113,208,361,386,98,511,171,84,258,331,463,172,393,463,105,414,35,311,177,11,484,314,211,13,44,13,362,275,334,101,54,
542,172,87,235,331,218,298,190,345,424,352,342,213,488,508,377,446,281,241,22,232,63,399,267,275,462,65,42,253,388,424,463,
221,33,79,438,483,510,160,51,296,306,428,505,17,
323,488,517,548,245,330,137,373,168,297,504,239,304,221,496,274,542,47,87,
498,433,118,323,347,393,428,535,400,
213,364,110,67,287,
431,85,371,3,206,419,87,395,458,199,70,272,525,284,63,45,150,222,379,426,497,208,27,83,127,361,399,294,491,191,
271,11,128,
160,195,291,31,183,220,385,535,46,221,365,22,
472,397,205,42,55,387,232,299,228,45,206,251,266,275,519,11,65,79,367,
328,507,283,86,253,56,329,215,291,208,
425,334,193,536,432,158,21,132,
436,3,208,330,513,99,221,498,446,209,18,514,149,123,445,283,355,251,
33,88,191,521,373,45,219,4,436,350,371,439,
94,333,92,35,423,
426,148,10,21,
491,431,257,205,
342,239,137,
497,501,59,
101,177,246,17,153,208,
505,536,221,414,
73,303,119,
376,530,355,333,
465,490,390,260,
338,42,239,540,
437,483,253,
295,438,72,371,
24,105,268,
410,542,299,270,181,
511,2,92,87,
71,113,384,504,
477,406,333,63,463,
309,23,71,504,
160,504,117,
214,175,82,443,
207,444,24,
429,374,214,1,
268,507,81,428,
100,303,195,
545,471,91,208,
191,480,149,331,
251,440,312,
333,316,118,
294,124,431,389,
159,316,223,47,
471,214,140,
176,208,426,157,405,
297,440,540,
204,267,92,
