274,540,137,176,
478,314,235,287,211,75,83,469,500,252,28,148,356,470,369,540,88,106,507,87,
203,49,181,
3,427,102,132,323,432,287,134,180,319,299,218,491,525,448,399,275,513,426,502,437,258,238,452,377,481,
29,10,5,341,426,28,446,149,360,235,305,206,494,290,449,81,312,380,379,282,198,170,102,
341,29,274,299,462,38,235,271,251,469,165,317,236,226,511,501,421,
395,191,436,84,194,263,
6,0,212,314,549,145,348,60,408,222,416,192,465,491,404,138,324,101,99,185,129,545,278,273,307,41,168,232,102,463,138,544,27,415,171,175,456,
33,81,30,145,213,176,299,219,115,146,74,352,213,29,278,371,349,171,173,
191,98,536,395,220,73,362,419,
160,411,291,29,343,385,535,
369,81,327,78,234,266,451,339,540,467,308,
236,94,493,328,193,483,73,23,233,541,162,234,377,522,113,419,86,201,456,142,321,420,529,30,244,501,472,262,341,545,327,296,
137,164,84,147,288,271,317,374,264,462,168,35,59,298,352,17,124,274,501,504,262,360,216,
145,33,334,463,64,238,438,310,274,450,271,81,130,176,218,
525,295,251,352,391,400,181,477,330,49,477,88,461,102,
132,297,191,339,219,116,216,147,4,172,43,1,261,71,41,55,376,159,152,361,226,342,36,399,506,3,468,123,543,24,485,63,76,173,450,66,217,344,53,235,13,360,530,545,301,110,
547,472,251,150,60,267,274,
128,14,89,400,124,271,162,158,32,425,449,258,
397,23,102,448,411,35,94,21,148,439,291,543,82,212,271,353,472,33,191,
291,204,463,504,262,
16,331,202,253,100,129,372,35,355,216,63,545,305,425,220,371,204,17,502,
160,504,530,304,339,
271,208,169,
390,366,205,361,449,211,
339,526,372,40,529,527,383,275,102,424,99,338,347,315,64,379,119,38,42,254,29,118,99,85,42,438,33,345,529,303,16,399,191,503,509,35,35,174,188,342,470,106,530,435,500,434,472,513,330,54,413,378,546,34,63,132,125,500,369,544,324,265,398,265,224,141,391,
504,105,522,483,
113,477,124,76,365,22,215,286,
45,503,33,
517,95,81,45,122,131,19,323,326,335,395,264,455,70,28,332,
287,165,184,156,116,358,480,175,
88,422,471,243,545,525,33,233,544,228,44,179,184,499,345,478,537,217,32,
0,288,152,345,415,211,196,422,220,485,118,75,531,452,344,252,516,3,474,76,102,425,305,149,
184,193,429,36,282,2,287,435,515,216,59,352,165,
21,34,471,120,2,175,
127,530,214,295,71,208,280,370,314,164,506,
2,79,345,492,298,233,496,
254,438,418,113,70,34,549,45,188,281,548,310,303,
234,543,361,174,450,363,374,
8,268,549,187,447,469,
536,365,105,205,258,191,389,45,212,469,58,117,
98,30,350,330,35,191,490,366,506,21,509,388,540,469,32,305,
352,542,416,314,262,27,230,388,79,461,411,173,102,19,542,325,193,501,81,518,523,74,443,122,164,401,
460,491,48,
271,128,108,440,
486,530,135,314,205,134,197,148,528,469,
192,17,219,283,474,112,75,407,440,427,452,540,395,63,480,132,348,65,259,124,111,512,120,168,344,65,61,72,465,537,117,418,193,229,255,456,267,238,352,292,276,34,320,393,546,239,502,72,523,331,485,466,210,394,162,436,363,240,472,367,279,
248,233,222,
491,4,313,136,244,258,99,177,277,325,514,267,545,183,107,280,484,149,424,13,404,489,460,
461,463,181,25,352,35,256,357,276,195,101,258,70,92,530,159,64,370,329,342,40,511,57,506,479,539,
321,501,127,285,88,343,487,396,431,524,457,198,311,41,496,314,357,443,31,
484,474,124,195,520,485,
165,37,341,287,52,270,38,94,504,184,
32,145,271,308,267,
470,214,230,87,177,63,107,
401,472,2,208,
466,228,445,444,456,522,54,231,342,466,365,392,531,293,480,95,289,490,
373,314,167,331,93,544,102,
13,113,179,491,544,
165,486,364,120,511,124,
411,87,160,436,540,37,262,348,546,158,267,160,
452,326,149,9,3,149,0,230,505,548,197,265,192,100,230,91,425,324,382,282,
253,374,16,425,246,115,291,244,485,450,168,436,364,115,5,530,379,542,544,122,
282,23,269,80,260,13,184,270,229,428,452,196,30,284,120,49,371,346,307,103,94,230,96,220,420,194,129,119,187,421,
360,132,425,137,208,487,523,423,22,305,137,
111,539,39,125,83,441,479,349,173,117,75,241,393,286,108,116,314,
192,499,166,44,438,30,42,285,170,346,130,164,382,444,535,535,22,140,253,453,37,531,88,163,424,410,499,165,150,249,277,93,
108,362,350,546,272,17,262,484,261,176,354,537,544,64,125,111,545,102,540,
31,443,273,54,425,368,473,239,491,285,312,455,240,549,512,101,233,454,89,522,30,127,27,227,131,297,425,107,174,254,208,321,236,389,530,357,150,300,530,540,0,436,
522,342,463,322,60,504,133,343,539,18,85,142,48,47,496,181,154,261,19,
173,123,401,173,302,33,114,160,100,251,17,162,111,1,359,199,17,529,286,329,108,450,78,
529,225,494,102,41,300,22,50,173,274,342,238,260,236,194,352,110,287,280,257,177,283,95,243,349,433,353,174,
229,535,320,402,101,422,48,430,214,251,149,21,45,496,502,348,53,113,127,394,461,
330,364,168,525,436,86,165,496,21,262,130,416,
301,138,263,117,175,278,109,330,314,313,437,123,134,340,495,163,491,96,204,377,265,511,34,502,287,228,186,126,
271,187,145,542,408,471,161,59,175,32,150,483,387,341,
44,88,422,402,530,
357,175,415,181,426,128,86,157,253,441,450,428,146,138,487,94,103,319,485,31,59,123,0,504,538,160,
337,354,197,472,105,370,528,49,425,536,86,317,
149,398,355,208,0,307,
208,387,124,41,22,109,325,540,512,271,526,31,215,542,138,195,436,529,87,97,117,338,222,549,536,360,181,271,468,137,
491,334,81,441,301,537,112,512,131,37,1,218,111,
374,234,483,
59,428,36,468,208,17,463,467,262,28,456,41,271,142,168,84,47,358,447,
443,527,523,376,140,310,209,71,293,468,251,305,477,352,43,534,87,204,
208,32,107,42,337,474,481,5,303,441,379,401,
21,200,544,448,311,324,229,34,352,507,137,346,330,192,188,183,304,267,7,439,517,98,279,358,315,378,205,
355,419,59,102,2,
343,487,400,74,240,520,303,534,331,415,194,415,160,274,81,261,522,64,524,267,175,441,497,245,120,514,483,99,
245,314,323,63,256,469,
329,521,174,205,67,135,395,413,429,493,140,321,213,127,214,361,366,298,329,253,307,102,142,155,148,529,335,160,129,525,30,263,262,370,528,342,353,9,527,72,222,314,474,242,290,130,331,334,437,94,432,142,84,419,545,82,350,480,246,365,173,495,228,279,
172,422,244,124,482,543,157,112,333,499,
438,145,254,425,145,113,430,505,172,524,
33,88,191,373,45,455,436,
370,322,186,27,542,543,42,526,442,458,481,221,
175,301,115,123,357,74,20,477,169,318,452,333,487,428,403,513,60,198,508,474,270,475,477,218,272,271,57,520,21,
485,197,115,0,445,313,300,511,50,345,122,192,425,116,253,240,356,331,66,88,540,
370,154,240,205,451,483,541,187,281,401,269,341,124,72,431,523,168,94,132,369,102,39,331,0,160,144,263,347,461,334,91,120,337,178,367,135,59,94,
311,43,233,102,483,442,331,230,29,260,345,125,282,216,321,459,181,419,380,57,333,203,
192,239,124,544,350,190,102,
30,501,19,279,298,418,528,26,444,55,356,111,320,243,192,329,90,354,282,169,33,236,445,98,361,365,163,12,91,230,2,433,365,245,67,
255,487,312,53,102,299,370,464,
42,389,370,
529,173,161,286,339,528,6,127,244,
5,225,511,496,218,29,100,172,402,119,102,425,545,445,345,451,523,167,
17,59,173,113,371,421,16,260,41,236,45,83,15,456,
31,256,406,17,519,8,509,313,198,312,47,59,106,509,113,222,257,99,11,454,177,201,352,49,244,121,402,291,40,501,219,228,38,164,385,74,164,164,360,504,150,527,131,266,254,
331,159,132,254,372,32,129,155,423,543,444,198,332,13,132,540,33,365,446,155,454,427,437,94,39,548,352,334,18,78,16,373,152,260,48,54,343,238,370,10,328,533,302,485,238,538,259,76,448,314,135,139,430,135,100,18,80,344,134,346,181,
472,126,310,238,105,32,401,286,133,479,
94,282,135,236,274,165,141,119,
183,195,86,280,116,81,35,383,118,203,251,154,267,364,71,44,299,97,391,106,86,348,497,499,537,262,384,68,491,332,92,22,483,193,533,246,474,137,108,21,261,
311,456,405,29,445,432,
390,216,523,232,124,529,212,
471,70,21,181,88,93,
99,7,129,258,19,
54,364,335,300,
138,549,176,330,531,201,263,80,301,6,474,518,285,49,57,268,342,177,126,309,507,203,
176,33,505,417,301,332,417,378,130,249,216,422,367,99,138,536,446,
350,98,35,438,192,
124,417,408,130,314,192,176,474,521,34,195,229,108,465,94,545,261,340,345,294,533,192,135,93,542,
313,261,301,491,444,415,363,485,32,254,341,12,25,366,29,317,113,80,81,482,13,181,68,
389,318,240,57,168,255,322,472,126,105,498,260,244,500,140,163,225,401,524,224,346,498,31,298,47,479,485,435,492,494,536,246,90,42,370,425,247,
331,206,462,373,485,35,208,67,102,463,225,528,248,476,351,279,514,542,244,178,224,84,504,84,388,251,57,9,17,242,532,399,262,276,207,29,104,7,532,71,451,286,3,81,490,514,168,72,243,500,520,386,455,527,21,311,187,63,67,391,384,329,24,270,115,86,310,419,373,128,
500,28,424,272,347,240,228,243,432,506,368,49,112,307,339,89,115,359,447,111,259,207,436,451,314,238,464,
509,124,6,541,274,433,223,426,31,28,17,345,240,399,436,221,106,353,417,453,357,324,530,81,210,142,224,285,180,473,175,520,283,549,31,189,530,477,274,542,291,145,447,98,148,
530,47,32,502,421,509,445,446,476,
479,144,262,449,326,71,487,494,515,511,461,503,481,504,
176,456,212,182,183,202,387,274,180,
523,81,443,98,276,469,352,241,365,496,44,360,354,266,513,306,510,70,17,390,446,48,422,
530,160,509,31,110,163,216,298,44,191,443,
212,397,168,176,536,2,10,114,317,
295,525,352,127,332,48,
48,342,299,258,514,131,235,132,331,84,177,149,474,332,190,549,201,237,514,502,485,182,467,118,460,
27,76,370,239,
436,3,208,330,192,99,221,446,209,31,514,149,123,
125,27,33,363,188,163,390,371,339,321,106,342,157,50,111,35,467,30,76,265,310,520,535,266,41,84,108,125,76,93,285,549,
480,329,287,102,220,406,
436,411,395,448,102,494,12,133,507,425,12,
68,88,408,473,223,426,158,253,239,516,480,42,265,445,426,472,359,303,507,544,0,103,253,102,153,445,512,206,230,253,128,462,433,217,51,262,427,376,475,475,137,213,370,68,190,360,507,497,501,470,219,189,540,332,547,236,378,158,454,424,322,368,313,
431,85,3,247,419,87,
208,247,288,149,
504,330,545,404,52,476,479,159,224,270,292,251,
239,31,192,333,
308,336,355,397,76,366,10,12,155,406,407,518,115,233,106,94,467,226,303,543,32,385,116,158,
354,378,69,25,523,337,442,261,248,456,51,95,272,379,469,207,
32,313,111,472,544,208,524,81,469,401,128,98,
7,487,322,99,469,413,166,216,330,79,294,
93,373,471,310,287,124,192,
366,98,168,2,239,102,313,436,191,549,352,
25,111,154,150,316,
129,214,234,114,76,16,358,343,35,152,241,
522,235,356,22,504,145,213,
124,448,114,404,17,113,208,361,235,386,98,511,171,84,258,331,463,172,393,463,105,414,253,35,233,177,11,484,314,211,13,100,477,
53,74,255,295,435,180,30,483,494,322,409,41,425,293,339,22,264,142,111,522,223,425,49,540,207,146,44,448,390,
80,204,464,479,512,182,72,180,308,430,148,4,129,138,105,313,422,267,
436,253,118,33,520,
267,547,411,549,502,74,21,
333,322,310,239,169,504,426,193,
2,83,184,99,437,393,401,41,94,
384,301,101,507,411,478,89,516,230,416,331,183,259,44,331,163,
45,414,501,117,423,31,188,299,500,250,87,410,456,463,258,229,505,103,17,401,86,254,193,517,528,150,198,102,127,171,536,19,91,128,472,
378,14,176,456,545,442,202,21,441,
211,390,426,387,
545,329,128,200,485,100,349,431,311,509,432,301,341,129,198,102,248,491,18,172,6,123,41,74,387,389,335,449,208,274,417,445,16,549,496,521,94,22,174,5,272,25,74,124,88,513,129,504,266,378,108,374,458,132,
520,125,168,105,484,343,425,270,266,187,206,436,398,481,70,175,
6,271,528,128,203,514,460,
549,415,482,129,149,422,450,82,320,301,425,187,83,505,113,540,19,281,184,191,124,418,36,134,471,138,32,418,134,235,201,8,267,123,186,
530,228,347,468,84,218,245,475,273,542,378,2,122,461,107,164,344,127,407,203,486,49,56,80,549,51,307,154,390,336,481,258,222,489,
209,16,483,254,165,414,124,166,322,366,37,163,46,57,443,102,233,137,118,216,514,91,420,221,
474,13,208,119,183,17,494,2,
342,529,48,522,368,339,225,13,376,74,79,293,466,342,476,455,445,485,548,31,125,387,189,138,125,542,169,
81,541,245,458,517,548,456,32,518,
111,413,30,100,25,406,67,165,491,92,492,
90,129,102,35,516,107,127,332,15,222,419,487,79,29,230,418,369,343,424,367,
334,425,145,51,491,140,310,230,356,425,
129,102,168,16,518,286,373,347,29,150,118,545,245,241,271,492,246,456,90,505,49,373,538,
222,106,31,457,474,189,327,518,208,118,526,30,422,417,102,130,353,473,474,274,339,142,104,106,3,525,50,51,544,234,69,199,384,442,429,119,398,87,208,487,378,248,23,304,548,91,530,238,
126,70,494,62,103,135,96,200,218,337,472,175,301,467,478,389,
549,208,
512,244,95,41,
294,124,7,135,228,39,289,310,416,257,95,
258,128,205,494,48,51,33,413,469,236,293,37,
432,100,158,447,208,266,421,434,545,329,110,320,110,425,
69,354,131,106,117,425,
131,503,69,491,517,238,489,435,
352,136,32,249,276,134,168,331,208,319,106,113,50,279,55,92,197,100,31,176,360,414,475,510,149,388,151,414,78,226,235,40,524,16,48,469,279,217,419,181,508,366,
483,341,70,321,496,182,187,209,483,128,257,514,512,137,271,33,347,542,245,70,343,496,183,106,268,271,374,504,
456,498,524,466,286,45,105,260,524,274,368,514,176,39,511,81,82,276,378,81,
71,474,479,107,98,141,208,230,499,183,
455,269,31,538,140,180,345,14,159,453,517,158,339,208,33,345,167,202,176,
286,111,529,110,472,150,113,
158,456,22,449,350,499,112,542,411,419,434,432,541,331,293,433,
425,452,0,377,337,79,381,436,
100,448,140,7,229,313,468,5,276,33,437,173,461,460,16,366,326,352,533,110,438,501,147,124,331,432,244,420,179,261,235,169,395,52,158,68,548,500,
467,417,440,253,429,174,385,60,374,25,308,470,399,
241,179,469,176,384,377,448,421,71,124,379,73,97,68,122,16,523,158,132,140,164,390,217,317,124,
133,436,428,472,137,
203,138,501,110,398,322,162,182,104,117,6,
477,525,113,504,45,226,125,443,124,34,
542,172,87,235,331,218,298,190,345,424,352,352,213,488,508,377,446,281,241,22,232,399,267,275,503,65,253,
123,35,436,545,34,15,175,139,341,358,252,357,379,398,304,416,543,309,528,179,205,301,429,281,233,419,
387,271,228,176,271,211,
158,404,150,87,455,128,100,177,201,360,
150,129,119,31,45,31,88,158,192,203,95,547,25,14,57,271,187,212,286,151,283,309,
322,376,389,362,423,251,110,165,202,247,203,540,7,17,498,196,522,505,425,77,262,281,429,424,65,420,385,76,503,296,333,51,13,316,119,419,
99,343,2,436,
536,419,176,129,332,228,80,496,547,148,
162,271,264,17,173,46,63,265,253,128,76,13,344,174,319,205,442,493,128,323,253,308,277,485,477,188,289,406,465,192,82,76,203,27,
51,258,222,179,354,334,322,530,275,354,488,
67,111,29,139,334,
143,376,418,322,485,321,
382,419,179,452,
154,258,510,25,304,208,157,442,158,292,
74,33,364,338,545,64,247,163,510,504,245,352,323,267,
528,80,413,6,293,45,398,57,337,124,123,277,10,94,345,529,176,486,
503,542,415,14,78,131,148,256,474,251,322,453,462,494,479,45,451,269,168,
110,322,286,410,11,111,10,22,386,147,410,323,511,159,377,366,302,176,496,293,100,387,400,235,322,476,238,181,163,521,211,507,
37,215,391,411,165,320,251,491,286,70,195,3,258,161,484,
500,543,316,
245,516,85,33,59,434,255,194,366,253,362,388,74,474,
486,14,165,4,74,215,352,487,63,
335,197,517,469,54,198,513,175,166,39,
361,390,222,234,401,99,389,
181,274,311,461,331,
274,404,145,181,94,509,483,456,346,270,116,
305,360,443,0,23,404,98,
484,430,174,491,137,95,258,68,421,285,37,
102,89,138,541,348,269,460,187,353,162,416,212,99,68,308,523,467,351,475,376,75,507,336,283,80,488,275,460,525,274,302,331,167,185,474,72,329,339,298,541,196,163,363,451,267,76,460,314,110,421,275,506,0,166,311,114,266,246,444,509,32,0,103,403,222,446,54,108,6,282,47,319,303,330,158,490,545,486,404,4,403,246,355,197,12,268,386,91,512,95,370,463,5,352,205,129,328,155,261,524,202,400,128,47,90,322,366,245,258,199,206,45,299,118,480,436,514,255,161,373,192,525,98,
332,316,198,281,490,267,466,331,519,218,494,531,90,310,267,57,282,183,195,313,48,152,68,426,157,536,295,301,
106,125,81,483,10,130,478,252,363,540,
233,291,422,278,334,413,359,457,308,316,192,206,548,465,396,101,248,229,59,421,527,2,
438,49,350,
253,192,467,348,75,328,127,170,343,124,372,177,207,245,5,108,
323,488,517,548,245,330,137,74,
114,265,349,129,232,331,258,481,256,212,443,
117,301,127,526,375,493,499,9,544,69,45,78,136,222,155,208,111,536,111,238,258,203,86,
543,57,70,370,205,143,234,316,233,258,308,500,370,480,0,
177,34,516,235,208,468,155,484,185,383,17,491,355,525,477,487,438,439,469,538,346,184,146,124,138,435,19,477,277,253,543,510,245,456,217,
91,452,30,511,405,30,59,267,12,209,244,407,471,
57,209,501,543,311,191,230,
268,14,269,8,417,467,164,546,221,118,514,
53,529,249,504,447,229,68,181,425,319,422,486,533,542,434,74,271,439,389,330,476,547,132,293,255,316,119,390,
251,108,174,495,277,219,160,410,448,416,444,539,496,168,333,171,214,362,443,289,327,2,180,492,88,524,183,394,487,543,215,431,511,112,37,314,266,219,336,
494,235,386,15,267,430,306,190,480,464,257,287,463,523,100,158,437,209,168,194,325,538,70,219,472,526,425,418,313,529,388,496,78,29,159,234,126,463,258,393,169,93,389,49,154,172,436,314,474,245,343,479,
29,129,82,548,311,67,18,208,327,160,279,
258,45,157,267,357,145,410,56,546,394,450,
87,411,504,45,409,500,63,158,67,173,240,442,478,
216,0,16,241,176,445,137,273,7,369,390,508,408,314,149,530,209,540,
29,331,429,250,444,381,313,33,246,534,549,5,
368,230,402,68,
35,544,98,90,30,179,448,12,24,3,350,502,515,70,339,364,86,123,
413,366,111,528,513,65,339,135,463,446,524,94,48,177,284,287,205,390,78,123,395,446,270,474,84,299,458,544,
22,26,110,158,209,487,8,279,395,183,53,59,192,410,198,426,208,516,523,120,518,522,283,300,360,
261,313,240,476,102,133,214,301,82,320,244,541,346,398,
247,38,76,431,389,144,160,208,
504,404,512,291,205,137,0,
286,22,137,419,129,324,19,391,526,309,37,370,398,524,333,173,131,
195,439,294,192,358,400,467,64,78,174,21,245,512,488,251,183,461,218,75,124,274,480,281,474,111,340,60,374,436,438,
168,352,330,25,520,249,324,494,409,129,254,120,487,326,455,370,418,210,263,331,12,223,221,273,463,43,269,165,367,79,392,258,22,194,524,78,253,190,278,59,366,428,208,285,
135,94,413,370,157,95,452,486,288,148,207,316,294,430,506,354,233,124,
208,177,71,2,127,480,549,502,
422,124,448,504,45,327,437,295,120,260,252,528,152,287,301,462,481,171,74,510,546,205,285,286,121,524,290,383,142,329,287,104,52,26,468,26,214,101,123,417,128,88,35,524,222,398,495,485,233,349,102,141,477,394,172,229,265,531,81,344,406,123,267,
232,114,390,
265,249,242,340,370,447,348,414,20,121,147,243,238,93,114,343,3,406,252,62,70,79,140,505,162,543,244,422,4,243,75,92,543,
544,32,21,32,410,22,273,428,408,442,108,210,162,356,501,314,156,375,441,224,57,117,449,356,14,70,184,141,540,13,523,244,192,6,68,303,35,373,253,106,164,500,307,
518,367,337,208,308,235,4,219,129,108,156,443,352,285,385,22,262,122,178,163,384,81,
179,208,88,100,51,156,221,254,332,426,508,282,382,
453,503,455,213,
186,370,307,197,516,301,549,
193,417,281,184,17,228,69,228,377,13,371,186,6,236,157,287,439,493,77,518,188,453,490,266,47,7,409,380,304,98,440,56,162,178,333,
285,22,192,295,22,325,419,78,483,321,107,518,194,55,455,312,170,16,168,305,
205,543,415,406,261,413,87,367,495,278,83,162,426,440,
137,133,442,208,
49,505,530,32,122,203,265,438,129,31,
244,172,417,526,442,236,389,336,521,328,333,106,44,164,491,529,332,397,261,403,544,512,536,178,118,91,184,261,
25,207,492,168,545,438,28,528,179,354,70,378,412,467,300,20,257,313,63,
442,243,34,70,244,105,162,137,311,128,313,47,435,528,354,463,305,497,36,378,95,137,191,472,182,535,513,
426,205,524,332,211,538,333,
425,210,89,433,31,257,514,341,53,97,240,178,181,297,418,352,454,390,417,549,115,310,397,494,165,29,197,217,234,419,478,53,370,101,253,360,434,180,485,538,512,542,138,450,322,52,322,16,360,246,
233,372,418,45,193,247,434,469,124,
373,530,172,129,412,428,
17,23,454,436,148,487,360,208,459,237,495,25,192,236,353,375,545,23,353,249,273,160,404,235,247,507,117,120,151,301,7,279,503,535,69,346,199,331,497,520,144,252,426,70,135,509,161,425,262,339,197,137,344,349,495,91,162,31,446,292,208,102,436,108,540,544,545,210,446,203,177,114,103,111,203,285,494,43,485,7,112,318,322,173,523,52,442,124,137,356,474,
366,48,110,413,57,390,245,112,300,166,244,166,203,404,
376,203,322,141,220,203,505,342,75,355,110,55,419,498,548,143,239,459,201,451,357,367,
405,401,149,91,
314,214,6,384,396,283,357,117,246,48,66,384,85,13,129,409,439,353,304,456,470,221,116,342,440,305,497,309,173,440,509,537,62,247,401,147,414,377,373,219,1,486,364,91,531,511,426,486,451,323,452,301,92,412,29,247,188,248,308,362,34,224,216,124,50,16,441,101,329,524,46,95,97,500,379,43,251,388,376,70,404,450,127,235,494,321,365,510,438,111,
335,329,141,
70,351,377,177,543,544,151,10,254,59,167,523,50,37,504,399,395,427,517,458,37,242,
230,311,132,101,282,470,406,0,269,516,70,304,368,57,
524,102,426,35,80,251,120,312,372,277,261,400,419,548,422,168,278,77,340,177,87,413,456,211,292,88,314,34,440,218,352,76,267,32,286,
267,373,288,469,129,242,126,451,387,17,291,70,133,66,332,399,275,391,41,184,107,399,483,47,307,70,447,194,105,176,156,48,108,491,97,496,269,349,12,141,397,422,204,91,32,80,
401,511,3,32,464,80,352,522,63,35,364,170,405,58,426,541,518,545,131,115,80,435,10,323,364,196,361,352,
469,467,177,34,201,335,56,214,278,330,7,258,98,241,8,228,535,245,181,486,
141,544,71,0,335,60,532,94,
276,221,131,228,104,86,167,381,129,260,545,261,23,22,285,444,352,372,258,76,423,466,32,288,440,126,192,455,502,128,
291,509,447,267,397,72,410,513,500,516,481,32,
221,436,179,268,174,99,370,543,209,
505,251,501,115,176,452,406,45,197,459,287,244,322,49,140,438,129,
70,441,295,278,474,442,423,461,117,98,25,393,494,440,81,265,510,483,137,63,523,265,159,349,264,240,35,314,141,168,147,184,297,468,474,520,
344,372,530,
2,30,212,
152,501,129,172,0,402,105,
2,460,208,366,239,316,331,342,417,159,549,300,346,57,21,106,383,527,268,355,543,474,
169,494,164,342,271,
107,335,458,530,201,81,103,537,208,436,338,406,57,322,71,230,402,470,
425,329,332,17,438,473,389,296,479,69,
481,479,291,3,520,370,
489,254,188,3,131,530,
83,111,478,243,330,404,
214,229,469,247,476,427,466,129,
365,36,466,468,35,421,259,539,511,514,510,30,314,80,233,412,118,
198,54,545,464,483,445,22,261,332,421,46,502,321,452,149,48,
251,14,77,299,449,465,525,352,445,510,522,115,503,547,57,463,93,442,539,504,
119,510,322,222,282,360,181,94,53,
365,329,415,399,113,105,547,217,
81,523,183,233,33,314,119,29,440,76,405,410,502,324,339,491,76,422,70,406,115,205,73,102,50,106,60,
128,242,246,422,121,47,357,497,117,292,39,428,268,439,415,247,279,463,483,545,235,331,32,276,287,
314,478,355,544,81,397,132,301,31,145,331,101,89,373,513,121,245,419,299,205,53,363,
215,113,486,
303,118,
228,536,534,23,387,375,329,276,485,501,472,510,
137,336,14,149,487,289,442,161,47,275,476,70,18,219,318,360,441,183,482,
79,425,2,254,233,
472,397,337,387,232,228,
419,329,355,286,411,510,536,90,82,382,352,322,123,191,
398,293,417,339,149,320,222,422,520,
406,505,162,31,124,232,205,81,355,59,303,468,230,48,
32,269,7,235,102,409,243,194,531,294,450,294,476,544,270,129,456,185,126,472,549,153,324,422,432,276,324,491,411,346,184,330,52,288,471,291,
164,475,372,110,273,169,127,219,381,529,352,
415,343,503,412,230,292,313,205,252,52,274,304,365,533,90,216,496,236,6,527,151,
124,208,127,128,279,240,549,507,390,113,540,165,
279,286,13,30,21,419,337,29,194,250,540,
239,501,27,
322,212,110,224,289,360,370,257,112,102,143,467,398,
345,528,2,455,456,124,
487,255,3,241,366,40,101,350,238,428,424,473,188,328,133,465,168,117,343,127,131,300,343,235,121,268,146,357,11,93,440,7,540,532,178,177,48,294,67,222,310,251,354,361,377,360,486,
57,465,149,230,239,50,373,377,473,154,470,366,386,544,191,461,138,107,157,217,164,174,463,150,
208,114,59,124,179,154,218,455,391,
84,59,125,272,
447,169,350,28,44,418,461,265,1,77,357,108,463,267,369,119,133,278,477,350,345,177,195,53,48,74,268,307,224,432,509,6,468,34,404,291,8,
157,86,156,227,194,453,63,258,100,135,38,381,8,373,44,436,331,277,47,57,172,15,154,332,
364,401,330,466,67,127,437,253,246,349,35,23,54,165,74,
299,467,449,9,341,26,14,328,524,251,26,48,352,7,375,33,183,548,200,141,345,271,87,333,236,223,314,211,
397,425,318,414,208,204,102,482,244,20,395,482,181,527,308,359,
316,543,5,385,322,53,400,500,74,273,25,
301,378,361,17,149,542,261,454,528,19,443,343,364,265,397,384,351,497,549,26,344,350,396,267,328,475,544,20,336,251,176,461,332,448,372,
118,129,303,209,436,102,282,48,31,425,244,268,537,365,511,
3,121,268,62,46,141,148,429,310,496,234,399,269,544,0,87,52,68,186,355,436,504,35,156,404,397,458,489,431,
161,529,137,547,538,283,387,102,477,
456,264,158,234,67,208,288,265,359,205,408,11,549,129,236,388,525,310,449,345,177,6,
23,172,105,228,205,34,416,
83,17,2,205,88,136,466,543,316,
254,489,179,79,476,496,
463,15,496,180,529,159,436,41,415,276,451,45,522,312,461,38,63,122,433,168,66,291,176,146,278,227,229,357,494,348,264,438,45,124,254,70,155,246,250,442,404,428,441,546,57,174,63,342,74,
180,404,487,49,91,293,402,452,474,283,207,280,287,170,63,293,367,509,450,116,211,400,431,455,118,235,176,137,
417,268,222,509,422,427,153,387,432,311,420,142,257,398,538,124,237,232,425,6,178,278,372,97,244,11,31,242,176,282,100,526,62,207,391,404,45,
418,72,254,233,478,192,90,143,100,184,226,19,300,
349,105,111,114,125,144,267,364,33,17,
496,415,494,545,513,519,306,86,254,315,343,177,2,86,28,523,229,522,285,484,444,483,238,254,422,2,
94,370,112,442,373,542,308,143,532,413,397,124,263,285,547,528,79,428,2,295,409,494,317,
428,93,282,544,357,59,67,123,218,169,128,76,496,312,271,540,49,175,49,76,274,413,430,244,52,6,463,133,408,168,
441,149,544,160,343,246,70,136,357,120,157,327,6,401,463,64,137,151,340,436,45,
181,441,88,540,105,259,471,357,129,447,203,208,313,
195,0,37,251,148,
59,406,357,168,150,303,355,184,
50,60,529,456,531,57,49,43,222,118,299,315,206,210,379,57,390,212,24,257,314,358,81,513,
149,364,272,303,13,171,332,244,17,97,377,36,408,452,351,491,273,533,94,185,390,226,543,339,106,207,549,299,258,21,280,174,198,86,111,341,276,256,76,24,29,48,441,452,115,194,137,86,144,405,507,491,526,451,370,436,
262,331,479,411,356,236,156,76,166,65,227,518,548,330,420,291,137,
303,208,59,544,308,254,
530,373,
34,314,104,78,23,140,442,220,410,500,400,21,177,192,299,124,206,123,99,331,2,254,469,447,343,301,469,339,477,143,404,
63,399,105,415,123,57,245,373,414,179,393,172,348,132,293,340,401,226,331,263,366,39,531,331,155,339,157,16,186,70,245,52,139,358,378,419,158,201,470,
47,522,
291,198,36,233,281,343,244,337,90,122,407,541,269,6,197,407,160,205,
510,511,251,70,145,228,511,365,5,119,424,6,314,
472,547,429,45,
398,123,100,318,407,153,249,504,188,256,140,203,528,326,322,223,
86,236,308,45,157,35,275,337,117,
204,291,301,80,429,1,449,88,549,16,267,16,
474,401,71,221,175,169,401,200,450,479,192,401,490,237,488,11,301,329,193,370,482,448,310,370,449,542,127,102,135,109,351,145,510,322,448,293,402,86,271,357,136,290,284,294,507,180,176,266,507,231,289,217,0,407,3,222,79,235,456,484,70,443,48,98,274,197,240,244,482,144,195,326,245,413,
511,485,164,399,510,341,330,165,508,91,345,400,80,269,15,171,
243,83,529,442,174,23,232,489,
174,35,27,484,178,144,234,243,529,57,233,513,463,448,105,221,
504,117,542,256,339,398,235,160,254,87,411,515,341,486,547,167,452,516,477,221,70,165,333,
0,273,216,247,302,230,195,430,527,543,485,31,240,395,435,504,
95,517,466,484,150,195,512,294,
5,510,208,393,253,29,
258,491,461,168,34,154,484,3,543,382,459,117,68,530,58,271,
390,299,425,413,241,240,361,545,467,317,13,145,53,
501,31,287,207,239,398,505,45,54,203,147,152,321,
13,166,254,129,23,393,162,282,505,166,146,385,501,212,279,471,57,218,303,389,422,208,474,489,399,322,390,
233,537,406,220,104,217,388,9,43,168,63,358,236,438,539,238,138,209,68,313,543,79,31,
205,486,26,48,102,275,316,123,412,380,23,211,358,21,
330,482,504,81,117,339,73,2,53,32,98,235,29,166,511,206,315,83,7,
197,452,505,337,370,16,335,75,175,532,186,371,102,486,
469,32,233,
105,504,79,389,164,456,186,242,271,23,424,520,509,430,152,174,267,337,
540,322,424,354,451,471,345,83,46,8,103,331,184,227,428,86,188,504,427,549,26,208,313,75,378,466,181,216,352,274,73,478,124,441,485,
372,253,164,331,344,5,321,301,
330,262,495,462,136,244,546,401,427,343,241,387,138,205,402,363,538,217,6,301,540,32,75,180,337,196,333,515,
402,44,107,109,170,368,152,
310,491,145,37,98,333,487,472,99,241,93,334,456,
271,162,105,182,430,498,226,258,307,21,134,76,80,243,316,282,529,181,375,242,197,272,299,105,29,6,217,248,387,365,391,258,
404,124,298,3,195,253,35,30,158,504,504,314,305,366,305,
14,299,49,137,216,421,541,251,267,232,431,14,162,268,544,202,274,378,486,150,7,363,509,
207,253,25,
235,284,34,379,239,168,474,69,490,42,180,263,183,124,405,119,473,377,128,161,294,494,208,246,352,31,334,281,322,326,303,389,487,518,409,393,104,289,522,341,70,217,3,317,314,442,48,82,160,177,230,324,428,37,46,504,441,478,330,110,128,132,381,411,100,32,
502,3,530,42,48,324,540,66,494,267,333,208,65,16,
352,525,50,295,519,411,33,299,213,192,21,390,540,184,
137,484,403,323,180,
542,370,158,263,204,362,504,405,271,530,415,156,122,342,230,124,
76,3,162,327,308,219,52,128,524,89,81,471,545,216,247,27,398,213,249,268,
115,151,81,175,302,248,548,308,149,485,505,481,253,334,251,170,32,226,257,94,499,496,216,260,
288,456,137,135,208,333,
238,537,404,331,11,399,459,334,447,338,233,472,448,266,192,117,496,356,467,80,222,
429,222,472,322,
110,1,203,164,188,432,11,397,209,102,132,
76,331,113,428,217,273,93,102,81,204,332,470,196,209,322,129,546,57,4,70,108,
273,0,164,
179,25,13,155,543,546,217,538,178,
393,2,5,
108,253,271,76,
228,294,469,301,
300,366,22,54,
407,291,91,398,
425,334,128,520,432,
547,536,365,
38,247,165,
148,195,509,486,536,
507,384,138,
516,186,291,
270,520,504,175,
110,432,530,
500,544,291,100,
119,150,474,
93,125,251,
466,83,364,214,
504,74,357,
87,208,443,431,
230,334,68,107,542,
543,265,83,2,221,
272,84,545,
32,128,88,
113,438,13,124,
308,86,369,
283,22,529,150,
63,233,463,486,25,
145,32,522,390,
370,255,149,
485,484,228,
