492,22,63,183,445,59,194,506,106,253,539,352,113,521,
36,336,435,139,165,323,537,456,534,165,179,469,466,373,40,477,79,107,212,111,278,387,445,6,97,3,352,466,178,228,34,254,366,331,
250,425,216,361,187,96,292,313,209,120,138,226,513,53,220,318,468,439,129,446,489,184,388,448,365,541,463,251,
427,105,319,294,136,263,425,201,124,338,340,265,330,339,508,448,118,68,286,
458,377,432,121,28,521,336,30,406,44,113,61,81,485,5,113,
244,399,229,175,25,96,369,254,203,28,251,386,468,57,166,482,519,400,490,183,109,334,122,
265,305,330,79,299,184,202,427,34,25,184,
147,296,540,463,220,463,
11,74,461,381,667,63,372,516,200,
125,366,96,113,5,385,
159,466,439,249,292,194,517,55,162,74,228,327,431,331,443,159,210,534,
72,361,75,
539,522,203,492,369,497,247,210,153,493,451,272,491,303,162,431,
454,45,21,242,344,161,146,412,513,
8,182,105,105,248,153,59,296,62,129,346,3,176,422,306,420,67,218,221,506,
82,437,143,349,281,65,347,289,318,495,1,402,24,231,208,360,314,495,422,79,496,185,543,58,134,90,
229,293,212,73,349,354,215,345,23,490,473,270,65,374,191,244,336,428,220,340,549,224,184,262,357,
302,263,96,481,357,26,48,104,
481,401,545,221,405,481,89,164,
474,446,99,225,329,163,323,450,495,
173,99,40,463,446,259,382,74,83,372,364,262,183,113,667,371,490,
162,533,365,143,218,47,252,382,30,439,474,506,361,539,
330,226,382,246,126,374,155,79,448,290,265,449,508,489,265,27,142,69,449,535,109,387,82,4,100,341,438,62,200,471,198,29,151,128,206,502,205,442,212,439,124,253,333,538,105,293,530,296,109,286,445,
362,495,399,79,226,527,24,122,440,153,43,524,400,297,95,317,153,
69,183,377,96,545,325,117,65,425,42,459,34,494,10,174,
501,443,501,340,247,
113,303,336,402,418,175,115,27,41,269,317,333,20,144,50,105,106,120,18,519,179,386,337,469,208,87,361,31,446,8,115,545,408,204,58,496,133,120,235,469,198,24,399,286,96,223,401,427,294,385,320,458,297,399,65,12,448,159,492,496,433,298,25,491,125,534,
216,372,374,491,336,
40,175,477,15,154,454,337,18,143,448,527,381,96,4,538,504,200,434,486,293,528,69,194,210,
381,394,449,365,296,331,150,71,328,459,531,15,393,17,296,97,446,527,540,360,503,174,222,506,347,410,33,210,123,63,117,208,329,40,240,41,310,420,449,138,117,228,385,375,15,489,223,336,234,248,381,149,544,109,12,187,285,229,184,109,318,376,
176,384,159,367,304,33,377,434,137,70,
440,83,395,289,452,336,66,342,487,400,50,159,483,221,134,351,362,76,116,322,334,113,302,393,90,96,520,523,
372,45,70,173,483,216,388,227,110,344,393,35,506,352,408,261,153,
126,73,318,201,418,267,472,538,367,446,464,341,17,260,330,349,234,226,277,342,318,501,251,502,505,96,206,
496,70,98,82,302,296,483,514,67,
133,39,25,349,270,287,228,434,137,41,282,296,350,320,388,56,26,156,296,
365,162,168,73,259,399,37,174,74,117,15,218,157,316,441,159,
96,244,40,159,330,485,246,40,250,29,224,440,200,124,406,216,261,414,339,450,372,20,31,69,251,242,6,277,208,29,82,386,225,240,129,197,186,489,506,318,401,59,278,25,316,374,249,517,
128,544,296,159,5,186,122,
464,333,510,26,162,518,145,452,41,320,72,126,148,39,418,21,118,99,96,5,40,
123,334,281,251,74,533,
422,253,19,113,379,
333,425,289,481,3,394,393,511,115,149,382,159,325,334,35,167,
344,310,270,454,184,52,146,169,305,332,
325,333,357,377,325,338,199,199,
376,450,5,318,90,19,128,336,186,443,511,204,549,278,157,300,381,402,478,143,
351,216,207,428,305,
106,104,286,305,370,113,506,498,
6,26,495,425,416,159,471,195,161,280,36,527,300,96,21,203,239,7,
449,381,21,361,508,535,91,419,522,368,
265,272,214,490,34,386,445,249,
203,522,457,219,324,139,20,117,183,74,324,489,274,18,68,286,321,163,144,374,370,463,428,539,397,402,484,358,247,99,185,405,
396,219,1,461,268,483,457,217,445,424,490,168,36,547,479,112,380,247,442,264,509,401,318,432,225,354,301,269,373,467,133,538,159,464,280,460,310,310,299,305,533,214,486,321,174,462,224,65,206,123,59,120,196,339,198,211,38,207,64,15,518,
298,458,496,529,233,358,510,224,299,465,113,
491,210,197,458,135,108,414,509,490,297,
21,12,497,310,124,45,200,453,179,330,359,186,374,210,165,92,180,323,6,80,108,449,288,187,396,454,350,29,193,428,
360,459,94,365,12,192,543,521,165,497,
18,114,264,536,4,491,204,484,360,320,368,179,43,197,199,263,209,216,203,465,85,40,132,540,336,40,306,55,439,
98,324,425,382,496,100,544,216,169,171,265,487,536,439,107,153,
357,104,309,265,93,325,401,513,450,542,409,465,
281,83,179,218,201,278,398,13,34,271,12,123,493,537,
398,165,165,442,399,375,381,208,394,236,130,247,5,
303,400,374,438,539,503,258,385,137,380,513,312,162,539,178,59,139,291,210,321,40,50,
495,540,417,191,6,82,96,283,405,424,262,327,326,431,305,249,89,516,382,485,414,284,448,286,277,470,111,518,373,434,199,
220,250,442,233,246,316,388,183,327,411,511,328,4,496,286,
271,482,272,344,321,474,440,385,533,210,52,
220,352,128,469,107,391,53,484,262,377,186,303,363,292,242,300,38,322,229,492,382,45,147,
419,218,2,367,40,12,448,311,503,305,380,525,313,15,521,502,185,202,36,203,445,103,246,365,449,347,164,
471,300,27,288,452,382,214,536,89,38,137,340,163,169,485,317,222,383,427,305,274,504,429,172,538,397,
502,126,534,242,
26,343,325,406,90,
341,126,467,486,380,49,355,395,333,125,257,
70,249,385,144,374,230,250,118,141,277,372,344,210,376,496,98,303,29,341,466,318,176,
544,374,165,270,121,333,487,534,347,98,128,510,537,79,172,
420,294,95,98,8,93,222,509,539,215,310,508,210,
513,250,534,79,116,325,483,402,459,121,77,66,454,
248,538,303,381,120,8,349,409,100,40,187,97,250,
179,210,79,310,400,491,27,240,406,272,334,465,491,
491,179,211,12,
527,320,407,
272,209,271,117,454,231,196,511,495,46,273,330,172,448,40,219,179,
533,218,85,74,162,152,118,319,235,211,308,357,104,211,257,313,249,523,123,425,
340,229,471,216,538,333,39,454,369,485,432,242,135,202,427,448,288,501,180,
96,76,37,457,113,508,242,284,364,35,126,286,190,381,265,236,464,454,321,489,76,
506,151,226,251,108,96,522,369,
321,199,69,538,220,399,546,273,80,67,204,271,55,297,468,140,522,119,402,75,234,493,3,485,517,303,478,
339,400,19,96,269,377,76,13,148,285,337,457,427,505,479,401,
153,412,296,349,5,226,503,16,65,106,123,79,448,254,352,106,473,528,32,274,374,442,23,362,7,165,467,76,374,183,265,374,
12,374,433,
361,546,398,250,113,439,414,95,34,130,333,72,183,496,162,109,399,
294,211,427,496,462,542,190,217,113,459,271,301,305,414,516,179,155,216,
528,39,143,40,
536,110,300,538,391,435,18,22,91,132,472,451,502,331,234,266,328,14,176,472,498,418,471,349,89,
117,365,184,381,216,
233,220,378,430,41,160,234,482,324,70,522,414,209,505,295,296,123,481,186,202,
434,176,502,117,495,
309,468,463,184,465,450,
261,446,15,372,406,100,286,
388,220,263,372,250,210,490,164,487,225,130,417,
370,33,325,137,4,189,381,394,547,394,193,273,399,203,524,134,538,76,299,
448,153,77,90,40,529,330,455,153,289,479,535,113,379,495,208,64,40,250,166,234,144,
368,192,528,442,155,34,443,18,454,112,167,495,23,253,541,303,52,239,449,
479,298,134,273,91,73,496,113,25,117,156,385,431,501,444,339,30,462,
425,32,502,69,426,86,214,430,399,
486,223,490,
399,89,210,118,244,276,425,336,301,455,481,463,92,486,285,362,58,518,324,398,393,406,538,454,8,37,
325,310,499,45,303,60,318,93,23,348,424,90,504,26,156,236,
402,113,57,22,226,347,113,303,183,165,226,157,575,95,74,555,61,63,59,296,318,954,429,74,450,513,210,442,534,486,230,526,193,322,64,532,524,251,96,114,183,364,178,45,5,482,125,382,221,45,246,203,266,55,20,267,315,
284,96,318,183,277,495,293,202,295,495,
242,442,298,491,
259,1,365,346,8,95,374,382,173,
180,311,77,382,262,47,181,21,165,418,121,137,93,195,521,360,233,25,341,67,438,525,340,405,102,276,437,544,171,431,
457,498,497,395,336,305,11,90,203,186,390,292,506,296,95,302,493,512,144,484,59,93,329,397,388,95,248,339,434,271,462,393,427,96,79,321,234,406,20,107,472,398,416,537,
200,426,151,240,96,184,425,45,207,548,266,457,191,255,492,525,330,453,63,222,151,11,127,531,34,199,31,
366,417,187,125,181,401,481,
270,502,522,57,245,6,447,130,512,391,298,319,202,292,459,141,331,344,258,502,133,251,218,373,25,338,366,369,544,
165,478,168,507,224,219,199,36,399,157,511,111,490,119,356,236,398,45,344,544,285,180,405,93,310,
144,105,489,113,89,474,346,334,343,203,70,398,249,538,387,394,503,418,229,384,8,186,170,
495,284,426,230,155,362,471,493,496,448,322,276,253,497,420,135,387,82,439,190,399,180,474,216,80,380,
161,15,212,123,523,90,504,454,40,140,
41,160,221,186,
425,533,452,122,63,425,49,250,202,406,6,26,419,496,110,227,299,69,374,333,295,19,98,105,352,388,427,238,20,195,400,109,45,39,465,
456,522,377,215,
49,117,463,41,219,263,
210,420,462,539,6,531,271,239,491,178,405,388,133,333,303,293,358,109,270,159,
184,118,286,367,381,15,117,428,
300,40,249,381,481,369,
482,354,195,233,212,
77,183,462,68,40,448,11,
65,82,229,396,113,69,187,496,310,
503,434,263,113,419,144,184,37,456,503,427,90,211,127,
187,416,366,381,65,101,334,199,159,
107,423,457,151,393,98,220,237,258,531,117,108,
321,190,308,206,396,271,203,400,73,24,182,418,96,
428,203,438,312,481,518,
284,284,247,109,184,258,68,155,274,228,406,
305,342,264,396,351,449,423,265,301,343,504,501,340,380,407,538,218,403,509,488,284,6,212,388,
465,291,330,18,115,420,191,206,118,12,290,108,357,295,413,286,352,144,538,500,34,5,421,400,75,451,411,425,309,179,
397,382,546,76,102,258,0,286,347,522,297,
369,202,40,270,206,27,300,253,506,
151,84,330,52,486,305,462,181,509,199,107,462,101,105,200,
113,191,130,391,5,65,534,299,153,402,1,127,128,532,312,475,360,416,503,93,419,398,52,90,402,173,185,178,524,318,
64,371,380,448,253,396,168,346,
209,63,0,199,418,151,335,398,130,519,384,85,528,33,442,18,233,504,409,
226,250,20,104,153,298,506,249,406,328,394,364,44,333,343,
1,162,422,75,82,242,259,486,509,34,396,17,482,151,
387,433,398,330,406,38,391,393,495,242,508,20,32,485,
67,117,184,377,8,496,
370,106,100,199,297,300,342,46,
319,505,400,255,247,173,95,270,472,481,287,211,9,11,291,343,533,371,427,491,179,363,204,
524,282,113,246,462,144,408,22,373,344,374,265,184,164,96,162,
20,203,488,113,153,492,426,201,44,402,162,371,295,433,457,488,159,
524,536,362,210,521,514,516,
293,336,444,209,157,229,391,452,104,110,438,252,266,437,387,109,246,76,392,210,105,332,
123,242,161,330,184,
61,244,164,285,115,381,519,33,
485,331,12,483,82,52,209,132,408,514,17,77,76,468,495,513,291,96,221,229,340,393,414,105,235,277,348,459,210,387,
69,195,230,45,146,318,321,435,207,374,269,392,408,62,389,421,514,425,114,510,363,114,540,483,82,310,257,40,330,
521,458,419,204,540,524,528,465,360,134,320,253,
12,419,207,469,527,187,141,223,517,29,82,271,319,111,60,221,17,532,8,538,320,520,155,32,540,291,372,502,432,96,522,265,445,360,315,479,
153,138,419,312,
480,417,539,504,4,407,55,299,21,400,40,97,218,500,307,249,445,
39,414,375,133,224,298,522,80,362,182,35,333,517,428,171,301,474,497,162,100,51,82,77,406,21,157,406,90,340,271,347,454,82,246,96,528,
489,96,236,144,260,208,9,244,100,348,46,272,455,367,465,416,511,509,502,82,418,330,427,135,536,383,381,460,6,524,203,500,250,263,76,8,216,484,457,493,247,36,374,31,355,
293,284,40,172,330,178,223,
538,216,113,109,526,298,457,81,608,207,68,21,8,14,672,280,62,370,450,338,244,59,446,197,71,475,220,285,46,43,180,116,300,40,85,3,399,371,82,310,164,176,231,317,73,
280,449,462,346,164,496,515,448,331,115,
442,484,277,330,160,242,381,457,405,249,343,48,396,
432,289,173,397,162,144,511,22,381,471,458,314,170,486,12,296,423,207,117,386,490,249,485,339,377,228,335,315,367,255,
491,319,216,539,29,300,667,216,164,382,242,
186,96,60,183,376,
269,339,277,
262,173,408,374,285,229,
303,248,114,340,402,70,204,547,
462,179,486,90,285,
295,254,465,246,233,472,17,330,433,400,149,347,
336,343,479,361,162,517,419,21,299,493,440,54,304,86,457,506,344,399,229,136,22,522,134,101,376,79,210,275,514,400,263,142,267,458,57,
174,446,255,381,449,401,331,
74,464,525,439,454,50,303,119,431,178,267,242,33,358,291,182,31,5,173,2,89,134,257,107,159,547,304,
113,271,422,172,121,
212,161,125,451,109,368,325,421,318,136,98,192,44,276,476,256,398,17,434,56,537,184,462,27,84,343,330,37,349,388,277,35,398,347,448,140,517,365,49,
236,489,282,261,45,380,199,338,
446,20,250,174,474,109,58,261,328,
218,5,506,109,49,63,10,533,272,382,200,480,382,67,353,414,305,128,270,231,343,162,281,151,78,365,7,8,419,
83,365,463,18,89,540,281,443,508,540,173,205,109,101,109,351,432,96,
228,284,363,424,302,404,450,381,18,63,263,105,133,104,529,263,432,467,486,25,461,318,159,95,507,183,253,75,277,483,
540,400,14,12,374,141,238,291,252,453,193,334,83,147,537,338,70,478,365,228,378,138,521,414,511,
100,263,496,136,421,418,311,213,98,39,9,489,428,429,511,267,182,500,60,310,330,235,138,248,18,63,77,393,226,223,261,61,
45,481,454,268,228,483,91,104,53,310,19,169,167,273,97,408,200,402,412,220,118,71,435,105,
542,357,75,
334,79,173,15,333,405,406,123,78,79,296,179,472,372,146,227,144,540,
143,438,122,60,185,528,376,379,
538,242,144,256,524,24,236,233,305,226,263,186,63,12,514,88,427,87,440,164,322,305,346,384,273,465,126,329,284,41,443,396,402,76,321,258,231,142,340,471,202,406,374,195,
499,374,420,90,40,42,331,397,423,495,523,478,
76,485,538,402,51,489,152,397,339,385,180,96,293,253,274,171,463,
374,229,544,303,377,365,316,95,418,489,12,203,242,330,357,153,255,462,233,255,499,108,70,545,225,96,
547,22,333,249,201,244,352,74,373,467,279,463,195,528,135,
333,400,544,155,153,68,411,341,
284,186,185,386,405,284,496,111,191,148,411,463,160,408,199,370,428,76,549,
221,402,8,12,462,481,133,161,208,264,155,320,229,183,462,319,274,226,38,461,440,124,483,204,41,
159,6,207,183,428,176,210,445,124,203,333,122,474,488,438,454,96,159,
109,463,244,489,431,380,331,84,374,62,268,159,79,310,21,185,286,349,276,330,192,325,270,517,402,425,4,548,385,267,284,83,179,174,381,452,446,129,170,358,367,296,210,431,214,120,
277,396,511,94,501,305,420,257,212,495,105,96,381,465,114,499,27,103,7,491,
214,396,463,471,43,251,368,340,423,477,380,353,393,268,265,367,109,401,
179,367,63,281,462,448,42,69,72,263,319,164,
414,8,233,96,430,434,4,153,182,546,34,81,537,138,367,232,547,
33,12,282,381,159,209,61,162,257,522,226,449,392,232,538,104,114,239,164,40,526,463,308,70,0,160,456,327,176,79,230,430,24,165,
40,189,327,403,417,454,384,395,667,256,437,537,463,1,454,146,33,36,286,92,383,369,419,96,245,384,220,303,135,173,247,435,248,50,455,222,487,480,128,300,441,502,433,530,77,407,484,459,204,533,161,464,249,
211,349,277,491,418,41,
5,218,117,257,382,398,0,27,364,
41,210,113,367,334,231,211,46,249,0,6,463,49,154,196,79,
454,27,1,40,468,368,49,100,145,488,26,409,15,318,256,140,309,277,463,399,130,96,178,340,
346,523,546,303,
338,436,310,254,236,459,540,172,540,26,251,427,26,135,213,378,350,308,
164,280,524,463,346,
522,203,33,143,508,12,39,184,539,268,263,164,371,523,291,32,416,93,283,229,506,449,336,200,
431,450,479,496,159,109,112,164,388,539,142,180,
19,242,45,500,449,425,339,77,222,335,346,422,377,349,25,178,379,546,385,
50,40,456,523,533,367,464,162,283,437,405,339,200,246,219,35,349,4,158,364,256,106,352,44,52,400,115,286,440,305,139,341,198,213,393,449,490,137,111,21,74,517,367,303,
516,524,286,294,105,11,
296,431,450,455,49,400,27,195,320,117,
325,109,325,90,164,
398,331,468,205,172,83,138,88,126,72,107,400,392,33,212,355,233,420,186,286,270,422,423,89,297,138,291,462,79,500,
122,159,401,179,143,199,108,128,244,
385,112,249,46,70,388,329,381,271,485,72,109,113,52,266,427,190,20,159,373,107,164,210,313,
96,278,283,91,330,56,515,83,153,371,76,370,327,254,496,495,125,513,31,84,193,150,170,318,26,398,485,372,39,23,303,302,314,384,151,83,159,286,
102,517,318,267,1,57,87,183,544,180,202,400,367,
398,144,140,96,361,113,387,63,433,6,418,234,126,462,479,27,
256,395,291,131,429,236,17,473,305,330,299,13,371,63,354,404,127,492,135,38,36,450,451,34,8,222,531,455,51,364,514,81,
74,499,533,11,25,334,479,459,317,17,33,446,123,
496,280,479,199,501,113,220,75,76,170,237,
247,539,114,203,
263,456,100,302,273,119,338,463,58,205,382,79,494,489,371,408,243,492,59,375,73,538,434,16,85,275,36,12,466,299,336,389,79,465,228,122,111,386,522,77,453,82,402,450,79,179,214,388,420,131,
373,524,5,270,118,325,272,349,204,164,457,459,346,385,25,448,488,193,495,371,
349,398,50,133,341,157,211,207,346,425,400,164,101,348,82,345,126,377,67,330,521,285,536,261,159,307,323,379,8,380,201,286,394,248,364,153,43,365,373,109,540,30,80,19,
377,31,220,148,261,339,103,337,339,363,412,511,67,452,
495,119,80,443,270,247,499,510,368,284,107,539,105,331,272,448,
483,440,17,221,65,69,154,396,79,257,424,228,98,40,46,208,232,402,
162,997,327,370,302,519,30,420,455,92,496,499,481,448,954,334,484,303,161,240,161,283,202,408,399,99,13,88,233,39,18,336,339,450,471,536,540,163,464,209,1,438,427,147,318,419,33,469,365,239,4,50,215,524,
409,454,271,248,496,81,258,357,490,254,209,
247,495,314,175,9,141,284,254,159,422,398,20,483,489,501,
502,133,114,27,330,310,40,234,423,527,16,27,12,405,84,249,337,263,388,175,489,474,426,197,536,237,283,425,470,330,446,531,
224,198,240,
330,295,427,377,272,249,99,151,239,
504,73,204,382,471,381,372,169,
479,445,49,199,1,
32,522,407,448,340,350,
164,388,538,538,433,349,442,427,263,512,152,107,385,373,116,488,405,225,333,201,400,425,522,318,33,267,297,491,61,89,325,419,
104,249,381,357,226,33,336,97,533,88,19,286,106,407,140,444,441,522,
297,398,382,370,277,167,
59,460,4,402,80,508,161,82,148,156,337,373,153,105,162,166,196,489,452,90,337,363,263,298,33,73,176,336,11,8,396,543,210,13,327,366,303,73,478,506,
117,333,272,405,381,354,484,523,37,480,517,433,5,49,211,67,78,424,434,296,
199,486,269,325,
371,244,96,64,319,538,126,173,156,465,2,61,493,149,263,
384,96,210,40,496,537,
374,79,249,462,84,124,304,367,432,75,136,139,343,214,334,472,216,375,437,543,262,58,153,
523,161,499,1,124,135,533,
226,402,100,368,176,162,442,330,49,103,538,519,221,105,290,382,126,317,36,490,25,362,54,
246,151,38,210,187,403,262,228,157,330,24,31,236,295,44,87,90,210,541,184,474,249,55,201,402,356,401,398,152,186,228,346,452,492,39,56,449,419,258,277,460,463,154,
667,865,261,205,40,214,449,347,195,178,378,130,281,16,152,343,498,79,13,412,264,311,173,508,11,491,
153,462,113,8,393,79,75,136,333,362,539,528,372,98,40,112,182,433,
310,506,287,184,109,531,338,77,338,272,464,69,165,154,156,317,522,331,242,176,87,45,396,459,100,318,481,211,217,229,179,325,285,546,367,504,21,105,441,102,344,467,538,65,420,126,
343,105,549,667,546,374,72,185,379,
185,178,223,68,495,284,250,488,290,109,60,450,465,435,84,382,203,82,27,
423,350,220,499,
350,78,423,205,338,184,208,73,517,32,380,133,
291,352,
501,496,367,479,501,333,
346,144,381,164,431,280,373,259,363,79,436,4,164,64,349,
327,123,220,33,159,86,101,49,188,200,
486,1,228,462,53,40,306,341,98,432,370,199,298,
328,220,446,135,114,
242,96,340,372,454,387,359,380,285,502,278,
271,294,173,281,514,113,445,61,
183,107,90,203,290,331,159,457,186,173,492,288,132,207,88,153,405,69,228,105,284,164,77,382,184,102,179,361,44,453,
207,249,200,159,229,351,493,347,34,470,372,396,
184,397,344,463,175,246,4,460,217,29,270,506,515,200,405,54,200,229,489,67,183,412,324,265,89,
450,474,121,130,166,29,162,416,351,523,95,54,345,54,402,190,376,132,323,335,296,459,96,27,336,540,496,431,263,488,277,309,165,
298,242,89,486,
372,78,546,
400,321,398,296,541,193,30,70,482,465,417,333,405,253,280,511,242,
438,25,5,428,382,322,239,475,249,244,103,143,71,
101,327,187,151,288,418,
126,96,135,371,398,75,215,175,
5,400,153,402,113,368,224,279,137,155,439,464,465,249,418,6,91,376,321,494,291,86,373,74,351,76,296,79,464,458,125,
364,96,349,173,483,256,46,130,468,11,427,5,
468,89,364,405,454,25,167,309,372,221,
318,129,325,328,151,521,432,82,284,547,102,228,381,70,
230,33,69,441,443,
15,161,114,84,200,239,396,
229,545,377,286,260,530,273,171,94,367,221,381,522,237,
244,322,496,159,61,371,256,438,469,540,547,
30,79,33,400,350,349,184,403,445,479,
78,350,117,334,
333,464,293,486,419,117,134,216,252,502,464,296,106,497,547,164,20,23,340,306,536,547,201,329,361,467,226,
534,466,268,433,513,338,95,412,286,476,20,352,502,517,113,448,159,
405,442,462,284,299,415,154,546,423,117,38,109,469,481,8,299,332,210,164,139,180,495,468,455,511,165,203,
12,287,485,299,174,377,242,347,341,4,418,11,194,154,381,277,79,34,
151,176,369,330,203,337,410,239,42,297,407,209,229,165,358,206,216,150,296,435,470,200,318,105,162,42,330,1,152,547,96,
523,117,204,465,522,13,346,523,261,440,
162,151,20,299,93,42,109,340,418,493,
89,20,399,495,271,373,48,193,36,468,153,237,318,338,74,524,292,320,536,398,169,254,481,25,415,445,471,82,133,292,200,298,184,164,144,
199,278,56,172,540,284,422,496,411,151,370,103,314,143,236,328,479,27,305,187,326,495,200,
140,454,463,266,288,203,509,398,161,427,
318,544,454,96,62,227,53,376,182,69,456,369,266,449,113,46,96,400,549,454,162,64,195,310,99,491,164,33,89,508,323,300,126,105,178,161,250,68,63,
223,546,80,113,381,233,533,105,486,432,367,
365,381,349,347,212,454,200,83,540,486,296,242,182,478,28,535,249,326,128,419,495,503,399,360,386,421,282,
463,263,63,109,90,202,155,538,454,46,151,316,141,211,400,528,462,466,131,467,246,147,
135,40,256,381,207,126,490,403,495,151,214,328,547,523,340,
34,414,27,20,36,281,51,484,265,265,136,414,497,382,69,32,12,91,200,
258,284,246,397,257,316,407,143,253,90,196,
381,33,104,90,159,152,346,408,381,415,537,398,203,492,277,11,504,61,98,99,222,350,253,388,300,442,494,140,
49,242,296,479,341,58,513,
46,272,463,483,178,41,73,502,370,353,
118,45,70,373,184,533,465,59,427,119,
90,410,457,489,440,452,246,149,450,297,496,463,141,143,27,115,183,385,28,115,448,190,472,381,186,39,546,327,325,376,165,249,91,496,325,82,525,161,270,338,462,343,258,26,84,
75,153,321,126,72,250,438,542,363,54,
121,47,398,25,253,305,237,458,76,513,544,5,481,418,292,13,79,99,113,
286,465,229,113,69,458,480,208,371,534,441,106,203,283,313,221,330,417,96,220,
506,336,216,256,254,408,381,447,218,290,59,186,492,428,148,232,184,90,2,285,366,85,35,77,279,404,349,80,305,128,423,455,171,540,106,372,457,8,
463,450,194,439,205,184,503,206,83,143,180,428,60,379,349,76,214,250,420,147,404,326,
414,294,399,115,361,170,495,218,540,491,472,188,
114,303,69,331,247,486,18,15,138,474,328,
406,458,433,531,15,261,305,206,242,226,228,134,26,343,334,387,467,39,211,
105,144,113,261,21,459,289,166,325,476,151,242,310,445,14,325,226,274,346,409,496,223,8,228,485,183,500,425,516,538,151,343,414,183,277,184,293,330,467,495,45,
484,427,162,118,365,404,372,278,508,37,76,400,452,197,372,430,547,344,235,117,170,287,193,43,457,489,359,335,210,220,301,354,342,468,333,257,495,386,34,81,522,530,440,241,442,203,22,
546,385,372,90,249,223,471,47,83,156,361,397,441,380,421,31,320,390,513,478,507,19,61,246,346,462,131,
508,495,522,387,461,298,535,313,105,20,240,137,221,387,106,358,0,531,330,133,405,252,234,27,542,372,315,416,
393,107,153,
253,537,64,330,76,400,267,228,422,284,381,12,488,258,368,548,347,495,521,42,
277,284,157,350,211,442,126,125,297,497,450,
249,5,218,33,120,97,344,320,9,197,90,144,438,496,394,318,310,224,8,376,300,330,207,506,41,304,533,547,40,
296,126,70,333,237,321,137,167,485,447,393,127,170,234,445,20,153,
459,315,411,115,430,482,294,74,462,101,234,260,485,27,347,59,360,40,
296,8,184,115,133,128,147,496,5,109,201,100,215,
445,89,436,140,193,371,46,134,271,480,493,365,0,324,225,385,116,12,519,296,300,79,
382,366,136,98,41,180,179,122,495,217,220,218,22,226,342,516,67,157,438,384,376,507,127,453,173,79,389,349,241,251,504,402,91,278,397,330,322,333,459,183,185,228,297,162,304,284,57,299,422,263,380,34,396,215,491,
463,57,204,33,522,31,87,74,226,309,332,49,164,385,
423,206,405,214,107,445,162,157,253,323,490,312,
79,336,109,382,30,82,398,216,250,539,272,29,362,189,104,374,389,332,53,168,483,243,170,296,346,305,544,24,179,408,489,166,153,4,48,263,418,140,121,5,334,445,334,41,537,237,410,
211,190,320,294,373,250,479,13,395,48,319,310,413,463,396,533,406,503,
31,96,249,463,19,202,414,276,368,
490,6,239,388,265,244,79,519,486,423,491,396,135,409,226,170,210,173,
463,284,214,140,381,76,389,547,
485,71,96,471,29,389,302,434,282,5,265,
509,140,491,173,
99,347,474,276,395,85,203,121,539,
159,109,270,20,163,192,138,305,365,56,362,151,46,39,265,320,90,385,440,151,18,326,221,128,97,507,341,63,96,110,187,33,334,456,381,14,115,498,244,349,
184,522,222,265,296,246,300,284,524,30,310,160,503,105,237,410,350,309,424,398,61,123,449,
305,343,457,538,182,320,241,7,298,58,148,313,32,354,106,450,495,173,183,406,406,478,156,277,70,205,399,506,79,471,357,151,229,359,367,443,
242,105,123,459,42,127,436,4,15,35,72,25,263,396,49,365,119,296,78,138,477,220,463,1,110,469,410,119,218,311,70,330,
352,492,547,372,465,71,291,220,
299,162,256,54,113,298,264,396,36,370,87,12,205,79,82,395,253,39,403,409,531,425,263,382,
448,190,212,373,265,495,235,427,179,385,32,244,493,108,
204,521,108,463,113,504,241,339,345,387,172,319,522,329,428,40,
347,2,12,276,259,285,525,495,301,456,28,268,541,212,99,190,441,459,544,207,55,461,140,253,419,265,
292,89,159,236,18,251,431,121,21,120,52,28,
418,141,321,115,113,209,144,12,485,297,97,138,111,290,31,485,63,351,37,150,101,524,29,536,180,466,516,464,124,489,287,289,376,516,262,144,35,207,211,
524,402,109,418,133,322,499,89,202,79,207,451,186,
367,179,374,119,310,414,176,113,306,41,214,184,501,537,73,61,423,201,91,328,466,305,102,
23,327,203,280,222,441,483,206,84,110,339,449,333,288,382,396,386,
79,330,179,28,442,513,524,47,334,457,86,
487,544,467,160,172,96,160,295,549,265,
377,69,363,149,8,221,485,427,458,432,325,29,251,248,19,204,383,456,408,176,330,353,
15,40,170,549,57,486,261,75,419,381,267,161,31,406,115,454,530,172,137,
462,374,463,458,210,524,77,294,254,306,100,374,396,535,228,500,19,457,483,60,120,246,459,190,396,153,151,143,546,264,
467,341,228,304,487,427,476,380,333,105,270,117,377,
380,419,214,303,546,467,64,242,55,341,236,382,350,495,
331,145,310,210,250,398,381,536,528,206,414,484,366,109,36,159,278,177,528,544,243,130,127,270,183,485,335,
385,449,466,511,522,125,164,207,445,375,265,355,76,181,300,427,448,531,
12,251,281,113,253,491,9,108,465,
371,511,20,334,265,373,
186,80,479,282,233,192,24,203,91,314,28,144,460,231,312,27,408,435,458,545,8,60,124,28,84,63,457,300,276,41,250,336,193,486,506,
511,220,377,516,114,543,405,104,49,376,
128,218,220,330,40,4,365,165,459,506,59,484,
199,321,122,209,325,
265,385,261,448,68,375,357,12,371,452,487,347,153,
201,367,164,246,349,10,296,248,434,427,547,333,119,151,519,
25,121,133,253,412,257,438,284,242,244,96,218,74,89,
400,445,540,40,47,117,48,208,310,475,70,484,362,112,318,483,319,500,266,295,480,5,264,339,50,42,349,122,194,467,63,6,271,244,214,179,
439,159,27,361,5,51,403,250,98,196,336,412,424,495,18,
481,81,333,121,310,516,302,233,539,299,300,428,285,451,
300,527,541,289,339,536,133,214,445,371,308,253,220,520,188,189,538,318,389,471,82,186,491,251,377,498,271,220,47,217,72,6,370,318,184,376,465,
433,534,40,529,398,131,387,406,488,542,113,295,12,153,117,360,
334,187,41,7,448,244,521,79,
496,278,253,501,4,100,357,363,105,67,90,500,204,506,398,336,4,425,246,301,249,420,298,294,53,385,431,68,450,409,384,244,
172,272,199,293,544,113,181,15,487,428,334,
401,276,366,81,15,314,113,63,481,396,445,445,122,96,11,
202,99,419,285,233,369,31,284,265,81,340,474,
445,423,419,362,27,401,190,89,407,432,479,49,36,212,98,330,
294,291,273,97,208,343,366,533,478,354,440,485,1,544,306,313,479,315,546,470,359,251,65,270,308,44,217,528,307,356,420,539,
285,271,408,226,350,538,31,377,26,95,285,197,224,208,371,59,66,466,506,399,303,290,64,457,381,202,456,453,124,142,61,
451,524,465,481,539,
399,365,370,495,
251,510,214,12,377,382,35,361,506,292,292,123,73,
216,94,351,211,10,367,506,150,250,246,495,18,549,199,98,340,538,430,520,272,117,96,362,290,491,511,405,489,117,294,245,
427,721,173,240,425,446,436,374,237,230,484,196,517,421,48,193,48,47,418,101,63,229,317,452,29,373,282,503,115,95,489,501,164,377,235,464,457,301,1,471,313,324,373,113,218,117,364,66,
296,457,233,381,330,365,334,79,
160,442,33,284,184,130,41,233,487,84,458,
27,90,471,212,406,508,386,186,277,330,261,132,459,63,450,369,190,502,34,387,181,39,134,324,199,185,398,
286,349,343,228,141,79,95,261,184,516,353,
399,433,414,80,113,305,76,440,359,520,82,365,239,308,361,
75,488,1,98,374,228,465,498,33,
449,135,378,78,322,307,306,292,146,346,379,123,318,289,61,345,385,110,50,290,442,316,381,174,124,33,28,191,471,280,246,393,184,305,
522,385,233,55,278,245,97,197,345,188,463,456,204,17,172,397,104,
249,222,70,225,104,385,199,182,432,246,365,374,495,159,250,470,31,117,246,339,227,357,398,445,265,96,
543,374,511,360,
407,527,32,40,
210,106,490,79,246,399,57,225,308,205,401,240,484,188,485,29,389,41,114,462,443,307,381,508,221,159,179,331,524,378,384,485,134,40,
233,298,398,223,
343,286,26,226,
185,143,
225,374,388,
498,106,
537,281,253,457,384,79,
0,5,397,41,
49,445,327,511,
49,212,425,
134,82,479,521,336,210,
320,527,296,521,
330,242,123,
412,439,454,
372,504,207,11,334,
146,454,344,334,
220,423,
237,184,107,496,79,229,
73,350,46,
131,433,463,263,546,
443,368,159,501,305,230,
272,265,539,
336,216,439,
5,438,128,
395,99,341,
441,230,365,104,
288,183,140,101,
196,258,439,41,
165,33,128,360,450,
497,277,34,360,
338,534,325,
445,249,265,
108,12,374,122,107,
340,303,162,32,
223,100,293,
379,343,422,143,
86,327,425,
427,385,140,
149,371,295,
164,431,385,179,481,
71,438,45,381,
61,271,371,184,100,
