-0.0474700708923645
0.054687541236177
0.16351710196463
0.171577391844953
0.177599220083527
0.175272465606966
0.174604484691743
0.177339704574976
0.180364578353002
0.183497158783901
0.183876586631881
0.186104625438012
0.188511770174844
0.190200252777986
0.191295058729503
0.196392425618958
0.195619965257106
0.197731028195095
0.197682530972128
0.203764177368321
0.205350728834994
0.205203194160835
0.206520099998488
0.204317182780529
0.202781778063228
0.2032035645152
0.20745559446509
0.210422053364398
0.213136974845657
0.2155211457011
0.215153313450868
0.218518431071717
0.220578059271594
0.220295485970417
0.221845477204127
0.222356242629797
0.223300614076481
0.223046874348156
0.223524830201688
0.221336414036678
0.224946909957705
0.225883599139411
0.224803327232208
0.223219793403177
0.225983611436803
0.228579363296248
0.23027767994041
0.229768025764475
0.229883810878004
0.22925826621712
0.227791107449339
0.228144922493933
0.230693905025125
0.229937310872381
0.229663735626003
0.228238906166476
0.230330475322496
0.228614688791767
0.229067142195685
0.229423881873755
0.22970113655331
0.231500033419744
0.232910707935087
0.233510084932518
0.232888610608032
0.233500175737568
0.233190177651083
0.232320708120667
0.231389445737473
0.231146086028975
0.231523146191936
0.23011137133382
0.231199533482204
0.22953745899284
0.231570145869898
0.230354913971677
0.232131916244083
0.231945041149795
0.232153908633971
0.230020834863758
0.229890532898366
0.230124666242691
0.231294402480963
0.228399621218826
0.225941545729113
0.224152124095107
0.223254024017845
0.222412911946704
0.223058443625611
0.225055719404695
0.223804647740515
0.223288193537055
0.223198673568164
0.225385491765178
0.224343276766228
0.226393972519174
0.224064596708521
0.22635205641262
0.228940229285867
0.227984369155688
