0.0957261960096906
0.101729334865667
0.116169985419957
0.129509996125293
0.137036635413447
0.139281341640198
0.140162315666914
0.14115076696134
0.141437292808103
0.142238786486949
0.142638165401765
0.143333930039602
0.144749234948134
0.145686970130769
0.145510818335611
0.14736173257607
0.147619868298866
0.147917067621023
0.148426484568213
0.149486019198189
0.150382049168687
0.150944176452361
0.152085239229143
0.152304438573397
0.152496055356894
0.15250447733511
0.152582922220591
0.153484989212412
0.15401596598192
0.155090229221086
0.154838364342293
0.155155408708775
0.15578793058363
0.155592610017475
0.156301335346774
0.157210119007729
0.157658183043699
0.157866508673634
0.157243067060814
0.156835360638325
0.158421695139467
0.158391869029488
0.158277488679728
0.15799892814181
0.157656703804016
0.158126673717363
0.159011984711305
0.158741831349341
0.158746547974184
0.1590669531769
0.158939197149715
0.160010157251113
0.159593747357359
0.160061219359419
0.159938185840122
0.15988001297515
0.159970851195131
0.160240737985997
0.1609461604066
0.160950593412333
0.161476550764825
0.16191071515608
0.162271010460351
0.162526849093508
0.163389417786105
0.162990987101423
0.163100730904279
0.16286770369783
0.162952369096374
0.162538373162488
0.163471683961495
0.163614960061858
0.16453848521259
0.164563736821543
0.164816058291472
0.165103253913123
0.165758874573505
0.166108391049903
0.166254292048245
0.167112888584498
0.167196130005058
0.167352923793291
0.167854033708271
0.168078926711082
0.16811572919096
0.168910739032381
0.169122646935277
0.169661608187661
0.169977250789999
0.170081851293381
0.17059453867745
0.170379686002772
0.170563430041521
0.17160690902877
0.171924166235158
0.172060676439545
0.172663769414215
0.172998709928592
0.172548576771077
0.171667446781296
