1.25777777777778
0.902222222222222
1.45111111111111
1.92
2.38222222222222
2.66666666666667
2.90666666666667
3.07555555555556
3.05777777777778
3.10444444444444
3.15777777777778
3.17555555555556
3.28
3.25777777777778
3.33555555555556
3.54
3.67555555555556
3.8
4.01777777777778
4.15111111111111
4.39777777777778
4.57555555555556
4.61555555555556
4.61555555555556
4.66444444444444
4.53333333333333
4.43777777777778
4.38444444444444
4.35555555555556
4.36666666666667
4.26888888888889
4.32888888888889
4.38888888888889
4.38
4.36
4.29555555555556
4.21777777777778
4.18888888888889
4.14888888888889
4.17111111111111
4.19555555555556
4.11777777777778
4.11555555555556
4.15333333333333
4.15555555555556
4.11777777777778
4.10666666666667
4.07111111111111
3.90888888888889
3.77333333333333
3.80444444444444
3.81333333333333
3.80444444444444
3.77777777777778
3.74666666666667
3.66666666666667
3.60444444444444
3.58222222222222
3.45777777777778
3.44666666666667
3.34666666666667
3.24444444444444
3.18
3.13777777777778
3.10888888888889
2.94222222222222
2.92222222222222
2.88888888888889
2.82222222222222
2.78444444444444
2.77555555555556
2.73111111111111
2.71111111111111
2.57111111111111
2.5
2.42444444444444
2.37777777777778
2.34666666666667
2.31777777777778
2.30222222222222
2.26444444444444
2.20888888888889
2.17777777777778
2.13777777777778
2.11333333333333
2.08
2.04666666666667
2.01555555555556
2.00666666666667
1.98888888888889
2
1.97111111111111
1.96222222222222
1.93333333333333
1.91555555555556
1.90222222222222
1.90222222222222
1.87777777777778
1.88222222222222
1.89333333333333
1.86444444444444
1.85555555555556
1.82888888888889
1.8
1.77111111111111
1.72888888888889
1.7
1.68888888888889
1.63777777777778
1.66
1.65777777777778
1.65777777777778
1.60222222222222
1.54888888888889
1.48444444444444
1.46666666666667
1.44
1.40444444444444
1.36
1.34888888888889
1.32
1.32444444444444
1.28666666666667
1.26888888888889
1.24222222222222
1.22
1.2
1.18222222222222
1.18
1.16666666666667
1.15333333333333
1.13555555555556
1.12888888888889
1.11111111111111
1.10666666666667
1.09777777777778
1.09111111111111
1.07777777777778
1.06666666666667
1.06
1.05777777777778
1.05777777777778
1.06
1.05333333333333
1.05111111111111
1.05111111111111
1.05111111111111
1.05111111111111
1.04888888888889
1.04666666666667
