0.0133333333333333
0.728888888888889
0.953333333333333
1.17777777777778
1.33555555555556
1.42666666666667
1.46888888888889
1.50222222222222
1.44666666666667
1.49777777777778
1.43333333333333
1.64222222222222
1.63555555555556
1.72222222222222
1.71777777777778
1.98222222222222
2.15777777777778
2.31333333333333
2.45555555555556
2.51555555555556
2.79111111111111
2.90444444444444
3.00444444444444
3.14666666666667
3.12222222222222
2.82444444444444
2.78666666666667
2.69111111111111
2.73777777777778
2.80888888888889
2.79333333333333
2.93111111111111
3
3.10444444444444
3.12222222222222
3.14222222222222
3.04888888888889
2.84888888888889
3.07777777777778
3.32888888888889
3.32888888888889
3.32
3.37555555555556
3.42666666666667
3.45777777777778
3.59555555555556
3.44
3.35555555555556
3.52
3.42666666666667
3.49111111111111
3.76
3.73111111111111
3.61555555555556
3.66888888888889
3.73777777777778
3.67555555555556
3.85333333333333
3.86
3.93777777777778
3.85777777777778
3.70888888888889
3.78444444444444
3.84888888888889
3.98
3.95333333333333
3.96666666666667
4.05111111111111
3.83111111111111
3.74444444444444
3.71111111111111
3.71777777777778
3.97333333333333
4.10666666666667
3.73333333333333
3.85777777777778
3.98
3.83777777777778
3.90444444444444
4.04888888888889
4.01111111111111
3.80222222222222
3.88888888888889
3.79555555555556
3.80888888888889
3.84444444444444
4.05333333333333
3.83333333333333
3.92
3.89555555555556
3.97777777777778
4.03333333333333
4.14
4.03333333333333
4
4.15777777777778
4.03555555555556
4.15777777777778
4.13777777777778
4.12
4.11555555555556
4.25333333333333
4.24444444444444
4.26888888888889
4.44222222222222
4.52
4.36222222222222
4.37111111111111
4.18888888888889
4.14
4.28666666666667
4.13111111111111
4.24666666666667
4.20666666666667
4.24444444444444
4.17777777777778
4.14666666666667
4.14
3.91777777777778
3.88222222222222
3.92222222222222
4.31111111111111
4.26888888888889
4.32222222222222
4.28888888888889
4.17111111111111
4.20888888888889
4.22
4.24888888888889
4.30888888888889
4.33555555555556
4.15333333333333
4.31777777777778
4.34444444444444
4.36444444444444
4.44444444444444
4.38888888888889
4.28222222222222
4.22888888888889
4.10888888888889
4.26444444444444
4.28666666666667
4.30222222222222
4.25333333333333
4.41777777777778
4.33777777777778
4.44888888888889
4.42444444444444
4.46444444444444
4.46888888888889
