0.010126582278481
0.704989154013015
0.56056129985229
0.594534711964549
0.58179126572909
0.59645390070922
0.621761658031088
0.635376260667184
0.654810024252223
0.66853482786229
0.643333333333333
0.674726989079563
0.663636363636364
0.677992277992278
0.681639085894405
0.665119363395225
0.708423326133909
0.689773507206589
0.703472222222222
0.718772305496074
0.70476812540823
0.719512195121951
0.728611500701262
0.722108145106092
0.723160027008778
0.733480176211454
0.721256684491979
0.736217725052338
0.754532775453278
0.750518313752592
0.76
0.750326797385621
0.753191489361702
0.756738544474393
0.761245674740484
0.770448548812665
0.749157113958193
0.763022743947175
0.771718452758402
0.763951250801796
0.759144237405107
0.77391874180865
0.766917293233083
0.775495750708215
0.786572438162544
0.771131339401821
0.777134587554269
0.78334461746784
0.785971223021583
0.786710963455149
0.783746556473829
0.804635761589404
0.809456598447424
0.796644295302013
0.782608695652174
0.807888040712468
0.820209059233449
0.800121876904327
0.808823529411765
0.81639566395664
0.825118163403106
0.82876254180602
0.829065743944637
0.830708661417323
0.809815950920245
0.837702871410737
0.847138047138047
0.851525423728814
0.853932584269663
0.850271002710027
0.844502277163305
0.851876675603217
0.846007604562738
0.849112426035503
0.860056258790436
0.867292225201072
0.877862595419847
0.871942446043166
0.871410736579276
0.874746106973595
0.874180865006553
0.875524475524476
0.875
0.873048200950441
0.875573018991487
0.884231536926148
0.862815884476534
0.87707881417209
0.882195448460509
0.88179347826087
0.879709187045605
0.886666666666667
0.887573964497041
0.87593220338983
0.86882245271507
0.877102199223803
0.873622812702528
0.881875
0.891156462585034
0.888814016172507
0.885768985322272
0.894085281980743
0.895095367847411
0.884085213032581
0.893017296604741
0.893333333333333
0.892857142857143
0.89247311827957
0.903757415952538
0.891515994436718
0.89854153455929
0.897330595482546
0.895694360218314
0.911573472041612
0.906367041198502
0.902885292047854
0.907085561497326
0.91683038637852
0.923448275862069
0.924167257264352
0.91468890314304
0.915094339622642
0.907942238267148
0.916211293260474
0.920792079207921
0.925901639344262
0.9180225281602
0.927903871829106
0.920719520319787
0.923076923076923
0.920308483290488
0.926143790849673
0.92503259452412
0.922044728434505
0.932111337406653
0.925178147268409
0.917105263157895
0.92827868852459
0.925680159256802
0.922163588390501
0.924493554327808
0.925133689839572
0.9272030651341
0.924192485168095
0.926872770511296
0.928479381443299
0.928526249209361
0.924435028248588
0.926575698505523
0.928117048346056
