0.2488628976
0.296225267877778
0.313364997788889
0.309794329388889
0.298828387533333
0.271244642116666
0.246206383116667
0.237871217416667
0.236416524466666
0.234080628844444
0.215159420133333
0.217433859316667
0.219619785727778
0.203036947755556
0.185951231127778
0.176490214627778
0.167879408144444
0.165024456038889
0.158015685855556
0.158750960827778
0.152282748433333
0.152040527077778
0.148135695666667
0.14781660945
0.145149942788889
0.141429028916667
0.132228027783333
0.128206089816667
0.120936552661111
0.1142951753
0.115149187111111
0.117525433411111
0.113747312777778
0.112333310166667
0.114627803944444
0.114628755755555
0.114432498333333
0.1141226347
0.110975735655555
0.113282968888889
0.109058257766667
0.112969069
0.113834332388889
0.115324355444444
0.115576751877778
0.117264966555555
0.117300863633333
0.115600439211111
0.1159544806
0.1141067577
0.111171781911111
0.107339532144444
0.106691082633333
0.108935251822222
0.109036493688889
0.105942445755555
0.104192217488889
0.105965775877778
0.101750044322222
0.101262760922222
0.100304800133333
0.0989744852111109
0.0971402249999998
0.0986506064999998
0.0972068584222221
0.0959698366888887
0.0945377948666665
0.0934365686777776
0.0932379749555554
0.0937462040555554
0.0928844722999997
0.0944890728888887
0.0950218326444442
0.0947333548888886
0.0943065234222219
0.092401518022222
0.091327108711111
0.0910491410666663
0.0875789156777775
0.0871067577555553
0.0867956984888886
0.0864069514444442
0.0860959161888888
0.0833490833444443
0.0832185869777776
0.0837641676444442
0.0847267566888886
0.083437422622222
0.0835330559444442
0.0838022764999997
0.0821506033555553
0.0835034042888886
0.084771441033333
0.086204970922222
0.0843059494888886
0.0852009476666665
0.0835218332666664
0.0811791349777776
0.0820520427999998
0.0812875079888887
0.0814696978111109
0.0816075007555553
0.080637373822222
0.0799160907111108
0.0815372817111109
0.0799446231777776
0.0807958733111109
0.0807769927555553
0.0816930838444441
0.0815118557999997
0.0803478522444441
0.0802041383111108
0.0786091431333331
0.0774877944222219
0.0776074342444441
0.0798897102888886
0.0803587833999997
0.0795699888888886
0.078759988133333
0.0792127980888886
0.0810137432888886
0.0798109119999998
0.0788253521111108
0.0803179973111108
0.0800397850888887
0.0802405178888886
0.0801627877111109
0.0792464004666665
0.0797138476666664
0.0801562422888887
0.0809739487777775
0.081472583222222
0.0817443390666664
0.0821613862444441
0.0812546088888886
0.0794336851999997
0.0814511793111109
0.0824174185999997
0.0816913323111108
0.0804796773777774
0.0808186346666664
0.0806514398444441
0.0783299361999998
0.0776387533111109
0.0765654717333331
0.073691506822222
0.0742513972444443
0.0727315919333331
0.0730974889555554
0.0742951022444443
