NaN
0.0928834611797527
0.186555164887587
0.219990574877967
0.219145310927758
0.227588865123002
0.229034062041184
0.236845057508986
0.235081412097692
0.2355272076416
0.237503153608887
0.251169985740415
0.258856448008606
0.257985443209907
0.265563073262094
0.272229818680212
0.289855404712613
0.30760484654525
0.327442560519277
0.335623203282844
0.357786971766122
0.37435215190133
0.384437846234242
0.387457917249268
0.411553925472494
0.404999028825594
0.390913299667736
0.40376332785319
0.417853228526025
0.435541422246386
0.440514159647441
0.450188335404277
0.455980054476202
0.457423415974728
0.471926236418541
0.473053812603683
0.462809417450295
0.449431951030293
0.454338645507512
0.491967896838324
0.509004993708981
0.512333957711828
0.504565621881332
0.508479070629206
0.514935184885338
0.517961897860752
0.503106801347559
0.491274281361797
0.522027859049521
0.526545436872125
0.531093437300779
0.560014764133836
0.573798226264042
0.565819461561342
0.561528006649398
0.560379539631309
0.586030181549887
0.600474486856159
0.609306665984275
0.612715892206983
0.614436198841694
0.602918234913619
0.605655444549918
0.631245674726665
0.639697366925962
0.647109337777155
0.649583427652318
0.657560437662209
0.664641286805051
0.649441035825999
0.633094684454123
0.634615721075507
0.63913101101824
0.670980882597104
0.661603666949152
0.671941198351455
0.693949808704542
0.689453540055056
0.690680122795536
0.704862412908016
0.716404664815202
0.702487102713678
0.686816363709302
0.701896503491921
0.69239494623416
0.701756133041244
0.701988779220981
0.700217267304244
0.702948837198263
0.704404919170718
0.704475029903046
0.71805348330848
0.728749905606485
0.718600371901565
0.712419340089125
0.71283029840645
0.706587667161968
0.730641952371824
0.733745062453362
0.75348781492091
0.746052021449009
0.75327996295809
0.75410032827409
0.75541050952338
0.769555422184593
0.773476087550928
0.761747694474552
0.752312989031775
0.749831031109259
0.732810433981797
0.733837427732896
0.737442298656511
0.749186914242333
0.763525549493903
0.768803749066896
0.776606180978689
0.77879235573307
0.779550178788856
0.784839354098212
0.77275011157152
0.775886620794716
0.79126339583725
0.798863878545997
0.805928265688518
0.803787006277449
0.804152088611982
0.806223910840199
0.798612923215023
0.808714887771989
0.808842085742423
0.810929669307394
0.804732750696967
0.790204280663163
0.800220539304104
0.81266561164927
0.835268349298151
0.835695740801808
0.824555946439157
0.807169395416203
0.805025716370566
0.810847604871011
0.814860884100416
0.825165072548953
0.812053968231087
0.818745844561878
0.810274782749139
0.816665659838863
0.813525421119278
0.819609553520129
0.827625005364346
