361,503,380,390,533,155,
170,367,460,232,450,294,271,163,393,209,167,276,
264,288,414,349,81,
536,539,514,225,226,44,
532,186,223,237,447,544,463,498,
351,76,271,65,343,387,484,534,417,276,
459,4,305,348,524,21,
343,186,274,161,280,388,
236,22,
449,504,
437,165,323,447,162,
136,515,105,341,491,319,404,
186,184,207,373,343,532,528,443,
490,489,424,
235,222,277,348,473,419,157,
142,462,299,
424,542,75,
528,91,425,534,393,359,
33,277,312,345,404,380,276,266,323,260,407,
380,418,361,235,419,246,
41,291,306,399,271,374,65,355,
224,277,99,
160,200,65,168,44,417,449,
544,362,437,240,541,
458,361,379,153,167,423,291,83,
270,222,433,231,447,291,30,
290,347,
277,421,235,355,224,183,219,363,
65,116,160,233,388,316,361,41,351,163,
503,365,361,240,
354,99,21,
448,211,161,372,260,300,236,
273,76,514,127,203,402,
423,460,369,432,523,317,
266,26,404,397,
184,204,186,330,103,345,
405,464,167,418,523,
376,324,
243,139,369,22,56,436,148,398,347,0,362,537,305,
298,22,
458,120,468,437,367,452,56,319,486,116,226,58,456,
22,236,298,288,99,418,3,366,234,
223,532,183,
6,235,27,
217,296,365,234,462,307,
100,316,
81,19,
316,65,214,198,119,163,426,540,100,248,239,359,412,335,
881,132,155,367,217,119,136,331,259,90,231,162,154,376,538,400,404,321,374,299,542,70,19,
167,147,42,296,458,405,170,416,
347,312,243,17,236,290,96,549,541,
71,91,533,74,496,522,
165,434,297,139,501,437,348,307,
434,51,16,508,431,68,21,165,483,537,253,316,348,523,469,30,296,53,507,399,446,493,135,
447,270,59,54,62,447,374,76,
544,323,532,404,
169,256,531,152,
323,326,491,544,239,
515,83,229,136,208,533,514,384,
68,434,348,366,378,524,
222,28,260,288,120,192,400,235,494,270,416,542,67,70,338,120,445,216,
40,421,312,400,53,130,238,270,496,256,390,414,188,
21,216,495,459,280,354,434,338,429,
91,494,71,460,122,439,53,0,509,528,319,152,
233,162,299,185,410,324,120,125,405,427,316,
414,264,431,495,10,460,442,67,28,265,40,
361,518,458,380,429,
296,144,167,283,387,217,416,343,434,528,193,525,434,54,345,
288,222,418,92,487,525,343,250,264,434,248,113,427,60,149,41,449,
19,97,260,529,120,270,810,240,530,79,321,37,343,95,317,407,81,
445,240,222,23,207,
540,316,537,45,319,
430,343,332,171,533,386,348,390,
236,211,48,347,262,305,
271,41,351,504,289,
372,289,448,507,195,418,
190,235,507,206,158,157,262,
76,169,351,23,273,530,447,
537,434,163,345,144,540,53,99,319,469,115,
223,383,106,26,443,450,125,353,460,
418,380,41,387,405,22,522,372,
48,460,299,504,198,43,214,236,
120,320,222,257,532,166,
263,216,26,113,407,436,
426,223,316,234,515,
421,40,29,295,395,301,105,181,206,277,205,96,
43,317,514,48,
29,324,445,
299,881,48,233,329,142,317,166,477,516,419,434,443,
162,235,233,137,246,437,103,526,60,458,
84,362,121,11,245,251,409,417,213,257,54,369,538,
360,119,88,480,385,434,237,440,85,484,345,
367,458,170,245,41,338,322,380,
372,37,170,387,250,525,
306,41,362,525,
84,26,236,139,433,530,434,299,
515,426,
480,155,360,374,420,250,71,
239,320,312,250,20,360,225,262,
113,279,328,362,343,332,
433,61,270,51,443,
240,312,445,60,219,246,
348,459,434,542,72,
324,339,29,535,249,291,489,376,16,233,19,
120,19,209,235,203,448,
67,343,51,23,229,434,
460,134,170,423,448,262,305,511,269,416,414,
106,223,431,279,328,458,465,
514,133,210,239,526,270,536,493,273,43,67,495,
487,288,457,462,471,384,365,70,166,394,135,511,
489,324,490,421,475,
394,487,
198,316,402,532,
37,547,310,536,19,42,18,454,362,372,80,
211,22,360,143,477,287,448,236,465,
170,26,469,446,448,356,404,372,
400,40,881,49,92,125,334,
32,460,231,338,516,450,414,
119,316,
90,881,353,165,173,28,76,499,
289,262,372,360,431,70,7,
155,355,881,447,395,149,277,544,174,480,536,361,488,258,256,
42,167,396,417,472,99,
442,414,439,96,266,349,22,
418,288,
113,288,46,204,205,399,113,370,67,263,460,460,512,
387,418,296,372,12,514,72,185,
312,239,33,194,347,40,240,334,412,264,152,546,349,
443,378,460,397,299,
526,514,99,516,260,411,548,404,41,
250,288,239,417,372,262,
161,448,343,
321,19,881,214,61,473,3,548,
307,217,283,58,165,
410,49,233,191,125,201,413,498,
434,288,360,296,31,262,
125,410,233,493,438,
445,5,5,352,211,372,29,
7,464,27,49,
343,288,19,67,344,305,180,300,246,379,277,434,
338,32,367,
288,22,19,384,
99,537,526,354,199,412,149,224,22,248,42,
176,464,473,
26,455,457,84,170,120,158,518,107,27,339,422,266,263,38,547,432,0,
471,487,42,
253,548,434,107,456,
235,190,6,83,162,24,3,
53,404,434,40,
277,127,191,33,280,231,
464,405,494,7,62,176,96,105,332,521,541,399,
344,343,508,
416,222,296,439,460,363,414,167,
246,317,519,548,28,474,11,92,116,41,188,128,380,364,240,
460,91,32,534,8,404,48,114,262,113,247,443,
446,269,484,508,
362,84,37,349,243,542,384,516,41,
504,254,450,48,449,
127,277,273,
216,222,421,398,21,263,285,314,31,443,
440,360,
404,460,881,33,544,53,136,266,214,473,282,170,504,435,
533,70,515,135,
343,113,296,
317,523,325,42,299,167,43,61,246,530,19,370,399,45,423,
542,222,881,41,141,328,424,153,348,511,185,335,
462,217,142,
54,296,447,84,
240,19,
328,113,542,106,
248,99,288,316,
260,448,526,
30,434,270,370,
423,458,
447,155,532,447,437,
472,42,
393,170,528,
75,424,
536,155,37,
137,162,
384,487,362,305,
360,289,239,
135,533,487,434,
185,233,
120,26,458,
412,316,312,
96,464,421,
246,162,343,
115,537,61,
239,514,316,477,323,
152,169,
518,26,361,
289,271,
463,532,
511,487,
496,40,
76,90,
539,536,
386,430,
3,22,
495,21,514,
530,76,19,
417,250,42,160,
419,380,299,235,
11,246,84,
548,246,526,
363,277,416,285,
201,262,
225,239,536,
432,26,423,
59,447,
300,343,448,
493,434,514,125,
206,190,
366,22,68,
398,243,216,
332,113,464,
189,
96,442,347,
498,410,532,
365,503,487,217,
294,170,
220,
19,324,288,
319,136,540,
439,28,91,
209,120,170,
163,65,316,537,
443,216,186,
211,445,
61,317,433,321,370,115,
262,460,335,236,
462,487,
117,
289,260,514,425,
226,536,458,
67,113,514,
523,423,317,
285,216,363,
214,310,404,
305,343,459,243,384,
180,113,
240,544,503,
532,120,198,
335,316,542,262,
521,464,
405,233,
262,250,289,201,
338,21,222,
51,433,
158,26,190,
3,321,235,
516,526,362,299,
437,458,544,
41,526,288,269,
258,155,
458,162,106,
31,434,216,
363,355,
235,120,380,
491,323,136,
153,458,542,
504,271,404,
291,458,324,
456,458,253,
280,21,277,
67,222,414,
369,84,423,
231,277,32,
345,184,360,
457,487,
266,442,33,
507,190,434,372,
316,233,
349,312,264,442,
92,246,
256,40,155,
105,464,136,
425,528,289,
188,246,40,
449,288,160,
378,443,68,
185,542,387,
260,33,222,
424,490,
429,361,21,
42,471,317,
133,514,
191,410,277,
45,540,317,
262,190,434,
169,76,
421,489,216,
231,270,
388,65,343,
279,113,106,
353,223,90,
60,240,288,
205,421,113,
348,165,
362,544,306,
119,881,360,
438,125,
210,514,
28,90,222,
541,347,464,544,
397,443,266,
508,344,446,
234,22,217,426,
27,6,7,
28,439,
409,84,
283,307,296,
525,288,306,372,
203,273,
514,387,515,
81,264,
547,26,37,
533,430,361,
214,316,321,
484,446,351,
379,458,343,
528,186,
345,33,
427,233,288,
157,235,190,
443,433,
70,881,533,
414,32,416,
400,222,
245,
370,30,113,
477,211,299,239,
323,437,33,
474,246,
359,316,528,
276,170,33,351,
280,8,
166,487,299,44,120,
399,434,317,
128,246,
29,421,
434,67,343,
473,235,
522,418,71,
512,113,
92,288,400,
291,270,
402,198,273,
125,400,223,
390,40,430,
41,362,418,
166,147,
436,243,263,
297,165,
374,480,447,
384,515,288,
8,460,
229,67,
152,91,312,
219,277,240,
58,307,458,
320,120,239,
345,296,
44,160,536,
103,184,162,
494,222,
431,434,414,289,106,
70,289,487,
269,446,460,41,
141,542,
95,19,
537,243,
41,246,367,
223,426,
180,343,
329,299,
465,106,211,
524,459,68,
301,421,
192,222,
538,881,84,
7,289,
183,277,223,
526,162,
380,33,367,
460,223,113,
62,447,
237,532,
214,48,
370,317,61,
257,120,84,
198,48,
305,460,
343,351,430,
265,414,
257,
260,289,
434,84,299,
83,515,235,
534,351,528,
149,288,
203,120,
516,32,
331,881,
349,362,
439,442,
372,445,
232,197,170,
236,18,
206,421,
49,7,400,
80,37,
23,445,76,
407,33,263,
60,162,
72,387,348,
277,155,343,
207,445,
334,400,
24,235,
250,480,
348,430,68,
280,343,
0,26,243,
167,317,
448,460,120,170,
322,367,
23,67,
282,404,
450,223,32,
201,410,
380,361,
181,421,
528,296,
251,84,
542,362,
549,347,
417,84,351,
107,253,26,
548,253,321,
236,84,448,
310,37,214,
356,170,
439,416,
314,216,
355,41,277,
339,26,
530,84,
446,434,
