155,355,881,328,395,149,101,544,174,480,536,488,258,
380,308,301,515,111,448,
18,113,473,261,
26,455,511,457,84,170,120,518,145,27,339,422,206,266,263,38,54,432,
420,430,
328,82,155,312,427,165,328,113,165,272,76,95,345,98,302,
324,339,29,137,521,535,249,489,376,399,16,233,
448,211,161,458,
71,91,64,74,496,
464,169,494,7,62,176,
404,460,881,33,53,330,283,72,266,214,473,
41,291,306,399,271,374,65,169,302,
881,132,155,367,217,119,136,259,90,231,162,154,376,345,400,404,321,374,174,299,542,19,
170,367,345,460,232,450,294,271,163,209,149,338,167,
40,421,312,351,341,400,473,238,270,496,
516,91,124,114,32,441,513,283,
351,458,339,218,502,
174,289,881,39,73,246,80,147,443,73,247,211,384,542,
528,91,425,501,
317,523,325,299,538,61,351,246,530,19,
380,418,361,235,
239,404,312,452,20,62,360,345,468,
459,4,305,348,77,483,21,
480,155,360,214,399,420,250,
542,222,881,41,289,75,106,328,424,348,
321,19,881,404,
191,76,
461,250,15,471,477,501,3,496,367,
42,167,
211,354,143,477,287,448,236,
330,222,404,141,64,
6,119,252,409,185,32,491,
67,343,28,
65,116,160,443,184,233,344,316,361,41,351,318,51,
526,504,233,262,105,317,399,66,414,
233,166,9,101,446,240,416,526,345,
76,72,169,351,126,273,530,
372,289,
312,239,33,194,347,40,240,334,264,328,206,
59,124,61,526,227,530,332,279,492,414,360,435,157,447,186,1,377,
416,222,
504,526,254,450,101,48,75,32,449,205,
91,148,494,71,460,122,146,53,0,509,516,528,
184,186,
487,288,28,409,462,471,368,111,
361,518,458,73,
433,61,270,
414,264,431,495,10,442,67,28,
84,362,121,11,
367,458,170,245,324,122,461,
113,338,381,18,37,163,73,480,165,326,494,
15,120,256,76,253,461,356,184,64,259,289,235,
32,460,516,338,
216,461,193,11,21,263,285,
169,256,122,531,457,400,405,152,
362,84,37,394,243,542,
526,514,99,48,59,543,404,41,
436,404,458,323,50,12,528,
414,381,404,
283,458,
145,443,
167,147,42,296,458,170,
222,389,288,120,192,235,494,270,416,542,67,70,330,
148,277,222,91,364,454,301,29,28,38,197,462,130,192,285,
84,26,289,457,139,538,433,
343,288,19,67,254,344,305,
399,511,530,543,12,324,
381,414,539,288,90,
190,235,145,147,86,
169,262,41,464,250,338,26,28,8,
483,99,460,459,82,224,
165,434,328,139,
250,288,169,
37,113,126,536,19,42,18,362,130,372,
66,514,139,423,526,391,214,
28,67,148,128,487,412,489,41,390,380,475,414,531,208,
243,139,369,56,90,148,344,347,362,537,
113,328,328,362,343,
347,312,243,17,290,
404,414,239,319,372,436,321,
235,222,277,348,86,205,15,
490,276,99,223,515,258,279,
426,389,316,414,
248,430,316,415,328,194,11,423,
162,235,233,
253,15,32,434,141,199,
521,324,299,410,28,82,307,250,
533,509,515,
105,99,526,368,454,
166,233,170,
211,458,
537,434,345,144,540,53,99,319,122,469,
277,148,33,106,
416,317,528,233,416,537,
466,59,514,276,434,120,113,
509,222,99,533,548,8,384,
170,26,469,166,538,
514,147,466,210,66,526,270,536,273,457,495,
515,270,490,
289,174,15,425,
156,434,186,376,318,220,345,
460,134,170,423,448,262,
316,65,515,198,119,49,426,540,
21,216,150,495,459,
68,180,399,283,132,307,22,77,
19,97,260,529,120,270,810,240,530,79,283,321,37,343,95,317,407,81,80,
344,65,243,288,82,394,
296,318,144,167,283,49,217,
22,236,298,288,99,68,
361,380,
405,186,169,517,220,
186,59,304,156,184,130,3,207,51,373,326,343,405,532,528,49,
434,51,16,508,431,68,165,483,537,253,316,156,348,469,30,466,53,214,222,
343,186,324,479,274,161,261,
101,233,504,284,201,430,32,146,438,537,497,155,
511,26,92,399,116,479,534,505,48,247,303,142,443,195,223,279,
458,120,468,211,367,351,452,56,319,486,116,373,
120,19,209,235,203,448,
235,190,6,147,162,
479,99,113,343,78,
460,91,137,32,534,404,483,48,114,262,113,247,443,
76,424,328,15,191,438,138,44,195,294,373,
270,222,179,433,29,515,30,
113,288,46,479,204,380,399,113,370,466,263,460,
421,40,29,295,395,301,105,181,503,206,277,473,237,497,
246,317,519,333,253,28,474,11,92,116,
458,361,283,210,436,167,423,
389,222,218,122,241,426,210,410,88,111,206,
430,248,332,290,171,386,
489,28,324,366,490,
48,460,299,504,
479,511,149,41,319,354,357,394,491,
515,380,229,136,208,533,
223,383,354,106,26,443,120,457,
409,487,6,
423,66,460,150,317,432,523,
126,76,37,504,
299,881,521,48,233,142,317,27,477,
288,222,381,487,344,343,250,264,147,434,248,113,
351,76,271,65,
145,50,26,190,44,
360,59,88,480,385,434,237,440,543,85,484,
345,73,170,239,544,68,417,7,
64,15,
354,211,530,89,223,464,544,449,
33,277,312,345,404,
233,162,299,185,410,324,
90,881,254,165,
99,509,537,526,490,479,483,147,354,199,27,149,105,224,22,248,
430,420,101,505,511,515,
160,200,65,1,
443,65,291,145,
136,515,
240,312,
400,169,
461,216,
318,156,65,296,
308,380,
193,216,
326,186,
490,489,
130,186,37,
446,233,
49,316,296,186,
147,99,235,190,
141,253,330,
198,316,
288,22,256,
357,143,286,346,
418,380,
263,216,26,113,
217,296,
264,288,414,
286,357,
399,526,68,
149,170,479,
253,246,450,
323,436,
197,148,
536,514,
223,511,437,532,
540,316,537,
206,312,26,
532,186,223,
29,324,445,
477,461,256,
445,5,5,352,247,211,283,29,
412,28,
307,521,68,
443,511,460,
505,511,430,
266,26,404,
544,354,
442,414,
480,113,
38,148,126,
271,41,351,283,
218,389,
222,509,434,148,
256,288,477,346,
457,169,84,
543,360,
376,156,324,
438,101,76,
410,389,233,521,
380,28,113,
414,28,59,
544,345,
161,448,343,
306,41,
354,99,479,
59,466,
283,19,445,271,
536,155,37,
348,459,434,542,
319,458,404,537,
338,32,169,
290,347,
106,223,
53,404,434,
185,6,
289,372,360,431,
424,542,76,
62,239,290,
254,90,343,
120,222,
142,511,526,299,
454,105,148,
497,421,101,
214,66,404,
458,448,
515,430,316,
199,253,116,
475,28,
400,40,881,
273,76,514,
106,
276,466,490,
86,235,190,
328,328,
119,6,316,
235,120,380,
165,328,
399,480,
139,66,84,165,
8,509,169,
450,253,
41,542,479,
73,174,361,
471,461,487,
372,37,404,
95,19,328,
29,148,270,
68,434,345,
495,21,514,
434,288,360,
366,489,
80,174,19,
262,460,169,
236,283,211,
6,235,
351,317,40,
51,186,65,
370,113,
54,26,
496,40,461,
88,389,
523,423,317,
44,76,145,
511,430,
220,405,156,
360,289,239,
247,511,445,
224,483,99,
338,113,170,
491,6,479,
277,421,235,
28,521,169,
341,40,
503,421,
346,357,256,
473,18,404,
343,113,
77,459,68,
373,76,458,
261,18,343,
457,514,223,
248,99,288,
184,15,65,
431,434,414,289,
81,19,
146,101,91,
120,15,223,
501,461,528,
197,232,
344,343,
149,138,527,
223,490,
298,22,
543,399,526,
283,404,516,236,
29,421,
53,537,
530,76,354,19,
435,59,
357,479,
30,434,270,
73,113,
119,881,
111,389,380,487,
1,160,59,
494,113,222,
236,22,
150,423,21,
114,516,460,
169,76,
537,243,101,416,
449,354,504,
250,461,480,521,
414,526,426,
152,169,
363,355,
518,26,361,
245,
61,59,317,433,
67,222,414,
448,460,380,120,
290,62,
356,15,
72,404,76,
209,120,170,
214,480,434,
437,223,
48,526,
195,511,76,
7,464,345,
122,537,367,
317,423,416,
432,26,423,
11,246,84,
205,235,504,
206,421,389,
542,362,174,
3,186,461,
368,487,105,
92,246,511,
285,148,216,
294,170,76,
12,399,436,
279,490,511,
147,174,167,
252,6,
120,26,458,
474,246,
147,288,514,
345,33,328,
528,436,186,
423,248,458,
240,19,233,
208,515,28,
404,526,
390,28,
301,148,
289,84,542,
473,40,421,
179,270,
452,239,
386,430,
301,421,
180,68,113,
526,142,
181,421,138,
258,155,490,
302,41,328,
41,526,
384,174,509,
345,881,156,233,
176,464,
32,504,253,
232,197,170,
211,174,445,
328,113,542,
106,277,542,
324,343,367,
185,233,
75,542,504,
236,18,
32,101,6,
122,169,389,
192,148,222,
27,299,99,
538,317,84,170,
440,360,
138,64,181,433,149,76,
11,216,
443,174,223,
427,328,
462,487,
210,514,389,
64,330,71,
425,528,289,
290,430,
391,66,
82,521,328,
132,68,
120,466,
444,
283,296,68,
528,416,
339,26,
333,246,
90,243,381,281,
88,360,
326,113,
163,170,
530,399,317,
97,
477,211,299,
502,351,
82,483,344,
50,145,436,
165,113,90,
98,328,
238,40,
149,155,99,
305,343,459,
270,40,
468,239,
5,445,
295,421,
469,537,
187,
163,113,
417,345,
237,421,
26,223,169,
304,388,186,
247,460,174,
433,84,138,
203,120,
494,91,464,
97,19,
513,516,
137,460,324,
194,312,248,
5,445,
486,458,
210,458,
394,362,344,
38,26,
