113,328,423,390,231,195,504,494,76,150,175,
536,155,446,439,495,198,262,202,
546,32,41,107,540,
507,190,161,338,296,387,539,
84,333,236,139,113,433,503,530,138,299,394,
427,233,288,364,541,533,74,387,45,130,238,
359,100,127,357,495,
167,237,147,42,296,23,170,508,
100,359,11,191,269,99,324,62,
191,372,71,14,
445,456,99,45,296,521,300,
366,211,50,
48,460,299,329,198,282,240,512,512,
541,544,98,165,277,546,171,427,521,322,
48,371,514,
296,144,167,387,463,343,343,434,413,528,193,525,257,508,445,513,507,16,192,355,175,543,293,211,
125,400,305,536,150,
412,46,491,312,345,549,439,460,163,18,46,222,487,
9,288,198,340,188,
388,464,212,484,543,
288,546,92,400,525,343,250,264,54,434,288,113,427,9,41,439,401,380,361,
192,540,254,286,296,137,505,541,55,
133,526,514,299,
534,165,393,350,285,
393,170,444,463,261,534,441,
277,541,
374,480,300,297,26,69,
186,280,181,390,207,373,113,460,443,468,
323,71,115,
317,417,325,264,299,184,373,530,271,399,45,423,529,330,482,
472,42,175,174,477,483,
83,515,31,299,68,
422,165,881,
190,507,345,216,350,262,399,351,324,
345,137,190,534,30,285,372,23,
189,57,156,
162,338,271,482,458,215,
194,198,43,
442,414,439,540,22,411,438,
421,217,29,295,395,105,47,206,287,285,288,317,
380,337,165,50,79,270,381,314,504,288,130,
271,317,
127,47,503,313,359,489,359,524,
512,343,372,48,265,
299,881,83,48,233,329,317,166,477,145,133,69,153,443,150,
59,322,396,476,486,461,84,269,
235,302,56,348,364,473,182,311,35,260,430,198,196,
55,22,271,343,192,
462,252,276,61,534,293,
32,460,138,338,330,450,230,546,319,
401,35,288,413,66,
2,88,312,440,226,
449,47,446,530,345,544,188,353,
425,323,264,404,46,53,149,457,169,
312,443,194,280,99,334,412,264,2,546,212,399,
321,324,881,214,473,377,
16,445,22,296,203,1,260,253,314,
233,299,2,324,458,120,215,427,101,206,370,
345,360,360,58,449,22,101,459,
257,314,226,
436,513,238,460,486,
881,132,155,367,217,136,331,259,231,162,154,376,400,321,374,299,19,99,399,422,
137,410,490,345,532,334,418,
394,187,176,240,
444,393,513,123,312,
270,544,434,
471,111,492,538,340,426,307,539,279,
161,448,507,382,296,122,
484,446,351,185,165,388,
463,165,393,89,484,300,
399,170,190,206,151,530,
223,422,496,422,183,450,130,280,340,482,
354,99,50,10,446,434,543,193,
361,376,288,
371,417,517,257,48,541,
270,380,323,220,293,93,
544,137,333,240,541,346,539,270,169,449,485,142,
329,299,97,293,48,
492,271,471,306,18,131,
174,75,472,
387,338,296,372,12,72,185,348,152,507,338,99,400,210,427,195,418,89,64,
155,355,881,395,149,459,544,174,480,536,57,488,155,501,
271,351,504,32,145,162,492,55,96,
71,533,74,496,191,323,194,532,
351,76,271,343,387,484,534,417,332,524,494,533,
324,339,384,363,535,103,249,100,40,376,335,16,233,190,467,514,
99,340,72,490,354,71,199,412,149,513,297,22,100,42,441,257,
530,76,449,133,428,
322,59,161,541,376,422,
138,84,32,
423,396,504,342,317,113,
376,415,322,
417,317,441,66,334,
42,167,396,417,472,99,350,145,49,
120,61,345,168,203,22,470,480,
264,288,414,297,236,422,425,543,214,
459,473,426,4,251,11,426,481,
211,366,445,549,307,101,280,
363,155,355,24,
363,379,214,324,89,327,507,88,287,
297,425,390,354,340,443,26,118,252,
240,544,503,0,346,490,133,286,218,
138,487,198,205,
307,211,471,
539,241,544,98,390,169,471,524,
532,137,71,
338,32,180,162,165,30,276,507,
92,288,400,192,296,543,
446,536,354,449,192,
343,288,512,218,55,546,180,61,93,198,434,417,
57,251,84,66,189,281,321,67,
170,71,185,124,466,450,287,271,163,393,15,399,68,167,382,342,114,486,445,498,
226,377,186,94,250,496,257,2,
187,394,145,345,
376,324,490,361,468,206,238,469,211,
183,473,223,
540,45,319,328,379,540,192,222,278,43,546,
414,264,431,495,10,126,442,28,439,
514,133,324,327,270,124,262,48,61,495,
360,465,88,480,385,62,434,237,11,85,484,345,
503,10,10,218,240,390,194,496,
346,425,439,
390,473,503,113,539,73,155,301,64,
145,445,187,299,
480,155,324,405,360,374,32,408,420,250,71,490,338,79,436,
372,512,382,387,250,525,152,480,
446,423,269,484,2,
434,288,360,296,332,59,262,436,131,50,41,270,
542,165,203,543,
345,445,120,412,91,111,364,198,483,187,
75,174,415,335,14,235,250,316,439,305,280,
417,250,42,343,315,371,
323,326,58,342,372,381,425,257,400,46,268,270,480,
460,8,216,32,534,294,546,48,114,113,247,412,446,
496,503,
111,345,471,69,300,
198,194,402,138,269,151,536,
22,68,16,99,55,272,494,205,85,26,120,
236,250,264,
185,470,387,484,113,170,50,
417,223,484,131,199,
457,425,
504,271,380,176,289,165,204,539,46,312,
335,324,75,410,
425,346,297,262,306,355,357,
29,421,461,
543,264,354,296,
350,42,190,534,
165,534,115,139,501,463,94,307,542,289,422,124,286,253,
45,540,317,34,427,382,149,36,237,98,
84,113,121,57,245,251,77,417,213,257,471,524,450,
194,503,340,
319,540,331,32,549,161,
10,354,503,199,354,
176,247,76,473,272,504,156,34,394,524,279,482,
94,165,226,269,
440,2,
113,288,46,204,399,113,291,490,344,460,257,297,223,300,
381,323,380,165,210,461,
293,270,462,
165,289,484,
49,400,
518,445,76,438,
333,544,84,
216,460,190,30,241,310,
332,434,351,239,61,459,468,
231,289,113,
76,448,334,351,359,131,530,299,176,483,498,
443,245,186,483,297,206,
445,5,5,16,352,145,211,345,284,480,518,20,101,
289,431,7,231,431,165,404,504,
525,288,449,372,182,490,313,98,
382,161,45,124,539,
198,235,48,347,316,345,
250,288,30,417,200,372,236,307,251,338,485,210,301,355,58,202,
50,380,46,438,210,366,354,434,493,185,
448,161,260,310,236,41,153,418,
340,99,297,
260,448,156,33,446,64,441,
400,220,881,49,92,125,334,2,328,412,261,342,132,274,284,299,
269,446,41,461,
297,113,99,264,374,
46,50,412,504,
300,113,445,374,
507,363,446,450,
485,250,544,439,
505,192,
236,84,448,66,
238,259,
89,387,363,463,
252,462,297,
156,176,260,189,
524,127,351,
402,198,
198,343,9,
328,400,540,
215,233,162,
210,250,381,
436,480,
340,471,223,
468,376,186,332,
35,235,62,401,
262,425,536,514,
549,412,319,
269,59,100,
47,127,449,
259,238,
338,387,41,
338,387,250,272,
130,380,223,
182,235,
355,250,425,
124,382,165,
96,271,415,
58,323,345,250,
379,363,
439,288,75,
482,317,223,
61,120,
324,321,480,
461,29,
262,190,434,
434,208,343,
543,
91,345,
10,503,
46,425,
415,281,96,376,
257,323,
195,113,387,
251,57,
342,400,170,
84,59,
280,312,75,477,
456,445,
477,299,280,
379,343,540,
22,345,
281,57,
155,390,155,
206,376,399,
15,170,
495,536,359,
357,425,359,
364,
247,176,
529,317,203,
222,412,540,
504,423,113,
534,345,462,
41,338,448,434,184,
480,120,445,
46,323,412,
124,
161,319,322,
30,250,338,
2,400,233,
489,127,
458,233,162,
289,165,
439,412,346,485,
186,226,
126,414,
165,67,381,338,
153,299,
316,75,198,
214,363,264,
469,376,
439,536,
66,401,417,
18,492,412,
312,504,444,
279,176,471,
69,111,374,
165,504,
203,529,542,
438,518,
199,10,417,
364,427,345,
118,297,
66,57,236,
346,544,240,
496,223,
241,539,216,
260,235,16,
240,394,48,
101,211,
343,296,379,
508,296,167,
521,541,445,
98,539,541,
237,45,
99,312,387,
404,289,425,
307,250,
439,442,414,
285,534,
163,412,
441,99,417,
82,235,
257,371,296,
431,289,
459,345,
461,381,269,59,
169,539,544,425,
490,480,376,
306,492,425,
254,192,
188,9,449,31,
473,459,183,
410,137,
61,514,462,
43,540,194,
85,22,
131,417,492,
238,427,436,
288,288,421,
413,296,401,
541,371,192,
130,427,
546,288,
272,22,
269,198,94,
253,16,165,
340,9,194,
418,448,387,
422,223,322,
41,546,288,269,
11,360,
20,445,
491,412,
286,240,165,
30,216,345,
334,417,137,
88,363,2,
483,443,76,
438,442,50,
400,288,387,
196,235,
373,317,
250,226,75,
431,414,289,
442,
131,434,76,205,
286,192,
382,372,
482,176,162,
14,191,75,
354,10,297,
296,92,161,
530,399,
99,881,445,
473,235,390,
132,400,
205,22,131,138,
149,45,425,
494,351,113,
513,296,99,
68,170,22,83,
347,198,
137,544,192,
464,388,
377,226,
495,514,
294,460,
287,363,
257,99,113,
337,380,
123,444,
450,182,32,98,268,507,
206,421,62,
1,16,
280,223,211,
471,84,
305,125,75,
98,525,
543,388,542,
443,312,299,
540,540,
436,434,
32,271,
235,75,82,
272,338,176,
426,471,
480,372,323,
61,332,343,
115,323,165,
314,16,257,
300,463,111,
93,270,343,
396,423,59,
202,536,250,
77,84,
293,329,296,
342,323,423,
291,113,
459,155,332,
76,113,518,
218,240,503,
399,312,881,
353,449,
23,345,
483,345,472,
211,296,376,
487,412,138,
98,45,450,
113,185,84,
150,113,125,
175,472,113,
276,462,338,
152,372,387,
210,50,387,
97,329,
539,504,382,
426,459,
107,546,
540,442,
370,233,
501,155,
184,317,41,
490,
446,260,
533,427,
238,376,
150,299,
220,270,400,
79,480,380,
171,541,
538,471,
53,425,
62,360,100,35,
498,170,76,
524,539,84,
26,297,374,
470,120,185,
56,235,
71,170,
285,345,421,
64,390,260,387,
54,288,
476,59,
313,127,525,
284,445,400,
372,191,345,
200,250,
217,421,
445,170,
351,190,
245,443,
524,176,
