534,187,511,350,500,287,125,305,549,220,503,339,
120,335,218,88,298,318,
539,340,304,82,
270,380,250,293,490,286,298,40,
29,421,412,461,115,161,151,385,453,493,
239,473,471,
216,162,319,351,129,141,385,273,361,
250,270,45,446,313,481,
328,259,233,418,205,
16,83,115,375,
480,405,529,374,32,408,420,250,71,338,79,149,
244,521,
35,379,62,375,469,155,
335,328,75,459,410,414,149,338,389,169,120,75,132,434,159,
9,319,192,452,280,
461,255,29,103,333,7,222,311,424,
11,519,422,424,377,98,334,
298,445,255,150,84,204,20,120,
96,204,420,370,
163,131,322,
159,335,534,
84,333,498,70,139,113,433,503,530,27,299,179,394,472,361,
516,115,66,154,277,
422,262,11,271,115,493,136,277,381,125,
9,288,218,340,188,179,194,
380,96,428,165,27,79,270,314,385,288,58,443,259,489,374,
136,422,204,39,152,104,173,503,
295,315,192,98,282,
45,371,34,398,149,36,250,98,17,72,523,458,
469,35,462,
127,473,503,313,359,414,408,458,1,288,528,
529,149,39,
23,542,42,547,457,
374,480,312,519,26,469,167,531,443,182,380,
167,237,147,296,23,438,500,
458,127,293,
198,194,402,151,189,257,174,255,
458,162,
495,34,255,270,304,442,22,
260,363,4,211,203,224,74,429,
57,251,305,66,482,321,293,67,18,259,257,277,328,516,
153,444,498,141,5,359,
152,18,545,15,204,115,136,246,477,504,462,
534,159,462,395,35,382,5,435,
417,52,238,315,478,
76,448,334,351,359,131,299,352,498,412,358,
351,76,271,286,343,387,484,534,417,113,216,533,37,376,300,129,248,434,
399,320,190,220,151,530,414,448,465,107,
66,57,58,46,149,190,
271,351,183,32,145,162,492,39,180,286,422,89,240,498,
492,271,471,306,18,448,131,26,24,27,399,
481,286,250,42,
521,55,445,449,457,381,
549,100,319,394,0,89,106,110,248,145,62,157,452,
32,230,330,450,230,126,319,253,324,
306,492,425,329,318,534,
204,96,446,322,152,42,136,126,424,
186,280,181,390,207,373,113,378,460,443,332,472,248,434,
525,288,449,182,490,313,98,8,187,469,
515,496,459,
322,277,288,96,211,138,486,
480,223,496,402,476,76,540,206,
84,146,2,214,16,422,
167,316,320,189,303,37,452,136,
450,182,32,98,268,507,435,
15,163,152,419,277,
462,469,152,312,235,534,293,534,
473,239,55,40,279,127,329,
511,534,402,373,
377,319,293,11,25,83,311,223,254,16,
110,394,549,36,72,
471,239,492,538,230,340,426,307,193,306,42,364,456,
431,289,397,511,
89,549,156,271,
541,192,38,229,4,521,316,543,375,428,101,277,14,131,257,
162,420,271,458,457,216,137,203,316,
357,190,170,59,330,452,306,
465,399,1,421,361,403,
286,351,423,
293,270,462,149,107,458,498,330,377,485,
269,271,398,361,461,381,303,457,233,42,333,543,
296,144,167,315,463,343,386,528,193,525,257,351,445,339,234,192,355,175,543,516,211,414,215,373,452,133,286,41,
75,335,161,363,
316,75,285,129,415,533,167,113,175,161,
167,543,
277,38,322,232,149,422,230,136,508,157,412,
268,297,81,
540,156,312,115,52,193,221,480,
18,57,154,173,533,222,
511,431,73,
533,312,316,414,18,
218,240,156,492,543,261,
496,480,434,486,515,192,340,255,310,277,
42,204,23,306,255,481,
102,319,289,
26,297,374,504,40,49,
423,396,321,216,318,99,436,346,286,486,388,
186,
75,428,415,73,335,315,316,200,121,
420,402,
410,394,277,
449,376,521,457,501,492,419,375,
39,504,136,296,529,394,
304,52,495,255,
443,394,380,
446,436,192,188,541,314,204,250,206,82,
190,66,155,350,262,399,351,363,466,357,457,192,
445,375,298,373,45,296,521,230,231,489,103,99,412,
194,224,198,293,59,9,514,320,20,143,382,
340,9,434,147,426,
41,448,320,31,477,166,439,488,412,231,307,59,296,341,178,320,429,
504,39,191,319,26,152,402,475,
419,15,158,40,341,
465,115,300,306,149,
394,443,110,117,549,410,35,475,180,375,161,183,39,
99,312,295,203,77,445,36,229,385,209,
98,45,450,339,303,
321,423,
24,492,
22,246,446,76,540,205,495,
537,
158,253,457,419,211,518,72,
428,380,75,
240,211,0,229,490,133,286,218,452,526,412,519,170,492,
286,192,70,296,370,489,270,350,
131,435,492,203,31,163,117,412,
231,481,231,
485,293,257,306,542,
79,480,380,432,
346,425,439,55,180,445,311,524,367,
203,190,126,131,260,99,334,281,240,528,246,481,
307,471,73,278,185,41,74,
257,509,296,396,42,198,501,63,154,101,
192,184,286,296,9,295,541,419,20,303,427,245,12,190,518,
442,322,366,175,
457,158,190,78,477,449,277,89,85,
277,234,457,496,82,203,516,
280,513,9,
420,96,29,
355,375,425,151,295,
486,423,496,344,322,
257,257,85,525,288,479,485,57,76,
402,198,511,420,114,521,203,211,150,
324,32,
297,425,390,385,85,443,332,26,118,268,351,
83,515,31,198,16,195,465,392,
98,525,478,295,
161,319,322,364,75,234,316,
18,492,235,152,502,253,495,37,49,
146,319,58,84,
382,534,89,259,305,
57,125,295,191,
350,190,534,180,209,228,540,473,47,191,273,298,412,203,286,
373,511,162,
149,335,66,
2,214,32,84,433,366,398,155,
439,41,163,
389,335,426,216,150,492,182,361,
412,29,76,240,14,104,184,
259,57,328,414,131,411,491,424,
543,140,296,218,537,112,167,261,
66,516,191,513,
375,541,35,355,16,
149,45,63,465,
165,289,484,161,340,88,456,179,322,
444,513,448,397,12,
484,351,233,165,535,61,
245,192,443,
421,217,29,295,395,105,47,250,287,285,317,262,462,548,460,342,465,116,305,191,
78,457,135,434,415,
396,423,257,
115,540,29,152,465,
36,231,36,279,293,103,
218,37,9,120,143,
191,350,504,188,443,421,66,
303,98,192,167,477,229,
288,548,546,458,525,388,240,113,9,70,145,380,372,
312,448,194,99,334,116,264,156,546,212,399,374,342,533,112,502,508,
169,272,231,
319,331,32,146,549,161,504,102,9,216,377,52,223,503,
83,181,377,381,435,422,
286,240,239,481,
27,492,380,32,434,
366,442,2,460,246,
115,422,516,16,520,136,162,20,84,204,
340,471,539,330,461,496,444,
73,2,75,367,511,307,282,414,138,232,
185,307,400,
538,471,534,502,283,516,
233,269,
289,431,7,231,431,165,305,234,509,
156,89,540,312,240,445,44,218,403,351,
322,161,385,162,204,163,442,
76,22,191,221,
443,245,186,297,206,493,103,442,358,525,511,
1,113,127,465,508,
140,543,303,500,7,
113,288,46,204,399,113,291,490,344,271,1,477,472,223,297,316,535,
425,346,297,448,461,306,355,166,296,339,494,352,397,
180,346,394,
231,169,289,514,36,231,41,487,534,
255,298,304,
461,269,389,311,425,418,340,
125,57,310,297,536,150,251,
262,190,421,309,
149,293,480,277,200,529,
479,257,322,12,511,435,407,
234,161,277,288,541,289,
457,521,23,
59,41,194,357,
211,158,402,
459,209,515,
141,153,216,
382,194,459,
339,425,98,296,534,
500,534,178,140,
330,293,357,
32,2,27,
312,462,
398,45,2,
233,328,484,
489,380,445,286,
190,203,
318,423,306,120,
378,186,58,
535,113,484,
55,473,346,
5,534,153,
46,64,66,
388,288,423,321,
426,340,389,
344,486,
424,461,11,204,259,
492,449,218,
408,127,
445,346,156,
521,402,541,244,
375,394,445,449,
373,296,445,
503,136,319,
306,42,485,465,357,
501,257,449,
415,316,78,
289,102,458,
516,296,57,538,
39,271,
364,161,471,
209,350,459,99,
315,75,295,296,477,
253,18,82,434,
456,471,165,
229,541,240,303,99,
248,549,
503,534,
238,417,
478,98,417,
4,260,541,
434,496,
321,388,
157,277,549,
328,335,57,36,
435,131,479,
230,471,
205,22,131,328,
543,482,541,
422,83,84,
452,9,240,167,
311,377,461,461,
278,307,
293,57,
74,260,307,
40,26,419,
414,296,335,533,
475,394,504,
37,218,18,167,
508,277,1,312,
235,18,462,
253,32,158,
12,479,444,
412,131,277,
77,99,
305,57,534,421,
381,269,
195,83,
435,83,534,450,
31,41,131,
214,84,2,
96,322,380,
162,322,115,373,
458,289,288,45,
412,445,350,
320,194,41,
35,534,394,
58,380,66,
434,186,27,253,351,
89,382,457,
537,543,
223,319,
459,335,382,
282,295,73,
154,18,
288,234,257,
434,78,335,
82,539,253,
26,492,
101,541,257,
279,36,473,
154,257,516,
452,357,549,296,
173,18,136,
513,280,66,
20,115,194,298,
320,41,167,
481,203,231,
16,377,84,
138,73,322,492,
518,158,192,477,
371,45,
520,115,129,
428,541,
293,194,36,
40,270,473,
414,127,73,259,
492,389,138,
150,389,298,402,
519,11,
528,203,127,
224,260,
502,18,538,
126,204,32,
1,17,248,262,492,543,
221,540,76,
370,96,
402,504,480,
151,29,355,
240,203,156,
117,131,394,
495,477,18,
541,234,446,
448,399,492,
65,
363,75,260,
211,260,322,
7,461,140,
283,538,
136,115,277,167,
223,377,480,
379,35,
277,410,541,
367,73,346,
329,306,473,
125,422,534,
36,110,328,
403,156,465,
261,543,218,
155,35,2,
84,298,115,
259,382,380,
63,257,149,
76,257,480,
143,194,218,
542,485,23,
296,39,425,
49,26,18,
257,541,257,
305,382,289,
493,29,422,
204,298,115,
255,42,198,
203,277,350,
361,389,465,
262,1,422,
444,153,340,
131,259,541,
381,83,521,
543,1,269,
17,1,45,
85,257,457,
175,442,316,
419,192,449,
509,257,289,
254,377,
316,541,162,
255,495,496,
273,216,350,
298,270,350,
222,18,461,
361,216,269,
477,457,518,152,303,113,101,495,315,
442,443,495,
443,191,374,
427,192,
182,389,374,
104,412,136,
88,165,120,
385,322,29,
121,75,
411,259,
491,259,
397,444,
341,419,41,
511,443,479,
170,240,357,
272,169,
183,271,394,
12,192,
52,304,540,
129,351,316,520,
476,480,
519,240,374,55,
523,45,
514,194,231,
112,312,
55,521,519,
296,
100,549,
155,190,
548,421,288,
52,319,
460,421,366,
62,35,
434,340,
295,355,99,
372,288,
385,216,99,
429,260,41,
82,446,277,
492,1,240,
184,192,412,
163,15,439,
193,540,471,
397,431,425,
70,288,286,
232,73,277,
459,
277,15,57,
352,425,76,
36,99,36,
240,288,271,
107,399,293,
322,479,165,
335,
271,269,113,
309,262,
187,525,534,
420,162,
189,167,198,
342,421,
255,461,
288,322,127,
