94,395,124,543,378,403,104,
39,294,199,232,15,333,
349,3,142,
293,35,22,270,86,377,33,495,281,18,146,
41,14,193,117,322,480,
11,139,19,
429,444,128,
404,22,384,196,158,259,91,276,394,345,
139,504,483,368,293,318,411,460,337,444,333,7,129,466,11,49,290,272,513,160,196,
196,455,112,500,486,139,
229,546,
171,280,229,283,508,88,
181,72,486,503,455,435,446,513,
63,281,61,257,515,530,
270,493,293,286,496,503,548,316,
106,324,66,67,
230,299,461,63,50,193,510,425,265,144,218,392,396,440,11,519,172,91,432,
190,358,124,424,394,249,
44,365,104,
140,316,516,88,352,
408,404,368,504,
160,159,475,206,213,144,512,404,239,
128,80,196,416,37,276,183,10,125,461,429,261,499,333,
153,114,363,486,30,10,80,250,320,51,200,
306,440,239,267,332,345,
35,3,359,128,279,439,346,283,175,
265,276,541,246,154,
117,41,441,
346,486,211,126,59,224,541,509,347,35,455,542,56,448,
334,359,486,244,
269,66,104,
538,348,
177,56,508,367,
114,135,126,376,473,153,150,341,168,
547,66,512,
431,19,
179,508,348,
104,44,395,140,175,
297,395,
19,431,11,
67,227,280,106,
449,196,174,51,323,82,208,
385,213,432,407,186,18,132,462,
25,333,78,45,
20,73,438,
444,73,429,152,178,44,416,166,33,409,467,107,517,251,
2,546,78,338,
474,49,78,187,415,546,33,
546,467,7,316,24,305,295,
68,299,410,
265,18,41,75,128,347,
174,407,363,449,57,298,267,359,
483,121,441,153,139,499,274,231,63,173,268,430,285,398,416,
136,335,39,537,441,246,410,44,199,
359,120,533,2,329,44,35,213,431,39,184,174,
224,346,126,329,420,141,
59,56,346,49,184,244,409,
206,539,405,41,288,403,548,15,74,383,272,
370,169,457,86,85,348,235,
96,239,49,72,426,489,229,337,539,134,515,222,
78,278,25,338,87,
234,425,63,89,399,250,90,49,507,
10,215,34,438,20,190,433,37,25,543,353,362,316,520,97,72,399,86,201,
508,33,330,179,177,103,394,171,
404,324,408,122,354,
411,213,90,416,
512,
2,395,66,47,124,187,
239,306,324,160,
412,70,489,
78,8,146,49,45,2,352,183,474,
119,49,116,352,415,137,
455,391,181,338,346,
33,293,179,508,109,199,406,135,295,357,84,
440,494,166,451,306,197,367,230,497,422,57,406,519,
208,231,198,523,456,449,
486,334,346,284,269,317,153,313,197,442,268,231,163,371,21,333,
33,444,474,63,
409,391,543,444,215,
406,33,440,534,
377,293,280,369,74,
516,271,140,
193,230,361,520,41,368,387,256,225,494,
467,444,546,97,456,480,541,
41,130,265,210,390,403,435,
399,368,10,
326,125,375,170,44,542,
514,333,368,310,391,261,62,431,323,338,
186,271,44,70,344,98,
56,59,177,127,530,
407,113,340,174,15,183,220,113,528,273,385,
241,213,239,
369,213,183,338,
515,493,125,364,453,89,261,63,
461,489,421,
110,268,
53,350,521,503,281,346,194,126,225,
227,67,14,285,230,423,
493,227,113,388,352,270,519,69,515,367,
338,514,18,198,431,
507,144,82,207,473,267,234,
73,240,7,366,20,299,
329,154,224,495,
213,231,198,405,392,473,487,80,241,369,411,
45,78,211,435,
28,276,152,283,
479,61,313,
360,425,211,271,265,96,413,431,38,127,512,
480,61,463,467,7,26,41,
213,385,160,140,
38,28,521,109,272,302,
271,326,290,432,504,
291,152,109,299,308,74,
120,359,33,142,
184,44,333,59,
7,410,66,166,430,
240,333,512,73,
378,94,286,285,278,105,
517,232,125,447,18,444,539,41,
84,229,338,348,
352,140,
246,265,136,363,
326,531,505,43,397,127,304,154,225,279,311,
229,44,84,227,
229,230,185,329,437,171,260,7,48,214,96,392,355,488,
185,229,441,
348,196,211,178,179,420,538,
337,139,37,239,62,
368,8,139,514,399,408,403,
395,113,94,246,65,544,213,487,222,542,2,350,402,139,97,297,334,301,104,
403,316,7,66,521,537,44,
493,359,111,
126,346,367,143,114,224,392,371,
474,397,86,
285,378,302,
130,399,512,41,223,
28,38,367,461,273,75,164,105,
475,3,160,387,244,
363,174,432,431,246,
198,476,513,283,208,27,352,
18,443,423,338,265,385,148,461,
125,515,190,424,326,537,128,210,72,377,294,
365,11,44,145,102,
28,90,512,119,79,320,
239,143,96,326,302,466,253,78,385,352,212,52,335,
352,546,235,116,489,221,493,208,457,163,256,541,
211,34,44,44,298,
257,210,227,63,114,
198,64,236,163,279,549,172,137,505,279,338,
299,68,291,
512,541,8,470,130,255,28,245,538,547,311,121,240,467,
543,352,59,409,22,16,191,520,
397,233,77,326,495,474,530,
441,483,136,117,170,185,398,357,458,
387,475,193,128,189,222,427,
80,153,213,128,
281,53,533,126,233,334,495,
304,326,152,26,222,368,
61,210,125,252,429,79,46,300,337,63,413,334,
66,7,122,106,269,547,447,2,462,172,304,
497,299,546,
137,198,
108,3,74,77,259,211,63,309,509,101,201,444,175,
14,280,237,476,44,404,530,457,459,12,41,163,543,417,82,227,494,519,539,425,3,328,
360,83,84,
521,403,73,51,251,487,
102,365,231,
34,211,37,
355,
338,84,455,166,2,
521,436,41,284,413,463,96,73,188,31,38,53,5,252,245,539,59,272,27,
364,159,515,380,
30,245,153,
21,373,44,
333,25,240,481,245,156,
49,502,91,78,96,125,119,182,7,474,323,271,234,256,
503,146,53,31,533,169,132,
332,306,367,196,404,
4,211,281,385,150,142,456,
127,56,360,
112,372,60,299,359,445,196,220,421,
159,197,160,423,364,537,110,494,215,
61,480,489,479,347,321,77,534,
503,270,
431,359,514,125,132,459,
179,537,33,359,334,46,
280,14,510,377,171,298,182,298,273,67,305,395,
70,186,388,412,494,463,243,183,
128,387,35,
196,128,348,332,475,439,449,
455,281,197,546,196,541,8,166,249,
227,271,346,257,132,
146,109,78,545,47,195,38,82,535,
546,333,403,455,231,
245,333,243,409,
172,489,66,230,235,459,
489,461,96,172,132,450,395,412,454,457,
258,210,
324,239,347,391,404,106,
109,141,291,324,146,157,91,
166,455,
211,45,15,288,214,231,348,9,360,346,4,60,104,108,
333,98,128,107,144,514,544,399,546,52,108,391,63,99,280,50,57,
97,395,10,367,326,446,38,467,151,79,
538,44,512,146,304,541,200,
463,521,480,375,
90,432,28,294,411,335,352,133,
352,119,239,127,543,148,90,
166,440,235,530,338,96,151,206,
245,30,521,83,426,
384,392,404,350,
74,114,7,127,9,108,38,350,308,291,
537,159,125,403,
323,380,537,239,293,163,139,22,7,6,121,
391,514,321,409,455,346,99,212,
410,136,7,533,373,68,
495,293,22,144,329,281,
83,360,125,457,
2,271,359,33,448,495,
359,179,112,156,447,120,198,439,495,
265,49,360,
239,323,439,241,337,
44,538,211,186,143,163,71,359,326,160,201,314,502,
363,445,153,
3,108,362,88,349,475,35,14,
7,323,73,74,139,300,395,546,452,403,57,49,
316,140,546,403,143,134,141,191,236,
276,404,128,265,28,533,116,98,
230,229,
231,213,483,63,208,486,546,1,30,440,
271,360,98,227,2,246,186,516,440,49,
541,352,512,232,265,283,346,455,491,
63,483,108,231,33,290,363,338,375,236,
546,497,352,502,229,443,2,474,
535,44,146,319,71,60,452,502,
425,528,230,234,351,360,14,260,250,
533,503,281,359,222,410,276,309,463,230,
367,440,126,97,28,332,
44,326,444,118,229,535,444,184,
421,461,112,409,
299,230,145,497,380,95,174,494,358,355,
259,404,108,290,47,313,
37,128,34,337,
261,128,514,121,111,390,
152,28,543,444,152,67,399,304,255,291,
210,258,287,502,410,125,61,411,351,261,257,394,440,515,41,415,
281,519,194,455,4,63,293,322,
96,360,521,166,
279,326,198,35,457,154,
473,114,507,213,
298,503,280,211,
22,244,495,543,323,293,387,47,129,404,316,350,531,23,
299,112,73,150,
537,136,179,
260,371,23,51,398,50,114,425,229,325,48,543,
394,190,404,508,
346,391,427,426,227,440,488,
530,397,166,56,196,63,
539,311,304,82,30,117,248,490,418,206,342,540,427,494,317,220,60,160,
143,44,239,103,126,399,458,435,518,
11,7,45,251,
326,239,44,35,290,271,498,
486,196,181,182,86,
358,299,190,235,
290,332,326,271,79,489,259,354,139,250,
73,444,206,521,377,
285,227,483,
144,160,495,
518,
132,489,503,227,
183,407,78,369,
251,11,
368,193,304,
255,152,512,
222,304,533,
431,363,360,338,
528,407,425,
222,387,96,
505,198,326,
154,279,265,
283,28,198,541,
145,299,365,
308,74,291,
440,346,271,
439,359,35,
278,78,378,
279,
86,370,
305,280,546,71,
338,63,78,369,
333,139,184,39,
350,74,22,
18,293,517,
59,543,84,
298,174,
39,359,136,
319,535,
154,326,329,
440,231,210,
520,543,
79,97,28,
183,70,
86,10,320,
184,359,51,
534,61,406,
415,210,474,
399,152,234,130,
201,44,108,10,
104,211,
146,293,538,
103,165,22,
348,370,84,
8,455,368,
194,281,53,
375,463,63,
49,139,
11,230,365,
519,281,230,440,101,
41,517,206,
542,346,395,
150,299,4,492,
127,74,352,
424,190,
539,517,
189,387,
426,346,245,
373,21,410,
7,229,480,11,
84,360,59,33,
82,449,
142,4,349,
105,28,378,
91,404,49,
388,70,
50,230,260,
375,326,
273,407,280,28,
313,479,259,
225,193,53,
88,140,171,
476,198,
182,49,
170,441,326,
304,538,66,
215,159,409,
109,33,38,
175,104,35,108,
322,281,41,
44,136,403,
243,245,70,
140,104,213,
512,360,160,
302,285,
325,
71,535,44,462,305,
38,74,360,
463,70,533,
116,352,276,
321,391,61,
22,103,
435,181,143,
380,299,364,
423,227,18,
98,186,276,
456,4,467,208,
45,25,11,
251,444,521,
86,486,474,
488,346,229,
487,213,521,
235,370,172,358,
33,120,2,
395,489,280,
458,441,
200,538,153,
288,211,
44,211,21,
227,229,
111,493,261,
432,271,230,
320,86,28,
128,265,80,
125,431,517,
295,546,33,
502,546,44,535,
409,245,421,59,
403,368,41,
244,334,59,
91,230,109,
198,359,213,
212,239,391,
164,28,
77,397,61,
191,543,316,
57,333,7,
249,190,455,
122,66,404,
320,153,
126,53,281,
272,38,139,
457,352,83,
347,324,265,
543,94,152,
462,385,
503,181,298,
236,63,316,
519,493,14,
355,299,229,
156,333,359,
459,431,172,
135,114,33,
404,160,332,
166,444,7,
444,44,108,
87,78,
359,334,493,
504,271,
256,193,49,
56,346,
23,260,22,
333,486,
518,143,
103,143,
357,33,441,
60,211,112,
49,59,265,
352,198,78,
314,44,
302,239,38,
495,359,2,
491,541,
230,533,227,
390,41,261,
26,480,304,
104,94,269,
51,153,184,
345,404,306,
354,290,404,
196,530,404,
231,102,211,
206,73,166,
334,395,281,
448,2,346,
62,514,337,
371,126,260,
233,397,281,
450,489,
250,425,234,
439,239,196,
494,299,440,
