529,293,534,109,501,77,120,
215,295,395,16,451,464,
128,257,80,416,
388,257,261,385,11,304,69,6,471,486,
15,348,327,325,302,221,118,43,123,327,108,
77,442,326,109,174,
82,302,141,
325,446,467,360,299,333,324,433,33,78,13,466,
213,428,168,88,160,
256,520,180,95,211,24,308,13,209,492,173,108,
324,454,349,358,210,141,12,117,263,194,95,362,16,546,227,52,477,
8,519,457,268,291,173,11,347,394,319,459,
169,271,445,
4,141,458,268,
109,322,100,529,11,89,182,
14,271,264,526,7,471,
404,121,516,93,140,427,539,
58,310,545,158,
487,263,168,248,
144,528,96,
43,186,80,15,64,13,172,402,255,
539,26,521,464,168,104,160,231,404,
65,115,474,9,340,230,99,482,
440,515,19,106,10,25,
433,440,317,191,389,
107,369,478,
107,99,115,
271,451,515,319,366,11,455,28,88,
463,90,457,
285,516,221,
440,177,458,9,285,433,285,94,
310,249,298,362,395,58,248,446,45,380,258,319,524,285,484,496,
515,186,398,440,52,271,290,497,177,545,0,
475,289,302,117,273,
177,350,285,513,210,467,440,64,
82,258,157,72,351,369,20,64,373,
329,248,14,
143,100,111,60,180,254,102,190,416,133,264,392,205,
186,43,364,515,
440,87,244,
366,224,271,
445,385,45,418,495,230,169,231,151,316,103,3,516,
413,339,377,209,255,108,304,103,273,496,343,469,13,
333,39,357,325,9,56,471,103,480,44,320,415,107,196,183,279,271,271,
111,143,12,174,177,
271,262,304,546,334,345,481,197,151,235,19,
105,511,5,543,372,257,450,392,297,193,313,
151,239,161,445,271,
228,357,229,89,110,397,542,380,
510,467,295,124,
354,404,519,307,
195,261,183,35,264,212,232,364,377,
13,43,121,67,
295,289,467,177,215,381,282,351,285,510,271,408,
398,159,515,524,306,
544,11,100,173,53,547,348,379,
339,512,351,217,458,413,209,77,
168,108,213,523,473,68,546,67,167,439,
358,511,270,343,10,137,365,433,
302,251,10,270,281,444,297,32,82,475,
326,462,493,95,107,340,301,399,120,
349,71,265,445,265,281,334,315,328,324,392,
108,103,413,261,310,365,490,15,
277,241,451,462,322,
100,516,341,64,544,109,
334,349,106,257,61,
257,334,516,522,105,388,25,61,128,249,481,33,263,
526,360,
546,168,324,497,271,402,59,189,516,351,486,44,49,
103,189,357,183,196,108,87,163,
217,471,357,48,99,158,
404,204,468,205,341,354,463,309,162,265,217,455,
268,242,8,392,172,449,4,
357,64,108,524,
19,249,14,43,440,271,416,482,
324,534,224,201,446,1,210,496,262,455,
121,284,13,407,404,167,323,326,327,435,333,433,
131,297,343,358,490,345,357,
108,357,148,462,320,
401,158,416,323,467,292,306,342,519,471,515,
289,475,295,177,516,264,466,
315,319,349,255,343,161,264,545,221,408,358,
32,90,359,35,68,
358,324,163,345,476,124,190,43,524,315,
263,88,26,139,474,487,180,324,529,
511,308,317,123,216,358,91,105,415,261,181,294,239,484,316,
255,478,315,343,486,437,
392,359,388,268,349,143,107,141,
357,119,94,333,441,228,481,131,316,
206,9,40,122,485,326,
281,218,302,87,71,307,481,
343,261,133,265,248,11,131,286,
319,310,471,141,
357,103,217,78,104,
466,11,249,306,448,
310,340,156,189,198,529,108,
435,45,121,
10,215,62,34,260,438,292,20,473,433,
493,543,326,201,183,370,67,362,109,59,299,
408,185,182,295,524,311,36,113,
172,458,43,
534,187,118,62,287,542,549,324,220,547,266,239,410,529,526,373,
90,472,513,173,463,270,32,9,260,191,159,
67,196,399,168,279,517,35,167,
0,281,109,
458,156,11,4,351,198,9,
242,229,157,268,198,209,
392,
67,493,487,325,13,478,254,
127,156,42,459,10,256,327,492,
451,172,451,271,189,496,
11,544,48,124,343,388,374,458,189,398,466,372,486,234,161,
168,217,539,487,533,457,
64,177,322,28,446,497,40,369,
385,388,381,
416,464,264,271,
539,311,304,82,30,117,394,490,418,279,451,342,540,526,248,
239,151,423,7,373,
271,333,454,
12,111,
521,436,244,539,284,425,78,427,543,
109,160,77,105,230,353,323,
362,324,310,493,341,8,342,
107,543,333,
11,453,8,457,
524,261,398,89,
99,107,467,520,65,120,347,
65,141,507,134,542,
322,265,330,544,224,231,177,9,64,109,331,
544,318,191,414,
471,203,319,333,27,190,11,216,201,217,412,319,145,534,529,
191,90,544,189,229,209,119,320,
17,173,
285,266,440,295,159,
196,103,67,271,342,
124,41,11,380,475,510,276,322,
45,310,8,435,
320,333,404,393,
543,482,25,245,296,105,493,178,408,107,480,248,389,486,448,
221,15,88,285,198,35,181,326,315,239,
459,201,127,94,364,482,
42,286,127,10,317,
449,173,60,515,268,
458,210,271,451,286,420,379,311,378,404,238,172,331,339,44,440,
86,453,14,
522,395,257,241,407,
115,65,41,544,213,62,205,107,
301,341,129,276,
270,302,540,446,469,358,90,168,529,515,402,457,
261,108,511,198,195,196,366,215,343,144,388,462,524,366,
189,103,309,191,
341,404,249,204,235,301,100,125,342,376,362,
104,60,407,35,275,103,539,
454,
467,453,325,62,342,295,364,334,14,375,402,99,401,510,486,
340,65,540,329,
88,263,221,
397,228,120,
469,413,270,252,320,
323,380,401,133,109,
160,109,358,373,25,372,
248,343,310,487,189,262,
451,76,539,9,84,458,451,277,451,533,414,
399,67,326,
224,366,322,485,343,
248,543,539,329,528,87,48,
229,242,191,
485,206,125,352,
351,458,82,546,45,
78,521,357,
64,357,100,
59,493,388,198,546,50,
60,104,266,120,258,365,449,80,
271,458,239,525,169,32,295,229,209,508,114,481,380,
284,121,273,349,131,481,104,324,48,342,
409,
156,292,310,458,127,374,475,163,250,
190,471,143,360,543,421,
453,448,85,86,285,11,341,430,
262,516,271,423,149,31,119,
519,299,354,146,49,27,466,45,421,
273,475,284,413,
292,198,156,0,148,
285,453,310,481,
201,471,324,459,157,540,
478,526,96,67,107,255,204,325,472,208,459,
180,256,263,417,
173,324,341,17,449,303,542,544,534,256,196,416,
25,257,440,
133,143,323,
442,215,77,469,499,
24,256,
309,174,189,404,
331,322,359,458,
177,289,111,
516,347,320,262,247,321,285,289,546,404,445,
358,110,144,160,366,131,329,467,464,
540,201,270,340,517,180,499,
140,33,303,430,78,273,157,138,442,458,325,109,119,208,372,
258,528,82,352,
457,463,8,11,366,
342,341,196,
189,368,451,463,
174,309,106,129,77,
395,231,310,65,544,522,499,222,215,
423,239,216,282,99,292,436,346,376,262,292,
9,118,529,231,451,440,333,206,344,516,65,249,
368,114,96,232,189,
515,163,427,270,
464,25,276,539,326,330,416,476,191,301,404,472,
281,0,325,
292,10,401,
141,361,183,82,117,109,109,4,226,350,65,258,125,
249,310,388,466,19,286,361,257,324,
264,143,416,139,103,9,99,437,
256,127,237,
359,331,427,392,450,32,
14,19,467,329,86,389,455,
96,478,321,253,83,240,368,395,519,286,144,380,319,
341,173,453,
380,124,310,
350,177,141,228,145,494,197,258,281,434,519,247,
467,358,6,23,
271,196,158,125,14,416,333,
32,455,523,271,430,268,
125,341,271,485,425,
266,534,60,285,374,10,148,
299,493,519,325,434,
237,109,256,252,462,
33,140,140,117,360,257,
62,115,10,534,
10,127,266,
290,515,
482,19,65,342,459,
238,458,
326,464,121,77,221,206,
304,388,271,
497,64,515,
543,521,190,161,
374,156,
516,9,
145,471,350,
523,168,32,
329,358,
334,271,467,
316,286,511,52,355,
8,45,362,
462,108,261,
103,333,104,264,
472,478,90,
404,320,464,
319,96,471,
198,292,144,
35,104,
120,60,326,397,
198,242,59,
329,416,340,89,
173,8,536,
416,401,143,
434,350,299,
89,109,524,
279,333,539,
381,385,
324,284,173,182,
516,257,100,
512,339,
87,248,281,
10,42,358,
125,141,
342,284,362,467,482,
182,109,324,
373,239,82,
343,358,255,413,
427,359,521,
232,195,368,
260,90,10,
307,281,354,
448,466,453,
262,248,324,
229,228,271,
473,10,168,
520,256,99,
7,239,14,
462,237,277,
466,289,519,
241,277,522,
198,310,221,458,
265,349,343,
342,401,
485,224,
209,191,256,
481,257,271,285,
528,248,144,
364,459,
13,256,325,413,
119,140,262,
486,546,
481,357,284,281,
258,60,310,
306,401,466,
526,539,14,
264,315,14,
394,539,8,
11,271,109,
325,15,140,
27,471,519,
61,257,334,
210,324,
318,544,
455,14,324,
218,281,
120,529,99,
388,59,249,
416,19,173,128,
117,33,475,
264,195,289,
303,173,76,
35,32,67,
340,310,
351,295,
393,320,
158,271,217,58,
455,32,
324,249,
428,213,
333,121,107,
347,8,516,99,
348,544,15,
366,457,261,358,
233,
353,109,
320,469,108,191,
380,96,228,271,
427,515,404,
9,458,
129,301,174,
543,253,
544,322,
161,11,315,543,
48,217,284,
109,237,140,0,
534,173,471,
513,90,
476,358,464,
28,64,271,
35,195,221,
389,433,543,14,
317,42,433,
231,9,395,
486,543,255,
209,242,339,271,
10,440,
321,516,96,
123,15,
455,271,404,
282,423,295,
297,131,
276,301,124,
160,213,539,
196,173,
244,521,440,
197,271,350,
88,213,271,
425,125,521,
472,464,
64,82,43,
524,310,357,
292,423,
414,544,451,
254,143,67,
146,519,
43,19,358,
113,408,
68,32,
446,324,325,
381,295,
0,515,292,
322,124,277,
352,258,485,
529,471,263,
159,90,285,
490,108,131,
457,270,168,
116,
379,458,544,
94,440,459,
486,388,11,467,
185,408,
369,107,64,
180,143,540,
105,109,
25,160,464,
230,109,65,
40,64,206,
20,10,82,
174,111,
464,215,358,
327,127,15,
107,392,326,
536,173,
451,215,451,
149,
533,168,451,
492,127,256,
446,64,270,
345,358,
433,325,
122,206,
507,
499,395,442,540,
265,404,
484,310,511,
239,271,221,
402,43,546,
431,
215,442,
286,42,343,
191,433,464,
80,43,60,
372,160,140,
108,256,
528,258,
255,43,413,
141,392,319,
459,478,8,
279,67,
247,350,
71,349,281,
377,413,195,
181,221,
16,324,215,
515,401,449,
436,521,253,
437,255,264,
114,368,271,
471,401,388,
44,333,546,
433,121,358,
106,334,174,
172,268,451,
6,467,388,
301,464,
375,467,
421,519,190,
319,315,8,
407,121,522,
45,351,519,
454,271,324,
140,33,404,
231,539,322,
