166,471,192,
490,459,223,341,
55,39,519,199,512,428,114,
289,102,82,458,342,
205,154,9,
353,136,305,
168,501,146,108,338,523,6,499,
459,467,515,177,320,490,11,99,301,102,6,
288,408,304,530,483,
127,306,503,313,359,414,458,360,121,528,352,434,257,421,
346,425,439,104,333,445,311,524,367,493,285,54,
113,278,46,204,399,113,291,490,344,271,512,477,472,223,297,529,316,503,469,
159,99,184,273,427,307,465,
301,167,459,47,429,
537,385,543,284,298,11,233,410,376,515,
540,78,289,504,198,68,
318,162,425,
477,457,518,113,101,495,190,136,462,251,528,180,
458,289,233,286,470,420,459,311,333,
261,396,
167,543,385,301,423,458,316,499,
513,415,496,
278,284,
244,528,
450,182,98,268,507,105,110,380,154,270,465,
10,443,528,534,
229,226,89,99,259,335,82,428,545,297,333,507,141,
144,159,429,360,
469,381,105,25,445,496,428,
2,363,
192,184,223,178,166,407,473,20,101,445,532,185,245,12,190,518,
245,192,320,158,68,
422,218,3,483,
115,284,474,465,234,180,280,62,141,483,267,13,
127,146,190,155,538,
437,538,465,99,
315,380,
259,380,476,427,475,252,68,126,
458,127,251,71,105,125,384,77,
483,115,288,373,422,230,5,407,348,
98,105,450,339,5,395,251,35,
543,482,25,470,218,
380,131,165,417,315,47,314,385,149,408,259,545,
357,119,50,146,94,
319,471,331,146,353,144,102,284,520,495,339,223,503,380,428,483,405,
261,543,218,198,539,16,26,366,99,
316,285,129,415,360,113,175,122,345,435,167,
475,112,394,33,103,177,47,140,
233,259,458,537,273,
471,166,319,230,340,426,80,193,7,306,42,37,
278,294,333,113,465,126,172,
9,182,218,205,188,179,7,159,
441,
530,288,543,
539,340,304,82,30,76,117,490,20,50,304,7,471,
339,319,61,351,5,399,
302,457,519,
358,351,324,536,394,327,543,
85,404,457,226,
459,162,395,
511,125,440,
25,180,469,172,
260,363,348,429,297,499,528,99,136,408,162,63,2,
129,351,316,118,306,463,
289,431,7,231,324,63,542,540,136,
162,480,459,421,164,318,260,
536,250,506,
394,326,325,358,410,298,475,159,483,161,512,288,
103,475,86,143,269,274,260,514,
476,537,2,166,
167,196,457,
325,467,394,409,
405,101,140,319,340,
2,32,534,433,341,252,27,334,476,495,367,112,
286,103,239,533,136,223,26,
490,342,373,87,374,
6,499,131,194,168,
295,218,
284,499,319,447,278,
230,154,443,99,483,
89,457,256,
543,140,339,62,218,537,112,167,261,63,530,95,12,252,497,368,537,139,
511,434,317,128,298,54,105,415,
384,396,404,198,298,439,3,
421,143,127,414,162,
146,319,58,168,461,288,357,505,
503,136,319,155,492,104,445,157,489,250,7,47,71,431,280,
190,543,342,127,351,477,363,466,432,457,192,86,387,491,
89,58,99,131,453,
232,363,
99,230,89,437,
360,96,
395,99,459,
307,443,340,
373,167,445,209,100,350,483,193,226,14,203,
378,259,175,
16,75,261,76,151,
101,14,97,154,278,405,78,338,169,
259,378,414,411,491,284,212,233,166,61,
273,122,159,233,
539,218,
335,229,185,59,518,333,
140,543,303,402,273,157,366,118,
250,97,536,320,313,160,191,87,110,
428,499,
76,191,37,250,318,7,258,40,242,434,
360,316,144,105,
39,351,
99,295,77,445,402,229,385,395,71,344,223,464,260,61,230,459,261,154,151,
516,398,534,154,247,235,548,
223,319,99,366,218,490,192,259,464,97,
519,305,55,270,528,
415,316,434,78,513,462,384,11,5,333,499,
355,425,141,295,449,49,76,
184,102,159,6,278,414,245,
217,407,154,67,403,462,
539,261,98,
414,127,339,259,59,333,229,417,333,
218,202,422,543,261,539,262,516,
511,534,400,536,50,49,334,72,203,
351,362,343,387,534,417,113,186,533,37,376,300,129,248,210,358,39,324,285,
340,471,539,330,368,525,307,85,405,
324,358,210,141,289,12,
122,78,316,548,273,99,403,
445,373,45,73,59,230,231,464,103,444,99,469,247,
9,
442,
465,240,421,459,483,20,242,549,
32,2,163,264,193,
523,168,
501,168,168,408,170,54,499,
125,534,116,227,458,358,518,80,306,376,154,
71,99,458,143,
136,7,353,463,136,40,323,503,289,286,
499,260,218,284,512,28,6,207,428,167,392,480,
39,55,402,
125,434,310,297,536,150,251,274,483,
86,190,534,154,107,103,
453,89,58,
434,125,127,415,457,434,
218,496,9,91,143,499,295,326,351,36,
121,127,457,210,
9,403,154,529,
495,477,348,177,447,
465,278,366,
7,387,9,539,
141,50,229,440,447,
310,409,13,
78,540,457,135,122,415,125,194,96,180,
499,415,167,541,274,168,
154,9,82,230,99,102,450,537,
15,103,520,
50,511,141,357,249,466,133,539,241,298,541,
410,394,349,402,
423,396,216,110,99,436,346,486,
528,127,20,244,160,277,10,105,
397,476,280,497,
230,58,471,99,316,155,388,208,518,
98,539,525,298,449,3,251,451,177,291,
404,457,468,384,
470,458,543,366,
396,423,135,229,299,373,13,261,384,
73,3,445,
61,99,339,
136,260,
366,398,525,223,465,140,328,
381,23,388,170,115,
177,475,486,196,
363,329,260,90,232,2,274,105,206,12,485,
96,86,78,83,360,
102,319,125,289,351,154,503,530,
131,380,6,274,341,58,89,
20,528,532,
305,353,534,421,519,
457,167,288,190,110,78,477,326,422,121,89,85,172,348,12,404,293,30,144,511,302,23,305,
387,190,7,95,103,505,451,35,549,210,
304,539,288,
427,259,159,227,30,
489,267,342,503,241,264,
534,187,511,110,287,125,305,549,220,210,339,86,2,410,155,
445,346,503,192,
476,399,414,
373,490,396,37,373,
139,434,543,464,
342,489,339,
259,298,229,
143,464,218,103,59,208,403,95,
191,235,76,257,188,443,421,186,304,
425,346,448,318,468,355,166,25,409,339,494,352,397,398,464,19,
3,519,175,422,85,178,77,304,331,384,
434,257,191,511,139,333,53,
339,425,98,534,178,333,138,414,262,342,
515,459,175,224,309,537,182,327,403,
465,76,437,115,300,333,309,268,2,450,159,
519,210,302,3,95,545,
298,98,394,3,305,
443,191,103,10,230,155,435,307,407,290,110,471,547,126,349,
175,316,515,72,3,378,278,164,206,374,537,439,
457,434,
464,445,425,223,54,
496,293,520,513,
496,218,167,469,53,284,175,278,
154,48,516,86,205,217,257,252,101,306,125,
408,380,501,
525,104,449,182,490,366,313,98,27,8,187,458,103,451,469,340,
486,423,439,247,177,62,462,177,20,543,409,373,
58,230,89,131,453,
99,159,122,
269,271,398,202,103,358,303,457,42,277,333,401,
218,223,543,
159,394,144,
512,499,55,
95,387,543,
274,131,103,499,
520,319,15,496,
85,3,340,
431,503,
180,78,115,477,25,306,
402,140,39,99,
276,
398,516,366,
467,459,453,325,62,
362,351,295,
82,289,229,
110,457,534,
334,511,2,
13,310,396,115,
140,405,475,
429,144,301,
199,55,
333,414,434,458,
68,259,245,540,
545,519,229,
536,511,358,157,
149,380,246,
491,190,
403,143,515,217,
249,50,
110,450,412,
160,528,250,
6,344,
172,25,333,
177,459,486,
278,184,101,
208,230,143,
128,511,
295,355,99,362,333,
259,223,102,
103,15,
246,149,
516,218,110,
105,469,458,528,
388,230,381,
367,2,
247,445,486,
407,217,483,192,
30,457,427,
235,191,516,
54,501,464,
196,167,177,
381,469,372,
185,192,335,
326,218,394,
86,96,
27,525,2,
320,459,245,250,
251,458,477,
447,495,504,
110,250,443,
476,397,259,366,
53,434,496,
374,175,490,
400,511,
76,16,539,
408,288,260,
293,457,
193,32,373,
157,140,536,
210,534,
505,146,387,
104,503,525,
306,125,154,180,
348,483,495,
399,476,339,
534,516,10,
125,78,
144,319,457,
110,423,2,516,
409,325,310,
351,102,339,
115,381,
62,89,467,
341,490,131,298,
285,351,
257,434,154,
344,6,99,
475,259,
414,476,184,
125,102,511,
47,475,301,
164,175,162,
538,437,127,
518,230,125,335,
5,339,483,
398,425,421,398,
37,373,471,
172,278,457,
47,503,
290,443,
7,503,
71,503,
542,289,
412,79,110,
72,511,
23,457,381,
440,141,511,
280,503,397,
329,363,
492,503,
499,501,
118,140,129,
333,229,
20,539,
7,471,136,
155,503,
203,511,373,
537,476,
12,324,363,
126,443,259,
331,3,
439,384,175,
497,397,543,
143,421,71,
112,475,2,
462,217,486,
288,146,457,394,
338,101,168,
415,511,
342,490,289,
417,380,414,
198,540,384,
210,121,519,387,
306,127,129,
328,366,
206,175,363,
155,127,534,
358,125,269,
102,459,184,259,
480,162,499,
97,101,223,63,
483,465,
537,543,175,
368,543,340,
530,102,
384,458,415,
471,539,443,
543,190,358,
297,229,260,
459,458,465,
327,358,515,
298,259,511,341,
12,457,543,
252,259,543,
464,99,139,
333,465,172,414,
76,465,
155,443,230,
226,373,
256,89,
410,534,537,
170,381,501,
317,511,
341,2,
3,98,
493,346,
428,229,319,
26,286,261,
67,217,
194,78,6,
284,115,496,
83,96,
285,346,
33,475,
404,85,
466,50,
267,489,115,
284,259,537,
376,537,125,
307,159,
80,471,125,
299,396,
548,516,122,
264,489,32,
245,184,
202,269,218,
349,410,443,
151,99,16,
485,363,
78,101,
77,3,458,
241,50,489,
2,260,465,
278,496,175,
136,136,
468,404,425,
191,434,
549,465,387,
311,458,
177,98,495,
226,85,229,
309,465,
304,191,3,
403,9,122,
305,457,298,
54,511,346,
105,511,360,
447,284,141,
55,
298,384,50,
14,373,101,
257,191,127,
333,335,415,
95,143,519,
541,499,50,
59,143,445,
59,414,335,
103,525,
87,250,490,
545,380,
229,414,396,
268,465,
503,102,113,
116,125,
107,86,
507,229,
178,192,339,3,
209,373,
360,127,
166,476,
434,434,76,
529,9,113,
61,259,
462,477,415,
444,445,
514,103,
242,465,76,
49,511,355,
157,503,
40,136,76,
36,218,
