388,258,201,362,542,
295,440,350,310,155,431,95,
80,153,213,128,417,374,486,238,
74,226,486,
420,226,137,
147,37,420,293,466,190,
379,512,413,453,469,34,354,
57,63,333,482,90,
206,353,405,41,288,403,548,15,74,383,272,89,428,299,
282,444,51,445,337,
152,194,444,152,67,372,496,60,255,509,293,
102,365,231,344,458,286,2,27,161,251,454,334,
97,418,139,11,24,234,190,445,238,
417,386,80,261,462,90,
208,231,61,523,212,449,63,508,339,157,221,541,387,
227,505,492,388,194,155,316,463,
322,271,144,
391,514,321,411,455,346,99,211,338,150,335,409,255,
142,145,10,256,2,165,42,
348,293,479,76,449,144,138,24,58,362,
216,24,486,45,
362,388,381,169,355,404,194,
261,35,114,
194,152,227,362,
352,33,415,171,92,111,395,247,
255,152,512,76,286,261,440,368,195,231,
114,99,201,503,267,543,
116,488,452,340,386,
299,145,497,228,95,174,494,508,533,195,427,
542,346,36,544,535,
37,528,366,486,147,58,387,404,
258,182,176,273,
39,460,136,66,399,362,286,103,
316,140,546,143,134,141,236,227,427,215,308,
521,480,475,201,234,
366,46,227,523,37,376,466,
370,404,245,
333,349,57,8,231,
137,321,64,444,387,95,420,72,
4,440,96,
353,34,528,482,104,
388,533,192,411,135,395,67,
143,386,399,458,266,159,
257,59,365,326,427,133,
170,449,186,80,425,
410,136,411,187,494,189,399,440,
171,32,229,283,508,25,138,301,460,352,211,186,
462,417,385,262,505,
190,124,147,10,30,
528,407,37,494,199,353,453,83,122,
198,287,213,439,43,
270,510,99,109,
387,37,137,545,497,49,187,
133,337,505,95,60,
358,33,
33,444,450,107,431,
488,346,229,440,261,323,89,344,242,
59,419,431,541,32,
139,504,483,293,318,411,460,337,444,500,97,129,466,293,387,513,160,77,459,30,
186,62,170,368,171,398,
413,379,297,280,213,
508,33,3,330,425,103,208,171,439,166,389,210,277,539,299,391,
30,397,153,166,150,
166,444,184,464,508,293,42,181,146,181,214,537,510,
486,287,80,182,194,86,275,28,411,119,216,318,
492,227,96,27,236,27,164,
192,322,24,379,
211,533,136,
117,497,440,74,
458,102,530,95,293,
67,195,
179,293,370,
180,41,479,176,
199,194,201,528,76,
474,213,469,
41,18,206,483,
10,190,142,
173,544,128,
128,167,80,8,416,284,482,183,10,173,461,429,499,333,100,355,195,469,
217,512,
348,370,546,261,231,543,366,
30,346,483,190,379,
486,37,101,
286,255,39,102,217,126,184,
336,440,345,
370,254,430,169,457,86,85,348,179,273,
67,195,388,
12,265,22,430,98,
514,333,274,310,391,298,268,323,176,479,321,
40,94,389,
411,213,90,416,463,60,391,404,347,385,395,432,72,169,
98,12,201,99,
231,333,239,
295,360,399,302,
297,452,39,387,77,72,316,413,
136,335,39,211,425,410,44,199,187,367,299,255,413,
479,535,16,348,180,257,231,
45,354,190,435,135,460,43,216,
490,149,449,333,
223,308,91,
455,391,413,435,346,503,545,7,325,
473,163,463,489,201,121,
453,528,379,307,
236,229,492,368,440,
264,96,239,
256,196,49,142,419,266,184,335,89,
74,108,114,117,389,30,
140,316,406,547,125,230,287,
18,443,388,317,171,64,385,148,461,4,41,512,397,
119,49,486,333,116,76,415,137,251,0,157,42,
196,130,256,100,418,
480,456,35,7,85,521,401,139,248,
384,432,392,234,350,347,324,201,387,
210,508,
251,119,244,
295,546,33,462,288,287,
80,8,100,166,317,170,27,
346,391,427,227,440,488,129,30,262,133,113,509,
337,139,169,133,416,127,148,517,282,
49,502,354,85,307,125,119,542,25,327,323,271,234,256,153,
89,113,206,
305,546,145,
444,491,429,152,178,282,416,166,297,33,41,7,107,159,185,444,449,
176,104,242,543,532,258,
3,508,326,317,524,
63,208,367,374,201,504,155,57,507,
510,270,25,72,7,24,166,498,
317,327,18,152,
505,229,
25,112,45,499,171,510,
497,299,387,323,366,505,519,301,
334,217,227,102,
30,66,139,74,
150,416,
487,213,440,319,275,
230,229,177,
229,230,41,329,437,171,7,48,214,505,392,488,187,383,325,236,256,
169,113,362,512,39,
318,407,486,322,
99,293,98,270,133,
181,104,166,
496,299,152,533,398,406,214,247,
299,242,40,496,109,406,451,470,206,
419,256,59,119,333,508,
489,51,265,473,195,437,
469,474,415,
234,121,331,63,89,60,250,90,49,230,505,97,463,58,16,381,497,
242,176,7,298,488,
187,136,
492,25,427,
505,223,497,234,523,133,120,224,77,478,284,
91,428,223,
100,461,80,374,518,
439,508,59,198,490,473,
86,486,247,
544,245,101,267,
99,114,
82,449,546,440,9,
262,462,346,469,
94,4,40,152,420,530,
461,87,100,297,
346,486,549,59,49,509,347,455,542,56,
231,213,483,399,208,486,190,1,30,440,66,161,223,
440,231,386,120,368,336,255,331,
389,508,90,498,40,133,524,74,
430,486,370,261,12,357,
182,535,479,75,367,258,57,
428,91,206,161,
112,121,547,2,
51,489,
411,333,486,495,176,273,
397,18,30,231,287,122,166,
287,140,350,535,198,295,409,537,
113,476,89,169,346,
374,80,63,197,46,100,288,
449,415,51,323,82,208,170,368,490,
322,192,138,139,409,318,
96,360,116,166,264,51,4,492,244,
195,349,79,67,325,67,331,344,
189,410,415,
535,542,479,
125,130,153,
7,229,480,212,444,63,242,38,338,268,
153,114,135,486,30,10,80,227,250,320,51,125,49,
59,87,346,35,330,324,244,257,439,322,36,
429,444,128,214,42,176,
533,388,104,211,114,530,166,496,299,
546,90,316,24,305,295,473,482,413,
463,85,166,473,227,76,234,207,233,234,248,
76,463,348,233,199,207,478,
33,293,250,508,109,199,352,295,357,83,487,358,
325,229,72,195,455,491,
144,491,297,348,322,302,129,
431,57,360,175,63,33,371,
472,535,545,166,
214,429,275,239,
239,231,479,214,264,545,38,
49,350,346,387,
226,60,420,74,549,
404,411,90,42,370,
407,113,340,363,15,220,113,528,331,318,385,
34,379,112,202,469,353,470,
368,449,440,236,
10,215,507,34,85,438,544,20,190,433,37,25,543,353,362,316,345,520,209,72,399,527,201,20,
39,125,297,135,137,404,197,169,
213,231,198,405,392,530,487,80,126,411,532,227,212,251,309,
475,35,498,521,90,266,
415,189,469,87,449,352,256,
190,231,97,
499,25,360,
190,482,45,339,
486,346,284,269,317,153,313,197,442,268,231,163,371,21,333,50,430,71,74,470,146,
365,257,145,102,
410,63,
50,57,175,
473,546,326,223,
76,255,119,271,78,
507,63,10,
201,384,388,10,212,15,114,98,449,451,473,104,227,239,521,
90,432,294,411,335,121,133,389,404,546,338,
505,462,227,217,
166,440,235,80,190,96,151,171,498,201,543,
535,472,184,60,452,180,
367,136,
244,59,64,275,
2,235,47,124,187,405,112,
104,386,181,176,243,533,353,524,201,
145,299,365,142,85,58,
326,186,442,35,490,257,3,498,473,3,
130,497,512,223,125,149,530,505,196,108,116,546,
333,98,128,107,144,514,544,399,422,52,108,391,63,99,280,50,57,411,419,490,
227,366,271,346,95,123,213,24,375,440,155,334,526,
129,490,346,159,470,144,
41,180,
245,365,243,491,370,544,57,
8,109,128,80,386,522,399,333,
440,494,166,451,301,197,27,380,497,422,57,488,104,487,15,4,295,333,410,236,
121,234,112,473,
483,121,41,153,139,499,274,231,121,173,268,430,473,398,416,166,30,521,211,
213,385,413,155,10,125,34,474,113,
57,245,247,431,4,50,197,182,547,
360,547,271,265,96,413,431,432,499,295,36,27,
207,463,76,
271,360,98,227,111,246,471,192,322,440,49,482,76,
494,299,440,410,363,450,319,
440,346,271,117,418,227,46,135,
51,153,184,96,282,
224,505,
114,261,74,376,90,153,150,341,168,288,269,437,442,339,533,
512,217,8,470,130,255,117,245,379,122,311,121,240,467,50,18,543,169,
293,139,147,46,
399,10,295,39,77,231,219,
109,33,440,74,164,40,
319,487,494,
385,213,432,407,186,18,132,462,35,411,0,331,
416,150,247,
265,12,360,126,489,283,197,
503,455,114,275,
149,490,130,338,401,
350,454,135,295,232,287,537,49,171,
376,366,181,100,371,
197,374,57,39,265,
95,133,295,
338,293,391,149,7,
261,9,430,255,488,78,255,280,
135,45,350,440,153,534,367,
345,209,336,
60,462,226,152,
488,116,251,464,
479,514,239,368,409,
247,86,416,57,508,176,
530,94,213,109,
293,35,125,86,99,33,166,179,338,146,221,348,95,152,220,458,
543,166,512,176,
449,201,444,
451,299,201,
495,166,163,411,
399,8,410,
404,39,363,
545,455,239,161,
188,
238,80,97,
539,508,
466,366,
42,166,119,
171,18,350,
464,166,488,
502,204,185,
101,486,544,
138,322,348,
201,166,199,
404,37,308,362,
335,391,256,
135,388,39,
368,479,255,
223,231,161,
459,139,
163,473,495,
420,94,147,
217,334,416,
40,299,109,
491,325,144,
152,94,317,
7,455,510,
161,428,102,545,
35,261,475,
217,286,505,
9,82,261,
175,431,50,
437,489,114,
355,128,362,
280,413,261,
490,326,439,129,
380,440,
109,8,
195,255,489,42,
409,391,479,
267,114,544,
469,262,34,
387,384,208,139,
72,325,137,411,
537,166,350,287,
386,104,440,547,
42,404,195,142,
331,407,195,
413,136,546,
445,282,97,
297,144,444,
390,512,375,31,
177,230,
363,404,494,366,74,
398,186,496,
251,488,102,
89,256,488,
103,39,
371,376,431,
181,376,166,
321,137,231,
462,60,295,
24,192,216,
498,510,166,
339,114,208,190,
497,117,234,
176,247,180,
2,102,
331,440,385,
111,271,352,
532,213,176,
530,533,458,
139,322,480,
287,486,397,
482,190,353,
112,25,34,
266,256,475,
251,213,
256,229,415,
166,533,463,472,
366,497,348,
545,387,472,
78,261,76,
395,411,352,
386,417,116,
240,512,
308,316,223,404,
275,486,214,
223,505,473,
184,535,256,
133,389,346,
427,492,316,
463,411,
302,295,144,
146,166,486,
444,444,137,
469,128,379,220,
273,370,411,258,
161,231,223,
159,129,143,
220,293,469,
268,514,7,
440,82,109,
164,492,109,
416,217,337,
367,135,63,182,
248,463,480,
109,270,530,
133,257,99,
381,234,362,
284,505,128,
166,397,495,
327,317,49,
95,458,137,
46,440,293,
470,129,34,
518,100,
379,30,192,
431,59,295,
478,76,505,
125,213,293,
362,39,348,
227,201,153,
176,514,429,
255,261,391,
508,419,247,
473,483,439,
92,352,
301,171,440,
427,299,257,
27,102,440,492,
77,505,139,
87,461,59,
24,348,510,
41,229,444,
212,
535,287,182,
549,346,226,
155,295,227,
388,18,227,
257,479,
299,136,
231,321,479,255,
165,142,
169,337,411,
363,
100,376,196,
60,133,411,
344,488,195,
454,350,102,
32,171,59,
234,463,521,
309,213,
16,479,234,
108,130,74,
482,128,57,
354,379,49,
524,3,389,
274,514,
247,352,496,
432,384,360,
187,387,410,
275,244,503,
36,59,
298,242,514,
116,130,
122,397,528,
233,463,76,
418,196,97,
184,166,286,
126,213,286,
546,130,
288,374,295,
