535,246,257,532,
253,448,525,42,260,239,388,179,214,127,43,
421,992,523,419,118,222,263,532,
454,75,8,470,210,223,
388,253,
151,78,304,133,102,104,174,367,90,281,
86,3,8,404,489,266,437,243,313,73,405,445,495,523,
44,881,572,
881,132,35,155,44,249,217,354,129,259,522,
547,847,33,36,181,311,
992,149,464,161,421,315,381,549,523,
111,88,292,
202,58,535,
473,572,78,
465,155,50,522,377,389,
13,187,349,
432,534,791,
119,572,187,25,131,518,
19,179,478,
155,156,170,349,502,28,514,352,
162,705,257,211,260,518,473,439,
537,598,810,403,376,217,247,297,48,522,273,497,186,
170,478,
287,187,90,127,502,
439,478,180,90,520,244,441,229,
810,537,182,186,66,
171,33,827,179,449,219,470,490,390,246,
376,200,549,84,
250,458,
522,444,446,25,501,
345,978,347,313,210,
711,8,219,
978,345,79,84,
705,162,304,147,
514,241,155,441,73,
241,441,444,524,37,155,66,188,299,
3,186,366,86,260,308,496,404,277,
179,223,19,296,219,135,
8,711,454,539,445,
156,155,
791,432,257,32,185,272,357,434,535,
674,417,129,
58,494,202,106,267,149,170,525,
438,478,
513,572,648,229,247,337,96,136,118,155,209,21,491,
478,334,19,458,439,170,438,357,441,491,495,
88,111,290,395,425,503,32,471,120,187,
980,366,142,
200,170,376,419,192,425,349,
827,36,171,234,241,536,
425,322,17,441,358,434,228,296,50,478,359,255,74,
572,513,253,21,473,53,119,203,534,44,
523,421,345,35,376,245,381,86,
187,104,497,93,344,241,249,21,13,119,147,217,355,
322,425,379,201,149,471,439,
149,992,322,359,538,
390,534,16,441,255,311,404,510,530,
534,356,390,193,432,74,108,352,513,
272,791,84,
188,382,241,
441,390,514,
257,162,791,245,535,95,168,
59,124,227,246,377,378,
247,537,513,107,
420,220,366,75,30,
444,66,241,522,252,40,185,246,313,
377,59,465,
161,51,992,197,239,
349,155,
277,3,384,192,247,203,219,520,473,
535,202,791,255,
366,3,980,8,462,539,
657,893,473,
255,390,535,
297,537,
382,188,23,
185,791,131,
489,86,214,
220,420,
239,161,
501,522,180,
53,
441,241,439,
419,200,343,337,380,
33,171,547,
357,478,791,
379,540,322,
35,881,523,
358,425,
96,513,
246,59,
239,253,
513,534,
211,162,
806,871,
520,439,277,
102,151,
51,161,
93,187,
497,187,537,
470,171,454,
755,266,
494,15,58,
241,187,514,
522,881,465,
491,478,513,
491,957,
311,547,390,
104,187,151,
359,149,425,
345,523,
434,791,425,
266,755,
246,444,
352,155,534,
313,86,444,
525,58,253,
384,277,
155,513,241,
389,465,
431,
129,881,674,
944,320,
367,151,
74,425,534,
25,119,522,
539,8,366,
155,881,
73,514,86,
495,478,86,
84,272,978,
246,171,535,
544,
53,572,
222,421,
458,478,250,
388,
214,253,489,
181,547,
66,241,810,
266,86,157,
90,439,151,
107,247,
260,3,
536,827,
249,881,187,
464,992,540,
192,277,200,448,
290,88,43,
473,162,277,657,
223,179,
337,419,513,
118,421,513,
366,622,
315,992,
179,171,253,
21,513,
329,540,211,
226,
32,791,88,
354,881,
480,180,
147,705,
66,444,
534,572,
366,420,
243,86,
349,13,200,
229,439,
43,540,290,253,197,510,
157,392,266,
16,390,
170,58,
197,161,466,
522,466,
404,390,3,
482,685,
170,490,84,
275,655,
149,58,
378,512,59,
40,444,302,
425,200,88,359,
381,992,523,
245,257,523,
185,444,
532,421,535,540,
131,119,
127,287,253,
131,180,185,
108,534,
140,75,104,263,
446,254,
516,83,528,
510,390,
75,140,454,
502,287,155,
530,390,
263,140,421,
210,454,345,
135,179,
404,86,
259,881,
104,140,
445,86,8,
518,162,119,
299,241,
30,420,
549,992,
78,473,151,
170,155,200,
376,537,
219,711,179,
490,171,
187,88,287,
253,572,
478,425,
136,513,
441,478,425,
260,253,162,
521,392,
203,572,277,
28,155,
219,277,
538,149,
334,478,
106,58,
90,287,
343,419,359,
390,171,
439,322,162,
244,439,
296,359,540,425,
9,
540,43,296,329,207,379,268,464,532,
471,322,88,
148,448,
207,540,234,
846,327,
23,389,382,
209,513,
37,241,
193,534,
8,86,366,
2,
48,537,
449,392,171,
355,187,
522,537,448,
380,419,
182,810,
21,572,187,
186,3,
256,
335,180,
36,547,
79,978,
376,523,
405,86,
241,827,
292,111,
247,277,
437,86,
76,392,
50,425,
219,171,
227,59,
302,40,
186,810,
228,425,
142,980,
549,376,
446,632,
667,250,
719,633,468,
208,345,53,544,268,486,460,381,118,283,455,509,77,142,407,182,205,56,222,342,20,374,520,260,492,9,232,140,81,103,322,24,27,84,444,102,340,356,176,
110,435,18,291,41,463,309,117,228,91,116,121,234,360,57,3,191,180,54,265,422,7,540,437,248,64,362,538,236,176,151,458,163,473,31,333,19,269,529,342,271,355,219,384,52,133,331,369,108,69,6,533,262,394,203,126,365,418,61,192,22,27,399,10,278,58,206,339,414,519,323,50,465,
454,267,389,201,
364,68,300,195,331,479,371,167,240,33,371,493,402,386,16,115,58,239,390,385,324,210,29,285,214,65,150,93,92,190,437,97,233,173,444,118,301,215,430,28,232,470,157,143,207,420,356,196,535,352,497,302,270,11,45,419,314,238,252,39,