384,363,203,
8,541,8,508,
133,333,49,206,326,166,539,62,358,61,195,540,
359,331,282,450,325,474,247,532,384,31,310,513,
486,408,346,284,269,317,129,313,197,442,24,116,163,371,443,
177,96,293,
258,210,303,366,447,474,254,517,
18,548,265,349,
309,211,487,272,475,338,390,
404,22,384,527,158,259,274,
144,528,230,114,426,307,83,514,261,528,
24,464,486,209,273,443,234,
486,331,272,129,384,
231,299,331,162,107,179,479,55,
73,342,449,519,90,311,334,370,
108,544,3,443,77,145,259,
99,239,368,466,349,88,136,
213,125,
453,76,303,512,85,460,140,71,390,269,430,359,361,
512,8,470,130,453,123,245,538,
48,434,382,416,49,507,160,72,370,
239,143,96,326,23,253,78,99,475,203,352,161,52,335,
117,532,325,
363,256,431,112,384,
342,128,327,73,
260,340,273,51,398,548,114,
213,445,
114,215,304,376,475,153,107,280,341,168,
61,210,125,252,
491,521,152,301,0,151,454,283,473,
232,352,483,546,
369,229,195,392,
298,444,515,21,289,445,
145,299,108,289,55,
306,209,454,466,442,277,548,235,354,521,393,44,
395,190,139,224,408,97,
493,227,457,513,352,270,255,408,20,
206,539,281,
436,297,74,463,
436,359,95,87,
190,395,434,360,90,430,454,481,423,532,5,457,369,
94,395,
324,153,156,210,141,104,12,117,412,194,95,538,242,227,52,477,233,294,444,
139,3,392,0,218,395,
125,35,271,485,57,416,206,335,361,339,213,85,438,88,
516,271,77,
281,360,152,0,
177,527,152,326,
229,263,360,296,546,
524,302,544,460,414,256,
303,453,521,258,358,338,
145,52,476,442,
182,
109,238,141,301,359,324,123,146,157,533,358,255,
162,231,
218,139,229,452,172,296,
340,106,153,206,260,270,406,494,73,117,16,
289,513,326,145,
312,112,311,282,
52,8,14,378,90,388,174,515,145,211,429,508,143,271,
282,27,359,479,272,
8,519,507,226,238,291,52,160,326,52,450,545,147,254,354,119,
414,54,256,139,
85,540,125,53,359,114,181,489,
44,306,462,186,143,255,
73,337,7,
281,74,27,14,325,64,522,139,300,474,368,49,206,450,408,108,201,
10,10,465,198,195,68,230,
256,75,146,87,193,548,485,11,524,414,
540,85,261,521,246,73,158,133,132,
533,355,62,136,
198,64,10,405,163,467,79,123,172,399,
191,143,369,337,
35,8,20,524,408,325,44,269,58,
513,493,119,66,
333,107,
209,486,147,11,272,322,252,438,61,
74,281,7,436,
395,113,94,65,544,487,222,215,117,350,402,139,97,
486,489,209,172,227,
181,360,85,486,
406,545,3,469,496,119,354,
62,533,10,49,476,325,326,442,355,508,133,
290,332,326,
384,414,454,146,404,350,486,
472,359,152,150,
45,107,358,
439,359,
116,179,486,323,486,
152,522,449,444,152,67,177,472,304,505,291,452,
449,370,20,515,315,426,307,66,3,410,47,537,329,546,73,152,156,405,
10,215,62,34,532,438,533,20,433,37,25,543,353,280,316,255,520,97,
440,58,331,166,451,306,197,
334,387,433,284,36,341,73,
444,49,152,178,44,416,298,54,
53,521,85,503,
179,
489,96,19,486,112,40,454,457,
445,385,221,126,45,502,418,495,230,231,64,316,103,3,175,266,213,396,122,373,256,544,514,334,
119,49,8,88,352,513,
385,331,80,407,
475,3,309,
515,477,
112,363,368,489,370,
473,352,491,
464,510,75,366,24,159,315,7,
546,333,232,301,354,545,152,333,263,
166,440,133,235,404,
333,98,128,107,144,514,544,419,546,52,108,391,63,165,
238,109,8,417,
112,532,312,359,445,372,220,
533,188,359,
266,265,
211,263,548,52,64,214,372,254,9,360,346,
358,467,514,109,267,137,365,45,303,383,196,168,425,133,256,339,
359,56,453,109,57,340,0,52,439,85,436,531,
43,80,363,33,387,257,402,203,221,472,38,
159,464,364,438,299,
544,38,128,257,8,503,
514,333,368,310,391,358,21,278,
311,73,312,
265,59,135,97,359,329,84,259,97,
434,157,434,84,408,50,87,
22,157,516,323,293,123,387,47,129,404,
466,306,265,118,506,25,31,
368,375,99,122,112,494,
303,485,8,
263,377,125,539,211,398,229,230,546,
323,380,537,116,201,163,139,299,22,7,
475,239,114,444,
548,487,306,256,211,481,18,322,496,144,260,
7,323,73,74,289,399,464,489,
16,345,340,91,234,353,523,107,
352,119,239,487,
39,410,14,456,538,210,
539,311,304,82,30,117,133,490,418,206,342,540,263,494,220,
125,515,263,
398,280,
533,10,109,256,66,208,
546,485,352,229,
299,325,539,545,448,231,459,323,109,159,331,
515,479,52,125,364,298,453,302,89,514,
80,485,187,385,
331,440,27,359,95,234,299,486,15,467,385,231,
528,444,144,72,378,474,204,
326,215,239,44,35,478,290,375,
187,80,532,480,196,474,
27,331,282,250,135,346,282,498,301,50,514,259,
434,434,48,190,
304,3,114,20,190,450,17,117,34,52,272,
44,326,35,444,165,118,
334,386,544,445,
382,527,48,442,
280,14,
404,204,468,205,278,39,463,272,162,265,217,115,166,529,456,
161,360,239,131,391,
352,546,235,315,232,221,107,493,473,196,163,256,
198,215,
544,65,108,53,547,524,379,266,21,265,336,334,338,316,
229,135,329,369,84,218,96,
14,280,237,476,44,52,281,530,457,459,12,41,372,163,39,82,227,316,539,425,
278,404,479,7,514,
215,114,4,395,189,493,375,272,384,198,326,424,401,28,397,
246,172,192,150,
431,501,250,370,83,430,265,363,402,
25,466,321,67,454,
265,404,436,266,235,443,226,18,39,
96,177,239,49,426,489,494,229,414,315,
476,145,280,117,277,481,234,
54,444,377,414,
443,315,486,24,
507,8,144,48,207,
419,333,
325,117,249,277,360,299,398,77,324,33,78,359,466,398,532,174,209,507,
483,107,153,139,499,274,232,173,430,
361,125,446,290,
425,516,230,358,117,234,351,360,14,
454,384,407,406,171,77,318,526,391,397,332,225,481,
338,544,303,
128,209,80,196,416,544,342,461,225,499,333,
265,544,431,55,
485,125,31,256,316,80,303,546,
322,125,13,
293,35,22,270,
146,109,394,78,545,47,195,38,329,
523,16,107,478,
190,146,304,
306,129,301,440,512,301,
349,99,123,18,209,359,
107,114,352,483,286,49,252,523,16,45,333,430,405,354,245,
469,406,83,476,225,88,125,393,445,
274,487,404,
538,39,522,512,
255,230,44,10,201,
479,278,139,515,13,231,266,375,479,282,143,
179,116,359,460,
66,7,417,533,28,449,437,
5,407,353,402,
230,299,144,63,327,193,510,255,425,265,144,218,392,396,
146,384,478,250,190,293,272,
326,289,177,
532,190,359,189,112,187,417,110,110,117,325,10,20,437,
481,250,190,505,
326,133,43,397,31,304,423,72,
405,3,449,107,198,541,165,
49,133,107,78,96,125,119,346,
372,211,14,112,
377,263,54,340,489,
203,239,271,
522,538,281,62,152,23,
31,326,485,
360,440,521,537,340,281,229,136,161,181,273,
387,138,178,165,494,
104,324,477,196,391,101,410,246,286,
280,114,297,492,193,398,476,10,
84,265,
546,140,449,316,
8,35,544,138,175,303,8,48,6,366,
270,493,340,479,293,286,496,369,
315,443,300,343,96,545,464,352,408,3,
299,230,145,202,366,501,408,
95,436,421,489,482,
3,72,139,315,108,406,304,405,88,224,423,475,119,
397,454,215,326,
135,229,27,
272,486,309,
126,346,
130,512,
407,113,340,454,174,15,188,220,5,201,19,346,385,
368,281,139,514,408,
271,106,261,125,88,203,364,234,
487,363,548,237,309,512,352,274,
301,132,292,491,77,306,27,546,325,386,508,
521,436,360,41,284,413,540,463,94,491,73,188,31,38,53,5,306,303,245,316,539,
123,22,109,512,77,349,291,
408,35,395,307,87,299,
479,479,270,437,
94,40,521,462,
193,230,256,361,520,41,394,
250,210,481,429,527,146,431,313,
174,407,325,
359,265,533,472,329,196,
443,58,265,79,108,
210,39,287,502,410,258,61,411,351,250,
139,479,483,368,293,318,411,460,34,444,414,
201,323,407,223,39,204,52,541,
66,527,513,
527,56,177,250,404,382,66,370,
364,159,515,
28,66,215,
209,24,128,306,
474,258,528,187,
153,114,
72,48,456,326,
438,125,
90,73,52,
354,107,8,546,406,
460,179,15,
150,246,472,
302,515,524,
234,16,271,24,
19,407,489,
370,112,527,449,
545,546,299,
196,352,187,359,
408,281,368,
71,453,
375,326,368,
49,62,444,
273,24,360,260,
481,454,476,
269,453,35,
456,404,72,
359,179,112,349,
266,445,
129,306,
255,493,109,
531,359,
163,352,
87,434,408,436,
202,299,
457,190,493,
271,6,52,246,186,516,
31,82,
259,404,108,
165,44,387,
266,479,544,
467,331,198,
494,368,387,
360,425,211,
84,229,434,
20,304,532,493,
152,281,491,546,
489,85,95,7,
50,434,27,
225,469,454,128,
49,281,
463,436,521,
203,43,384,
391,514,161,
189,532,215,
138,387,
477,515,
245,107,521,83,
196,128,358,104,475,
486,116,181,
143,44,239,479,
446,361,
503,544,53,
7,278,66,
325,35,
322,209,
58,
430,483,
454,491,190,
438,209,159,
304,326,152,
417,238,66,460,
514,144,515,
61,133,209,
56,527,359,
97,395,265,
230,10,263,
211,309,
514,445,27,
13,322,
178,387,
204,201,528,
512,306,487,
494,96,340,
445,112,
337,73,278,
272,404,146,304,
39,404,201,
450,304,281,
72,528,3,
75,464,
301,109,306,
119,406,3,
83,469,
353,16,5,
339,358,125,
478,146,326,523,
386,334,301,
132,301,540,
402,5,431,
140,546,453,
55,145,231,265,
513,359,289,
457,489,
171,454,
329,229,
79,443,198,
516,22,425,
346,486,211,126,
0,139,281,
21,514,298,
454,489,25,
218,230,
227,486,14,
530,
366,258,464,
129,486,
172,246,218,
110,532,268,
510,230,464,
423,326,3,
293,177,146,
73,540,521,
234,425,476,
444,475,
23,522,239,
296,218,229,
97,395,10,
78,146,49,
307,449,408,
48,8,
369,270,
41,14,193,
437,66,532,479,
83,431,144,
460,453,139,417,
346,407,49,
321,25,
64,211,
316,14,521,
505,481,152,
355,62,533,
38,544,521,
123,198,
445,298,469,
256,358,352,
136,533,99,
209,325,349,
350,384,
172,198,486,
333,546,133,
125,469,322,
408,486,493,
390,453,309,
316,544,546,
6,8,271,
52,304,239,
338,309,
370,73,48,
462,44,94,
325,301,62,
40,489,94,
366,299,8,
78,239,
452,218,152,
399,198,7,
508,52,301,
394,146,193,
289,298,7,
165,333,405,
291,152,123,
482,95,
88,99,119,
429,52,250,
501,299,431,
186,271,44,
396,230,
15,460,
136,360,
143,52,191,
278,507,337,
58,440,35,
89,515,
117,304,476,
327,230,342,
195,10,133,
192,246,
414,384,96,
77,516,325,
224,395,3,
369,191,190,
52,8,359,
261,271,
508,62,8,
117,425,395,340,
34,304,139,
507,325,278,
157,434,22,
188,407,533,
412,
107,231,
254,258,211,
329,265,146,
363,487,43,
