414,476,184,519,232,244,417,
115,284,474,417,465,234,547,280,62,141,483,267,215,442,455,28,
423,176,403,216,110,99,148,436,346,380,376,442,428,
177,98,495,74,433,327,237,513,
501,168,469,168,408,116,336,507,
230,154,443,499,483,109,347,408,133,
175,515,72,3,378,374,537,439,205,
515,65,459,175,224,309,182,327,403,309,
247,445,150,499,543,339,83,155,384,
516,398,154,429,80,247,521,548,232,
298,259,511,
25,301,78,
82,295,122,
229,226,89,296,259,335,82,166,41,507,141,
384,247,404,198,298,439,3,338,148,204,536,374,97,
537,543,175,170,459,
110,450,412,75,88,40,513,
381,333,23,388,50,115,
476,80,381,414,430,408,460,
3,471,519,175,422,85,316,77,331,384,493,
105,511,159,543,
380,285,131,538,165,417,405,47,314,385,149,408,124,259,121,545,19,48,
357,119,50,121,94,333,441,228,
121,71,210,308,309,
540,78,149,504,198,448,325,386,503,443,259,
257,434,154,323,388,
471,131,523,333,76,530,
139,434,543,464,21,228,229,310,216,
387,190,548,7,95,103,324,451,174,35,549,210,272,
499,259,
431,503,39,12,322,398,
385,143,492,
103,15,195,272,410,
198,540,384,
5,339,483,260,
469,381,25,445,428,78,422,151,
103,525,443,
3,98,398,186,236,
339,61,351,5,113,413,
445,346,503,118,192,
412,79,110,342,352,507,
486,159,125,
333,434,458,114,395,509,
155,503,247,387,367,
315,39,159,
269,271,398,202,150,358,303,457,42,277,333,401,90,423,
333,465,172,359,270,151,191,471,
388,381,324,531,
154,9,286,82,230,10,113,450,537,358,129,83,
136,463,136,8,323,503,527,286,246,
250,97,36,313,225,191,104,110,
362,246,398,90,
61,339,
115,381,
82,401,229,41,316,202,433,
76,16,539,131,
259,378,540,50,411,491,284,212,233,166,61,
205,154,91,9,153,175,78,
333,335,357,325,9,471,25,
408,380,501,177,
505,20,453,
159,381,32,484,
483,115,288,422,230,5,407,130,348,438,228,
248,273,
15,103,448,
538,380,492,88,
339,98,303,534,333,138,166,54,262,342,18,20,
492,503,538,385,97,123,
543,140,339,62,113,112,167,261,121,63,530,95,12,252,497,368,537,139,118,186,
85,3,372,349,484,339,401,
381,469,372,193,438,356,24,194,
422,316,3,483,478,215,140,362,
96,478,78,83,360,190,
490,342,373,85,374,537,515,
534,187,118,110,287,125,549,324,220,547,339,374,336,2,410,155,
525,449,182,490,313,98,408,8,187,458,103,451,469,19,
129,286,430,306,463,189,388,333,
192,184,536,407,473,20,101,445,532,12,190,518,
143,100,438,385,
76,524,191,37,250,318,7,258,308,471,105,
434,184,457,77,114,212,
484,85,259,159,
357,495,39,267,14,195,217,418,521,
154,48,516,205,294,65,257,252,78,125,305,539,
499,167,212,274,168,255,392,527,247,
301,167,459,25,429,147,
403,423,515,286,147,177,54,109,163,181,8,
110,462,423,2,516,
336,534,501,471,
295,82,218,467,398,
273,122,233,248,396,174,83,181,
140,543,303,430,14,273,157,422,401,
284,115,398,263,
495,348,340,357,177,
507,501,298,467,
259,422,10,102,
346,444,439,104,333,445,311,524,367,493,470,285,519,209,536,24,443,
407,483,192,418,
159,465,519,315,105,433,486,4,
440,141,511,423,
465,445,240,421,459,98,20,71,549,85,403,531,
259,298,229,104,499,378,163,498,2,
167,543,385,146,301,423,458,499,
278,184,248,77,92,131,189,334,129,441,75,410,408,
259,218,380,476,110,475,252,484,285,
523,471,168,
493,543,346,326,
98,146,525,449,3,251,451,383,177,291,442,359,
110,259,384,
347,360,230,
459,90,467,515,177,24,11,120,301,102,6,
275,218,503,404,
519,210,302,6,3,95,159,
136,303,63,193,525,433,514,
16,75,261,451,76,151,67,
527,9,325,388,
168,501,108,380,523,6,499,174,68,
87,326,
470,458,543,366,2,260,
2,259,465,125,514,271,7,90,
358,324,163,536,327,543,236,
110,356,534,26,216,352,
451,16,539,9,84,538,
102,459,184,259,253,
162,480,225,11,318,96,
288,2,530,483,147,507,
104,259,250,98,
539,311,304,82,30,76,117,490,50,7,92,451,154,540,
25,469,172,482,118,
438,381,143,
218,9,310,91,295,259,326,351,320,538,
210,121,519,387,
458,271,233,286,470,131,420,459,311,333,155,236,333,
398,516,295,
218,543,467,275,338,441,4,
465,542,209,186,77,
65,154,515,170,
410,11,349,402,390,262,
448,540,15,
404,204,468,504,384,163,275,38,176,
89,308,131,453,
98,105,450,339,5,395,251,35,392,396,104,260,98,216,
385,482,95,280,
190,543,342,351,363,466,432,192,62,387,457,
6,131,194,168,343,8,519,
149,380,299,95,271,134,
50,381,141,357,514,307,133,539,241,298,309,259,
429,150,301,388,340,471,190,516,
110,250,443,260,215,
302,251,519,10,270,531,444,
20,157,532,102,505,339,
467,459,453,325,62,218,301,507,295,
428,102,177,21,2,
131,380,6,471,515,274,105,76,89,
482,453,25,98,301,385,36,
457,190,383,338,434,109,443,
445,45,418,230,231,464,103,444,469,247,
349,410,443,459,
23,381,
458,446,251,125,384,77,208,
284,412,249,278,11,469,65,57,500,
95,387,543,385,
453,89,482,
310,249,157,499,395,432,147,446,
465,184,115,300,159,333,309,268,2,450,341,102,299,386,26,
358,125,269,
9,118,154,529,451,527,333,
125,534,116,227,458,358,80,116,376,154,432,2,54,285,322,486,
261,543,511,198,195,16,366,343,144,388,
99,122,333,65,509,39,
77,434,278,465,
39,12,537,315,357,295,431,99,
511,440,
378,259,175,259,
464,445,74,434,272,387,401,
326,218,87,272,493,
434,186,257,191,83,511,139,333,316,408,202,
504,404,
548,516,122,
309,121,515,50,
340,429,495,
113,405,46,204,399,113,291,490,344,271,512,472,223,297,529,55,503,469,339,514,226,123,
256,503,440,441,398,
10,443,25,259,
78,540,25,135,122,125,194,96,359,306,205,542,
401,141,140,428,464,
286,217,103,239,403,533,136,223,154,198,163,440,493,129,
325,467,527,333,150,324,
32,2,163,264,249,67,464,159,174,
141,50,229,440,117,401,109,430,
360,96,347,3,296,337,358,453,
318,162,194,217,476,307,
228,139,483,
233,259,458,244,273,228,
2,398,32,534,433,341,252,246,527,253,495,367,112,284,
130,483,441,190,
177,459,209,408,
348,483,495,362,440,
122,78,198,548,273,99,82,120,531,547,
274,131,499,413,237,422,
19,244,503,525,65,380,244,
343,261,6,
459,458,465,
511,434,317,123,98,298,91,105,415,516,261,181,248,263,362,
172,25,333,
9,182,218,205,188,179,7,159,382,
373,442,490,373,
284,2,349,
7,387,9,539,2,
184,102,6,278,414,434,245,25,117,181,465,38,285,403,
443,103,10,230,155,435,407,48,110,534,547,349,
338,384,457,68,88,442,218,40,
335,229,462,333,3,
374,175,490,90,20,166,384,534,343,
432,310,125,343,
543,482,25,470,218,247,105,493,
95,530,519,460,149,
530,288,543,153,471,95,
244,96,382,19,516,233,
384,458,110,
503,136,55,155,256,492,14,445,275,72,19,250,7,71,431,280,540,
324,208,358,210,141,18,12,117,284,194,440,
516,511,244,
450,182,98,268,507,105,110,380,154,270,465,63,
174,387,168,
308,121,442,89,76,
537,490,39,
25,10,184,333,
90,362,374,2,
376,125,
388,429,129,527,4,
527,499,136,
536,384,192,
538,218,451,
186,543,434,465,3,
271,458,525,
150,247,325,429,269,
500,284,
356,110,
125,78,
155,443,458,
342,490,527,
298,384,50,
246,136,2,362,
209,177,465,
195,357,103,
303,136,339,
98,482,465,
323,257,
398,431,256,
241,50,301,
439,384,175,
525,136,271,
408,230,434,525,
41,82,229,
96,244,162,
166,229,374,310,
167,196,102,
442,115,373,
177,428,403,
395,418,102,118,
412,284,
460,95,476,
280,503,385,
153,530,205,
349,85,284,
97,384,492,
65,284,209,
410,103,278,
294,154,
442,338,
285,
252,259,543,
11,410,284,48,162,
444,445,
2,288,428,
301,467,482,241,
121,357,
383,98,457,
146,98,167,
131,458,278,
198,286,122,
327,358,515,177,
102,428,465,395,
469,501,284,547,
208,458,324,
249,310,32,284,
507,288,412,
129,154,278,
536,358,157,346,
285,346,
367,155,2,
4,218,159,388,
68,168,338,
190,429,96,130,
418,395,357,
36,482,250,
215,115,110,422,
155,534,
194,78,6,
464,32,
133,2,230,
316,434,3,
306,
28,115,
453,505,360,
105,131,76,
92,539,278,
18,339,324,
189,129,278,
12,543,
368,543,
380,423,168,
531,302,122,
199,285,360,352,
7,503,
270,302,333,
65,99,19,
333,458,129,
77,3,458,
226,229,
284,259,324,
71,465,121,
237,177,274,
343,374,432,
298,507,
195,261,
359,78,98,333,
433,177,159,
163,259,404,
12,431,33,
479,
151,469,333,
478,422,96,
405,380,113,
310,218,139,166,
80,516,476,
440,256,348,
88,338,110,538,
325,540,
226,113,
174,273,32,
102,20,167,
236,358,458,3,
442,98,423,
422,274,469,259,
331,3,
362,422,511,
232,516,414,
387,155,464,
26,465,110,
381,159,476,
148,384,423,
333,381,99,
413,274,339,
251,302,
322,125,431,
398,421,362,398,
33,12,
147,288,310,
271,149,2,
417,380,48,414,
459,537,349,
527,342,2,
493,286,3,
471,3,333,336,
285,184,259,
8,6,136,403,
514,136,50,
272,326,387,
244,414,19,
401,85,82,
123,492,113,
262,410,
433,136,82,
48,380,417,
440,324,286,
157,20,310,
428,401,423,
40,110,338,
543,190,358,
352,199,110,
181,184,273,
14,503,357,140,
296,360,229,
83,273,154,247,
3,360,335,
430,476,141,
260,5,470,
499,310,230,
67,32,16,
438,483,
98,98,511,
423,269,440,
395,333,310,
509,99,333,
441,256,218,
339,247,85,
519,414,346,
388,257,261,
212,499,434,
398,2,3,284,
118,25,
386,465,540,
78,154,469,
116,125,501,
114,434,333,
118,543,445,
548,387,
229,139,
443,457,103,
446,458,
382,9,244,
430,129,140,
170,65,537,
263,511,284,
408,476,278,
216,139,
181,403,511,
248,511,278,
531,465,388,
194,381,318,
74,464,177,
253,102,2,
358,360,154,
109,457,403,
444,302,346,
324,534,388,
176,404,423,
403,465,184,
307,318,50,
418,407,445,
38,404,184,
515,131,490,
462,335,110,
21,428,139,
163,403,358,
90,269,459,
498,259,
513,110,177,
228,357,233,
225,250,162,
521,516,357,
91,205,511,
216,110,98,
120,459,122,
75,278,110,
85,490,465,
337,360,
202,82,434,
