484,446,351,233,165,139,61,
402,198,97,511,269,114,521,203,
204,55,446,322,152,
449,446,22,345,188,353,
66,417,
504,191,319,26,2,
422,165,11,271,115,312,217,547,277,
156,89,540,312,445,302,218,
457,158,190,489,78,477,123,277,378,16,
191,71,447,504,188,443,
540,156,503,387,
495,536,359,34,150,270,304,442,
423,396,321,216,342,318,99,317,113,346,286,
525,288,449,372,182,490,313,98,8,145,357,469,
14,145,543,240,75,
469,317,
211,366,503,549,307,101,280,226,
127,473,503,313,359,390,359,408,458,522,
198,343,9,16,298,525,172,434,268,533,
455,417,479,
146,319,390,387,58,84,
172,75,380,507,480,
442,60,540,22,499,411,441,288,318,506,269,373,
279,221,471,547,163,
507,190,161,338,296,387,539,175,293,504,
145,525,268,299,101,14,302,
76,448,334,351,359,131,299,483,498,412,358,
371,220,417,517,257,48,541,255,
15,152,419,
489,457,480,60,
162,338,271,482,458,457,216,137,203,
345,360,289,58,449,22,101,459,470,175,433,459,
161,319,322,288,
174,75,472,209,439,524,
448,161,106,310,68,41,153,540,312,444,
257,318,226,122,211,525,479,485,57,
492,271,471,306,18,131,26,24,27,399,
443,245,186,483,297,206,493,442,
306,492,425,
161,448,507,425,296,122,420,503,25,397,
376,324,392,357,421,228,238,469,211,
350,190,534,180,346,228,540,473,471,
36,231,279,
503,102,190,218,240,13,390,302,190,540,496,110,261,
217,319,422,
226,106,186,24,496,257,2,216,211,
125,57,305,297,536,150,
359,427,127,357,495,333,
322,161,204,442,357,
345,190,534,30,285,211,23,503,149,
335,324,75,124,459,410,414,149,338,389,169,331,
343,288,218,55,546,180,394,270,198,253,417,
508,296,167,28,462,
216,190,30,310,302,363,116,267,387,477,
113,328,423,390,231,424,545,76,150,175,286,70,68,216,295,287,
238,376,271,78,305,116,
269,446,398,41,461,454,381,179,457,442,42,149,
293,270,462,149,337,458,79,165,377,485,
380,172,439,428,165,27,79,270,503,314,504,288,130,443,
471,492,538,340,426,307,279,42,
543,140,354,296,296,14,112,167,404,
277,38,322,494,149,422,230,
238,259,122,447,483,
549,319,394,0,89,106,110,248,
312,504,444,318,
463,165,484,549,61,372,
58,345,
297,425,390,85,443,26,118,
374,480,312,300,26,469,167,531,
462,387,312,235,534,293,
22,345,449,446,
271,317,536,
167,237,147,296,23,508,
332,351,239,459,494,
288,296,546,525,343,113,9,41,439,380,372,
260,235,16,216,203,
99,533,72,490,354,71,199,412,149,286,130,312,344,26,361,459,
295,113,192,
2,88,312,94,226,211,504,408,465,
305,125,75,238,
9,319,192,
41,546,288,269,
480,405,529,374,32,408,420,250,71,214,338,79,149,489,160,
342,338,
55,271,343,192,447,113,204,277,149,522,
183,473,545,231,
296,288,543,543,
496,503,480,434,
357,425,359,
425,346,297,262,461,306,355,357,166,515,301,339,494,
152,372,387,18,545,15,204,
338,32,180,162,381,30,507,414,296,342,
270,380,250,293,490,343,40,506,
11,515,422,424,377,
262,425,536,182,
165,289,484,161,192,421,
324,339,384,535,103,249,40,376,335,16,190,467,
539,387,340,304,
444,513,448,312,397,532,349,
536,271,446,495,198,262,52,202,257,537,
461,255,29,267,
316,75,198,285,
417,343,315,371,
240,394,48,130,14,346,
30,216,345,
194,224,198,43,59,9,
417,223,484,71,131,488,440,201,
521,107,445,449,
235,302,348,364,473,311,35,260,430,198,196,133,455,
394,443,110,240,549,410,475,180,375,
504,271,380,415,289,165,204,218,46,312,495,58,397,66,507,499,
41,448,124,184,477,166,439,160,412,231,
138,84,32,83,13,463,542,421,
27,492,380,
472,361,175,174,477,483,113,84,328,
57,251,305,66,321,293,67,18,259,257,
449,521,
115,422,
23,345,
83,515,31,299,198,138,465,392,
289,345,431,7,231,431,165,504,425,545,
532,28,71,346,444,
546,32,41,357,
387,296,372,12,72,348,152,507,494,99,475,394,266,539,378,64,248,146,540,462,216,465,196,
317,417,325,264,299,184,373,447,530,271,469,399,45,423,398,330,190,261,
366,211,442,
351,76,271,286,343,387,484,534,417,332,216,533,37,376,300,
346,425,439,180,445,471,524,240,
399,190,220,494,151,530,414,40,465,
420,354,161,
538,471,
140,543,
231,169,289,113,36,183,231,41,
198,194,402,269,151,536,257,
45,317,34,398,149,36,250,98,454,
329,299,97,109,293,48,303,
446,536,354,449,192,188,483,314,204,250,
75,428,131,174,415,73,335,441,235,315,316,439,305,357,14,
158,253,457,419,
421,217,29,295,395,105,47,250,287,285,317,262,462,138,
312,448,194,99,334,404,264,156,2,546,212,399,374,
363,155,355,216,300,24,254,404,318,412,
240,503,0,229,490,133,286,218,96,526,412,
48,371,193,420,425,499,500,
340,471,539,
190,507,345,216,350,262,399,351,324,312,466,357,457,503,
459,345,332,
477,457,299,216,303,113,
203,190,277,131,260,99,
319,458,331,32,146,549,161,217,504,9,216,377,522,545,
307,211,471,515,185,301,
262,190,421,
271,351,504,32,145,162,492,55,96,180,286,422,89,238,338,
296,144,167,387,463,343,528,193,525,257,508,351,445,234,507,16,192,355,175,543,293,211,414,215,349,371,133,
390,473,503,113,73,155,301,64,146,127,545,
35,235,62,139,
342,423,192,373,
131,417,492,203,439,
9,288,198,218,340,188,179,192,194,
300,113,445,374,203,371,
84,333,498,70,139,113,433,503,530,138,299,179,394,472,
192,75,254,286,296,9,295,541,55,20,303,342,427,79,
446,423,269,137,484,2,137,131,135,549,
186,280,181,390,207,373,113,460,443,
198,235,48,347,316,26,214,344,406,46,107,500,
16,526,296,203,1,260,253,457,26,
417,441,317,455,247,433,66,334,
216,162,319,351,
29,421,412,461,
71,533,74,496,191,169,216,194,315,532,
18,492,235,152,
299,18,83,48,203,329,317,166,477,145,133,530,69,153,
165,534,139,501,463,307,422,286,209,253,
541,371,192,38,229,521,543,
259,238,231,304,358,482,
447,191,55,
354,99,37,113,446,434,312,543,420,193,57,150,525,535,
439,288,75,147,399,218,18,
459,473,426,4,251,11,426,481,190,118,286,39,130,2,
113,288,46,204,399,113,291,490,344,477,472,223,297,300,
48,308,299,329,198,415,282,289,240,512,62,
534,165,511,350,500,287,542,305,267,549,
445,375,298,373,45,296,521,300,230,
298,445,198,
78,96,457,238,135,
372,382,387,406,525,201,152,18,480,
473,459,183,40,279,127,
133,526,299,
534,345,462,395,
43,194,
32,230,138,338,330,450,230,546,319,253,
337,293,
267,216,
461,269,425,418,
480,496,
357,190,546,59,
277,55,203,
149,293,480,277,
124,335,41,340,
30,338,
280,211,
96,271,78,549,
503,345,161,
110,394,549,503,
184,317,41,
355,425,
286,192,99,
1,16,
458,162,
2,331,193,84,433,
257,371,296,396,42,198,
123,457,
97,402,542,
116,440,216,238,
235,75,82,
153,299,498,
268,198,145,
389,335,
155,390,
188,9,449,31,446,191,
122,257,238,
479,257,455,131,
269,198,402,
495,504,
482,259,
250,270,45,446,
149,55,335,
102,503,
98,525,
73,2,75,
482,162,
46,64,458,504,66,
286,240,165,
269,40,537,
149,45,
186,226,
483,443,76,
547,279,422,
439,380,131,
211,296,376,39,
253,16,165,343,
196,235,387,
545,390,113,152,
64,390,387,209,
322,277,
286,351,113,423,
190,459,503,317,203,
425,48,289,
106,549,226,
542,534,138,97,
431,289,
26,297,374,504,
175,472,113,
218,240,503,156,
293,329,296,
165,293,
458,46,319,
485,293,257,
377,319,293,11,
16,198,
473,235,390,350,
373,342,317,
522,127,319,
458,127,293,
211,2,345,
507,446,450,172,
346,350,
131,75,446,479,
60,489,442,
443,394,380,
218,439,9,504,
84,146,2,
231,259,231,
494,399,277,
347,198,
57,354,125,
288,442,161,
304,259,495,
399,439,492,
371,296,300,304,
392,376,
412,29,76,240,
209,174,165,64,
289,48,
254,192,
99,312,387,203,
511,534,402,
321,423,
475,387,394,
211,257,
483,472,446,
340,9,124,
259,57,328,
419,15,158,
302,145,156,
312,354,462,
459,335,99,
334,417,
447,317,238,
443,191,
192,165,9,
305,57,534,
139,484,35,
545,289,183,319,
169,231,
167,543,
414,296,335,
397,444,161,504,
40,399,269,
498,76,153,
193,48,2,
59,194,357,
457,162,
304,539,371,
434,496,198,
440,417,116,
285,345,421,316,
540,442,
381,338,269,
318,257,442,312,
421,376,165,
107,521,198,
441,75,417,
506,442,270,
428,380,75,
442,322,366,
303,329,192,477,229,
450,182,32,98,268,507,
446,
525,257,198,
537,269,536,
312,99,190,
245,443,
205,131,
408,2,127,
180,346,394,
465,399,2,387,
515,307,425,11,
312,422,
328,259,233,418,
221,279,
89,549,156,271,
13,503,138,
375,394,445,
109,329,
62,48,35,
396,423,257,
79,480,380,
410,394,
454,269,45,
24,492,226,
301,425,307,
424,113,11,
58,146,504,
331,335,2,
378,387,457,
543,296,541,
308,48,
500,534,48,
149,269,345,
524,346,174,
471,350,346,
79,192,293,
318,423,363,
233,
373,442,445,
160,41,480,
404,312,543,
220,371,
338,271,
235,18,462,
147,439,
130,459,99,
248,387,549,
293,57,507,
357,376,75,
398,45,317,
427,359,192,
358,76,259,
521,402,541,
185,307,
98,45,450,
216,113,
25,161,
75,172,192,
2,459,73,
26,198,99,16,
18,57,372,299,439,
71,417,
349,296,444,
201,417,372,
40,270,473,
533,99,198,
61,484,
535,354,
130,380,
66,57,504,46,
296,161,338,
68,448,113,
266,387,
101,145,
214,480,198,
425,161,
433,417,
229,541,240,303,
133,235,296,
277,457,
420,48,
39,211,459,
357,322,525,
372,463,288,
394,387,343,
339,425,
34,495,
483,238,
169,71,335,
503,211,380,
253,32,158,
255,371,461,
135,78,446,
216,260,71,
442,443,495,
267,461,534,
315,75,71,
522,55,
457,
38,541,277,
150,354,495,
179,269,
247,417,
439,41,
233,328,484,
96,240,
445,346,156,
525,354,
70,84,113,
477,41,
415,504,48,
26,492,
52,536,
279,36,473,
494,387,425,332,
230,277,32,
28,508,532,
395,534,
46,198,
257,536,
469,525,374,
549,446,534,
433,345,2,
