491,19,13,45,500,460,
421,40,45,260,531,171,105,234,35,
514,220,388,33,466,496,66,219,526,404,
391,220,500,127,361,499,158,304,541,372,437,
190,337,416,
21,2,459,210,45,398,
202,353,343,533,503,
354,211,89,135,223,233,464,
18,535,7,236,198,253,289,498,37,499,462,
531,421,
286,197,26,351,359,380,
324,278,361,
36,221,
155,283,881,328,395,325,275,544,103,480,68,
76,370,220,
437,345,296,278,102,227,32,256,233,181,113,505,411,313,305,132,534,534,56,
37,146,233,130,536,468,109,19,42,18,192,513,
220,62,46,514,17,301,391,116,99,266,348,76,113,153,102,348,
499,391,18,329,
511,26,348,399,479,
351,458,
27,306,486,229,154,530,84,39,436,409,343,192,310,
68,479,155,468,498,377,529,
88,19,456,399,260,
460,91,491,
414,12,173,171,468,505,378,
87,211,363,292,279,400,504,489,21,547,
388,248,196,82,295,466,157,15,317,295,533,127,514,537,510,490,
367,41,348,390,
386,406,377,119,68,346,
301,220,342,59,531,425,479,43,
180,147,
145,32,493,155,370,399,114,233,395,260,214,409,
317,445,253,15,540,3,176,541,365,81,532,
41,291,306,367,463,449,
84,32,27,
397,535,326,210,425,316,
116,325,377,
65,337,116,160,106,398,443,184,233,344,
377,59,247,336,494,220,58,286,45,169,406,18,
170,367,460,366,12,404,
283,17,456,38,343,166,317,507,114,
148,277,91,364,301,234,28,38,213,462,
229,27,881,165,
328,346,155,543,214,286,165,423,
417,438,325,
255,68,154,357,263,524,134,160,515,
480,155,144,360,101,11,312,420,
6,462,337,329,119,510,270,
465,390,217,167,318,118,118,214,63,
370,145,59,439,500,467,
525,244,12,68,513,
59,124,61,227,377,130,279,492,360,486,157,447,370,186,537,
250,146,15,528,
99,220,524,449,526,490,
154,255,27,
530,27,289,534,
246,201,224,
507,283,5,
233,145,541,
233,354,342,202,458,
337,146,380,504,
434,51,16,508,500,343,453,278,483,537,253,316,156,
325,438,155,157,414,105,124,116,370,178,417,78,55,340,324,
221,337,12,36,135,146,118,288,316,28,276,
38,224,283,197,
7,364,18,219,179,207,
342,233,
535,18,397,76,255,
500,391,434,
133,373,147,216,192,317,338,296,
248,430,178,174,
211,354,394,143,87,419,489,448,306,
530,203,2,
102,437,220,541,
169,256,377,498,531,380,
5,19,317,
278,434,324,265,
316,397,221,
15,317,256,388,250,253,184,457,
361,337,181,491,123,409,411,
132,222,437,
541,391,317,88,102,94,233,270,371,
288,222,221,381,
178,348,248,528,153,239,325,398,113,467,
26,455,511,84,170,286,234,
118,465,
543,121,328,456,
222,389,288,426,236,132,214,270,
263,255,
317,388,325,283,5,266,438,61,81,246,319,395,
233,37,226,
324,19,147,
32,437,145,316,95,106,84,434,537,447,340,
223,383,354,453,
166,191,283,
533,388,186,376,393,304,201,179,
360,59,88,480,385,432,
28,100,381,
207,475,120,235,412,289,
503,202,
100,357,466,87,459,225,28,58,536,547,373,
346,386,130,459,
430,248,295,
381,414,28,288,
12,224,221,113,197,525,399,130,46,213,540,436,
547,439,537,
337,457,45,361,190,364,65,138,221,6,253,293,112,445,2,116,445,479,
370,325,324,251,438,
438,312,325,420,448,243,413,496,355,404,463,417,
130,216,37,113,346,372,371,
186,59,533,156,184,288,207,453,
167,465,
881,132,155,367,199,217,119,136,337,259,90,231,154,376,229,321,174,299,285,399,
91,148,71,285,460,122,56,225,119,509,516,528,
203,322,363,530,
5,127,21,449,475,504,507,124,
456,283,88,113,460,474,543,502,
439,346,180,284,516,0,547,370,336,46,
71,91,445,
192,37,133,27,236,265,
370,76,19,443,146,
19,97,260,529,120,270,810,88,127,324,321,37,173,288,5,
243,438,224,56,148,353,366,344,
147,447,192,133,180,324,233,45,291,
399,145,881,66,144,174,268,463,445,
138,337,399,
146,13,505,37,466,13,337,277,250,523,445,359,513,
224,38,522,236,246,149,253,519,
124,325,280,387,290,519,5,426,528,389,458,
524,255,99,
377,386,68,
348,35,298,220,178,131,367,332,232,
526,504,501,494,
411,409,423,
486,27,59,393,
3,317,
288,186,19,
324,325,370,
519,124,224,
171,414,421,
357,255,100,
109,37,
106,65,32,
286,328,
526,514,99,
68,386,
458,124,233,
532,317,
191,166,
342,301,
55,325,
537,434,547,
460,456,170,
468,414,37,114,
466,146,514,
395,145,317,299,
239,312,
120,19,207,
66,399,514,
196,388,
409,361,27,525,
462,
458,468,367,351,452,56,
501,526,
479,337,301,
202,127,18,233,
536,100,37,
504,526,
380,19,491,345,515,
28,221,148,
426,124,222,
174,881,
277,146,148,399,
398,65,178,21,
17,220,283,
140,
84,26,
226,233,
246,317,
81,317,317,
118,221,465,
268,399,466,
466,388,268,100,
127,202,
345,437,380,
68,255,525,
312,239,
363,203,87,355,
447,32,116,147,
295,430,
449,41,
276,221,
21,5,87,
58,377,100,
322,203,
260,88,421,145,
389,222,124,
304,533,391,
329,499,6,
265,192,278,
438,370,317,
515,255,380,
343,202,283,
116,337,447,
40,421,
523,270,
135,354,
414,381,325,
420,438,
90,881,
416,190,
377,116,
310,27,
232,348,
353,202,243,
463,41,399,
523,146,
336,439,377,
253,15,224,434,
127,19,
496,514,438,
547,100,87,
505,414,437,
522,224,
504,5,
537,59,388,
399,88,12,277,
404,170,514,
489,87,211,
516,439,91,
359,286,146,
490,388,99,
448,211,438,
361,391,
219,7,514,
210,21,397,
270,222,541,
315,
63,465,
225,100,91,
213,12,148,
192,147,
119,91,6,
306,211,27,
216,133,130,
534,437,530,
12,414,170,
513,525,146,
113,12,437,
135,221,
425,397,
45,377,421,
224,12,381,
156,434,186,
144,399,480,
174,248,399,
366,243,170,
346,328,439,
445,337,317,
332,348,
290,124,
113,456,381,
13,146,491,
56,437,91,
227,437,
443,65,370,
510,6,388,
114,145,468,
19,491,380,
445,399,71,
255,535,
2,21,337,
234,421,
289,207,530,
33,514,
157,325,
38,148,126,
295,388,
475,5,207,
45,21,491,
11,480,
321,19,881,
406,386,
285,881,91,
119,881,
275,155,
206,
214,328,222,
467,
149,224,
296,133,437,
453,223,186,
479,511,68,
233,65,147,
214,465,145,
18,377,202,
179,533,7,
437,391,
344,65,243,
528,91,250,
312,480,438,
399,511,138,
184,15,65,
197,38,286,
165,229,328,
528,178,124,
404,438,
445,337,146,
378,414,
449,99,5,
500,491,370,
453,434,
474,456,
61,59,317,
154,881,
19,370,
181,361,
173,414,19,
319,317,
387,124,
235,207,
513,37,
88,541,360,
201,246,533,
101,480,
266,317,
74,
373,100,133,
529,68,
462,6,148,
394,211,
459,100,21,346,
157,388,
337,881,
301,148,
372,391,130,
432,360,256,
181,437,
46,12,439,
498,169,68,
170,26,
283,155,
299,881,395,
316,32,
501,
367,458,170,
457,337,15,
236,18,224,
112,337,
436,12,27,
76,535,
126,381,
525,409,
364,148,7,
233,437,
153,220,178,
123,361,
326,397,
224,243,
493,145,
103,155,
198,18,
13,549,146,11,80,
469,
409,145,411,
234,26,148,
292,87,
155,145,
348,220,511,
371,541,130,
411,361,
343,27,434,
160,255,65,
114,283,
467,178,370,
43,301,
207,7,186,
380,286,337,
351,286,
423,411,328,
291,147,41,
383,223,
504,337,
236,222,192,
279,87,
464,354,
51,434,
425,301,
184,186,
340,32,
284,439,
148,243,
491,361,380,
253,337,
365,317,
113,178,130,
87,100,
220,377,
494,526,377,
0,439,
393,533,486,
380,169,
508,434,
78,325,
400,87,
97,19,
289,18,
127,391,5,
253,18,317,
16,
306,41,
111,
376,533,881,
468,68,
251,370,
499,
130,59,
390,465,367,
317,133,
94,541,
113,220,
361,324,
483,434,
130,12,
293,337,
56,458,243,
158,391,
16,434,
199,881,
413,438,
176,317,
146,370,
540,12,
35,421,
59,301,
325,317,
419,211,
534,437,
385,360,
127,388,
239,178,
131,348,
146,221,
25,
504,87,
80,13,
62,220,
42,37,
434,32,
