27,282,250,135,346,282,498,301,380,514,259,548,191,110,167,83,
94,395,440,509,378,
425,474,230,234,351,360,14,260,
299,230,145,202,366,497,408,95,174,
346,486,211,126,
28,90,512,
145,395,162,251,
104,324,477,196,391,101,410,246,286,429,258,294,125,89,
39,404,294,473,162,
198,64,10,405,163,279,79,123,172,137,279,338,
318,159,395,143,
408,368,527,
352,546,235,221,493,473,163,256,541,
45,90,179,82,202,
346,407,49,31,
546,333,301,403,545,455,
114,215,126,376,153,244,341,168,
152,393,444,152,67,429,304,291,452,
302,346,515,7,473,302,323,494,404,
191,143,427,27,337,115,
494,96,340,17,149,275,369,448,
505,49,10,
352,119,239,487,543,275,
184,87,85,
260,340,51,398,296,114,425,229,325,
515,477,500,97,408,439,7,3,
489,461,96,121,454,457,
422,229,370,
78,8,146,49,45,
14,280,237,476,44,404,530,457,459,12,41,372,163,532,417,82,227,494,539,425,3,328,
192,246,55,
363,487,43,174,
159,197,160,364,299,318,
483,4,441,153,139,499,274,231,63,173,268,430,
337,73,390,546,520,97,381,542,
546,7,316,
193,230,361,520,41,394,387,494,
533,503,281,359,
180,516,239,479,324,
342,479,54,303,55,193,450,
405,3,331,16,198,541,359,163,
130,45,512,41,108,
280,14,510,377,298,
372,365,211,14,112,252,545,349,
461,489,
10,215,34,438,20,433,37,25,543,353,316,520,97,72,399,86,
108,3,443,77,145,259,211,63,
44,326,35,444,165,118,229,250,535,184,
359,545,270,
436,359,87,365,520,
123,198,
296,218,229,257,
186,271,44,70,
259,404,108,4,290,394,
543,352,
35,8,20,524,325,408,44,363,516,
282,27,359,272,416,31,
2,395,229,66,
391,514,455,346,99,297,
73,244,444,
49,353,91,78,96,125,119,346,505,
190,124,94,
481,45,476,
157,434,22,
303,237,8,430,342,104,193,
72,528,3,
45,130,481,21,103,209,313,448,
22,157,323,293,387,47,129,404,
301,109,306,
385,407,186,18,
512,541,8,470,130,87,28,245,538,
495,293,203,
3,72,108,406,405,88,349,475,515,35,14,
84,353,187,229,
517,31,
434,157,283,84,408,188,87,317,
266,265,102,518,455,369,
368,139,514,399,408,
478,326,
11,452,251,
441,483,136,
290,332,326,271,79,489,259,
126,346,367,143,114,
387,475,193,
270,493,340,479,293,286,496,359,280,503,496,548,
306,12,301,440,239,301,542,
370,169,457,422,
281,455,4,384,
334,64,339,
94,78,521,105,448,492,496,
187,84,364,507,
53,521,85,503,281,346,
139,483,368,293,318,411,460,444,7,129,11,
160,159,475,206,
112,372,427,299,359,445,372,220,
289,439,326,145,210,493,
473,367,352,431,110,
496,94,270,
395,145,134,222,408,242,
325,265,250,86,
384,12,323,203,
210,258,287,502,410,61,411,351,250,261,289,257,394,
487,363,431,237,509,440,352,
486,346,284,269,317,153,313,197,442,508,163,371,
231,213,483,63,
77,516,206,
541,352,512,
346,391,302,
408,35,395,307,87,299,43,80,515,
31,326,517,346,457,63,
486,272,181,
546,497,352,229,337,
229,230,135,329,260,84,218,214,96,392,
403,316,7,66,
507,8,144,187,207,
132,301,37,55,214,283,
174,407,363,
128,209,80,196,416,37,276,342,125,461,429,261,499,333,
239,143,96,326,23,190,253,78,55,352,180,52,335,
61,489,479,
90,432,28,45,
514,515,
476,125,477,117,277,481,234,227,269,184,259,
74,7,9,
56,359,474,
359,282,450,474,247,152,384,31,310,40,132,
366,299,8,103,44,
364,159,515,187,250,
455,281,54,266,546,23,
35,3,359,
342,128,327,96,543,115,163,203,
323,380,537,54,293,163,139,299,22,7,
455,391,181,
87,434,408,436,184,512,450,
324,180,
250,210,325,364,527,313,
539,311,304,82,30,117,490,418,206,342,540,427,494,317,220,
333,98,128,107,144,514,544,546,52,108,391,63,99,280,
518,266,23,8,
370,
327,230,342,134,185,342,
96,492,239,49,72,426,489,494,229,539,
440,359,166,451,306,197,367,230,422,
276,404,128,
136,441,246,
324,153,156,210,141,104,12,117,412,194,95,538,242,227,52,477,233,294,465,444,
299,10,413,512,539,545,448,498,459,323,109,326,159,
365,436,372,44,472,55,
16,345,340,91,241,51,521,346,
73,337,7,521,366,20,299,
8,35,138,175,303,323,366,273,413,138,
28,66,215,286,11,226,66,
54,444,323,342,280,455,75,71,275,230,
61,210,125,252,429,79,46,246,
360,425,211,271,265,96,112,
119,49,8,116,352,
23,493,239,518,455,
246,301,68,292,192,61,
143,44,239,126,318,
135,229,27,341,331,255,
125,515,190,424,326,128,
359,179,112,349,447,
407,113,340,174,15,220,346,385,
417,66,460,
10,505,10,465,198,386,68,465,121,
452,218,152,11,515,
359,120,533,2,329,35,213,431,
18,443,265,349,338,265,385,
468,432,521,338,515,
404,204,468,205,78,302,39,463,538,272,162,265,217,115,166,529,456,
7,66,
355,
64,211,483,103,239,334,137,185,
146,109,394,78,545,47,195,38,82,535,
479,180,61,
84,229,434,190,
528,444,103,68,72,378,474,204,302,
395,113,94,246,65,544,213,487,222,215,2,350,402,139,97,297,318,203,301,
229,296,546,57,2,549,422,
493,227,306,266,352,270,255,289,209,403,515,
503,53,31,533,169,
477,515,395,
326,43,397,31,304,225,279,
85,53,359,114,181,167,184,196,413,
33,293,179,508,
443,58,265,79,108,403,
271,360,227,2,246,186,516,
179,33,359,97,46,
165,44,367,493,190,337,
70,186,382,388,
516,516,180,271,77,
245,521,83,
359,56,109,57,340,0,137,439,85,436,531,353,
397,478,215,326,495,
304,326,152,
153,114,363,486,403,10,
21,514,298,
41,14,193,
479,270,342,44,302,
68,246,528,
203,43,384,495,539,
508,301,33,
7,323,73,74,139,188,395,546,242,403,302,515,
97,395,10,367,326,
215,114,4,395,493,375,272,384,198,326,424,401,28,397,
404,22,384,158,259,91,276,182,
463,488,521,
181,85,486,488,455,
162,145,478,213,43,298,39,
44,479,365,366,
218,229,452,532,296,293,
413,8,299,
198,215,390,283,
211,64,214,372,348,9,360,346,4,472,549,108,
316,546,403,
549,211,545,229,274,
326,289,539,125,182,299,
265,404,436,266,235,443,226,18,39,325,241,
331,405,135,457,
202,299,45,
367,165,473,
66,7,417,28,269,2,299,
298,444,515,21,381,264,
79,443,198,280,417,222,
109,141,301,359,324,498,146,157,255,
545,546,299,359,549,547,112,
521,436,41,284,413,463,94,96,73,188,31,38,53,5,94,252,245,539,59,543,468,
444,73,429,152,178,44,416,298,54,33,382,456,
234,425,476,63,89,393,413,
43,80,363,33,387,43,257,402,203,221,472,38,162,
353,49,84,359,
367,440,126,97,28,
527,408,83,
333,245,
326,215,239,44,35,478,290,271,296,
44,538,211,186,143,456,
196,128,348,104,475,427,85,
145,299,108,289,55,258,321,493,21,
230,299,461,63,327,193,510,425,265,144,218,392,396,440,342,
475,3,440,160,387,297,
166,440,235,404,
209,504,128,493,
348,196,211,
83,527,27,
8,519,507,226,291,149,160,326,120,450,545,147,254,386,119,283,427,
514,333,368,310,391,261,21,431,323,338,
291,152,306,
301,132,292,77,306,27,546,132,129,508,
474,528,273,33,
213,231,405,299,162,97,241,369,
293,35,22,270,86,377,33,495,218,
226,28,272,
515,493,125,364,298,453,302,89,514,261,
255,493,109,63,302,135,274,
206,539,405,288,
340,106,153,206,260,25,270,406,494,73,16,
493,23,145,165,
440,475,94,
261,128,514,
280,270,79,
543,521,342,
78,404,94,
51,16,
103,45,366,
384,281,
286,279,28,
96,360,521,
103,64,528,
302,479,528,
548,27,
535,44,146,
63,483,108,231,31,33,
431,359,514,
257,210,296,
279,326,198,
167,27,85,
11,139,28,
492,96,94,
349,18,86,359,
542,306,337,
520,436,337,
431,473,487,
427,112,196,191,
369,266,213,
384,392,404,350,
403,443,546,
504,209,
102,266,
71,54,
313,45,
272,266,486,
292,246,402,
457,331,31,
242,7,395,
509,487,94,
478,397,162,
349,3,372,
363,35,153,
266,413,272,9,493,
191,
250,44,
390,198,337,
2,271,359,
539,203,326,
33,444,474,63,
377,293,280,
503,270,
120,359,8,
413,234,266,
369,494,
388,70,
515,452,468,
38,28,521,
521,73,16,
97,515,337,213,179,
211,44,
115,342,191,
163,342,405,
241,213,265,
508,486,
4,259,483,
20,73,438,
512,299,
55,132,239,365,
317,539,434,
406,545,3,496,
532,218,14,
269,476,66,
306,291,493,
531,359,
378,94,286,
227,14,
4,211,281,
273,474,8,
229,44,84,
258,145,210,
190,239,84,
86,10,349,325,
341,135,
227,476,271,
297,395,
394,146,193,259,
222,79,395,
298,162,280,
203,342,395,
96,342,
403,493,153,
37,128,132,
346,53,16,
382,444,70,
10,299,153,
359,405,440,
94,521,190,
28,38,367,
432,468,90,
80,408,
136,
429,444,128,
488,181,463,
105,261,94,
281,53,533,
182,404,326,
16,405,
239,306,64,
297,391,475,
184,476,44,
283,434,8,
338,514,18,198,
137,198,
538,44,512,
447,359,
527,250,
299,66,213,
339,334,
206,77,160,
45,78,
302,302,255,
110,268,
473,302,39,
429,152,
259,476,
474,56,425,
251,145,11,
121,10,489,
299,112,73,
91,404,49,
112,545,360,
137,359,64,
325,35,260,
190,165,125,
209,45,
134,395,327,
448,45,494,
185,64,327,
12,384,306,
456,444,44,
393,234,152,
280,54,333,
104,303,
497,299,546,
548,270,
450,342,87,
301,246,395,
21,45,145,
283,132,198,
110,
381,298,337,
472,365,211,
274,255,549,
193,342,303,
494,302,
337,165,
392,229,
271,326,290,
275,352,
230,54,229,
430,303,
498,109,299,
188,7,434,
399,368,10,
265,18,41,
252,372,521,
296,260,326,
402,292,
25,340,
323,8,302,384,
538,404,
108,130,
342,327,230,
439,515,289,
89,104,234,
41,130,265,
372,112,
82,45,
461,230,
245,333,
424,125,
516,35,516,
246,136,
144,
279,286,198,
417,14,79,
110,473,27,
265,360,
31,503,282,
15,
404,14,
275,54,494,
214,229,132,
244,114,73,
