271,196,271,
350,177,141,
329,97,248,14,
395,222,310,505,65,544,321,522,499,
270,302,358,90,168,529,515,402,299,
295,218,467,398,177,215,12,398,351,285,510,271,
400,399,341,
65,115,256,335,474,9,340,
298,397,8,452,168,362,
173,464,341,17,449,
471,203,319,333,76,190,11,216,201,217,412,536,
121,357,393,
408,380,501,239,117,57,311,36,113,
324,37,349,358,210,141,18,12,117,263,194,95,362,273,546,424,52,477,
195,261,183,158,361,110,
14,516,
9,118,154,529,273,451,333,206,344,516,65,528,
76,524,191,37,250,318,7,258,83,471,476,138,161,277,475,549,441,
37,324,90,281,
310,218,340,156,308,529,
261,108,511,198,195,196,366,343,144,388,524,
478,526,96,107,255,325,457,
159,333,90,501,493,305,58,198,
399,264,526,215,400,525,544,538,
362,302,511,467,484,303,459,91,
321,349,395,498,516,520,
305,60,257,507,
281,519,302,87,462,536,37,
8,103,298,258,549,23,392,284,477,
451,339,501,
281,0,380,31,279,
143,100,111,60,538,12,102,190,407,250,264,346,
237,484,525,
539,26,521,464,168,
273,86,404,393,396,174,169,108,440,99,
521,476,440,539,284,78,
156,516,424,310,458,
257,334,522,182,388,159,128,
271,310,271,210,376,
271,458,239,525,169,32,295,509,
333,428,107,
381,519,372,193,295,356,24,194,519,80,477,
166,530,509,
457,325,174,478,393,
242,537,229,157,268,198,
445,385,45,418,495,230,231,464,103,3,
388,257,261,501,302,385,11,2,69,
190,471,143,
431,356,404,1,526,501,
302,493,388,190,471,159,279,29,212,523,
428,516,58,98,459,
404,121,516,
493,543,387,326,201,183,370,302,67,362,109,59,299,
11,48,124,343,388,532,374,458,189,398,466,515,372,
286,217,103,239,60,533,513,223,154,198,163,158,493,48,14,168,506,
335,54,110,411,333,450,329,309,
548,440,453,
505,395,453,398,532,374,393,49,100,239,
543,482,25,245,259,105,493,178,380,480,248,164,
121,284,13,245,404,323,326,327,435,
111,249,143,375,544,
357,119,530,121,94,333,441,228,544,
267,102,8,60,
168,501,154,108,213,523,68,546,67,167,406,425,439,481,
440,177,458,532,285,433,285,
404,204,468,431,341,354,122,484,463,309,
65,141,
268,242,8,250,392,
43,186,428,15,97,13,172,237,
539,311,304,82,30,76,117,131,490,215,451,342,540,530,248,532,
177,344,350,137,343,285,481,513,210,467,440,64,476,
108,273,357,
452,471,298,301,415,498,507,512,
393,505,96,
329,89,
464,445,311,434,272,387,173,
90,37,159,445,270,32,9,260,
64,177,322,
245,121,471,
45,310,521,435,
442,77,525,469,517,
165,96,196,
248,543,539,329,86,87,
333,335,39,357,325,9,56,471,25,480,159,320,415,196,183,
521,516,398,
362,324,310,493,289,398,330,298,
60,104,266,120,305,365,97,267,
184,67,325,189,287,
343,261,79,133,248,11,131,
457,159,
67,493,487,102,
398,405,515,524,306,
105,511,159,543,372,450,297,193,313,
451,237,451,271,
131,359,539,100,125,122,229,477,
260,325,
67,196,168,184,501,
344,194,177,
440,141,302,397,548,521,462,
211,127,372,
427,537,17,222,
186,43,25,106,323,515,243,
12,295,143,
532,537,
323,32,401,515,
273,9,324,
537,242,427,206,256,501,
23,349,109,59,525,32,166,385,113,499,
19,249,14,249,440,
388,173,44,392,
398,295,316,362,521,
127,211,42,459,
423,239,216,99,436,346,57,376,156,
173,388,543,
256,25,180,95,211,308,
315,159,349,255,343,
519,31,381,299,354,
159,519,315,105,334,9,257,467,121,457,302,
493,286,529,159,
324,534,533,224,201,289,1,210,
109,322,23,529,
221,15,88,
359,131,392,450,32,335,
357,103,217,494,78,246,
387,131,464,42,493,69,437,407,
487,302,212,149,480,123,
102,428,67,253,267,
464,32,276,539,326,330,
104,60,407,35,275,
156,423,453,76,393,
339,512,351,367,458,413,451,
125,534,116,227,259,131,80,468,309,329,54,285,235,322,
264,399,143,
546,168,324,497,271,521,
32,407,90,359,
76,111,289,537,509,543,
334,349,257,267,
32,163,264,249,463,362,464,323,174,259,26,396,529,
236,284,323,472,
518,25,322,
250,349,143,268,
515,186,398,440,52,271,
262,516,271,545,149,
532,539,11,440,437,171,331,196,
380,285,165,166,63,112,47,314,385,408,124,281,121,545,
516,511,344,156,82,39,14,404,312,395,76,
249,310,32,466,19,
32,23,218,517,523,271,
407,515,532,540,418,143,32,454,387,
284,121,110,349,131,236,
413,259,339,471,209,76,108,304,103,361,
529,293,534,109,501,
341,173,453,
534,187,118,196,287,125,549,324,220,547,266,239,410,529,526,373,
511,308,317,123,216,358,91,105,415,516,261,181,294,239,362,
358,545,324,163,398,124,544,190,
509,166,456,76,537,221,271,
96,478,393,253,83,368,395,519,286,144,165,319,
10,34,25,260,438,292,
515,326,407,239,323,
263,88,26,117,474,243,180,324,
325,184,467,436,457,333,324,182,33,78,260,97,
309,189,404,335,
174,273,32,262,457,
320,333,501,
349,250,445,265,321,334,315,328,324,
196,519,103,67,165,271,96,342,
501,168,168,408,159,112,451,431,327,320,67,
476,76,163,408,121,123,137,262,521,348,177,196,
323,186,236,475,471,480,467,393,
98,171,25,465,271,
515,445,224,309,519,182,11,494,402,
271,262,98,546,
255,478,315,
140,33,303,430,78,273,157,138,442,250,
467,362,453,325,62,484,301,295,364,159,425,14,305,498,402,99,323,401,510,346,
428,333,102,21,43,368,209,
398,516,295,20,96,52,373,270,479,358,154,239,531,
453,505,156,85,548,148,501,11,341,430,
15,373,327,281,38,302,221,118,43,256,
315,484,451,
316,398,111,52,355,462,
218,421,310,91,32,295,326,351,320,515,
341,404,249,400,301,100,342,376,
334,153,159,463,
103,189,8,357,183,196,108,163,
532,407,505,
368,428,96,
96,398,210,98,196,445,405,
131,387,343,358,
310,249,298,362,395,58,248,271,446,45,380,
77,442,248,
249,111,19,2,
141,361,183,82,440,117,109,226,350,65,535,
302,251,519,79,10,270,281,444,487,517,362,297,32,82,475,
545,262,358,
484,237,467,315,404,362,11,392,267,449,
525,442,23,418,152,237,399,130,14,467,
440,515,19,
97,325,329,398,
106,186,120,445,
451,76,539,9,84,458,451,277,315,
82,258,516,
25,10,333,179,186,351,518,211,29,457,
154,9,286,82,10,113,168,537,358,160,250,332,148,474,
289,362,324,533,
228,357,130,89,397,
8,519,457,267,268,
201,471,324,459,
76,58,539,340,413,544,
301,467,436,241,14,481,79,
436,325,301,257,
266,534,60,285,346,374,
100,131,505,341,38,543,
115,65,41,544,213,
517,302,442,32,
215,539,123,404,
458,210,271,451,286,420,311,378,404,238,172,339,44,440,
519,302,425,49,159,196,356,281,395,164,
33,140,
361,413,195,331,
398,543,505,246,
406,168,
326,218,515,462,493,95,28,340,
475,323,289,302,
530,383,539,166,357,325,340,516,
358,154,144,160,480,131,329,467,
158,195,286,343,42,
516,398,320,262,247,521,530,428,404,
322,125,330,224,518,177,9,64,109,393,331,
471,21,437,413,253,92,452,302,257,433,182,245,
58,310,428,
358,511,270,
168,286,539,
26,263,539,
160,358,
17,427,173,
124,41,11,380,
537,509,76,532,458,
465,98,
152,525,
99,273,467,
14,19,301,467,329,
397,298,228,
110,335,195,180,284,
224,322,
356,519,
418,525,
198,286,
180,256,263,110,
258,8,82,
117,263,408,
515,218,270,
151,239,161,
2,249,388,
79,343,302,301,
524,261,398,
380,124,310,
76,156,516,439,
401,158,308,323,467,292,
346,266,143,467,
108,103,413,261,
277,451,
501,537,453,388,
130,228,
433,440,471,
36,408,
206,537,9,
305,467,159,
222,427,395,
445,90,
513,286,
289,475,76,
466,11,249,
544,358,357,111,
437,532,
458,156,11,537,
107,478,
98,428,96,
42,387,127,158,
425,168,467,519,
300,
480,333,487,
0,281,
380,543,
281,15,
467,358,525,
239,271,515,
385,23,388,
357,108,
375,111,
128,257,80,
211,25,
60,286,
536,281,471,
376,341,271,
343,158,177,
543,76,100,
166,380,23,
217,471,357,
213,168,
256,537,15,
440,273,
144,96,
149,262,487,
248,343,310,
148,453,154,
239,408,
335,359,65,
306,398,
288,
182,257,325,471,
28,326,284,
112,380,501,
137,177,476,
111,316,76,
457,25,8,
239,151,423,
393,323,121,457,
212,302,487,
189,103,309,
374,505,
14,286,525,
330,362,
271,451,515,
285,266,440,295,
449,173,484,
526,431,399,
299,493,519,
528,9,
82,302,141,
477,8,131,
52,398,515,
59,493,23,
522,395,257,
367,339,
229,242,131,
31,281,519,
325,478,530,
168,298,
279,302,281,
130,525,
392,484,8,
169,273,271,
123,215,487,372,
535,141,
531,398,
437,387,471,
342,341,196,
158,401,
538,143,399,
405,96,398,
18,324,
424,156,324,
407,104,
38,15,100,
196,534,476,
351,25,295,
393,322,156,
215,295,399,
80,381,128,
398,11,97,
97,43,60,
86,273,248,
487,67,
331,322,532,361,
521,546,45,
58,159,76,
189,11,184,
463,334,32,404,
340,76,65,
171,532,98,
78,521,357,
435,45,121,
301,452,341,
462,316,281,
354,404,519,
392,359,388,268,
257,305,436,
243,186,263,
323,121,
543,173,398,
216,
88,263,221,
122,131,404,
329,125,358,335,
445,96,106,
507,
267,484,334,
523,168,32,
340,310,530,
259,413,543,
209,413,428,
308,401,310,
260,90,10,
319,96,471,
480,358,323,
57,423,408,
459,428,362,
421,218,
11,453,484,
253,471,
454,
246,357,
481,168,301,177,
494,515,357,
238,458,
248,77,
544,76,399,
256,65,
112,
35,104,
326,464,121,
459,201,127,
355,316,
415,452,333,
44,388,458,
118,15,
285,440,177,
512,452,339,
164,543,519,
510,467,295,
210,324,271,
533,324,289,
330,464,322,
516,321,9,
498,467,452,
507,305,452,
292,10,401,
253,102,96,
13,43,121,
287,184,
523,302,
237,451,43,
373,15,398,
327,121,15,
198,242,159,
172,458,43,
250,154,140,
87,248,281,
529,493,32,
120,60,106,
299,270,
499,395,23,
259,125,32,
497,546,
404,458,516,
113,408,23,
69,388,387,
25,98,256,
