359,149,425,146,93,32,101,95,
439,478,180,90,377,229,434,
187,310,497,93,344,338,241,21,13,91,147,217,355,25,419,423,
202,465,391,135,467,112,293,323,504,
357,478,337,263,135,265,496,
438,478,272,523,31,379,
86,471,216,8,404,489,266,437,26,313,95,405,445,325,520,542,
253,13,253,
214,253,489,31,540,
536,18,529,
337,170,357,361,
149,232,
155,283,881,323,
535,421,246,
289,170,465,
497,93,211,
514,241,324,541,124,105,467,216,
377,59,465,318,420,84,340,
206,170,122,
537,598,810,403,376,217,247,48,522,273,497,186,3,84,327,
465,155,50,430,377,389,65,104,273,289,112,523,548,438,252,470,
107,247,
473,277,114,211,
82,513,535,
385,246,
88,111,395,425,503,32,471,120,32,
539,159,8,42,262,389,409,465,
311,547,224,
434,425,324,18,364,
455,489,253,
513,82,
424,881,494,
881,132,155,367,536,217,119,136,259,90,231,245,424,141,93,
253,448,42,121,239,388,179,214,127,43,253,455,293,44,277,
8,711,539,445,247,
111,88,292,283,218,
540,43,296,207,379,268,464,214,
379,540,457,109,
420,347,220,75,295,526,489,
170,478,218,505,289,337,477,159,206,296,540,
465,
241,187,514,196,66,
59,124,343,227,246,218,377,378,210,492,
436,90,548,
93,187,327,379,497,252,334,
522,148,18,446,405,64,501,
241,216,524,155,66,199,299,504,217,518,434,
229,439,121,489,171,
548,465,149,114,377,436,
74,425,451,
451,74,
135,202,357,218,
535,50,257,272,82,125,203,182,18,397,480,505,
131,180,185,
425,17,441,358,434,42,296,50,478,359,255,74,325,28,
171,229,179,547,449,219,470,390,347,270,147,218,274,538,392,523,
547,
810,537,318,66,313,518,355,527,
211,199,473,497,
247,537,21,107,496,541,189,295,
149,209,359,249,538,496,548,319,
501,522,180,125,364,132,527,
13,187,253,218,549,146,520,
179,92,19,296,270,219,135,
246,59,256,32,385,388,535,504,
421,419,535,222,35,65,
19,179,478,260,457,525,529,270,
470,171,188,465,
185,131,405,470,
218,170,59,465,540,111,361,135,
257,14,245,343,535,269,309,95,168,92,148,210,78,182,286,509,489,
389,465,334,35,393,469,512,496,
358,425,166,526,44,195,317,
220,420,46,18,60,
547,847,36,309,311,171,162,
222,421,377,
90,439,364,436,512,64,
478,189,334,19,458,439,170,438,357,441,491,224,50,361,
269,491,257,377,361,
494,15,
674,417,465,423,
388,248,253,82,543,183,122,127,
711,8,219,355,
159,170,539,
489,86,214,455,437,66,32,105,190,492,327,229,
270,179,19,
338,187,
378,512,59,
256,246,
245,257,
313,86,810,
217,241,195,
309,547,
146,13,359,
755,266,391,
121,253,229,60,
266,755,
210,257,59,
127,287,253,388,
216,86,
44,358,253,
302,
530,
65,421,465,
458,478,
66,241,810,
377,222,269,
334,93,389,
480,535,
124,514,
299,241,
199,211,241,
497,187,537,96,538,407,410,
465,202,674,
543,388,
50,535,478,
105,489,514,
239,253,
296,359,540,425,
397,535,
95,86,359,
182,257,535,
216,514,241,
505,535,170,
496,357,389,
272,438,535,
14,257,
317,358,
465,218,345,
469,389,
155,241,
215,
183,388,
232,149,
310,187,
32,489,359,
491,478,269,
218,13,171,351,
209,149,
203,535,
492,59,489,
347,420,171,
437,86,489,
18,535,536,
538,149,497,
110,
119,881,
523,465,
293,202,253,
419,187,
536,881,
364,501,434,
520,86,13,
323,202,155,
345,465,
91,148,187,
262,539,
489,257,420,
523,438,171,
35,421,389,
245,881,
25,187,
364,90,
179,171,253,
510,
78,257,
529,19,
141,881,
189,478,247,
31,438,214,
249,149,
3,537,
166,358,
112,202,
327,489,537,
527,810,501,
64,90,522,
170,490,84,131,
195,358,217,
252,465,93,705,
504,241,
324,514,434,
355,187,810,711,
470,185,
93,359,
92,257,179,
274,171,
148,522,257,91,
457,19,379,
273,465,
266,86,
140,
509,257,
504,202,246,
122,206,388,
28,425,91,
525,19,
60,220,
423,187,674,
405,185,522,
224,478,311,
467,202,514,
540,218,170,
162,547,
361,337,218,269,
526,358,420,
430,465,
434,241,439,
104,465,
445,86,8,
314,
66,489,
265,357,
204,
351,218,
90,881,
542,86,
296,170,
518,241,
441,478,425,
135,179,
405,86,
846,327,
438,465,
309,257,
84,537,377,
377,548,439,
340,377,
93,881,
18,220,434,
219,277,
512,389,90,
325,425,86,
283,155,111,
42,539,425,
529,536,
393,389,
541,247,
270,171,
147,171,
538,171,
516,
477,170,
471,86,
334,478,
404,86,
170,
446,254,
114,473,548,
196,241,
167,
135,78,
480,180,
389,539,
379,93,438,
361,478,
318,102,810,
496,149,
388,246,
420,377,
391,755,
78,135,29,
48,537,
50,425,
449,392,171,
244,
392,171,
207,540,234,
343,59,257,
125,535,501,
478,425,
148,448,
549,13,
465,539,
295,247,
341,
409,539,
318,377,
32,88,246,
112,465,
330,156,
410,497,
286,257,
327,93,
109,379,
21,247,
496,247,
188,470,
15,
391,202,
82,388,
60,121,
194,156,
518,810,
50,465,
522,466,
390,171,
219,711,179,
522,537,448,
471,88,
425,88,359,
372,29,211,539,42,540,342,491,1,152,403,140,123,443,427,497,427,290,297,265,438,369,488,482,56,405,76,171,154,58,273,489,279,138,217,243,444,356,70,88,190,489,
300,389,195,517,348,519,338,191,210,
329,474,477,46,190,83,98,52,311,316,102,404,349,219,228,375,239,159,460,516,500,481,71,319,87,333,331,151,12,257,457,288,82,429,440,300,157,188,501,241,328,229,215,454,495,390,113,337,235,392,182,437,334,380,503,515,130,96,299,308,160,108,34,111,281,302,46,53,315,479,351,92,266,247,8,
198,120,40,486,95,393,100,32,126,280,168,490,131,492,547,357,287,240,343,6,91,417,210,513,174,