458,77,99,279,284,351,452,
100,357,202,413,46,425,459,225,291,
12,206,221,113,525,399,
323,202,155,19,412,62,348,179,328,450,453,
73,169,311,434,375,258,412,532,
439,510,180,90,377,229,66,224,205,442,547,370,
229,439,121,489,171,239,322,20,5,458,425,463,113,138,246,
41,411,306,367,393,
16,421,536,
513,501,352,93,15,182,95,39,350,58,205,504,
20,171,218,229,518,
171,229,343,284,547,218,219,20,31,6,270,147,75,274,523,5,248,370,510,202,
141,74,31,
535,82,18,397,237,255,31,
491,269,
377,439,101,257,470,
35,421,63,335,
377,59,290,247,82,286,45,169,543,406,417,
82,535,469,21,391,206,170,140,
391,82,220,500,127,237,499,158,541,263,
90,439,330,474,512,266,130,5,207,224,269,118,239,93,
37,421,146,233,130,359,206,109,283,436,42,18,
59,124,61,202,227,218,377,279,492,360,26,157,196,370,186,343,537,
0,881,159,53,
243,269,881,
245,276,224,102,39,334,198,237,437,
543,289,377,82,133,180,
18,535,536,104,63,7,510,236,198,253,289,498,425,37,499,
99,458,295,404,306,
489,299,381,455,437,881,32,190,492,229,530,222,289,392,412,196,45,45,359,541,
155,283,881,323,328,325,423,275,544,480,68,279,
159,0,242,507,530,182,454,157,410,116,518,13,157,
13,549,146,11,80,
360,59,
430,
88,455,19,456,28,186,399,260,
283,456,38,510,317,
425,229,18,133,190,
206,12,121,7,343,342,472,141,255,288,263,
388,248,253,82,295,480,157,15,317,295,533,106,514,537,
202,411,465,391,303,467,112,396,323,317,206,177,181,203,117,91,202,255,171,56,351,342,389,56,
317,445,253,15,540,191,218,541,
434,253,16,121,500,284,453,
279,458,155,420,160,174,
211,354,152,394,143,455,87,491,
133,543,147,425,
455,489,253,397,88,16,462,289,30,15,456,
547,847,36,309,311,432,270,171,222,213,61,233,167,303,
881,132,155,367,199,217,119,136,243,259,90,231,245,424,376,229,205,464,186,489,174,299,315,0,399,
424,881,78,494,290,313,21,385,318,512,206,174,
288,206,421,82,207,330,140,
317,388,202,283,5,266,284,61,
221,532,337,12,120,306,
386,289,5,
283,37,354,
421,45,13,260,531,107,105,
437,489,278,517,227,32,256,233,181,113,245,411,
178,348,
91,148,12,71,177,460,122,56,225,409,
507,121,465,256,323,16,
27,189,289,229,338,530,84,39,358,517,
438,523,31,240,325,420,362,120,243,355,404,416,463,
147,171,170,133,180,324,413,
179,19,296,270,219,258,82,323,487,30,321,358,401,256,111,
533,388,287,436,290,186,376,
243,74,438,101,224,56,
46,95,100,
5,337,386,
348,35,323,220,178,367,
253,448,95,42,121,239,388,548,43,158,455,277,494,362,249,434,208,
202,74,202,
359,80,126,146,28,32,101,95,120,7,207,100,194,25,489,180,399,
206,202,37,
82,377,179,240,152,109,410,543,
480,74,155,19,
455,211,
26,455,311,511,
456,283,88,455,
19,179,260,42,529,270,810,88,324,61,276,
203,202,
182,159,205,263,124,
245,881,233,315,291,132,370,442,
255,206,357,263,393,
421,16,419,289,37,35,182,354,91,401,288,487,
95,30,359,46,233,63,501,404,547,338,
31,438,171,535,471,141,
117,74,202,42,111,
32,489,359,437,16,145,316,95,140,84,434,99,537,
465,39,527,548,
148,91,287,410,38,
411,202,316,48,301,42,41,449,464,91,111,397,409,
74,68,141,202,302,91,243,339,234,117,15,480,177,202,445,350,380,
220,62,46,514,301,391,116,289,99,266,348,239,
354,211,421,89,167,135,223,283,464,
465,202,217,167,318,507,118,306,63,234,
65,337,
289,239,443,378,27,26,222,23,543,342,386,152,208,124,323,93,211,
269,491,361,462,213,224,441,515,5,243,
536,16,18,220,499,127,7,463,446,
337,457,406,361,190,364,65,138,221,258,6,5,112,445,
15,513,317,256,388,
48,411,74,
328,323,155,
361,337,218,269,349,
19,323,39,223,53,297,420,443,124,480,
146,13,359,37,184,337,45,372,
472,206,
21,93,82,2,459,424,
239,253,229,343,288,220,510,525,5,307,318,222,
325,438,155,157,105,124,116,370,330,340,
104,18,
6,171,337,196,
87,211,61,203,470,504,
224,90,269,38,191,236,246,372,
270,179,19,289,189,392,
397,535,326,450,91,491,
145,32,99,334,
362,438,253,5,112,18,196,
311,547,73,26,157,324,810,77,333,381,303,
222,489,289,239,547,
121,253,229,60,434,106,349,507,9,547,329,531,207,
218,59,417,361,20,171,
467,202,273,
324,311,
205,518,439,218,513,
68,74,155,
381,311,
370,171,
130,90,37,45,
434,
138,337,229,
514,220,388,
316,32,547,
224,439,245,530,
234,74,465,
207,90,121,
541,391,317,489,
399,881,
354,526,
233,37,547,
306,221,465,
99,220,547,
124,325,289,19,182,
263,182,391,
169,256,377,
256,507,437,
381,489,
342,206,289,406,
5,171,90,
7,206,
167,354,
207,288,359,
510,439,171,239,
16,455,32,
547,439,95,121,
370,325,245,
315,881,
548,253,465,
296,359,540,
7,536,359,18,
330,288,325,90,
501,513,
45,146,489,130,
525,239,12,
223,19,354,
323,507,289,
184,146,
334,145,
205,881,182,
66,439,
547,316,99,
526,106,343,354,
116,159,325,
413,147,100,
38,224,283,
510,283,18,
182,513,421,
152,289,315,211,
289,220,270,489,
5,229,269,239,
284,458,278,171,
255,535,202,
284,434,317,
463,536,229,438,
512,424,
343,526,59,
380,74,
303,202,311,547,
95,32,513,
401,421,179,
275,155,
167,547,465,
118,90,465,
140,82,288,
13,421,159,
358,27,179,
396,202,
289,18,455,
480,388,
26,59,289,
491,397,211,
91,202,421,
111,179,411,117,
53,19,0,
287,533,148,
410,148,159,
337,146,
15,455,74,
202,74,
425,256,100,
324,19,147,
501,95,
316,411,
119,881,
357,255,100,
84,32,27,
218,317,
301,220,411,
23,289,
190,337,425,
239,90,312,289,
537,59,388,
442,439,245,
266,90,317,
39,245,465,
518,205,20,159,
462,455,269,
409,411,91,
74,48,
186,59,533,
84,
270,547,
246,229,224,
170,82,
227,
45,377,489,421,
39,19,513,27,
530,224,27,
527,465,
370,59,439,
404,438,95,
420,19,
260,88,421,
5,317,
397,411,455,
500,391,434,
499,391,18,
42,411,
93,21,90,
229,27,881,
240,438,
132,245,
121,206,
372,224,146,
459,100,21,
233,437,95,
170,147,
169,73,
16,434,507,309,
392,489,270,
224,243,
107,421,
515,269,351,
71,91,
299,881,489,276,
186,88,881,
464,354,411,
206,82,424,
152,82,
56,202,91,
99,145,32,
109,37,
181,437,202,
82,288,
439,
399,359,
109,82,
196,362,489,
258,73,337,
504,513,87,
470,377,87,
180,359,543,
367,41,348,
25,359,
450,397,323,
393,255,41,
91,397,411,
291,100,245,
453,434,323,
517,27,437,
263,255,206,
417,218,377,
350,513,74,
469,82,
225,100,91,
61,87,19,
295,388,99,
177,91,74,
208,253,289,
237,391,245,535,
120,221,
198,18,245,
375,73,
180,147,
227,437,
511,26,
157,388,159,
399,88,12,
420,438,279,
196,6,59,
112,337,362,
290,533,377,
106,121,388,
90,881,
523,438,171,
343,171,206,239,
93,289,513,
412,323,
158,391,253,
355,810,438,
523,
273,467,
406,337,342,
258,179,
218,205,
297,19,
42,117,19,
445,337,317,
236,18,224,
446,254,536,
174,881,
157,325,159,
349,312,361,121,
135,354,
113,229,12,437,
240,82,
504,
77,458,311,63,
288,239,
449,411,
283,155,
315,152,
312,239,349,
253,18,317,
127,536,391,
12,91,
457,337,
487,179,421,
335,35,
454,159,
436,533,37,
30,179,
531,421,
147,256,
359,37,
315,245,
309,16,
509,
56,202,243,
276,19,245,
203,87,
202,59,100,
532,73,221,
38,148,
160,279,
80,359,13,
174,424,279,
63,465,
376,533,881,
62,220,323,
306,41,99,
58,513,
101,377,243,
404,
42,37,
445,74,
338,27,95,
342,202,
434,32,73,
2,21,
60,121,
274,171,
191,317,224,
189,27,270,
464,881,
530,159,489,
291,203,
30,95,455,
460,91,
199,881,
63,18,95,
126,359,
61,59,317,
423,
322,229,
65,
412,489,73,
140,32,
352,513,
326,397,
120,359,438,
28,88,359,
443,289,
269,90,
100,359,
416,438,
105,421,325,
102,245,
321,179,
512,90,
50,256,
213,269,547,
394,211,
423,155,
492,59,489,
432,547,
410,82,
5,362,
220,536,
432,256,
63,35,
351,458,
389,202,
270,171,
351,202,515,
247,377,
318,424,
116,220,
256,179,15,432,169,147,425,50,430,360,
286,377,
313,424,
527,
375,
406,377,
61,547,
276,299,
190,
141,206,
248,192,171,
75,171,
290,424,
23,8,
91,74,
148,448,
318,102,810,239,
122,91,
329,121,
307,239,
106,526,
18,362,
