10,215,62,34,438,292,20,473,433,37,25,418,215,316,520,149,361,
146,519,507,258,179,307,312,337,
322,281,
250,268,215,431,
22,464,473,
544,352,87,53,547,524,379,484,265,336,384,
190,143,360,90,421,354,423,532,
485,206,125,352,100,537,316,339,519,
310,249,298,527,395,58,248,418,446,477,258,2,524,257,496,503,75,145,
408,306,516,248,120,486,
231,295,443,451,493,
15,44,327,263,302,118,43,123,327,360,455,
157,219,516,197,301,
133,189,
442,22,476,344,178,198,487,
265,167,97,359,
229,228,462,260,486,349,204,225,380,62,271,434,
109,480,238,141,193,89,381,359,324,
260,340,229,
539,311,304,82,30,117,394,490,418,451,342,540,179,494,
143,100,111,60,67,2,102,190,490,65,205,
35,25,
290,103,292,31,113,343,483,
122,206,445,133,266,541,156,290,191,
256,127,75,146,87,305,
258,210,303,146,
160,373,25,372,207,
454,335,128,331,83,388,
464,25,276,82,330,352,345,410,301,472,545,228,522,477,124,
13,43,0,126,140,9,206,26,462,472,253,49,
451,215,451,372,104,286,
329,416,89,78,223,484,14,185,167,39,324,412,385,
503,334,395,124,385,477,437,
483,290,107,281,153,139,499,
327,127,15,357,303,169,339,284,
445,385,221,36,45,502,418,495,230,122,231,151,316,103,3,477,516,213,396,547,
125,341,271,485,516,416,385,
344,516,408,352,417,406,
12,446,111,416,238,
317,118,222,476,
197,157,
354,404,519,146,159,303,131,266,
42,89,110,472,
9,124,60,
410,10,340,229,
407,113,454,463,15,72,220,529,
114,215,427,376,111,107,
292,10,290,186,358,394,
174,309,106,129,316,338,284,275,
155,215,43,195,534,
540,479,517,368,230,490,316,513,496,
368,540,321,99,
537,485,453,406,384,266,384,180,
435,14,358,189,500,65,131,547,
204,457,325,229,486,
14,435,329,476,44,52,281,530,
258,60,310,288,324,295,186,339,149,
258,528,352,179,147,244,430,
352,527,464,315,337,232,546,107,
166,130,359,293,
281,380,483,469,322,175,225,519,9,
373,394,357,377,
444,280,65,384,
229,410,451,111,186,
111,77,143,12,264,174,177,
180,206,16,490,167,55,348,242,341,65,
359,331,427,74,450,166,61,207,532,129,503,
384,206,537,544,444,
301,127,341,129,292,478,491,157,
16,180,9,173,
479,540,139,13,
487,343,193,548,17,88,198,442,520,
363,161,381,
453,76,303,85,537,65,84,341,430,359,
25,160,464,35,41,257,100,8,450,
215,114,4,395,451,464,155,272,141,198,326,424,
26,128,13,477,
457,394,172,60,354,187,
454,384,407,162,7,
127,431,486,10,256,327,61,317,169,363,301,255,191,126,
41,394,110,
325,249,277,360,299,398,204,324,33,78,189,466,398,
326,215,239,
99,27,481,460,
476,144,312,140,442,
318,202,230,276,
527,310,463,352,201,479,
421,519,190,414,451,134,
60,104,422,120,258,365,457,48,449,80,203,6,206,430,
299,72,519,325,539,159,448,231,459,323,109,492,331,
523,73,268,117,133,477,493,
10,127,10,410,202,512,518,68,
13,380,110,
144,528,230,476,451,379,426,307,
512,242,8,470,
338,449,174,479,159,239,51,337,
522,395,74,400,32,341,
43,80,15,33,13,304,257,402,155,221,472,
431,127,352,250,
281,27,14,194,325,522,522,
8,519,226,268,291,173,160,347,394,52,450,365,147,255,361,
96,118,239,
61,319,127,50,
84,449,336,118,285,
374,409,395,127,100,299,247,
107,478,40,549,
133,122,523,49,
323,380,358,143,201,43,151,299,
427,359,521,114,245,297,
84,453,
341,404,249,204,235,301,263,125,376,522,234,180,129,52,473,61,164,324,
492,299,406,380,490,65,27,50,
139,3,488,381,512,266,
249,310,466,162,286,361,324,51,170,334,317,533,11,23,271,
129,301,174,74,473,359,464,173,246,423,
3,175,139,315,
255,478,315,343,486,437,316,87,127,430,
343,358,255,87,125,193,324,
194,281,341,
503,231,310,
360,15,521,357,
503,206,281,337,46,256,359,
406,537,159,469,496,
242,432,157,268,358,179,512,162,180,420,474,209,
167,396,169,193,36,265,329,78,183,477,
482,52,65,179,280,129,246,
193,167,487,299,
159,338,406,299,256,
334,349,106,158,433,284,503,76,36,
384,537,454,
281,206,2,503,240,207,265,32,433,299,388,
128,454,80,416,544,26,342,461,368,499,32,
306,408,454,466,442,187,548,
27,186,519,99,521,379,469,
41,319,25,522,264,172,359,
358,244,343,435,137,365,145,303,383,
195,449,155,364,
117,523,460,57,
191,122,127,189,186,209,119,73,232,399,377,398,380,
516,347,320,157,247,321,44,344,125,254,445,108,408,
199,173,207,
309,174,484,189,404,477,110,366,271,42,
491,521,65,301,
52,8,14,482,219,366,388,
207,281,160,199,359,152,
381,363,109,139,464,434,
343,290,133,248,339,534,86,487,264,
319,326,20,61,175,124,230,344,41,
177,297,111,522,387,147,
210,287,440,258,
493,227,231,52,513,
92,383,228,543,118,84,549,0,
118,206,92,96,150,
106,334,174,145,297,132,357,431,
451,172,451,186,496,421,229,144,226,408,231,258,164,437,
65,542,491,474,9,143,482,444,
158,238,334,544,484,8,198,227,
303,354,453,327,24,258,358,
449,338,84,60,515,268,143,315,426,195,500,3,410,173,264,
380,179,228,111,107,172,492,13,334,
478,526,62,107,255,204,325,472,208,24,382,458,301,
280,444,482,473,
463,527,
2,357,281,
61,359,58,
78,329,396,
189,447,309,191,316,274,233,133,324,370,435,325,430,
395,231,310,374,65,544,522,487,222,215,503,
110,274,42,41,13,
143,449,323,431,
209,191,203,147,11,193,242,462,
460,117,99,
404,204,468,205,341,354,264,463,309,46,162,265,217,115,493,
120,60,408,354,361,481,
304,43,
321,516,368,8,490,110,134,104,
206,60,281,118,503,29,384,
451,76,539,9,84,451,262,451,231,533,341,306,
466,249,306,118,506,
359,473,453,109,
239,151,96,326,338,87,379,99,
141,361,183,82,215,117,109,109,263,226,315,62,258,125,29,549,
484,544,329,309,158,
446,231,12,
46,404,503,500,
340,153,206,129,260,410,142,341,
466,83,519,142,335,104,
231,69,395,546,503,
324,153,349,210,141,104,12,117,412,194,95,189,242,227,52,477,156,294,253,
365,473,8,544,
0,195,92,
473,10,22,359,3,295,341,365,33,231,
224,271,440,524,152,548,
9,118,118,529,451,440,432,206,344,431,65,179,249,265,300,277,16,276,281,
219,52,157,
347,8,516,520,73,78,390,
349,229,445,265,281,334,315,328,324,108,148,273,540,
352,258,485,431,440,314,344,464,124,417,57,469,
58,310,545,57,61,
521,436,360,36,284,413,339,427,94,491,27,549,
268,242,8,202,172,449,49,13,60,200,533,523,250,
533,268,464,
522,245,177,
464,215,533,22,418,
82,141,464,337,10,180,
342,128,248,73,
549,244,92,255,
466,477,
248,343,310,386,189,316,342,408,89,
206,180,9,122,485,76,326,463,461,473,
74,359,390,522,
124,41,398,475,262,9,464,138,319,66,503,88,388,352,100,57,
179,258,242,113,55,140,194,432,146,
195,183,335,264,212,364,377,108,138,152,0,528,306,
295,231,
48,60,490,
20,319,440,354,
202,268,10,129,265,192,318,533,
316,286,434,52,355,248,464,
352,370,544,337,341,94,451,385,
215,250,10,294,226,418,
490,540,3,180,48,492,307,
186,292,469,411,
477,310,17,247,466,472,
172,268,451,44,207,263,
173,199,8,536,423,87,
175,3,319,55,549,417,
519,292,175,299,354,146,49,27,466,45,8,421,178,507,62,357,
486,127,229,382,204,317,324,
335,195,
62,533,10,141,476,229,
161,32,315,231,5,147,363,455,
333,520,107,
266,122,354,13,424,207,139,
382,478,23,390,486,548,
89,109,271,42,390,290,447,248,
331,440,27,359,95,234,454,299,486,15,385,
390,89,382,55,150,11,291,
387,177,
162,242,454,
230,144,319,540,318,
542,65,
337,352,82,17,146,338,252,
55,179,180,175,390,196,529,377,7,
533,451,147,429,249,74,
295,473,258,
104,60,407,275,22,466,470,263,
107,114,7,352,483,286,49,
341,352,453,194,110,291,
265,404,266,281,443,
145,297,298,106,394,358,371,476,530,
315,300,349,255,343,161,545,286,352,408,3,
532,190,359,299,
394,539,8,373,194,457,41,465,371,
228,547,229,89,110,464,542,380,92,464,528,
151,239,161,445,189,323,540,156,276,232,49,
231,299,161,451,446,473,244,
100,485,374,124,
271,125,88,224,364,89,
358,242,323,292,385,
544,128,158,529,244,365,
440,472,352,366,9,20,44,285,178,224,43,
129,340,202,482,
500,449,435,131,46,
357,2,360,192,104,327,
179,539,380,
7,454,107,55,
385,503,358,331,125,
337,503,352,127,
8,519,321,
88,487,
179,482,
264,343,41,449,
50,
524,310,224,
357,42,373,22,
265,544,202,
549,175,521,
138,195,124,
326,206,319,
462,13,209,229,
430,255,258,189,60,
27,331,492,76,
276,318,
524,544,
264,111,404,
87,544,239,173,
104,324,451,321,
440,210,
422,60,
203,209,60,
108,195,148,49,520,220,
386,248,334,
198,442,487,
159,354,
312,476,146,
42,309,357,
380,281,229,191,
198,215,158,
477,464,445,26,
344,442,
418,310,10,
520,347,333,487,
44,516,15,
17,487,337,
472,42,477,
152,207,195,
94,352,521,
488,139,
156,324,151,122,
496,540,
463,407,206,
74,129,533,
465,394,
548,487,306,
255,549,8,
131,354,435,500,
29,206,141,
263,15,341,65,
324,343,258,
440,149,331,
103,290,
244,544,358,
83,454,466,348,
339,258,327,521,
257,25,310,
361,120,10,8,
111,114,229,
546,352,231,
529,544,407,55,
225,281,229,
32,281,161,128,
65,492,263,
118,317,84,
354,190,120,
490,321,
533,202,62,
22,104,442,357,
486,331,408,
464,316,381,
420,242,
238,109,12,
256,503,159,
522,464,281,
75,256,
547,445,228,435,
52,341,493,
99,239,368,
244,549,231,
432,9,179,242,
186,191,
388,454,52,
73,191,342,
23,249,382,
49,133,151,107,
271,249,229,
149,10,258,440,
541,122,
469,406,281,
447,189,89,
150,390,118,
290,89,122,
368,128,
534,343,155,
512,139,10,
213,445,
339,485,343,
232,191,
473,280,129,206,
173,449,129,16,
418,464,215,
31,290,
193,109,209,343,
252,337,
334,249,380,386,
172,380,
477,167,503,
183,167,
186,229,27,
232,352,151,
65,435,453,180,
72,299,317,
226,8,451,215,
479,338,527,
299,193,281,374,532,
76,334,206,27,
481,99,120,
324,341,486,
496,406,
359,265,41,
423,129,173,
459,299,
164,451,341,
434,381,229,
246,482,129,
335,466,454,
266,537,265,
2,143,310,
307,490,
300,315,
437,503,451,
513,493,540,
286,451,315,
11,390,249,
366,52,
227,493,158,
480,109,
306,195,
36,445,521,
348,83,180,
372,160,451,
36,167,334,
127,374,337,
519,281,485,
152,224,
411,186,
493,404,523,
341,340,451,180,
377,55,191,373,
207,172,266,
187,457,306,
476,145,317,
305,256,
446,
222,255,317,
443,231,265,
139,479,483,
417,344,352,175,
147,177,8,
24,303,478,
431,9,106,143,
142,466,340,
192,357,202,
379,239,27,
8,158,25,
522,281,41,
132,106,
388,281,124,
201,527,323,
186,258,451,
43,323,440,
196,55,
72,407,
518,10,
379,144,
469,27,352,
194,179,394,
433,281,334,
450,8,25,
253,324,13,
