175,442,316,515,72,177,3,
146,319,58,168,461,364,
269,271,398,361,474,381,303,457,42,333,
445,375,298,373,45,73,521,230,231,464,489,103,99,469,443,
238,417,15,526,
161,319,322,196,234,316,
489,380,445,257,471,454,
361,76,
370,96,
186,280,181,390,207,373,113,409,460,443,332,472,248,512,402,482,162,
351,76,271,343,387,534,417,113,533,37,376,300,129,248,210,358,
286,240,103,239,481,533,136,223,
501,257,22,168,
289,102,398,458,
306,380,425,329,534,326,480,524,226,
417,52,238,315,478,185,
98,450,339,5,395,251,
162,420,271,351,458,457,159,137,203,316,320,396,506,
240,211,533,0,229,490,133,286,218,452,526,173,117,519,170,492,
452,9,240,167,85,
516,66,154,498,247,
457,167,152,190,110,78,477,326,422,121,89,85,10,548,
259,57,414,408,411,491,424,204,212,233,
234,161,25,489,288,144,289,357,489,101,195,190,513,490,
66,516,191,385,9,
528,203,127,198,20,
39,504,431,136,217,394,144,379,11,405,
18,57,154,533,505,
543,140,339,62,11,218,537,112,167,261,521,63,530,
154,257,516,86,205,217,54,
35,379,62,425,469,460,295,312,
515,496,459,175,224,
83,181,377,381,490,138,
533,134,316,414,18,451,
305,57,534,421,519,
319,471,331,146,353,161,504,102,9,284,377,339,223,503,
399,320,190,220,137,151,530,414,465,107,41,
254,377,203,
321,326,423,182,41,
169,272,262,9,480,42,
537,385,543,548,
458,289,453,233,470,
125,434,310,297,536,150,251,
121,75,
259,382,380,534,427,379,
434,496,185,377,454,511,139,295,
361,78,269,138,
113,278,46,204,399,113,291,490,344,271,477,472,223,297,316,469,
250,536,313,481,
366,480,223,
102,319,176,289,351,
394,312,117,410,298,475,159,375,161,512,39,
486,423,496,177,62,125,455,543,
86,190,534,154,379,315,
304,495,255,427,437,319,
420,496,489,310,473,
471,489,330,473,
346,425,439,104,445,311,524,367,
159,184,162,427,
96,540,78,297,360,424,
7,140,167,473,
289,516,431,7,406,165,442,182,234,509,540,
534,187,511,110,287,125,305,549,220,339,86,261,
458,162,325,499,
322,161,385,62,162,204,442,
503,136,319,155,492,104,445,433,135,
540,409,167,312,115,127,193,96,504,
98,525,478,298,449,489,3,251,451,
539,340,304,82,30,532,117,490,209,304,476,
316,75,285,129,415,533,167,261,113,175,122,161,
465,76,437,115,300,149,333,57,
495,469,34,270,304,442,22,15,
381,470,269,120,
79,480,380,432,11,319,357,526,
511,434,
278,189,307,294,333,113,
196,96,162,516,
192,184,178,9,166,541,473,20,101,427,245,12,190,518,
425,346,448,306,355,166,9,339,494,352,397,398,464,19,
478,98,417,352,251,157,543,372,
414,533,421,
271,351,32,145,162,39,180,286,89,320,162,498,
469,35,25,445,496,
329,306,473,363,84,
9,496,182,218,205,188,179,159,135,
443,245,186,206,493,103,442,358,55,525,511,144,521,
165,289,373,161,340,88,179,322,137,469,152,
387,190,185,
307,213,471,278,185,351,150,32,
16,113,10,3,364,
167,316,320,189,418,319,452,314,162,405,444,499,
310,420,204,
198,385,528,481,151,189,257,174,255,
168,501,146,
357,234,50,517,
136,204,39,152,104,503,286,
396,423,135,257,396,373,162,
423,396,321,216,110,99,176,436,346,333,486,239,
481,286,250,21,129,
408,421,127,196,259,
78,540,457,135,122,415,125,194,96,180,361,
205,22,131,333,38,541,477,
377,319,25,83,223,254,16,441,
140,543,303,7,273,
496,406,9,434,486,515,192,340,310,343,
415,316,434,78,513,273,88,398,
99,295,203,77,445,36,229,385,395,71,380,223,464,215,61,
122,78,316,477,
450,182,98,268,507,105,
480,405,529,32,408,420,250,71,366,338,79,114,89,195,248,
521,55,445,517,457,425,381,543,6,61,
380,131,165,79,47,314,385,149,498,259,489,24,
521,177,541,244,301,245,406,
245,192,443,158,534,521,
176,423,102,134,
260,363,211,203,44,429,215,499,528,521,136,380,162,
457,521,131,
354,2,89,536,
101,541,234,257,209,45,405,
75,259,415,464,25,315,316,110,200,103,121,
223,319,99,366,218,490,
18,152,253,495,239,277,
204,96,73,322,152,136,208,424,385,259,310,20,134,298,
525,104,449,182,490,313,98,8,187,515,451,469,
218,240,492,543,261,539,131,
471,166,319,230,340,426,307,193,7,306,42,157,
88,165,120,320,
9,319,192,452,280,499,66,257,45,
253,424,18,82,194,
511,534,50,72,
543,482,541,470,218,
477,122,59,
154,9,18,82,230,
167,543,385,453,301,7,282,499,
257,509,2,396,42,198,501,63,154,101,418,397,212,381,
288,234,257,304,530,
414,127,259,
217,39,154,
16,377,
229,541,240,138,99,259,335,
459,117,467,515,177,320,490,
89,481,76,271,215,354,
191,315,209,76,504,188,443,421,66,179,
458,127,71,
127,473,503,313,359,414,408,458,121,528,352,434,376,421,44,
381,83,521,257,
465,399,240,421,361,403,125,
330,471,2,476,483,
218,496,9,120,91,143,499,295,113,
32,442,
76,22,191,37,459,361,7,
214,2,
76,448,334,351,359,131,513,299,321,352,498,89,358,113,423,455,512,
203,408,126,151,260,99,334,281,240,528,295,246,481,255,440,254,
412,
115,540,152,465,234,180,280,62,141,
131,380,375,
475,394,504,
516,96,289,196,
230,471,
443,191,103,10,230,
375,394,445,273,131,187,
2,214,32,433,312,354,476,
424,204,259,346,198,397,398,152,
489,420,
489,234,98,61,
50,511,357,
138,229,83,361,
339,425,98,534,178,333,
96,204,370,516,196,
157,471,478,
519,297,460,3,517,
257,182,21,476,85,525,288,7,57,76,
57,251,305,482,210,321,67,18,259,257,277,465,453,357,
363,329,260,232,
361,465,476,
499,260,218,9,284,512,167,
453,167,373,539,
149,63,474,465,94,453,17,
442,322,289,175,32,
255,198,203,477,
380,99,260,306,
382,379,89,259,481,476,
504,39,191,319,88,152,402,475,257,133,215,
495,477,18,24,295,
32,2,163,307,
162,322,421,196,167,260,
22,246,446,76,540,205,495,340,379,501,
541,192,38,229,521,316,543,428,101,205,14,421,
476,257,2,
185,387,307,400,441,
325,458,
340,471,22,539,330,496,444,
437,304,425,465,
261,543,218,198,
189,167,198,278,
473,7,127,486,329,471,532,
152,18,545,424,204,115,136,246,477,504,165,457,
62,35,
477,457,518,152,205,113,101,495,315,190,255,
144,443,39,234,159,
298,445,255,84,277,120,
410,394,402,
120,440,218,88,298,457,426,
255,245,298,304,150,104,506,
89,382,457,480,
355,425,385,141,295,449,76,
55,39,521,519,
373,453,445,100,
190,333,127,399,351,477,363,466,457,192,86,387,234,
427,157,192,
85,257,457,452,
25,75,469,234,
454,434,489,273,
519,240,305,55,
277,57,
143,218,
476,382,
397,424,
315,75,86,477,
211,260,
167,540,
351,307,162,
3,16,519,175,
39,55,271,
84,298,149,329,
125,534,
11,79,
464,99,75,
125,465,486,
104,476,136,255,
339,319,
295,35,218,
314,167,
478,
464,445,425,
298,98,394,204,
403,465,
163,32,
453,149,
215,260,99,89,
490,83,234,
445,346,503,
5,98,
301,167,521,
470,458,543,381,
421,127,414,162,
291,
422,457,
320,167,
76,257,465,
71,99,458,
167,196,457,
182,289,257,
320,271,162,
110,75,423,2,
257,489,504,9,
129,351,316,481,
324,358,210,
10,16,457,
63,257,149,
492,218,
459,76,459,
517,521,357,519,
177,521,175,
184,159,
427,259,159,
73,204,445,
459,459,395,
511,443,
295,355,99,203,333,
427,304,
7,257,471,
2,330,
11,39,543,
433,503,
138,492,
481,198,382,
259,75,229,
442,443,495,
504,540,421,319,
379,39,382,259,
273,375,415,454,
21,481,257,
425,521,35,437,
513,415,234,
360,96,
312,2,394,35,
149,380,84,
20,528,204,
45,101,9,
117,512,394,459,
316,541,162,
496,218,469,
364,16,146,
194,78,253,
499,458,167,
532,473,539,
114,480,
185,417,434,
209,191,539,101,
127,540,190,
304,539,288,
441,377,185,
277,298,18,
59,477,
54,154,
110,457,534,
134,533,204,
133,504,
297,519,96,
239,423,18,
428,541,
121,127,457,
434,125,127,415,
196,161,408,167,
406,521,398,496,289,
514,
453,467,57,
240,203,
496,293,420,
453,458,
61,489,521,99,
490,459,223,
24,380,495,
159,394,144,
396,396,
440,203,
424,253,96,
405,101,39,167,
548,457,537,
530,288,543,
7,76,
157,427,
476,539,330,104,
506,255,162,
498,516,380,
261,316,534,
483,330,
492,503,
354,315,
282,17,167,
326,306,457,321,
244,521,
418,257,167,
10,443,
319,167,79,
540,78,289,
376,127,
210,57,351,324,
409,540,186,
232,363,
443,445,
136,260,
139,434,
505,18,
357,79,57,
94,149,
223,377,
398,425,421,424,406,
103,286,75,
333,465,205,
385,322,66,537,
9,169,
509,257,289,
385,355,198,
534,259,245,
82,154,
166,471,192,
398,289,415,
88,504,415,
135,9,503,
179,191,
426,120,
284,499,319,
103,443,
187,375,
9,154,
131,218,457,
218,223,543,
295,495,434,
215,504,
320,459,88,
72,511,
212,257,259,
233,259,458,
536,250,354,
63,543,
198,261,
113,16,218,
44,127,260,
180,78,115,
223,286,
460,35,519,
489,234,
230,154,443,
177,459,486,
476,361,
358,351,324,
198,424,
150,307,255,
120,381,
15,495,238,
451,525,
473,192,420,
444,167,340,
62,543,322,
6,521,
346,424,
195,232,234,
469,495,
512,76,499,117,
333,278,339,295,
526,79,238,
319,304,504,
395,99,459,
544,
205,154,9,
455,486,76,
245,255,
141,115,355,
9,425,
373,165,396,
333,423,190,
155,503,
335,229,
508,
539,218,453,
17,282,149,
481,203,89,
377,434,
170,240,
315,191,
3,98,
351,102,
178,192,339,
104,503,525,
182,9,321,
379,86,22,
294,278,
372,478,
474,269,149,
467,459,453,
521,443,260,
125,78,
195,480,
208,204,
397,425,257,
36,99,
515,525,
