543,512,176,17,187,265,439,
180,217,382,144,376,275,191,
296,293,381,291,34,
355,75,429,478,288,56,
74,526,263,504,280,
130,293,97,
203,287,191,100,
439,34,376,234,418,128,223,
260,389,
392,164,187,518,485,278,314,348,440,
355,528,128,418,
146,533,440,268,532,231,
535,472,484,60,452,180,78,370,
138,322,348,89,388,87,468,493,178,108,
85,67,530,233,
39,317,
51,84,184,277,169,340,265,
535,272,245,
525,245,74,
183,230,415,231,193,25,493,156,
109,8,472,322,74,164,514,483,
445,8,97,272,96,106,481,457,477,
99,114,254,2,84,
251,93,500,308,484,184,479,1,
418,504,439,92,224,111,355,
246,270,25,429,0,13,
425,63,216,40,77,
244,408,137,509,293,
444,152,137,388,56,256,447,151,201,366,
137,489,170,532,17,337,
439,416,298,543,
350,287,137,
254,180,503,
224,505,459,44,111,
2,99,192,133,
429,355,431,
468,316,138,
545,95,176,448,264,317,345,
247,486,340,1,68,384,137,426,
445,7,97,489,389,
199,417,97,
500,449,133,137,242,506,401,406,169,
47,114,254,525,40,380,
133,337,505,95,20,500,68,56,154,335,486,
95,133,49,297,490,452,115,545,444,512,417,
7,531,99,212,0,63,233,38,114,445,118,
397,305,222,
118,7,45,111,458,
280,232,261,271,74,360,359,233,131,135,
440,36,520,418,503,46,392,146,344,120,
233,85,316,509,280,
273,191,186,
431,106,66,267,429,80,
130,497,512,223,125,530,505,261,116,546,444,325,521,534,180,287,
315,539,80,467,0,453,
237,411,
389,260,414,498,40,133,100,299,445,
216,281,90,45,265,208,394,425,288,147,
169,51,
8,341,287,105,449,
190,7,68,114,196,444,486,
256,176,415,301,238,
164,492,109,392,500,337,419,179,227,498,
120,187,415,459,105,440,
403,68,399,
272,445,535,381,
192,322,292,89,2,
25,303,534,45,347,8,246,413,346,317,424,66,
469,128,379,220,42,82,407,
191,161,263,142,315,534,360,
137,74,64,444,350,36,473,58,179,345,499,
411,233,512,495,176,243,367,237,152,397,
187,467,315,56,120,185,543,392,8,499,231,169,78,
261,134,207,271,486,
337,139,169,133,416,127,148,517,27,155,222,166,401,207,448,3,
67,416,544,286,85,76,
365,3,234,305,102,
388,40,192,411,395,34,45,10,513,414,484,
417,459,199,122,95,96,
469,505,534,410,
336,68,315,
103,30,109,
270,227,361,246,109,223,388,
521,130,217,76,329,
223,222,217,210,41,
0,298,315,
346,440,25,248,
271,544,261,
11,486,490,447,212,347,206,
222,337,492,223,397,5,344,359,377,49,
530,261,349,512,
34,439,319,62,344,207,
287,379,535,231,363,409,537,8,227,525,432,156,
228,396,230,
105,172,364,477,124,505,97,
386,40,440,547,227,374,457,27,77,133,149,201,
370,254,430,169,457,86,85,535,231,138,245,444,472,36,196,263,
299,389,36,62,
287,262,397,250,203,350,368,82,119,401,
295,505,
410,131,100,90,10,133,406,
409,479,291,391,457,
308,251,161,
133,389,107,267,298,2,537,
514,186,
393,286,490,62,98,
470,231,102,486,292,
515,471,30,265,443,
419,101,164,367,170,458,481,
232,264,280,440,
440,503,172,451,232,197,547,380,497,422,57,387,448,104,544,15,4,51,333,399,
396,108,379,145,290,228,97,481,
24,348,134,505,410,223,253,
381,272,
161,408,308,335,191,
528,502,297,494,94,264,45,83,122,355,
8,109,128,397,386,522,399,221,271,187,69,489,
542,389,147,125,
476,233,440,
297,452,528,387,77,72,316,483,236,8,518,421,
366,322,233,444,499,
472,231,184,335,8,
286,137,231,393,18,
384,26,432,392,234,350,347,324,201,227,301,374,541,190,173,512,192,
367,63,258,419,
415,124,87,120,256,183,166,408,
385,432,441,186,231,132,17,35,113,411,0,145,427,98,427,
68,278,336,325,450,403,7,419,190,306,
135,530,541,345,
263,446,4,506,238,242,289,520,17,331,
322,55,108,176,109,367,392,172,366,18,176,
489,331,265,34,445,489,137,13,8,
236,297,95,
266,256,259,
295,451,433,410,347,328,230,447,525,
45,354,435,460,43,528,216,317,118,87,419,169,
201,384,386,10,212,15,391,114,49,449,121,227,239,444,
432,100,426,494,501,
533,146,344,20,
40,226,389,521,76,458,511,
42,469,397,411,
231,470,20,185,472,169,286,370,287,
288,366,337,297,199,355,
106,40,82,227,
82,469,
503,440,370,21,254,338,
170,137,186,425,246,
347,295,25,
340,478,97,
459,139,169,368,224,99,343,498,206,471,417,
292,505,119,380,441,
12,265,22,430,80,441,478,
197,317,227,
495,410,
111,238,530,44,418,
102,365,231,344,258,483,286,2,501,274,470,378,373,503,306,
292,411,453,470,
227,386,106,388,197,
317,45,39,152,197,200,356,518,376,321,361,420,416,448,
492,534,27,539,164,222,73,199,
90,261,410,
20,133,231,425,248,536,123,24,
243,411,5,530,37,130,287,203,
391,409,
509,244,233,
134,24,261,
277,316,51,267,
298,230,439,497,342,526,
341,122,505,448,447,8,
534,25,265,135,
89,399,288,429,34,342,358,
514,86,274,310,465,502,323,222,479,321,149,
429,120,128,246,444,89,42,280,110,313,109,
166,234,337,447,415,125,
478,355,379,340,179,491,
226,261,
355,207,367,
322,192,109,138,290,409,41,7,49,
27,386,337,
486,305,101,336,541,80,11,264,470,399,190,
62,299,34,393,433,
499,479,114,25,149,167,
7,322,68,549,
142,191,
30,66,139,515,85,191,394,512,103,476,110,481,410,
449,201,49,198,331,500,238,207,212,
472,535,331,223,109,535,370,
49,502,354,349,85,307,125,222,542,25,525,323,518,234,256,521,212,
223,472,4,449,
169,459,231,481,45,
122,397,528,417,341,528,82,161,250,
101,486,44,152,419,
184,176,286,443,197,381,472,251,34,
316,9,468,143,134,141,236,233,427,445,215,80,399,233,277,410,
264,191,180,232,
287,130,452,176,306,360,
510,399,
265,12,374,126,489,447,283,109,
256,49,266,218,457,102,444,268,
233,316,411,459,
100,427,432,449,370,169,203,44,
481,396,445,503,
505,79,145,295,
292,4,192,
97,139,11,24,234,130,445,445,341,66,199,340,
494,432,286,490,401,
105,8,120,
265,534,
34,201,489,446,
411,490,239,416,347,385,395,432,187,169,82,379,267,401,506,
10,215,34,85,438,544,20,190,433,37,25,543,353,362,316,345,520,209,72,256,527,201,20,114,211,
525,230,287,478,
263,440,74,
448,440,362,51,545,317,
199,288,30,492,
547,105,
297,288,95,
44,245,293,233,111,100,
418,
234,331,63,89,60,250,90,49,230,505,97,388,58,16,301,465,62,162,15,365,
331,421,40,125,
416,217,337,452,520,67,439,317,176,0,
512,13,8,470,130,382,117,245,379,122,311,121,328,467,50,57,543,358,30,411,
114,281,99,201,47,10,7,543,499,175,29,190,
261,90,430,130,223,530,92,280,232,226,170,
27,109,394,
537,479,133,
254,99,47,242,407,549,
7,478,190,247,530,
186,69,348,62,170,368,273,29,514,176,
82,546,287,464,135,
547,530,348,80,485,514,
63,425,367,201,504,155,281,325,
259,266,238,
410,24,295,227,316,495,
147,377,542,466,216,
293,35,125,86,130,44,244,146,221,348,95,302,220,172,296,
535,287,477,98,364,180,
137,247,244,286,175,170,282,491,211,348,
518,49,317,295,
128,167,80,8,416,27,183,10,461,429,125,499,305,100,444,195,469,73,355,
408,244,415,
207,150,450,355,261,
84,99,51,76,525,
139,504,401,293,318,411,460,337,444,500,97,129,466,288,484,168,513,160,51,51,459,30,545,376,
245,365,243,491,535,44,525,6,
504,74,418,305,20,280,25,373,
305,486,128,504,397,301,449,271,365,
479,514,172,213,409,251,499,537,
40,386,425,106,
144,180,
433,21,295,386,76,
4,440,263,223,292,
364,105,125,535,314,
493,541,187,
541,293,486,493,109,26,135,
490,145,411,11,294,393,497,41,494,441,
349,150,49,56,421,530,523,
301,384,511,305,
191,203,30,264,148,273,519,310,180,265,
377,176,222,147,
286,52,61,102,82,126,184,119,494,306,
176,256,294,543,377,120,322,413,545,78,145,291,
30,397,333,166,150,45,489,199,502,44,
399,8,440,376,89,473,403,367,510,176,
187,493,363,
124,415,105,152,315,342,
457,386,530,256,145,347,
80,12,71,
230,298,183,525,221,378,109,228,315,42,242,
430,370,261,12,357,89,107,535,82,
505,475,292,234,523,133,120,469,341,224,520,
394,30,216,27,385,520,71,477,
105,547,70,78,539,138,
265,515,543,135,
61,286,
109,270,75,103,532,27,
440,386,120,87,263,483,346,476,70,
445,489,316,458,383,167,
530,457,547,7,388,243,85,111,135,
34,89,388,
125,293,80,331,128,364,
217,521,416,108,410,230,477,
348,293,76,549,449,344,138,391,24,58,208,231,515,137,547,482,
379,245,512,287,469,76,354,264,498,478,411,99,420,428,
397,30,231,287,122,91,42,198,
430,408,
539,492,105,
70,440,105,
331,449,489,203,
176,322,184,416,186,
337,164,288,137,
444,95,429,
230,295,217,
170,137,419,261,
544,440,271,
21,503,433,
388,253,444,154,29,
221,230,8,
325,63,
152,101,411,
161,122,
376,180,
387,440,
291,176,296,
238,259,
75,109,355,
344,440,222,
267,277,133,431,
446,34,
506,
78,176,535,
223,24,
335,133,472,
347,457,11,
386,433,
477,445,394,
217,180,223,
303,36,25,
315,230,191,
34,296,184,
80,486,315,431,
137,500,348,
501,102,432,
231,187,183,
180,535,130,264,254,
145,505,396,
378,102,458,
253,24,
207,449,337,
340,51,247,
452,287,
36,303,137,133,
310,191,
203,243,331,
345,545,135,
407,254,469,
342,124,89,298,
408,430,161,
481,419,
145,385,176,
138,370,105,
80,547,125,
98,385,535,393,
485,547,392,
92,418,261,
71,394,80,
242,230,500,
481,169,30,
250,287,122,
258,367,102,
145,490,457,
411,42,292,
506,411,500,
520,394,263,
301,234,256,
449,305,100,
410,217,469,30,
108,217,138,
399,316,486,
89,192,138,
135,534,
82,106,286,
149,499,386,
176,399,287,
133,386,410,36,
367,399,355,
449,8,223,
428,379,
421,349,331,
315,124,336,
458,419,118,378,
0,7,246,416,
119,292,287,
5,243,222,
512,384,530,
358,89,512,
348,137,392,
111,224,118,
156,183,287,
150,207,349,
317,25,545,
549,7,254,
3,337,365,
486,247,
179,164,478,
238,111,256,
248,346,20,
406,500,410,
97,396,105,
25,183,499,
306,68,287,102,
525,49,295,
135,265,280,
74,137,525,
49,322,201,
196,190,370,
77,386,425,
505,105,24,
87,440,138,
8,109,472,297,
287,243,
169,100,187,500,
76,521,379,
448,337,341,
486,133,261,
526,298,74,
109,429,265,
66,431,25,
383,445,
534,191,492,
271,305,
401,411,494,
192,384,
13,512,246,489,
368,459,287,
447,444,341,
10,388,410,
511,301,
115,95,
419,45,
388,270,227,
478,12,525,
471,459,515,
223,439,261,
321,317,
484,535,388,
41,322,223,
447,166,295,
514,547,109,
17,543,137,
15,234,
459,233,120,
298,133,0,
211,137,10,
401,287,500,
362,448,
314,364,392,
344,348,533,
381,184,296,
380,47,292,
366,288,
433,62,
265,191,51,
502,30,514,
263,370,191,
27,128,
231,146,348,
278,68,392,
427,100,385,
