278,184,437,77,92,428,334,121,441,75,410,408,211,60,
271,538,310,61,
443,103,10,230,435,445,407,48,110,534,547,36,349,
228,443,451,
39,12,537,315,120,295,431,
482,453,25,98,301,60,45,54,168,265,495,60,253,
464,32,481,
525,250,271,
519,331,381,77,
385,143,496,60,286,85,
349,443,445,265,321,334,315,328,
525,442,23,418,152,
502,499,286,
284,121,349,
237,177,274,21,460,
471,120,333,76,530,139,333,
442,77,525,450,517,
527,9,325,388,357,
256,333,398,
380,285,538,165,63,112,47,314,385,33,408,124,281,121,545,19,
12,431,33,547,166,
548,516,143,30,447,
261,397,511,198,195,366,460,343,144,388,
221,15,499,
15,73,103,264,448,221,
103,15,195,272,410,107,84,167,400,
467,362,453,325,62,484,301,507,515,295,184,203,159,
519,210,302,6,495,159,196,499,281,
195,103,
98,249,511,496,304,469,
167,360,247,385,92,423,458,479,499,103,482,
262,516,
408,380,501,427,239,495,
331,63,519,109,499,
60,77,482,
423,216,99,436,346,380,376,156,428,23,
218,310,91,32,295,326,351,320,
381,372,193,295,356,24,194,197,519,
195,261,458,
501,168,469,168,408,159,451,173,336,507,327,320,
333,494,524,458,114,395,509,
139,315,471,242,
440,141,511,302,548,521,
260,333,
322,125,431,
77,278,519,493,539,60,323,
336,534,501,471,3,76,112,
543,482,25,245,247,105,493,87,178,44,480,248,166,
159,465,519,315,105,334,173,257,242,467,
244,96,82,19,516,245,
232,516,414,271,
77,458,482,45,
256,259,102,
303,239,
88,538,
150,247,325,245,
495,519,145,177,372,499,385,
286,217,103,239,60,533,136,223,154,198,163,493,129,48,494,502,168,
537,242,39,
428,333,102,21,43,368,384,
450,182,268,507,442,105,380,154,270,465,63,498,
538,380,271,487,88,
325,184,467,481,457,527,333,150,324,182,
143,100,111,385,297,102,407,
464,445,434,272,387,366,173,
273,85,396,174,33,118,297,
507,501,467,334,
154,9,286,82,230,10,113,450,168,537,358,45,160,294,410,
341,404,249,20,
458,210,271,286,420,311,333,4,333,339,110,220,440,
118,273,25,103,
249,310,32,19,
230,154,443,109,19,366,
295,218,467,398,177,
333,458,129,177,323,498,471,
257,73,481,182,388,159,
90,37,159,374,2,270,32,68,37,
140,33,303,430,273,157,138,442,20,
274,499,413,237,156,173,472,
297,143,273,19,123,
460,131,476,
366,230,384,430,464,444,
215,539,147,
184,102,153,6,278,414,245,25,117,259,465,285,403,467,
105,511,159,543,372,427,450,33,313,
136,89,463,136,8,323,286,467,
255,26,374,499,145,
509,333,
49,2,410,
71,121,
103,189,8,357,183,515,196,108,
358,63,324,163,398,124,544,190,
324,37,208,358,210,141,18,12,117,284,194,362,273,546,
333,335,39,357,325,9,56,471,25,137,159,320,260,
534,187,118,287,125,549,324,220,547,374,336,239,410,529,526,373,469,
359,131,131,333,450,
96,478,393,83,360,368,395,
453,505,360,156,85,548,
45,310,410,77,
448,357,15,75,469,
229,226,496,89,255,259,335,201,166,517,41,507,141,
428,145,423,388,190,313,
407,515,533,418,20,143,32,68,
469,501,126,547,196,168,
8,103,298,
129,286,430,96,306,463,388,333,121,218,493,
111,247,143,480,
6,84,194,168,343,8,322,519,197,178,
301,467,482,241,533,
96,244,
458,446,251,239,125,384,77,208,195,106,544,
102,270,184,473,253,256,246,360,547,
516,398,320,499,262,247,521,548,232,428,517,480,
384,458,366,339,242,428,
114,333,
398,516,295,20,96,294,270,479,358,154,239,
453,89,482,310,
228,357,89,19,
3,360,335,323,316,271,363,
399,414,431,
141,361,229,440,117,109,430,226,515,65,
465,184,300,159,333,309,268,2,450,92,341,102,299,386,26,
530,342,153,471,508,216,329,268,323,380,
25,259,172,482,118,
153,530,361,500,427,515,321,
9,118,154,529,273,451,527,333,
177,344,495,137,269,237,513,210,467,440,220,
125,534,116,227,458,80,432,2,54,285,235,322,
2,259,465,125,514,65,90,49,76,
284,28,521,
121,71,210,
496,385,229,98,
358,360,154,
431,356,404,
478,526,96,301,
92,539,278,465,167,
493,286,120,159,
430,476,141,366,289,
380,423,168,95,
302,251,519,10,270,281,444,487,517,362,
156,423,453,
151,333,161,
250,97,127,398,313,225,191,104,110,143,
414,476,184,519,232,515,89,399,
210,121,519,37,467,
87,326,153,373,543,136,544,393,
284,246,324,
326,218,515,87,493,494,95,28,340,
388,173,129,527,318,
216,530,431,20,
374,454,90,20,166,534,343,211,255,
168,501,154,108,380,6,499,68,546,
444,445,515,318,343,44,326,366,
362,302,511,467,484,
333,465,172,359,270,151,191,471,316,372,446,178,484,
381,476,499,
20,532,505,216,342,140,407,341,
445,385,310,33,45,418,230,238,231,464,103,444,3,247,
481,325,257,464,446,203,
410,103,278,45,49,187,302,372,154,339,
145,495,428,255,
211,278,374,127,
10,443,34,25,488,
398,104,505,246,
113,400,46,204,399,113,291,490,344,271,512,472,223,297,529,55,493,503,469,339,514,226,123,472,360,467,321,
61,329,357,339,107,
339,37,61,351,113,458,413,451,410,
343,374,432,499,
499,130,167,274,168,255,392,247,221,381,189,343,331,
516,511,244,156,82,343,14,544,
505,395,20,453,398,532,374,393,
25,10,184,333,179,186,
471,21,333,336,413,253,
37,210,339,90,
323,186,530,77,483,
121,129,284,508,
110,250,443,260,363,
208,458,324,295,
511,317,123,98,358,91,105,415,516,261,181,239,362,
271,458,525,
102,428,465,67,311,
186,43,4,25,106,323,515,
89,414,483,
413,274,339,471,388,76,108,304,
388,85,324,531,488,56,323,413,
484,85,333,467,315,404,362,
156,516,274,
315,139,39,159,349,
432,310,125,343,329,
147,215,310,301,
131,359,259,
493,543,326,201,183,370,302,67,109,
166,229,374,310,12,543,
499,255,259,169,502,26,
73,15,257,
19,244,524,65,380,228,230,367,
8,6,136,
335,54,229,411,333,3,450,
398,431,256,250,54,515,
310,249,362,395,432,147,271,446,45,
104,259,250,242,398,
174,273,32,262,457,
427,105,408,
431,39,12,322,398,216,347,399,
404,204,468,431,341,397,484,
360,96,454,3,288,337,358,453,14,113,218,294,
343,261,6,367,133,450,44,
85,372,349,484,339,401,264,385,310,277,
451,76,539,9,84,451,
388,257,261,450,428,302,467,
395,333,310,505,
172,25,333,316,270,281,34,465,
98,482,269,465,
511,440,238,288,
76,524,191,37,250,318,7,258,83,471,476,494,138,161,277,475,
259,229,104,499,256,498,2,131,
32,163,264,249,464,323,174,26,
226,229,
387,464,
173,464,274,
318,194,217,476,307,263,396,
539,311,304,82,30,76,117,490,215,92,451,540,530,248,532,
357,119,121,94,333,441,228,544,
270,302,333,403,102,358,311,90,
476,76,381,414,430,408,460,123,137,262,521,
247,445,150,499,543,339,61,35,167,111,
263,508,318,
85,273,
487,367,302,
44,543,444,343,
472,274,113,
451,228,451,
242,104,159,139,
3,336,
294,154,360,398,
517,229,516,
294,
334,349,507,
173,388,
11,48,532,
515,224,309,519,182,153,402,
173,159,501,
23,349,525,32,
519,414,515,
23,423,252,
43,186,428,
529,534,
65,2,115,
120,471,39,493,
76,336,2,
281,172,380,
324,
494,76,286,326,333,
184,325,
4,458,186,
271,3,
19,249,297,
339,247,85,384,
357,61,103,
428,278,516,
159,333,90,501,493,
302,493,388,
110,458,
77,442,
298,8,
495,408,482,
362,324,310,
530,383,539,
329,432,61,248,
249,
367,343,487,
196,469,519,103,
307,318,
440,177,458,
499,519,516,
515,467,103,315,
242,537,384,157,
96,129,398,
321,349,
63,331,
316,3,63,172,
250,525,
324,534,388,
121,278,357,
264,15,85,
414,
357,527,448,
515,186,398,
544,87,115,
310,218,166,85,
493,77,
515,326,407,444,323,
197,6,381,
37,324,90,
65,141,19,
401,85,
531,388,
249,341,98,
483,323,89,
380,530,
259,25,184,
198,286,
446,481,333,
548,440,453,
310,445,453,
386,465,
136,87,
76,539,413,
521,476,440,539,284,
35,247,
32,407,90,
178,333,6,
248,543,539,329,
203,467,481,
127,211,250,
304,413,98,
508,530,263,
63,358,316,
508,121,
85,453,
333,256,428,
360,102,167,
281,519,302,
315,484,515,
239,458,408,
280,
320,333,501,
26,255,499,
313,428,105,
152,525,
457,325,174,
196,
123,476,297,
288,511,360,
41,229,
18,324,
469,448,534,
473,102,
33,140,
67,493,102,
123,113,
323,32,388,515,
517,302,442,
168,469,286,
487,538,
14,360,516,
245,150,244,
469,98,
532,539,11,
460,237,261,
544,458,516,
68,90,407,
326,444,
286,385,
479,167,398,
547,12,102,
61,247,271,
318,388,444,
372,410,105,
82,244,516,
343,444,516,
265,482,349,
342,530,20,
450,388,343,
482,167,77,
36,443,
328,349,
301,478,147,
393,505,96,87,
33,380,273,
32,23,218,
445,443,
269,177,98,
539,77,521,
115,65,41,544,
451,339,501,
427,153,
270,398,172,
137,333,
245,543,
488,388,10,
521,516,
403,184,270,
271,232,445,
544,358,357,
95,380,326,
329,530,89,
177,295,333,
532,505,
334,159,
418,525,
253,471,482,
467,210,388,
311,270,102,
21,471,237,
493,129,113,
106,186,458,
255,229,499,
137,177,476,
33,105,445,
340,326,
465,172,98,
54,335,
238,511,445,
321,153,113,
28,326,284,
190,428,358,
103,118,
397,404,261,
262,476,174,
358,511,270,
480,516,111,
84,103,6,
546,168,324,
239,398,511,
220,177,458,
60,482,286,
273,9,324,
515,141,414,
479,
41,115,
454,360,374,
112,380,336,
450,335,359,
131,460,359,
182,257,325,
143,548,250,
526,534,478,
400,103,113,
107,103,61,
108,103,413,
246,284,
533,301,407,
54,398,482,
302,410,440,
34,10,172,
30,548,
368,428,96,
344,194,177,
60,385,278,
45,482,154,
189,103,499,
246,102,398,
374,505,
363,110,3,
65,209,
372,333,495,
499,255,495,
168,482,
126,469,
