485,206,125,352,466,537,534,
89,109,221,42,
173,8,536,
210,221,510,
27,471,519,42,99,521,
129,301,174,
471,203,319,333,32,27,190,11,216,201,217,412,145,534,529,295,74,249,272,
109,100,141,320,89,381,359,
15,327,530,191,302,221,118,43,123,327,360,
478,451,281,
221,15,285,215,181,352,315,239,210,89,474,
261,41,198,195,196,366,215,343,144,524,462,441,366,139,221,148,
32,413,0,523,430,268,
180,206,289,490,167,
103,229,125,
534,187,118,62,287,542,549,496,220,547,432,387,402,239,410,109,526,373,66,464,265,
268,242,8,202,172,449,201,126,200,350,250,
523,32,117,453,49,133,477,
84,449,
158,271,217,58,59,183,
131,297,343,77,490,345,357,259,542,
281,0,27,14,194,325,478,365,
145,471,327,298,106,
258,60,310,288,
107,99,115,483,
381,33,109,139,
249,310,309,466,162,286,361,324,51,162,
446,193,325,78,
106,334,174,145,518,
174,309,106,129,77,110,338,148,
43,80,15,64,13,304,402,155,221,
191,25,544,189,229,209,119,232,399,
78,521,357,58,132,290,8,185,426,446,
343,261,295,77,133,265,248,131,86,487,516,
82,302,141,87,464,337,
231,295,0,451,342,
321,516,442,
302,251,167,10,281,92,444,189,536,297,32,82,483,
67,196,279,517,35,167,155,300,
190,471,143,360,543,421,120,423,
260,10,191,
12,111,
359,331,427,74,450,166,
273,175,274,172,255,247,
421,519,190,451,
299,519,325,539,159,448,231,323,49,109,492,345,
516,347,320,157,247,321,285,289,125,404,445,108,408,
521,436,360,539,284,413,78,427,543,491,27,
522,395,67,32,341,
146,519,507,
544,352,100,87,53,547,524,379,484,397,
533,367,451,147,
344,285,374,
389,423,14,352,536,
285,516,221,167,409,341,3,248,492,
155,215,43,
107,369,478,
442,215,77,469,232,281,442,101,412,321,
325,446,249,277,360,299,333,204,324,33,78,466,398,
157,289,516,197,
194,141,324,235,
544,121,128,158,
479,540,310,
339,242,351,232,217,364,77,115,
9,118,118,529,451,440,333,206,344,516,65,179,249,265,300,277,
544,318,181,191,26,40,476,315,413,
65,115,491,364,474,9,340,99,482,
310,249,298,527,395,58,248,418,446,477,258,524,285,484,496,75,145,
466,289,519,
124,41,398,475,510,9,464,138,66,503,88,
228,357,229,89,110,397,542,380,92,464,528,
451,76,539,9,84,80,451,277,451,231,533,478,306,
229,228,486,522,204,
239,151,423,87,
77,442,242,343,349,174,175,
451,172,451,496,421,229,144,
310,340,184,407,189,479,529,
440,472,352,366,9,44,285,178,
99,107,65,120,347,
10,127,202,
463,527,
329,416,340,89,78,223,484,14,185,167,69,
358,19,343,435,137,365,61,
357,119,42,94,333,441,228,271,131,316,104,25,91,
309,174,484,189,404,181,366,271,
26,0,544,
303,354,453,327,
10,215,62,34,260,438,292,20,473,433,37,25,418,
254,143,67,
473,10,359,3,
115,65,41,544,213,62,205,412,107,33,43,
16,324,215,183,
64,28,446,42,117,369,
440,533,106,10,204,
218,281,412,455,
60,104,120,258,365,374,48,449,80,474,6,206,
364,248,65,
114,215,427,126,
316,286,434,309,52,355,140,464,
323,380,358,143,43,151,299,
8,519,324,248,268,291,173,160,347,394,52,459,
242,229,157,268,358,179,512,409,420,
111,143,12,421,264,174,177,
121,13,115,404,167,323,544,327,333,492,
35,295,67,25,
127,431,42,486,10,256,327,61,331,193,169,301,
277,451,265,128,5,110,
427,359,521,114,
343,358,255,87,522,409,
292,10,290,186,
445,385,221,45,418,495,230,122,231,151,316,103,3,477,516,
172,268,451,33,263,
453,76,303,85,537,285,126,279,84,341,430,359,
467,477,6,23,33,110,
380,179,228,111,140,107,172,492,
100,516,472,341,86,64,544,109,539,
33,197,467,172,
281,442,397,483,115,322,175,
466,249,306,118,506,
454,224,28,
110,467,42,423,
482,52,65,280,
18,289,105,
265,349,343,460,
476,144,544,
250,64,268,367,
527,310,463,
195,261,183,335,264,212,232,364,377,108,138,543,0,528,
215,114,4,395,16,451,464,155,272,
319,471,61,175,
333,177,
62,115,10,534,141,
423,239,216,282,99,292,436,346,376,229,292,110,388,507,389,
290,397,292,78,
248,343,310,189,364,342,
455,540,218,464,
217,471,357,99,158,442,77,441,227,248,363,
33,115,
382,478,20,
271,196,158,125,88,333,364,
404,121,516,93,539,100,374,
167,302,285,193,265,329,
161,315,543,231,5,147,
28,64,454,322,
340,310,153,248,
285,453,310,481,344,484,
341,453,194,
258,528,352,179,147,244,
397,281,228,120,290,544,75,135,
539,311,304,82,30,117,394,490,418,279,451,342,540,20,179,494,
159,299,
209,191,147,11,48,
160,259,373,25,372,207,
374,404,60,373,344,
166,359,
357,217,64,78,104,327,
139,261,381,
462,108,261,
120,99,190,
478,526,67,107,255,204,325,472,208,243,459,382,458,301,
64,357,100,250,357,507,239,84,148,168,484,148,335,361,
519,292,175,299,354,146,49,27,466,45,421,178,507,
341,404,249,204,235,301,100,125,342,376,522,234,180,129,375,285,530,
232,195,368,122,134,
128,454,80,416,544,26,232,
516,37,9,343,357,
331,27,359,95,234,454,
279,333,539,107,453,
189,542,309,191,26,316,302,133,324,432,
120,60,455,397,
342,341,196,304,231,
347,8,516,99,
334,349,106,158,61,503,
395,231,310,374,65,544,26,522,222,215,503,
490,131,180,135,492,
177,289,111,333,522,
202,268,10,
42,127,317,53,78,373,27,
99,340,59,
144,528,476,451,
333,418,39,357,325,9,56,471,480,44,320,415,196,183,279,315,271,543,117,
59,317,50,46,99,300,
231,539,395,
151,239,161,445,243,189,445,323,540,
215,442,396,
281,218,302,87,206,503,240,207,
87,533,281,82,324,406,
14,435,329,389,52,281,
67,487,517,325,13,478,186,254,454,69,522,355,457,
317,42,
58,310,545,158,466,78,421,
466,485,58,
229,423,451,
451,215,451,372,365,
483,302,107,281,
317,59,247,
449,338,84,60,515,268,143,426,
105,5,372,450,392,297,193,313,18,546,195,
324,349,87,210,141,12,117,412,194,95,189,16,242,227,52,477,
543,521,190,161,333,195,442,419,195,155,522,
327,127,15,357,303,
119,
229,242,191,103,
206,180,9,122,485,445,
454,67,128,331,
255,478,315,343,486,437,518,87,
524,310,357,
179,258,242,289,
181,309,544,
140,33,303,430,78,273,157,138,442,255,458,140,119,208,372,380,414,452,
440,87,176,164,232,396,
357,64,108,524,77,442,373,
92,302,228,543,118,
290,288,265,
354,404,519,419,146,159,227,303,484,266,
368,133,232,355,416,76,196,
349,265,445,265,281,334,315,328,324,108,77,148,273,540,
61,334,358,
13,43,121,0,67,140,9,26,
442,217,442,357,
33,140,69,321,360,381,
510,210,47,124,346,
0,281,38,140,231,26,
340,65,540,329,99,
25,160,464,35,41,80,100,
320,333,59,128,393,109,305,
196,368,487,101,67,271,9,342,193,
301,127,341,129,292,478,
464,215,
104,60,407,275,350,539,357,263,
122,232,206,445,133,266,
125,341,271,485,516,416,103,
201,471,24,179,268,157,540,354,345,244,393,
394,539,8,373,432,457,
537,485,453,406,
289,18,5,177,516,264,466,180,157,0,134,179,
108,195,357,148,462,
141,361,183,82,194,117,109,109,263,226,62,258,125,
464,25,276,539,82,330,352,345,191,301,472,545,228,477,124,
352,258,485,431,440,
265,404,26,534,
143,100,111,60,254,102,190,205,
158,238,334,544,
224,9,485,343,420,331,454,
539,26,521,464,162,89,104,160,231,404,429,493,
53,324,42,474,
315,544,349,255,343,161,545,221,352,408,235,
404,204,468,205,341,354,264,463,309,46,162,265,217,115,89,
26,395,189,48,265,
206,60,281,118,503,
540,201,479,340,517,455,243,
110,174,277,
369,107,64,
546,105,
243,151,478,540,
416,368,125,
231,299,161,
88,124,
331,224,127,
338,449,174,
333,121,107,
373,374,357,
128,277,320,
207,281,160,
280,482,
484,544,329,309,
248,340,217,
324,53,194,8,
306,408,454,466,442,
78,329,42,
484,354,64,
534,485,471,
352,464,315,337,
419,543,354,
20,539,382,
352,221,544,389,
407,113,310,
484,310,285,27,
418,333,310,10,
429,539,
350,104,268,
446,64,
118,206,92,
442,543,321,
64,43,
193,127,454,446,
421,58,111,
486,127,229,
117,64,523,
533,87,440,
388,423,
159,354,
359,473,453,109,
337,352,82,
180,417,
367,
453,523,
133,368,189,
74,359,471,
52,8,14,482,
374,409,395,532,
406,537,87,
133,122,523,
435,14,358,
487,343,196,193,
512,242,8,
477,310,17,
305,256,320,
41,261,25,
175,273,319,
327,145,
84,453,64,
42,64,89,110,
232,191,339,440,
295,343,471,
176,440,
115,121,281,339,
135,490,397,
193,196,167,487,
26,128,13,
0,32,195,289,
304,342,43,
522,343,229,
492,299,121,285,380,490,
358,242,323,
357,516,
80,25,451,
503,334,395,124,
35,25,
457,394,67,
474,60,
445,151,
543,92,
256,127,146,87,305,
524,261,544,
61,319,127,
227,217,354,
25,10,357,
191,15,464,260,
522,543,177,
266,122,354,
420,242,224,
162,539,249,
271,309,357,
335,195,64,
255,273,140,
175,519,77,281,
9,124,196,
126,453,268,114,
375,341,
143,449,323,
48,60,
315,333,
372,160,140,451,
197,157,33,
367,250,533,
69,33,67,329,
361,64,
295,231,
432,534,
204,457,325,229,
493,539,
25,191,35,
396,215,440,
48,209,26,
518,106,255,
147,533,161,
300,67,9,
432,189,394,
259,160,131,
364,271,339,
49,523,299,
138,195,124,
19,358,
408,306,516,
194,281,341,
148,174,64,
409,242,343,
491,521,65,
99,27,
503,206,281,
145,310,
298,145,
365,451,281,
355,368,67,
345,201,299,
459,478,8,
101,196,442,
464,534,316,455,
455,120,
366,309,440,
46,404,
235,315,194,
399,
393,201,
77,131,
434,316,
309,249,316,
43,115,323,
445,206,
342,248,
360,15,521,
89,404,539,
155,67,543,
373,42,394,
44,333,440,
485,224,
412,115,442,
186,292,67,
180,341,
532,374,
179,539,380,
76,453,368,
3,285,473,
185,78,329,
134,289,232,
477,467,523,
277,9,325,
272,215,471,
232,128,442,
86,343,100,
59,158,320,
542,189,131,
140,316,140,
183,158,16,
5,161,289,
426,449,78,
265,167,290,
263,172,141,
100,25,404,
264,111,404,
398,325,124,
317,
530,15,341,
536,389,302,
87,544,239,
539,299,100,
413,32,521,
474,53,221,
248,285,8,
507,146,423,
322,281,28,
27,331,484,
172,380,273,
506,466,
95,331,
431,127,352,
477,464,445,
244,201,258,
242,77,324,
