317,199,530,248,534,227,
37,377,297,320,
176,394,294,543,377,120,2,413,104,78,145,503,
292,4,192,337,421,27,357,145,241,118,
230,55,298,145,183,18,221,378,109,228,315,42,154,
537,154,2,133,
439,494,293,13,272,
502,30,514,511,160,504,
298,230,439,497,283,526,144,
187,467,315,56,78,185,543,8,499,303,169,78,
485,2,381,
293,35,86,44,146,221,348,95,302,220,172,523,439,
34,439,319,62,534,344,207,429,89,
408,408,373,453,
137,408,64,444,301,55,473,58,179,345,499,377,60,
265,534,27,476,
317,45,152,197,200,356,518,376,321,361,420,416,448,76,307,
288,366,347,337,297,199,159,159,318,
166,11,268,
176,399,251,
468,316,138,188,133,
514,547,111,
221,230,8,268,
387,440,242,
106,40,156,30,326,118,396,
448,440,362,51,317,216,218,262,
77,429,520,
286,52,61,102,126,184,119,494,306,256,333,471,34,227,
27,60,292,265,87,
180,217,382,144,376,509,275,519,
397,398,30,231,122,91,42,198,174,475,
447,444,341,
207,450,355,121,468,3,443,
333,286,159,218,208,
97,321,139,11,24,234,298,445,341,66,199,448,206,
41,223,
447,166,295,4,142,
272,445,535,535,381,273,
449,8,223,
254,180,503,
124,105,152,315,
216,448,134,
380,283,509,
365,396,62,
445,8,97,272,96,106,481,265,457,477,439,79,314,
169,100,187,316,535,190,437,
40,226,521,76,458,511,157,283,
226,399,42,62,22,
347,164,11,258,248,
518,317,295,372,159,355,
146,521,440,268,532,231,60,
337,139,169,457,416,127,148,517,267,155,299,166,401,408,3,
8,341,145,105,449,58,373,508,121,199,
42,366,397,3,226,80,294,335,
187,525,493,363,122,
97,396,105,2,69,474,41,316,
186,192,348,
110,439,259,
10,215,447,34,85,438,544,20,190,433,37,25,543,353,362,316,345,520,209,72,256,527,20,114,475,
357,514,292,208,452,
266,256,428,259,174,
102,448,231,344,258,483,286,2,501,274,378,373,503,13,76,91,218,272,
301,384,511,410,13,137,
4,440,307,263,223,292,15,256,447,263,
535,272,193,65,
233,335,191,
259,38,266,101,
440,465,98,120,87,483,433,
277,271,316,387,267,
165,192,82,15,
439,169,445,
197,317,179,
256,286,266,342,218,102,444,268,
416,337,452,520,439,317,0,337,388,7,
514,86,274,310,163,465,502,221,323,222,464,321,149,352,94,114,
105,172,364,477,124,505,97,266,443,524,78,
526,298,74,294,474,
17,543,137,
114,281,10,7,543,175,29,190,372,337,545,
528,502,297,494,94,264,45,83,122,355,257,413,
534,317,265,135,34,215,
265,515,543,316,445,434,
87,440,138,135,108,45,
118,7,45,292,458,106,454,178,321,
21,503,433,114,188,230,
364,105,374,535,314,163,267,366,
45,354,435,208,460,43,528,203,317,118,87,419,169,92,74,95,373,80,
25,183,401,24,434,432,
30,397,333,166,150,45,489,199,502,209,44,511,
458,419,118,378,478,
159,166,333,
251,93,500,308,484,184,13,1,250,44,130,176,
503,267,44,176,
439,416,298,543,110,310,511,206,
429,120,199,444,89,42,280,110,313,337,365,
137,170,532,17,337,180,446,530,
489,493,521,
494,432,286,245,401,439,519,
440,503,172,451,232,197,547,380,497,422,57,387,448,104,544,15,4,51,333,305,399,529,111,507,
397,415,350,542,523,468,
270,227,361,223,388,282,395,
2,262,192,133,485,173,97,
504,74,418,20,280,25,373,250,315,243,
316,9,468,143,134,141,236,427,215,80,118,399,233,277,265,492,169,24,
432,100,426,494,501,315,160,204,
20,425,248,536,123,24,436,337,38,
493,489,187,155,
388,253,444,154,29,416,374,
530,547,7,388,111,135,
263,446,4,506,121,238,242,289,520,17,331,257,49,371,160,380,335,450,
484,535,388,88,
444,95,429,240,545,437,
102,40,
509,337,180,
263,191,474,
310,439,525,510,518,177,215,421,526,
82,347,511,165,
190,7,68,114,196,444,486,38,211,239,
108,425,163,138,87,
347,295,262,288,69,49,
297,452,528,387,77,72,316,483,236,8,518,233,421,173,34,
160,263,502,464,
34,238,184,286,45,
226,222,261,60,447,32,
188,468,21,
355,528,418,469,
417,199,122,95,96,320,
419,164,170,458,481,475,
138,348,89,388,87,468,493,178,108,266,18,
135,530,342,87,40,392,411,76,
468,207,191,397,305,
297,288,95,37,
348,293,76,549,449,344,138,391,24,58,208,231,515,186,547,482,103,392,
233,316,202,459,46,294,326,
471,83,286,78,
449,178,100,393,299,
486,336,388,234,80,11,264,399,190,337,298,
308,134,145,
335,191,105,263,136,
337,292,416,20,230,507,
139,504,401,293,318,411,460,337,444,500,97,129,466,288,484,295,168,513,160,51,51,545,376,
61,286,
469,355,377,
89,399,288,510,429,34,121,358,186,251,
335,256,233,271,
183,230,474,193,25,493,156,
477,445,
373,144,408,
396,108,379,290,228,97,481,13,169,377,397,365,106,411,303,
433,21,295,386,76,139,399,34,
62,299,34,393,433,226,365,292,
260,263,257,298,42,425,
68,278,325,450,159,529,419,190,98,
525,438,310,318,406,544,292,335,
5,68,413,
263,260,4,298,
144,83,180,373,298,
515,471,265,443,466,58,455,376,186,
89,192,138,509,
80,329,438,487,34,177,236,
236,510,94,297,95,60,192,
272,439,102,
514,357,186,466,504,450,
337,164,288,137,509,350,196,
535,272,472,484,60,452,180,78,257,
547,530,348,80,485,514,476,289,
114,411,21,322,425,
95,166,49,297,490,452,115,158,444,512,417,432,242,45,189,241,314,457,
523,293,397,475,
543,143,115,176,17,187,265,439,376,347,524,13,
223,478,217,210,41,139,
192,292,89,125,2,165,186,236,136,142,240,
156,183,259,258,
166,234,337,447,339,125,109,156,159,209,305,236,
504,502,514,
511,301,439,502,30,
179,197,105,418,
341,122,505,204,447,8,80,101,
139,223,433,68,
501,102,432,218,
399,316,486,509,
308,251,160,32,
530,261,349,317,512,
446,270,34,
34,201,293,446,142,167,
134,24,421,216,370,515,308,
393,286,62,199,449,
256,4,335,326,
521,190,123,76,329,3,251,489,
347,82,543,289,
512,384,530,222,
15,472,4,165,518,
388,40,192,411,221,395,34,45,218,513,414,484,
221,388,514,
232,264,280,440,279,46,295,316,
505,475,234,523,394,120,341,224,520,
520,77,263,
267,277,133,503,429,337,
305,440,439,468,151,
415,397,34,
439,34,376,234,418,128,305,223,
105,8,109,179,335,322,
145,292,308,
525,315,295,187,
295,451,433,201,347,328,230,447,525,448,139,245,437,314,
186,69,348,62,337,368,298,65,29,514,
94,236,505,
217,180,223,80,
24,348,134,505,25,326,180,
399,8,440,376,89,473,453,16,510,176,226,295,
196,190,206,337,
299,337,36,62,
122,397,528,417,341,528,82,161,411,30,526,
472,535,331,223,426,535,27,
368,5,
88,381,484,303,
395,280,270,426,
503,440,370,21,254,338,377,
8,109,397,386,522,399,221,271,187,69,217,80,387,201,473,293,
40,102,135,106,
326,24,106,352,
286,393,18,
474,97,183,473,
384,26,432,392,234,350,347,324,227,301,238,374,541,190,376,173,512,189,
163,514,364,108,126,
262,347,2,448,
377,176,37,184,469,521,137,
223,472,4,449,13,497,271,408,434,511,
408,137,408,
418,504,179,439,224,111,245,355,343,114,159,
74,526,89,73,504,280,239,
44,211,293,233,111,100,251,151,32,461,503,519,
481,396,445,503,530,
63,201,504,155,281,325,
38,190,259,329,20,421,
440,36,520,321,308,418,503,46,410,167,146,344,167,435,8,365,508,
142,264,34,273,
444,152,137,388,365,56,256,447,151,164,
355,207,214,535,518,529,450,
271,191,335,223,277,
349,213,202,56,530,523,160,
111,238,530,44,418,159,78,440,
133,111,107,267,298,2,537,186,
164,492,500,337,419,179,227,498,
138,398,105,5,352,
124,230,452,399,
315,230,191,245,525,
191,263,468,315,360,81,193,233,271,335,
199,288,30,492,170,74,429,401,135,
7,478,190,247,530,104,416,432,
261,90,214,223,530,280,232,226,170,314,425,
80,547,87,217,147,45,
34,89,388,433,133,415,
492,27,539,164,465,73,199,454,
184,286,443,197,185,222,251,34,224,
78,176,535,321,111,125,187,
298,133,
411,135,239,416,121,180,57,347,395,432,187,169,82,465,267,401,114,
11,486,447,212,347,206,166,387,
199,417,97,317,
535,477,355,308,364,180,169,365,
193,535,191,
100,432,449,370,169,44,320,115,
539,492,105,472,
234,486,331,63,89,60,250,90,230,505,97,388,58,16,360,465,62,162,15,280,
228,396,230,27,145,
166,152,95,
505,79,507,94,
283,40,
280,232,261,271,74,360,359,131,395,125,
224,505,44,
519,494,305,
223,439,261,
170,137,419,261,199,267,
180,535,452,264,254,
381,272,42,88,91,437,485,
258,102,
230,295,124,
542,389,126,125,397,529,434,
248,317,20,58,497,
376,180,543,
264,142,180,232,231,
105,547,78,94,539,138,
293,34,387,8,
7,531,99,212,0,63,233,38,114,118,
436,20,
206,97,
521,146,377,222,
387,277,8,293,
214,261,355,
321,97,440,78,118,
160,349,432,308,
320,417,100,37,
145,230,8,228,
76,102,317,
121,263,411,8,
452,22,344,124,
289,547,347,
83,144,471,
164,444,347,
45,87,34,
46,233,232,
432,95,7,25,
248,347,
135,534,
76,521,135,
505,105,24,
156,166,106,
524,105,543,
411,396,122,
3,207,42,
74,45,199,
238,384,34,
344,440,
145,176,
81,191,
421,134,310,
68,139,5,
147,80,
399,124,433,388,
151,305,44,
251,89,521,
437,295,381,
401,199,25,
2,176,537,
292,62,525,
450,514,355,263,
133,34,468,
204,432,341,
478,223,458,
222,521,226,
466,515,514,
258,347,156,
245,418,494,
529,355,68,
104,176,7,
429,34,267,
337,486,114,
353,
30,122,106,
24,316,
273,272,142,
413,528,5,
474,526,263,
22,226,452,
218,501,388,
89,74,34,
434,223,265,
335,525,42,
87,80,27,
459,233,
492,316,
433,440,
185,184,
201,8,295,
91,381,102,
218,333,102,
443,169,
242,95,387,
305,166,519,
159,68,518,
530,137,481,
42,381,
476,547,265,
122,187,
69,97,347,
425,108,261,
202,349,233,
337,429,186,
298,260,486,
475,419,10,523,397,
545,444,114,
13,102,301,439,
125,78,280,
447,10,226,
326,233,256,
426,472,395,
509,380,399,89,
136,192,335,
241,95,292,
453,399,408,
452,180,357,
294,526,42,
206,196,439,
511,223,82,
342,256,135,
437,444,169,
472,539,15,
352,326,138,
65,186,535,
199,393,8,
115,100,543,
174,397,266,
298,97,186,263,
32,44,308,226,
259,110,156,
239,190,74,
303,88,
434,25,542,
373,8,45,
350,337,397,
398,138,397,
178,449,118,
518,15,310,
180,24,137,
58,515,248,
497,223,248,
464,514,160,
245,295,315,
267,364,170,
75,
374,364,388,
454,118,492,
360,234,
159,288,
208,333,357,
114,514,418,
519,44,180,
236,166,80,
240,192,444,
177,310,80,
408,223,337,
42,260,
94,514,105,
507,337,440,
388,486,
230,21,337,
257,535,528,
49,347,263,
322,114,105,
376,515,384,
365,444,535,
189,384,95,
135,199,
101,341,259,
34,297,80,
109,105,
209,166,30,
78,471,105,
457,95,337,
111,514,133,
55,230,137,
283,380,298,
314,295,95,
215,534,310,
190,169,521,
316,232,97,
126,542,163,
473,474,8,
425,260,114,
