497,187,96,407,410,
397,535,326,63,339,491,
90,439,364,436,512,64,130,5,97,207,224,
315,
436,90,463,63,186,173,146,
121,253,229,60,434,106,332,507,523,
32,489,359,16,145,
536,16,18,
211,315,199,354,394,143,455,535,71,87,491,
21,82,
455,489,253,32,443,72,16,547,
256,246,311,169,50,430,360,
465,202,674,217,71,318,507,
144,179,269,100,280,
122,206,388,
540,43,296,207,379,268,464,327,
253,13,253,134,141,184,312,342,496,184,276,221,413,454,74,249,278,
421,217,
547,282,14,
489,381,455,437,881,66,32,190,492,327,229,530,222,415,392,
187,310,497,87,344,159,21,13,91,147,217,355,407,419,423,289,229,174,413,513,219,328,
513,330,465,501,522,
255,12,465,253,316,307,359,
12,14,206,221,
317,358,
465,84,155,50,430,377,160,104,273,289,528,523,145,394,252,513,351,211,
217,195,421,504,392,126,546,
496,253,438,
421,16,419,289,37,35,354,387,91,386,288,487,
8,711,23,445,309,214,
282,547,
159,242,109,507,530,187,182,454,157,
245,257,194,224,37,534,334,
443,74,455,534,
59,124,61,227,246,218,377,378,279,492,312,360,26,370,
246,59,256,32,452,211,
378,512,59,324,426,
155,283,881,323,134,325,423,118,544,480,68,279,
18,535,536,104,104,339,
220,420,46,18,301,391,195,291,266,348,
171,229,343,547,449,219,20,390,186,270,147,75,274,538,523,5,194,248,465,510,202,
391,82,220,500,
239,253,229,343,547,
14,12,257,66,356,494,500,104,465,
269,491,257,377,361,144,213,224,22,441,515,261,
202,411,465,391,80,467,112,323,317,12,197,203,117,91,202,255,171,
82,131,535,229,21,391,170,420,
37,421,146,130,359,
179,92,19,296,270,219,144,82,323,487,356,256,
354,211,421,
674,417,465,171,423,436,353,
253,448,95,42,121,239,388,127,43,253,455,44,277,494,362,249,434,
19,179,260,525,529,270,810,408,
359,126,146,32,101,95,120,119,
74,68,141,302,91,443,243,339,427,117,131,461,480,253,
224,90,269,32,272,
465,413,255,
388,248,253,82,107,122,127,317,295,533,106,
372,257,348,
13,187,253,66,549,146,520,
323,202,155,19,51,299,538,282,348,179,
424,881,78,494,290,358,
437,489,278,
358,424,458,
348,372,323,220,
245,881,233,315,
535,257,272,82,367,182,18,397,480,255,485,31,
311,547,73,26,134,157,324,810,77,333,381,
289,465,378,27,26,222,23,543,342,386,
480,535,69,333,122,501,
379,540,503,253,536,107,182,184,322,328,
337,457,406,361,364,65,138,221,420,69,
257,14,245,375,535,269,309,95,168,372,291,92,148,22,182,286,509,324,316,
547,847,36,309,311,171,162,107,213,61,219,
229,187,82,
881,132,387,155,367,217,119,136,259,90,231,245,424,260,93,90,464,489,174,
411,202,316,48,301,
91,148,187,
465,218,
438,107,272,523,31,325,362,496,120,243,
420,220,290,75,295,263,526,282,297,460,463,327,337,197,283,
272,438,535,315,420,224,
535,211,310,
40,95,205,241,522,546,53,
95,359,40,307,315,
218,59,465,547,361,256,20,
221,253,337,12,
127,287,253,388,269,327,515,375,
148,257,91,131,
310,187,426,535,230,430,498,
439,510,180,90,377,229,224,205,107,
206,12,122,7,343,342,141,255,288,
711,8,219,355,334,65,170,
182,257,535,
377,377,269,499,533,500,395,416,479,
229,439,121,489,171,109,239,322,367,20,523,
270,179,19,290,299,9,358,
44,358,253,141,190,255,326,227,303,283,284,
146,13,359,37,184,14,337,241,436,
377,59,465,415,82,45,169,543,406,
131,180,497,122,148,542,416,
358,166,81,526,44,195,317,324,184,270,
387,881,421,
263,420,
27,289,
415,377,489,66,
434,253,121,500,
199,211,
312,253,
499,377,
45,377,
356,179,14,
526,358,420,
35,421,
520,13,
377,439,
533,388,377,
32,224,
7,206,
288,206,421,
195,358,217,
361,337,528,218,269,
325,438,155,157,
243,74,438,
547,218,455,239,
147,171,
419,187,
82,377,179,
182,159,379,
184,379,146,
296,359,540,
73,311,
255,206,44,
51,323,
507,121,465,
522,40,513,
145,32,
117,74,202,
337,146,
543,289,377,
256,218,179,
307,95,255,
99,458,
282,420,323,
266,510,220,
283,44,420,
416,377,131,
405,
494,14,
279,59,
20,171,218,229,
316,257,255,411,
19,323,
222,489,289,
203,202,
192,
107,439,379,438,
324,358,311,
16,421,536,
224,439,245,
289,421,
500,377,14,391,434,
458,77,99,279,284,
523,121,229,
205,40,439,
202,202,
100,144,
207,90,
211,246,465,
186,171,436,
381,489,
109,159,229,
463,420,436,
273,465,467,
467,202,273,
255,535,202,
87,211,187,
227,44,
9,270,
22,257,269,
332,121,
122,131,480,
485,535,
66,13,
413,253,465,
322,379,229,
330,513,
534,443,245,
12,255,202,
299,270,323,
169,256,377,
171,674,
423,187,674,
72,455,
278,
360,59,
291,220,
342,206,253,289,406,
170,711,82,
23,289,
501,480,513,
26,59,289,
420,272,82,
69,480,337,
359,37,255,
491,269,
90,881,
498,310,
131,74,82,
31,438,525,535,471,
118,155,
515,269,127,
455,211,
529,
194,171,245,
26,311,
317,388,202,
141,74,253,
279,458,155,
91,202,421,
68,74,155,
134,155,311,
37,245,
315,211,95,
119,881,
312,59,
197,202,
162,547,
386,421,155,
5,171,90,
430,465,
523,438,171,
278,253,437,
219,187,547,
487,179,421,
546,217,40,
353,674,
465,171,14,
315,245,272,
479,377,
126,217,359,
106,121,388,
49,
14,146,547,
491,397,211,
130,90,37,
241,40,146,
16,455,32,
71,465,211,
104,14,18,
301,220,411,
362,438,253,
84,465,
355,187,810,711,
104,465,18,
538,171,
174,187,881,
324,257,
542,131,
480,74,155,
81,358,
28,91,
538,323,
276,253,
253,255,379,
406,337,342,
445,8,
65,337,711,
503,379,
510,439,171,
284,458,44,
386,289,
339,18,397,
381,311,
333,480,311,
430,256,310,
461,74,
61,547,
80,202,
454,253,159,
134,253,
343,171,206,239,
471,31,
446,254,
157,325,159,
407,187,
48,411,
367,535,229,
364,90,
283,155,
90,881,
97,90,
530,159,489,
460,420,
492,59,489,
64,90,
93,881,
525,31,19,
160,465,
394,
375,257,127,
61,59,
328,187,
512,90,
173,436,
261,269,
392,489,217,
328,379,
294,
119,359,
50,256,
217,465,
270,171,
248,171,
326,397,44,
504,217,
77,458,311,
497,131,
120,359,438,
92,257,179,
290,420,424,
291,257,203,
214,8,
309,257,
327,489,420,540,
66,489,415,
107,388,101,545,547,423,
197,420,
457,337,
333,
53,40,
303,44,
230,310,
452,246,
370,59,
274,171,
523,465,
426,378,310,
327,127,
436,674,
184,253,358,
394,465,211,
32,455,
413,187,
184,253,
423,155,107,
464,881,
509,257,
196,
449,392,171,
391,202,
405,
63,397,
513,187,
190,44,
141,44,206,
290,270,
195,220,
138,337,
75,171,
213,269,547,
23,8,
91,74,
166,358,
148,448,
60,121,
390,171,
155,386,
324,378,
395,377,
406,377,
280,144,
494,253,
318,465,
249,253,
233,245,
143,211,
377,377,
325,
536,379,
544,155,
260,881,
408,19,
311,256,
425,359,
207,540,234,
239,
427,74,
289,187,
63,436,
528,465,361,
419,
297,420,
18,220,
410,497,
318,102,810,
194,156,
404,
50,465,
334,711,245,
522,466,
219,711,179,
295,493,472,55,482,434,385,3,392,234,393,257,405,298,374,432,511,442,309,435,72,62,430,361,261,414,188,113,144,251,431,136,211,45,447,254,114,497,337,542,
458,358,
484,303,65,334,509,456,96,