170,367,345,460,232,366,12,271,
243,56,90,148,366,344,347,243,
113,180,220,
59,124,61,526,227,377,332,279,492,360,435,157,447,186,281,124,377,
21,106,83,459,45,176,480,244,
437,296,278,256,233,295,113,404,411,313,305,132,283,534,310,
148,277,84,91,364,301,28,38,197,462,
324,339,29,137,521,535,249,489,295,341,
12,221,125,113,197,525,399,41,130,65,107,436,
5,19,317,151,509,466,32,223,365,85,333,
239,404,312,452,20,273,
501,249,526,388,
219,514,
487,288,28,
328,346,155,165,113,272,76,
168,154,29,245,475,
246,317,
68,479,155,468,498,377,47,210,29,116,345,478,174,388,
414,12,40,468,495,10,105,
124,16,280,387,432,290,64,528,389,458,295,237,435,59,
263,6,287,361,133,138,
395,317,299,
439,
480,155,307,360,443,456,312,420,116,
526,504,501,262,105,494,317,213,
65,116,160,106,216,443,184,233,344,316,361,41,351,223,307,
535,254,18,397,76,255,6,
504,526,254,101,
116,447,341,
28,221,148,128,487,412,489,41,390,
120,19,92,
357,216,100,370,143,
260,88,421,
296,133,437,144,167,
288,222,221,381,487,344,343,232,
174,289,881,39,73,246,
420,430,455,
211,354,394,143,287,358,448,236,
88,314,19,316,459,533,210,399,260,
202,222,425,139,188,278,149,235,251,
460,170,423,533,262,
133,373,216,317,333,338,296,109,
40,421,312,351,341,400,
397,535,326,349,283,308,396,
317,388,325,5,61,351,246,395,19,
169,41,
447,134,116,410,
221,278,12,69,135,222,118,288,256,28,202,
445,
460,91,491,137,239,534,129,404,483,48,
351,458,92,339,
190,505,416,22,416,444,
521,324,299,
458,399,124,
118,221,155,235,
169,256,377,498,531,504,380,400,405,
113,12,437,
222,389,243,288,232,132,235,129,270,416,542,154,70,
439,346,180,284,343,516,0,536,6,326,253,
26,455,511,457,84,170,120,75,518,145,
99,220,524,449,526,490,239,483,69,255,199,478,523,105,
511,26,338,399,479,534,505,48,
270,222,541,
312,480,10,150,
337,83,404,224,504,76,330,388,160,48,253,394,
216,133,130,222,280,
45,377,421,
399,88,12,458,277,441,
123,361,85,
223,383,354,453,106,487,
6,439,263,
41,291,456,306,399,463,81,65,169,
248,430,316,415,328,
360,59,88,480,385,431,543,85,281,
525,244,12,256,68,513,113,378,9,459,
404,414,239,319,278,436,
90,881,523,388,
220,62,46,514,183,374,391,116,99,266,212,76,435,211,113,146,58,
391,407,220,500,127,361,304,541,316,437,150,174,
312,239,33,347,40,240,334,7,264,530,346,
430,248,84,332,222,290,171,372,
381,414,539,288,
127,19,
530,90,27,289,235,393,272,312,
167,180,
132,222,48,452,437,26,464,
434,51,16,508,500,453,483,537,253,316,156,348,307,469,
235,500,530,6,372,
154,511,27,134,168,165,222,
541,391,88,229,233,355,270,540,444,
277,148,399,33,40,307,
881,132,155,367,199,217,119,136,337,259,90,231,162,154,376,400,321,374,174,299,542,459,19,137,
37,281,130,126,468,0,19,42,18,513,362,533,346,
416,190,239,511,
19,370,273,446,
458,361,210,436,
437,391,
466,213,514,5,
500,391,434,169,235,491,58,198,425,162,
27,154,530,84,39,436,532,515,310,378,
180,113,99,149,167,526,134,515,
516,439,91,124,
524,99,209,149,
324,19,470,198,70,174,518,
84,362,121,27,
443,65,370,145,
289,100,530,
370,76,19,443,273,146,357,
91,148,494,71,460,122,139,53,0,509,516,528,
458,120,468,211,367,351,452,56,319,486,
12,414,170,441,
456,41,480,
468,414,37,325,
346,328,439,400,
316,65,391,198,
15,256,388,76,253,461,356,184,134,259,289,
106,65,374,16,220,422,469,
84,26,235,
186,59,533,156,184,130,207,453,373,326,343,405,532,
404,460,437,337,75,
361,391,169,
100,357,459,289,162,74,373,
130,216,37,113,346,65,415,236,332,229,
346,373,130,459,145,232,224,188,497,37,134,220,312,
380,308,491,301,515,443,
155,355,881,328,395,327,544,174,480,68,362,488,
233,337,541,9,101,446,535,
149,
377,59,247,365,494,220,286,45,169,406,214,422,87,268,535,425,
71,91,64,74,496,
167,81,42,115,296,
76,370,220,351,126,273,530,
515,380,229,9,136,239,
459,100,21,346,348,525,
19,97,260,529,120,270,810,88,127,324,321,37,343,5,26,317,
526,514,99,48,59,
537,434,345,144,540,
66,331,514,423,
388,248,196,82,295,15,317,295,533,127,514,4,490,22,388,486,518,284,
113,381,18,
377,161,68,290,415,546,
134,447,15,280,136,371,
361,518,491,458,123,73,411,263,137,
389,222,124,
421,40,45,260,395,105,475,503,
490,388,99,
354,211,530,89,223,464,
514,220,388,466,66,219,526,270,229,536,328,273,
533,388,141,317,37,186,376,393,199,304,201,351,19,380,64,
253,15,434,
13,491,
399,511,
542,222,881,
327,155,
491,500,13,45,460,
448,211,
479,511,68,
235,118,222,
280,134,216,
321,19,881,
68,525,
295,388,124,437,324,
497,346,
255,535,
145,346,26,
160,65,337,
362,84,37,
211,220,458,
76,337,328,15,
411,361,
483,99,460,
138,263,
156,434,186,
491,361,380,310,
45,21,491,
201,533,
345,68,170,
223,65,5,
343,288,19,
253,439,337,
366,243,170,
394,337,211,
289,174,15,
528,91,
101,233,504,
58,500,220,
184,186,
435,220,59,124,
405,186,169,
337,881,233,
526,180,
40,414,277,
347,312,243,
304,533,391,
136,134,515,
278,221,404,
317,133,526,
532,186,27,
373,100,133,346,
449,99,
256,221,525,
314,88,
273,76,19,514,
90,243,530,281,
113,328,525,
22,190,388,
290,124,
115,167,
325,468,
105,99,526,
523,99,90,
188,202,346,
84,430,148,
446,233,19,
487,223,
330,337,18,528,
33,277,312,
211,191,515,
16,106,124,
133,263,
139,202,91,
489,28,324,
400,40,881,346,
105,414,
388,388,337,501,
351,76,533,65,
64,124,
387,124,
149,202,524,
388,90,68,
463,41,
145,443,
0,37,
343,186,439,
65,130,12,
197,148,
224,346,337,
308,380,397,
42,167,
205,479,
243,243,222,
272,328,530,
444,190,541,
191,211,328,
479,205,
284,439,388,
367,458,170,
445,
423,66,460,
540,541,537,
504,169,
436,404,458,
348,459,434,
235,84,202,
233,437,
326,439,186,
461,15,
229,515,541,
38,148,126,
18,535,330,236,198,498,37,462,76,271,
130,504,
37,
48,132,526,
299,881,521,395,
170,26,199,
518,388,26,361,324,
198,500,324,
415,130,
459,88,881,
29,324,68,168,
509,5,
443,380,480,
301,380,
270,514,
239,515,416,
486,388,458,
475,168,421,
85,5,360,123,
232,288,222,
455,420,
504,130,126,
290,430,377,
380,533,
515,27,180,211,
307,480,65,
130,186,12,
183,220,
229,514,130,
254,535,504,
307,434,277,
416,222,190,
222,221,202,
116,480,68,
210,68,458,
281,59,37,360,
431,360,
400,169,
356,15,
213,466,526,
18,113,
19,881,533,
126,76,37,504,
414,381,404,
534,437,
453,223,186,
255,99,
505,511,190,
536,439,514,
528,124,
129,222,460,
374,220,106,
106,223,
380,169,
535,233,
371,134,
341,116,324,
24,
134,154,346,
48,511,
246,174,
174,155,324,
64,533,71,
9,525,515,
137,361,881,
351,317,40,
237,124,
372,235,430,
333,5,133,
6,235,535,
169,500,361,
70,222,324,
220,346,106,
273,370,239,
535,324,377,
498,169,68,
546,377,
222,216,430,
240,312,
106,21,
310,437,
344,65,243,288,
513,37,
161,377,
216,357,65,
533,460,88,
316,88,248,
146,220,
69,221,99,
306,41,
355,541,155,
283,397,437,
151,5,
200,
119,881,
239,460,99,
141,533,
145,
212,220,
53,91,
26,132,19,
251,202,
61,59,317,
165,328,
88,541,360,
184,15,65,
478,99,68,
150,312,391,
134,180,
199,533,99,
48,460,337,
73,174,361,
310,27,491,
460,
453,434,
436,12,27,
494,526,377,
410,447,
232,346,170,
543,360,
120,26,458,
358,211,
162,100,500,
81,167,41,
74,100,71,
511,416,154,
363,355,
328,191,514,
365,5,377,
202,221,
460,
376,533,881,
113,130,
196,388,
198,18,
378,525,
236,130,211,
236,18,
301,148,
0,439,
76,535,
425,202,500,
220,
407,391,
268,377,
503,421,
137,460,324,
513,525,
124,516,
422,106,377,
92,120,351,
464,132,
319,458,404,
331,66,
496,71,
441,399,12,
245,168,
390,28,
4,388,
469,106,
430,420,
462,148,
530,76,354,
169,
83,21,337,
432,124,
32,5,
452,132,239,
47,68,
339,351,324,
341,40,
412,28,
220,377,
125,12,
249,324,501,
332,59,130,
75,26,404,
97,19,
326,397,
338,511,
494,91,
199,881,170,
362,155,
317,533,
349,397,
468,68,
7,312,
41,28,12,
264,312,
198,316,
393,530,533,
