245,365,243,491,44,6,
27,102,440,492,482,197,
186,62,170,368,171,398,
411,490,416,463,60,391,347,385,395,432,187,169,82,379,267,532,414,
192,322,89,34,
95,133,49,297,442,98,452,458,545,
385,432,441,186,231,132,17,35,113,411,0,
505,79,227,217,210,295,
411,233,495,176,149,243,367,237,
490,149,411,11,
197,374,27,39,265,112,291,234,78,
133,389,
198,287,43,482,
541,486,26,51,
191,59,30,264,148,
122,397,528,417,341,528,
63,425,367,374,201,504,155,281,57,507,
222,337,492,223,
301,384,171,
388,192,411,135,395,45,
9,82,261,187,
524,3,389,192,
89,368,192,138,
358,33,68,220,355,410,220,383,138,
231,549,284,1,30,440,66,105,161,219,489,16,
534,41,424,163,
482,128,57,27,306,377,
195,237,489,42,187,298,
420,459,181,419,120,
486,305,101,336,541,100,11,
417,386,261,65,90,506,
430,14,370,261,12,357,89,51,8,
100,80,374,358,486,
24,216,295,346,
121,234,440,230,141,293,133,
543,496,512,176,183,
386,440,547,227,374,457,
40,109,281,144,477,
45,354,435,135,460,43,528,216,473,
445,282,97,272,
399,8,440,376,89,473,403,
114,281,99,201,10,7,543,
20,133,231,76,425,439,536,
355,3,419,
508,419,247,36,147,499,
455,391,413,435,424,545,242,7,200,484,
466,366,347,
7,455,510,247,530,134,
4,440,96,263,223,292,
95,458,137,139,
171,32,301,283,61,25,138,388,460,430,211,186,128,
488,149,41,173,8,
379,245,512,469,34,354,264,442,411,
299,389,14,
389,260,498,40,133,524,299,
187,315,22,120,185,392,8,
503,440,474,
370,254,430,169,457,86,85,535,245,444,549,36,
130,497,512,223,125,149,530,505,261,320,116,546,444,325,
25,534,45,499,171,510,8,246,413,
217,416,
326,186,442,270,35,490,3,498,473,3,464,227,374,
318,322,253,
398,186,496,58,461,387,
286,61,102,217,126,184,119,306,
112,74,306,
384,26,432,392,234,350,347,324,201,227,301,169,374,541,
463,411,183,512,
489,51,265,195,445,137,
139,504,526,293,318,411,460,337,444,500,97,129,466,288,484,168,513,160,51,51,459,30,545,376,
82,546,9,464,135,
211,256,105,
137,321,64,444,387,95,420,473,58,179,345,499,
173,544,128,63,
247,495,508,384,137,426,
329,451,8,48,356,
388,258,201,362,542,80,533,
287,496,535,198,295,409,537,8,227,525,
391,514,321,411,455,99,211,42,150,409,318,188,61,417,
474,503,542,
214,429,275,239,135,450,
96,235,116,384,51,4,492,244,76,155,335,364,
239,231,479,430,198,214,119,210,236,38,264,
151,181,
535,287,182,465,475,163,499,
102,365,231,344,458,483,286,2,27,51,
60,462,314,525,464,
233,336,
217,286,505,
51,489,515,387,102,396,57,430,541,
99,76,114,167,254,253,84,
458,102,530,95,293,211,95,272,288,
388,227,444,
49,502,354,349,85,307,125,542,25,409,323,518,234,256,521,
40,389,521,76,
288,374,295,297,458,199,
10,215,507,34,85,438,544,20,190,433,37,25,543,353,362,316,345,520,209,72,256,527,201,20,114,
295,451,433,410,24,
33,293,250,325,109,199,532,295,357,83,487,358,19,
530,457,458,547,7,388,243,
135,388,39,331,272,
275,214,410,233,
410,24,295,
490,326,462,
355,128,362,452,358,231,
184,535,256,226,191,372,
180,41,382,144,505,
371,376,532,41,
231,239,20,185,472,169,
149,490,130,200,401,448,318,
549,370,473,
89,399,497,429,
472,535,465,223,109,
320,130,
8,109,128,80,386,522,399,329,271,187,368,
266,256,475,259,
396,507,51,59,224,
60,133,411,95,
11,486,490,
287,397,461,
263,258,4,506,300,
210,259,292,505,430,
532,45,176,286,76,
429,444,128,246,214,89,42,
230,121,298,177,183,525,87,378,
3,486,326,317,500,524,355,295,409,
368,479,8,89,315,
164,492,109,392,500,383,419,
397,30,231,287,122,91,42,198,
368,36,440,175,345,364,493,100,
362,388,16,169,355,404,531,256,331,467,338,440,
224,149,505,133,227,396,
76,96,99,20,
67,416,544,286,377,
68,358,336,325,450,403,
451,201,329,533,536,
493,117,368,
440,231,386,120,368,336,22,263,483,
135,45,125,440,534,367,535,284,48,373,418,
523,349,
515,51,30,
34,379,202,469,272,423,192,
227,505,492,388,270,253,155,316,0,224,263,355,
183,230,415,499,
497,117,234,381,439,89,
510,270,25,72,7,24,509,201,306,451,
251,500,308,484,184,
349,346,507,49,56,414,373,530,523,
338,362,
322,73,108,176,109,367,392,172,366,509,
61,171,
492,227,96,27,27,164,222,59,
181,85,322,506,526,151,259,420,
137,247,244,286,170,282,
292,210,
386,417,549,
201,384,388,10,212,15,391,114,351,449,451,227,239,444,
419,256,59,119,355,508,102,534,235,234,450,420,
469,128,379,220,42,
170,137,186,80,425,246,
496,287,543,80,
280,261,271,74,
297,452,39,387,77,72,316,236,234,300,
30,141,
256,49,428,419,266,184,211,102,444,
431,59,512,
41,112,
479,514,239,368,409,
469,262,34,6,282,
125,293,438,331,128,364,
528,502,494,264,45,83,122,
39,125,297,135,137,478,197,169,137,
171,292,236,57,
374,63,197,46,100,288,326,
32,171,59,381,542,
109,33,288,472,322,74,164,40,
496,184,398,406,214,247,325,450,296,
80,8,100,388,317,170,27,80,496,464,268,
105,211,364,477,
146,440,268,
505,475,292,234,523,133,120,224,469,95,341,224,520,
182,535,479,75,162,367,258,137,292,
7,531,99,212,444,63,38,114,445,202,
177,230,477,
261,507,207,
30,397,333,166,150,45,489,199,
316,143,134,141,236,227,427,445,215,80,284,399,233,
387,398,137,80,51,8,187,19,91,428,
216,281,45,24,208,257,394,425,
321,137,425,233,
322,192,109,138,139,409,318,
202,484,7,
117,497,440,493,358,99,43,366,36,
282,444,51,445,337,45,506,
499,25,535,79,438,183,233,367,
147,542,466,
12,265,22,430,80,441,
284,315,316,
234,121,331,63,89,60,250,90,49,230,505,97,388,58,16,497,465,62,
30,66,139,515,85,191,394,512,128,476,
227,386,
442,379,95,242,484,
440,520,121,117,418,503,46,135,362,146,
51,84,184,96,282,
507,63,349,10,261,396,74,
39,128,317,
367,135,63,182,98,235,419,499,
317,39,152,200,356,518,
418,97,
366,46,523,417,376,466,
314,60,
109,270,
365,102,
128,167,80,8,416,482,183,10,173,461,429,125,499,305,100,355,195,469,
514,86,274,310,391,465,298,372,323,222,479,321,149,
462,60,295,336,
169,47,362,512,39,201,384,57,
473,326,63,549,45,
376,366,100,371,184,467,243,
295,33,462,288,287,87,530,
535,135,472,184,60,452,180,78,532,370,
138,322,348,89,388,358,
184,286,134,197,346,472,251,
440,451,197,27,380,497,422,57,387,448,104,15,4,51,333,399,
258,182,176,173,263,
337,139,169,133,416,127,148,517,282,155,222,166,401,
413,
101,486,419,
438,96,499,125,
73,444,322,
459,139,169,420,224,257,
99,293,378,270,133,
97,418,139,11,24,234,445,445,
161,231,308,335,191,192,
262,167,469,105,403,13,433,
254,99,
41,541,534,180,442,29,
298,514,
176,543,532,258,322,413,545,78,
348,293,549,449,138,391,24,58,208,515,547,482,
504,74,418,305,
57,63,512,482,90,42,171,51,169,
444,444,137,388,73,336,147,256,5,151,201,366,
315,368,539,284,136,0,
415,87,120,256,183,
420,467,137,
24,348,510,410,
336,233,444,440,399,439,
167,262,99,495,
416,217,337,452,520,67,477,
449,201,444,49,198,331,500,
265,12,374,126,489,283,197,
444,491,429,178,282,416,401,7,107,159,185,444,449,
256,415,
270,227,510,99,109,223,
59,419,191,431,541,32,288,492,360,396,
74,507,112,504,280,
236,239,171,297,
428,151,256,387,
409,391,479,291,
358,117,100,472,
133,337,505,95,20,500,60,56,
475,13,535,498,58,90,319,266,223,432,
512,8,470,130,382,117,245,379,122,311,121,467,50,57,543,169,57,30,
293,35,125,86,99,33,44,146,221,348,95,220,458,172,296,121,
261,9,430,130,442,530,280,232,
387,440,
34,439,319,
246,25,429,
298,230,195,
210,239,
452,355,
505,180,
8,
364,368,96,
526,181,139,469,
410,358,275,
120,187,415,420,
331,135,125,
187,387,9,
292,505,171,
534,419,25,
141,121,30,
147,444,508,
295,505,3,
245,370,
346,24,184,349,
286,137,532,
370,
469,505,526,
542,474,147,32,
134,184,7,
207,355,261,
105,231,262,
414,411,349,
61,391,286,
305,486,128,504,
547,530,348,
8,387,287,
244,137,
445,489,316,
191,161,184,
477,416,177,
166,234,337,
100,376,432,368,
532,371,411,
439,34,336,234,
417,391,366,122,
364,105,125,
376,139,399,
14,430,299,
144,40,180,
297,288,95,
272,445,34,135,
29,41,
139,322,95,
36,368,
549,386,
403,68,262,399,
253,227,99,318,
296,293,496,
500,449,133,
448,440,149,
462,490,
308,251,161,
243,411,376,530,
484,442,202,
208,216,
533,388,
506,181,282,
87,230,295,
509,510,322,
223,472,4,
450,419,214,
392,164,187,
345,368,
518,49,317,
472,231,184,
235,419,367,
137,39,182,
477,105,40,
495,247,167,
136,315,
457,386,530,
233,275,321,
424,534,455,
500,164,251,
187,411,
545,95,176,
478,39,
442,261,41,
233,316,411,
98,367,95,
351,201,
99,7,117,
399,316,336,
525,230,287,
356,329,317,
135,214,
373,349,135,
439,497,20,
546,
461,398,287,
355,207,227,
282,137,469,
78,176,535,197,
235,96,
149,488,411,
13,262,475,
419,101,164,367,
383,358,164,
242,455,442,
128,30,171,39,
51,139,
331,449,
366,322,233,444,
432,100,475,
530,261,349,295,
163,535,534,
451,295,510,
183,463,543,
264,191,239,
76,40,532,
237,411,195,
224,505,459,
512,431,463,
336,462,68,
347,466,
137,489,
525,60,
42,469,397,
36,508,117,
6,245,469,
465,535,472,
341,122,505,
464,60,80,
80,387,12,
173,488,258,
41,488,371,
425,63,216,
322,181,
44,245,293,233,
292,4,182,
532,535,33,
378,99,230,
175,368,
44,
151,428,444,
184,376,496,
8,488,430,
22,440,187,
418,504,135,
541,384,
472,358,
288,109,59,
300,263,297,
499,508,137,
377,67,482,
263,227,440,
381,32,497,
430,171,210,
394,30,216,
192,161,524,
549,348,231,
96,438,
43,117,
84,99,51,
0,227,315,
268,146,80,
234,197,297,
199,288,30,
433,262,295,
325,33,496,
374,265,
95,60,505,
259,210,266,
223,222,475,
425,321,20,
5,444,
536,451,20,
260,389,
227,270,384,
220,358,
257,459,216,
372,514,184,
16,231,362,
169,459,231,
445,7,97,
409,3,49,
56,133,
