359,359,
870,870,
285,389,
389,285,
919,827,317,739,153,611,752,323,650,441,853,523,407,687,185,909,120,397,357,656,3,549,992,793,980,478,705,5,540,309,42,200,39,460,928,191,322,254,160,284,750,15,728,502,554,82,444,666,334,693,751,51,145,297,935,177,712,118,669,535,419,962,119,265,300,947,448,883,805,420,780,418,230,310,186,889,476,180,117,316,411,803,70,111,966,304,161,856,507,581,828,644,894,126,371,532,954,831,439,179,710,913,215,978,196,349,205,155,211,922,557,
557,922,
430,
832,
165,
0,
498,
627,
606,
484,
941,
53,
943,
183,
394,
48,
952,
6,
567,
296,
65,
993,
210,
923,
24,
882,
146,
453,
849,
516,
235,
59,
543,
786,
881,
646,
572,
255,
382,
351,
2,
812,
794,
799,
657,
747,
479,
247,
848,
69,
272,
491,
811,
804,
500,
189,
934,
243,
497,
314,
836,
23,
168,
107,
701,
713,
156,
658,
755,
34,
449,
370,
458,
38,
423,
416,
212,
806,
66,
711,
513,
456,
223,
169,
558,
537,
580,
745,
776,
46,
201,
36,
482,
144,
286,
709,
345,
525,
645,
311,
321,
988,
604,
548,
208,
905,
240,
426,
170,
147,
846,
508,
355,
696,
427,
944,
877,
62,
390,
734,
819,
346,
337,
94,
224,
629,
727,
825,
431,
391,
35,
865,
91,
998,
655,
859,
459,
958,
612,
874,
808,
533,
446,
945,
591,
92,
422,
926,
717,
403,
872,
715,
593,
860,
29,
400,
209,
8,
63,
977,
405,
920,
341,
306,
534,
372,
833,
67,
87,
108,
275,
564,
924,
258,
7,
955,
867,
526,
356,
969,
221,
425,
528,
17,
504,
571,
79,
884,
480,
432,
226,
595,
50,
266,
469,
376,
514,
375,
81,
101,
37,
599,
384,
948,
326,
912,
682,
851,
368,
561,
903,
585,
623,
474,
609,
512,
406,
688,
930,
560,
387,
290,
970,
305,
778,
33,
635,
344,
791,
336,
88,
649,
797,
452,
601,
303,
141,
637,
10,
790,
515,
568,
374,
524,
412,
129,
671,
899,
152,
158,
457,
131,
679,
339,
869,
130,
57,
487,
950,
674,
816,
863,
774,
184,
307,
139,
89,
829,
547,
719,
102,
222,
994,
749,
380,
520,
485,
866,
809,
61,
366,
608,
315,
976,
810,
582,
753,
852,
352,
698,
583,
41,
293,
777,
667,
769,
256,
613,
798,
760,
109,
796,
76,
335,
188,
742,
86,
648,
466,
379,
64,
438,
373,
472,
358,
505,
276,
990,
789,
771,
481,
273,
981,
193,
9,
625,
724,
968,
182,
740,
105,
984,
577,
842,
270,
936,
986,
