532,198,395,415,257,
50,380,438,
84,527,236,139,113,433,530,299,154,
387,418,296,372,12,72,185,44,348,418,
137,410,162,490,74,345,
165,297,139,501,463,307,542,96,
544,323,532,282,422,476,546,
400,40,881,49,92,125,334,2,328,412,261,342,
235,56,277,348,364,473,182,311,447,157,430,198,196,
299,881,83,48,233,329,142,317,166,477,443,370,154,69,153,
362,544,306,368,514,177,
434,288,360,296,332,59,262,436,39,131,187,
484,446,351,185,165,74,
532,186,223,447,544,517,154,291,29,183,
142,462,299,205,509,12,281,177,
449,288,160,
176,76,473,272,504,37,188,34,394,
427,233,288,463,
71,182,191,533,74,496,522,191,323,117,194,212,
425,297,
426,437,515,497,14,
285,363,104,192,406,231,
360,119,88,480,385,395,434,237,85,484,345,
345,445,120,412,
381,323,380,
525,288,306,372,
157,235,190,90,
260,448,526,33,
372,289,448,507,195,418,253,542,98,158,470,
297,425,370,340,443,
321,324,881,214,61,473,3,244,377,
324,339,29,363,535,48,249,40,376,335,16,233,62,190,437,514,
544,362,437,333,240,541,185,463,128,539,270,
45,540,317,34,262,382,
120,252,381,370,380,
100,11,191,
48,460,299,347,198,43,282,104,40,512,512,
370,30,113,415,297,
363,277,416,285,324,89,233,294,307,327,507,208,287,
161,448,507,382,74,122,
438,246,491,502,
75,307,98,415,483,335,
323,326,58,544,239,381,425,62,395,400,46,270,
425,43,323,264,404,
264,288,414,81,236,422,425,543,
345,360,360,449,231,
515,74,426,117,194,449,
480,155,324,405,360,374,32,420,250,71,490,338,79,436,
521,
415,370,
170,367,182,124,466,450,265,271,163,393,15,399,97,167,382,342,
316,233,39,323,
42,167,396,417,472,99,350,145,160,
328,113,
231,233,394,
96,421,165,
338,32,180,367,162,271,437,221,
418,288,491,55,443,387,82,78,2,
448,161,372,260,55,236,153,271,
881,132,155,367,217,119,136,331,259,90,231,162,154,376,400,321,374,299,19,
347,312,17,507,549,541,48,
271,185,351,504,32,145,162,492,55,
240,544,503,
277,421,235,355,370,183,219,363,69,526,42,384,
390,447,503,113,539,
54,296,447,84,436,58,82,
442,414,439,266,22,522,411,438,
437,411,544,192,
289,372,431,155,7,231,431,165,404,504,
33,152,312,238,326,380,89,266,323,466,26,294,322,
233,162,299,2,324,48,120,427,316,231,406,415,206,370,222,
32,460,338,450,501,24,546,
59,322,447,476,486,234,403,
84,40,121,57,245,251,409,417,213,257,54,450,
40,421,312,24,400,8,130,238,270,496,469,390,414,188,48,97,341,84,
99,340,526,490,354,71,199,412,149,22,248,42,
30,111,370,443,220,449,398,3,
445,5,5,16,352,145,211,345,29,480,518,
526,514,99,260,411,548,404,41,436,277,463,377,
6,
76,448,334,351,359,131,530,447,176,
250,288,417,251,372,236,307,251,
238,33,
514,133,324,327,239,449,526,270,124,536,246,246,61,43,495,
462,252,142,414,61,
447,314,59,54,62,447,374,76,390,326,14,283,235,
471,48,492,97,426,307,
445,434,309,207,296,167,239,
541,347,544,150,165,277,546,398,
22,16,99,55,418,58,26,
536,539,514,490,225,226,44,233,295,410,
503,10,10,240,274,390,483,239,
223,383,429,26,443,496,450,125,238,
155,355,881,447,395,149,544,174,480,536,57,488,258,370,
113,288,46,204,205,399,113,370,490,344,460,257,78,297,524,
223,533,532,183,450,
317,417,325,264,299,167,43,61,373,530,271,370,399,45,423,529,
388,65,208,
127,502,150,529,480,359,405,
319,540,
162,391,233,137,46,160,58,526,60,405,514,436,
421,40,29,295,395,105,47,206,277,205,96,533,
472,42,283,
74,137,384,484,
418,380,41,387,277,22,522,372,
239,514,477,323,400,
167,237,147,42,296,23,170,416,
409,84,128,341,
395,323,532,360,
55,448,418,
446,423,269,503,484,508,
296,144,167,387,463,416,343,434,528,193,525,257,54,345,445,117,222,507,16,346,
393,170,444,463,29,261,
446,536,354,403,516,
437,338,426,206,347,324,
376,222,324,490,64,122,
539,316,536,544,221,323,390,
380,418,337,139,165,50,79,270,381,314,504,288,
309,445,
225,439,536,212,394,
198,402,532,281,536,
160,200,65,168,44,417,42,449,31,270,162,
226,536,380,295,496,
412,48,312,345,187,439,460,88,
372,512,27,387,250,525,370,
205,421,113,
443,460,299,281,529,
288,418,92,400,525,343,250,264,54,434,248,113,427,60,41,449,401,380,
459,522,4,251,503,524,481,
540,45,319,328,379,540,192,111,278,
367,170,245,231,182,41,338,322,380,145,
190,220,507,345,216,350,157,262,399,324,
246,514,78,
343,288,512,180,434,
81,264,273,360,516,
44,160,536,387,
460,8,216,32,534,294,48,114,113,247,443,412,
351,76,271,65,343,387,484,534,417,332,
536,155,446,439,198,
48,471,233,412,324,401,
354,99,271,219,10,446,434,463,543,
186,390,207,373,113,532,443,
65,116,160,442,448,233,388,40,361,153,371,351,307,
312,33,194,347,40,334,412,264,2,546,
90,881,165,173,196,505,499,157,417,333,
504,271,380,221,176,289,160,
449,21,160,530,345,
416,296,169,363,33,191,167,57,
524,459,294,113,
443,186,253,297,
29,324,445,95,532,412,393,64,272,262,
447,155,532,447,281,234,379,491,
414,501,264,431,495,10,442,88,28,40,99,
248,99,288,481,170,320,
271,354,338,448,
211,366,445,549,307,
417,250,42,160,139,371,
43,317,514,48,425,32,155,366,417,
125,400,223,
162,338,271,
74,161,
265,170,
307,363,75,
183,277,223,532,
542,165,372,
546,32,
480,127,
450,223,32,
192,540,285,
417,43,317,
60,288,
507,190,161,372,296,
487,
423,78,317,113,
512,343,372,48,
281,142,198,42,
41,418,
508,446,166,400,
374,480,447,
380,33,367,
399,170,190,
492,271,471,
185,271,544,
405,162,127,
483,503,75,
415,532,233,
345,296,
219,277,354,
97,170,471,
55,22,271,
426,471,
61,317,321,370,
216,460,190,
160,504,449,
436,54,
463,165,393,
345,137,190,
191,71,
548,526,
92,288,400,
394,225,176,
371,65,417,517,
246,514,438,
323,316,539,
401,288,48,
420,
182,367,235,222,
363,355,
338,480,
16,445,22,296,203,
145,445,367,
503,446,459,
274,503,
530,76,449,
394,231,
456,
333,544,90,
120,61,345,168,203,470,480,
270,380,323,
99,414,306,
436,434,526,
113,328,423,390,
322,59,33,
62,323,324,
449,514,30,515,
221,539,338,504,
78,423,113,
306,529,362,525,99,
329,299,
335,324,75,
169,416,
185,387,484,
434,343,
522,418,71,
502,127,438,
444,393,
346,296,
111,30,540,
370,317,61,372,299,
316,539,
57,416,84,
253,372,443,
273,81,
514,362,162,
517,532,371,
533,421,361,223,
222,376,296,182,233,
194,515,
297,165,
49,400,
335,
518,445,
380,120,226,
2,418,312,
2,400,233,
439,412,225,
54,288,
400,323,508,
155,43,289,
15,170,
122,376,
187,434,412,
366,211,43,
442,65,
410,137,536,
82,418,54,
406,285,233,
117,296,71,
34,176,104,
257,296,
231,367,289,
434,445,
332,434,351,
188,176,
529,317,306,
14,426,447,320,
188,40,
192,437,
206,233,437,
271,317,
379,447,
27,372,
301,
526,133,162,
167,317,
198,235,48,
29,421,
270,544,160,
233,363,536,
277,541,418,
491,418,
266,442,33,
83,515,299,
119,881,360,
258,155,
41,526,288,269,
105,
89,33,363,
242,
133,526,514,
417,90,
236,250,264,
281,443,447,
350,42,190,
32,43,271,
323,71,
400,288,239,
234,447,59,
463,427,354,
196,235,90,
326,33,
314,447,
382,161,45,
340,99,297,
307,250,
391,162,
342,400,170,
337,380,
398,30,541,
78,246,418,
262,29,45,
208,388,363,
501,32,414,
287,363,
167,445,
139,380,417,
74,515,
297,113,
497,426,
466,33,
3,321,30,
507,363,347,
39,434,316,
150,541,127,
262,190,434,
291,532,
207,445,
154,532,299,84,
97,40,
10,354,503,
431,414,289,
214,321,
443,30,
307,211,65,471,
379,343,540,
328,400,540,
231,345,285,
462,
34,45,
257,532,113,
182,71,170,
269,446,41,
496,40,
251,250,
476,544,59,
33,260,416,
486,59,
124,170,514,
422,544,264,
360,81,345,
535,
295,226,536,
244,321,
320,248,14,
170,248,
439,442,
153,299,65,
283,472,447,
384,74,
21,449,
37,176,
61,120,
494,
206,421,
477,299,239,
24,32,40,
58,54,323,
104,285,48,34,
294,363,33,524,
62,447,
294,460,
490,536,137,
370,277,155,
343,296,379,
403,59,446,
278,540,
239,503,445,
438,442,50,
56,235,
46,162,323,
128,409,544,
404,289,425,
436,162,480,
327,514,
480,120,445,
165,289,484,
177,142,362,
512,48,
88,412,414,
491,447,438,
212,71,225,
543,264,354,
370,233,120,
252,120,462,
324,321,480,
516,446,81,
470,372,120,
431,289,
375,
529,443,127,
527,84,
495,514,
546,541,544,
131,434,76,
79,480,380,
469,40,
10,503,
61,514,462,
402,198,
307,165,
236,84,448,
373,317,
439,536,
381,120,
463,544,
540,540,
58,162,22,
191,416,71,
414,462,
0,
196,
42,277,281,
166,299,44,508,
282,48,544,
228,
220,30,190,
368,
490,480,376,
272,176,
429,223,
522,442,459,
347,437,
549,347,
473,235,
388,
64,376,29,
272,29,
364,235,
98,75,
250,
