491,521,301,0,432,454,283,
18,548,265,
38,299,487,
230,299,144,400,193,255,425,
129,340,533,482,90,463,113,237,516,
255,478,315,532,486,437,316,87,127,182,254,289,68,
263,377,125,65,539,211,
512,242,8,470,130,453,
9,118,118,529,51,432,460,344,139,119,179,249,265,300,277,16,276,281,305,
454,384,407,7,77,318,526,391,397,
527,344,27,432,480,
58,545,57,8,399,334,
228,547,229,89,110,464,542,92,528,
99,239,368,92,466,
201,50,323,407,
307,133,42,243,
133,523,49,206,326,166,539,
264,404,476,
444,280,271,178,44,416,
476,224,20,280,
138,195,124,
177,297,387,147,
490,438,321,
541,23,
337,127,
242,432,157,512,81,474,209,253,280,
46,404,500,528,408,509,432,
260,340,229,51,
151,239,161,445,189,323,540,549,276,232,49,255,324,359,46,66,194,
239,151,96,326,338,87,253,260,99,475,203,352,
42,307,89,110,337,187,293,55,139,
357,477,22,
478,526,62,255,204,325,472,208,44,221,458,301,326,
281,543,483,469,322,175,225,253,9,363,
523,73,39,133,477,
27,519,527,328,521,469,
14,92,127,
179,116,482,191,
488,139,359,23,533,
359,265,488,
143,100,60,67,322,102,190,490,86,31,205,538,451,244,495,
301,127,129,292,478,491,77,157,
384,454,146,404,527,
125,35,271,485,57,416,206,361,522,68,85,157,438,
295,326,473,377,384,182,144,46,
107,114,7,352,483,286,49,252,523,157,27,
299,230,499,202,
352,235,315,232,221,107,493,
434,381,229,434,
232,352,151,483,546,
14,280,237,476,44,52,281,530,457,459,
524,544,460,414,
326,215,239,44,478,290,
127,431,14,486,10,256,361,317,169,363,301,255,191,126,489,
48,434,490,416,507,
515,479,52,125,356,
146,384,524,
112,532,26,312,
209,191,203,147,11,242,50,149,
312,476,146,549,112,65,
43,80,23,33,304,257,402,221,472,98,
210,51,287,502,410,258,61,
194,281,151,540,
190,395,143,360,90,430,454,481,423,532,
408,306,91,64,163,486,
482,52,179,280,129,246,95,191,533,107,159,
548,487,306,256,211,481,18,322,22,
22,65,60,357,323,293,123,332,100,133,129,404,
500,449,131,46,
405,3,449,
344,408,352,280,406,527,
544,65,108,87,53,547,524,379,484,21,265,336,334,
303,354,453,258,358,
204,457,325,229,486,258,271,111,11,317,
490,3,48,307,
8,35,544,138,175,303,
211,263,548,52,
325,249,277,360,299,398,204,324,33,78,359,466,398,532,
483,290,107,281,153,139,499,274,232,173,7,
360,521,357,340,281,229,
290,103,436,31,113,345,483,220,47,510,135,
363,381,112,368,384,281,
87,544,239,114,
104,324,547,321,487,391,9,
86,139,143,
406,265,3,469,496,
271,249,229,204,246,
3,139,315,108,406,304,405,88,
469,406,281,428,476,
9,124,223,60,355,425,246,
249,477,466,162,286,361,324,51,170,523,317,23,271,
265,404,436,266,281,443,407,226,18,39,
17,487,7,547,515,465,
400,230,16,
338,449,361,479,239,51,307,300,467,
52,8,14,482,219,388,174,515,211,
281,65,206,2,240,207,265,191,433,11,388,372,86,
2,357,281,268,395,177,
539,311,304,82,30,117,133,490,418,342,540,263,494,128,
266,354,13,424,207,139,27,39,
306,408,454,466,442,277,548,235,324,354,
316,286,434,206,52,355,280,464,
103,466,290,
357,2,360,192,104,126,457,373,
532,190,359,189,112,187,417,110,309,255,325,10,
65,533,263,
96,177,239,49,128,489,
39,266,224,26,
8,519,507,226,291,160,326,52,450,147,254,119,
231,299,473,
157,219,20,203,301,25,280,401,437,107,
27,331,282,250,135,346,282,498,
229,410,135,111,369,181,370,218,
521,436,360,41,284,413,540,463,94,491,27,9,31,434,53,
22,281,473,548,
485,125,352,100,256,316,303,
73,191,342,449,
507,8,48,
10,127,10,410,465,198,518,68,
89,109,271,42,290,65,265,429,478,421,
434,521,
53,519,521,85,
486,331,408,428,
453,76,303,512,85,460,123,430,359,
324,322,306,57,
524,224,146,149,129,124,
181,229,487,176,
106,334,107,516,297,132,357,250,353,
35,8,20,86,524,538,
20,354,200,436,476,
359,331,282,450,325,474,207,532,129,
7,454,107,17,55,278,93,243,483,
359,473,453,109,57,340,151,0,
92,383,228,543,65,84,549,335,14,99,
109,480,238,141,89,381,359,324,123,146,157,533,358,463,
98,410,43,
333,98,107,144,514,544,419,546,
229,228,260,486,204,225,363,62,271,434,260,
544,128,82,257,8,
395,2,190,139,
256,127,75,146,87,193,548,485,11,
381,363,109,139,464,368,434,442,402,431,441,
295,63,256,261,464,86,
95,482,477,
432,9,527,242,491,468,
443,265,509,
207,281,129,359,334,
191,127,491,186,209,119,73,157,399,398,179,
27,266,407,107,
290,89,
196,55,5,
522,281,62,152,
203,209,90,392,179,
84,449,336,105,285,195,55,
519,292,175,299,354,146,49,27,116,45,53,178,507,383,62,68,357,489,492,
280,114,344,242,492,193,398,476,
384,295,363,
119,49,8,9,
407,331,265,352,361,429,322,
280,444,482,245,508,15,407,
370,229,94,133,237,
354,404,519,146,303,131,266,
31,290,
146,109,484,
191,281,482,
493,227,513,352,
49,133,151,107,96,119,
10,215,62,34,532,438,533,20,473,433,37,25,543,353,316,520,149,106,
487,104,
477,451,17,247,529,95,309,
321,368,419,490,110,134,104,271,
464,316,295,381,24,159,
208,387,473,468,
128,80,416,544,26,342,461,499,
324,153,156,210,141,104,12,117,412,194,95,538,242,227,52,477,294,142,
26,128,39,112,
358,467,109,137,365,441,303,383,195,425,
195,456,183,335,264,212,358,364,377,84,138,173,528,306,
410,10,340,229,98,265,293,
225,281,229,202,431,
265,89,406,
129,301,82,359,464,524,246,207,
533,482,129,65,
431,127,352,250,370,435,
306,195,
55,67,196,7,309,301,
404,204,468,205,278,354,46,264,463,309,46,162,265,217,115,529,456,
395,113,94,374,65,544,476,487,222,215,503,350,402,
271,106,261,125,88,224,364,89,
547,445,228,432,
62,533,10,491,476,229,326,442,
445,385,221,126,45,502,418,495,230,231,151,316,103,3,175,213,396,547,122,373,256,544,
224,271,476,524,152,548,39,451,
368,463,321,99,112,
479,278,139,515,13,
110,274,42,13,109,
16,9,400,91,309,522,523,
476,144,312,140,278,395,153,499,
407,113,27,454,15,280,220,5,201,37,
309,524,484,347,404,477,110,366,271,111,293,326,475,515,522,
139,3,488,381,86,266,218,395,
387,208,177,
100,485,374,124,460,22,398,
508,280,
466,249,306,265,118,506,25,399,31,
258,210,303,146,10,447,356,
111,114,229,31,
7,323,
352,355,485,431,473,314,344,245,464,124,244,57,469,
146,519,507,258,66,307,312,146,341,114,430,
340,106,153,206,129,260,410,133,
139,479,483,368,293,
440,149,331,166,451,
94,521,
193,230,256,
206,281,29,421,350,316,401,
124,41,398,475,262,9,138,66,503,88,388,352,100,57,106,163,524,
486,127,229,284,204,317,313,197,24,116,163,371,443,
322,281,324,407,
144,528,230,476,114,426,307,60,341,528,295,
503,334,395,124,129,477,372,
484,544,414,309,146,
215,114,4,395,189,493,375,272,198,326,424,401,332,397,
331,440,27,359,95,234,299,486,15,407,
487,181,193,548,17,309,38,
304,384,43,
540,194,85,465,521,
219,52,157,283,301,93,
477,249,503,142,
149,10,440,209,
374,409,395,127,100,247,174,258,375,
549,92,523,
114,215,304,376,10,111,107,280,341,87,
533,10,109,488,
334,106,387,433,284,503,36,341,
299,519,325,539,448,231,459,323,109,38,331,
281,27,14,194,325,64,522,300,474,368,49,
473,10,22,359,3,295,208,33,231,538,352,
323,380,201,163,139,151,299,22,7,
265,59,135,97,359,
315,443,300,255,343,545,286,352,408,3,
449,338,84,20,515,315,426,500,3,410,47,537,329,546,73,152,156,405,
528,444,144,
326,295,133,
527,384,
39,523,265,
281,360,22,
533,62,
133,340,370,
25,466,157,
368,363,381,
44,326,341,255,
81,242,
371,486,
518,10,
522,125,16,309,
37,407,
425,9,230,358,
480,527,109,
432,547,46,
289,255,326,
13,110,
341,144,146,44,
108,544,3,
268,2,
361,125,127,407,
304,3,114,
398,100,280,
499,299,476,240,
301,219,55,
116,179,486,
240,499,
61,210,
266,265,
238,109,
133,307,22,130,
442,62,381,
335,195,
278,476,7,
547,17,104,
24,464,486,
213,445,
528,46,
342,128,73,
135,229,27,
489,127,
498,27,
271,321,444,
250,481,431,313,
397,454,215,
166,440,133,
489,519,96,
106,10,124,
218,139,229,
460,453,100,
175,8,
326,309,44,
257,544,
187,42,532,
309,477,487,
419,321,333,
392,203,
368,281,139,
131,354,500,
265,544,
66,151,146,
153,476,
399,58,466,
515,309,17,
59,265,
229,360,
163,486,124,
29,206,
245,280,352,
523,16,107,
152,522,449,
280,316,14,
436,290,20,
255,230,44,
293,35,22,
509,348,443,
203,157,239,
429,407,89,
202,299,225,
157,125,191,
278,404,479,
352,407,239,
198,10,
179,203,
546,449,
334,58,544,
265,
475,239,309,
159,482,464,
546,333,232,
138,8,
388,281,124,
514,333,
46,404,151,295,
286,315,
513,493,
549,312,151,
516,106,129,
465,17,540,
260,229,239,
15,280,
435,431,
463,368,109,
123,22,109,
361,338,
44,478,
11,204,281,256,
282,27,359,
293,309,42,410,
326,289,
49,281,
51,9,210,
463,129,521,
309,16,532,55,
261,271,295,
246,482,129,
31,466,111,
135,265,290,
523,549,249,
82,544,129,
177,96,2,
239,
130,133,512,
5,407,196,
468,208,432,
441,381,358,
436,265,
68,125,255,
377,295,263,
112,363,368,
431,225,381,
55,84,42,
94,395,370,
401,215,157,206,
421,206,89,
65,89,281,
372,281,503,
451,143,224,
443,315,486,
44,326,444,
200,20,
348,83,509,
129,503,22,
293,139,
444,528,
434,434,48,
139,323,42,9,
476,469,264,
88,3,
65,92,22,312,
64,281,408,
23,43,488,541,
85,540,125,53,
93,7,219,
86,295,281,35,
35,125,293,
477,357,
369,229,
265,410,
198,215,
182,295,255,
387,334,
303,485,8,
189,532,215,
332,22,215,
142,324,477,
223,9,
193,487,
337,42,
454,491,190,
237,370,
10,258,114,
478,89,
128,539,96,
50,209,201,
408,46,
83,348,
277,306,
456,404,195,
428,486,469,
538,35,473,
543,281,10,
173,195,483,
491,191,62,
451,477,440,
404,22,384,
356,258,515,
438,490,125,
363,229,
235,352,306,
253,242,281,
466,103,99,
237,14,129,
125,515,263,
402,395,381,
481,250,190,
9,521,104,
0,359,
347,309,
148,
243,307,7,
123,453,
384,304,
60,22,144,
290,326,
