276,404,128,533,116,98,187,
271,360,98,227,246,516,440,49,93,482,76,
313,479,117,336,
460,132,
429,444,128,287,214,42,
299,68,40,496,109,334,
348,293,479,
520,90,486,
350,74,295,232,287,326,
367,440,505,287,
272,73,152,
84,66,384,144,
94,395,124,543,378,403,475,459,144,277,
244,334,59,64,
326,531,505,43,127,304,154,225,311,231,463,260,229,261,
308,74,316,295,
73,181,444,206,521,377,362,106,284,
137,472,64,116,
63,208,61,257,374,504,155,489,57,
44,230,192,143,163,472,326,160,201,314,398,502,
22,12,
231,369,326,525,
508,33,3,330,425,177,103,208,171,439,166,389,
284,479,201,
333,349,412,57,
80,153,213,128,417,374,486,238,
171,280,229,283,508,88,25,138,460,126,
415,210,474,469,87,449,352,
97,139,179,24,234,
369,254,213,183,338,495,411,231,258,18,533,
406,33,440,534,95,463,473,
239,143,368,326,466,253,78,94,385,395,52,335,404,
440,494,166,451,306,197,367,497,422,57,406,514,488,104,487,15,295,333,
80,8,166,166,
195,349,79,67,
116,158,276,488,
140,316,516,88,547,125,
370,254,430,169,457,86,85,348,179,
489,543,265,473,
210,258,287,502,410,61,411,351,152,261,138,257,394,440,515,41,415,61,410,303,27,71,
137,411,384,
411,139,285,57,
497,299,274,323,7,505,519,497,
66,7,122,84,147,447,2,462,535,304,
50,260,460,74,
104,395,123,176,243,533,74,239,524,
109,33,38,285,
18,443,423,317,338,64,385,148,461,374,85,512,397,
90,432,520,294,411,335,121,133,389,404,546,338,
338,514,18,250,431,404,228,
521,73,51,487,
166,440,235,229,80,190,96,151,171,206,
206,73,166,189,395,
143,44,239,399,458,266,158,
542,346,395,36,544,
170,441,326,457,217,204,
139,504,483,368,293,318,411,460,337,444,500,97,129,466,11,49,290,513,160,196,411,459,30,
378,94,286,285,506,105,112,317,150,237,
138,533,387,440,
237,378,
153,114,486,30,10,80,250,320,51,200,
285,227,483,411,109,
105,378,325,
119,49,486,333,116,76,415,137,251,223,
2,395,235,66,47,124,187,405,
132,489,460,227,458,102,
183,200,407,408,369,
186,474,358,
96,360,521,166,296,51,338,492,
388,533,192,
346,391,427,227,440,488,129,30,41,262,
182,257,455,479,75,299,
528,407,37,494,
472,137,486,
196,455,500,486,139,
229,492,212,227,410,277,
441,483,136,170,398,357,458,288,114,
166,437,455,80,395,
82,449,103,
496,299,152,
346,486,59,509,347,455,542,56,
61,210,125,252,429,79,46,300,337,63,413,334,402,67,319,
85,404,59,176,18,
459,139,94,
439,508,59,198,239,401,
190,358,124,
166,112,
512,8,470,130,255,117,245,379,122,311,121,240,467,18,
444,73,429,152,178,282,416,166,95,33,205,7,467,107,517,185,
363,285,494,366,103,479,
126,544,171,39,
214,429,304,239,
191,401,316,546,473,112,
472,535,98,205,
38,521,109,21,495,91,107,113,
338,369,
410,136,7,533,68,494,
475,368,94,
348,178,245,420,150,
285,129,363,378,7,
379,11,512,
25,45,499,171,510,
544,245,
128,167,80,258,416,37,276,183,10,461,429,261,499,333,100,410,195,
440,231,210,401,368,336,255,
88,140,171,23,63,146,
535,369,66,472,60,452,502,
142,145,256,
49,502,273,125,119,542,474,323,271,234,256,
336,313,304,440,
546,333,522,58,403,455,231,
111,34,261,331,21,
145,299,365,142,368,85,
280,92,510,171,298,182,298,404,167,305,91,350,407,
348,370,
297,418,395,452,39,387,77,401,316,
387,128,189,22,128,427,138,
374,80,63,
208,231,61,273,523,212,449,63,508,128,
179,219,33,359,334,46,366,514,97,58,
229,230,329,437,171,260,7,48,214,505,392,488,187,
86,486,247,229,
517,232,125,447,0,444,41,330,
76,255,119,271,
11,139,379,229,
51,153,184,96,
390,41,261,
128,387,95,208,18,95,
514,333,368,310,391,261,431,323,338,479,321,334,
74,114,77,127,9,38,350,308,238,104,494,
467,444,546,476,57,480,541,504,417,532,125,
45,230,190,435,
461,489,421,100,
226,497,359,74,
261,128,514,121,111,390,376,
136,335,39,211,441,410,44,199,187,367,
418,152,297,225,284,
411,213,90,416,137,369,391,404,347,
33,444,474,450,
7,410,66,106,166,430,381,
462,417,385,262,505,
305,280,546,
463,85,533,473,
511,157,480,87,149,381,103,
358,299,190,186,219,61,483,
230,45,44,494,
112,378,166,547,191,
449,415,51,323,82,208,
395,113,94,246,65,544,213,487,222,542,2,350,402,139,113,297,334,206,301,104,287,
483,121,41,441,153,139,499,274,231,121,173,268,430,285,398,416,166,30,521,
37,528,366,486,147,
474,49,187,502,415,33,214,295,186,328,
337,139,37,127,148,
227,540,271,346,257,132,123,213,24,
49,139,534,546,
306,440,239,476,267,190,
365,484,257,145,102,
127,74,35,
255,152,512,76,286,261,440,
73,240,171,272,366,42,241,282,
258,210,
458,102,
494,299,440,410,363,41,450,230,
160,206,213,144,137,35,239,
206,353,405,41,288,403,548,15,74,383,272,
295,546,33,
144,94,230,488,
189,229,387,206,166,
57,245,467,247,411,
399,368,10,39,476,231,219,
431,484,360,338,63,514,
487,213,521,440,107,319,
480,467,35,7,85,34,401,511,
540,227,486,
213,385,160,155,10,186,
200,135,153,183,
230,144,229,399,177,
455,391,435,346,
323,380,537,293,163,139,288,502,6,121,479,
8,455,368,80,386,522,
201,44,10,212,15,284,114,
245,243,260,544,57,
489,461,63,22,132,450,135,412,454,457,357,
469,415,
287,429,385,22,181,492,395,525,74,
205,231,444,85,472,
421,461,514,
440,346,271,138,117,
231,213,483,399,208,486,546,1,30,440,66,205,
239,306,479,160,260,214,
479,514,239,
488,346,229,440,323,
326,186,239,35,290,3,498,473,3,
296,96,
38,74,360,404,
176,104,85,295,
98,276,476,472,502,
227,505,492,285,423,155,316,
391,514,321,411,455,346,99,338,
293,35,86,99,33,166,179,338,146,221,348,417,152,
149,511,130,
30,397,153,166,
407,113,340,363,15,183,220,113,528,385,
299,145,497,228,95,174,494,358,24,195,
130,512,41,223,23,399,149,530,
100,461,455,
295,360,474,
360,223,547,271,265,96,413,431,38,499,295,36,
59,346,35,85,324,244,257,439,322,
192,322,
479,284,313,348,
486,334,346,284,269,317,153,313,197,442,268,231,163,371,21,333,50,430,472,71,74,532,
194,199,
94,239,290,
7,229,480,212,444,
333,98,128,107,144,514,544,399,546,52,108,391,63,99,280,50,57,411,
256,49,142,419,
366,46,179,523,37,376,466,
298,503,280,
505,326,497,234,523,
359,179,52,447,120,198,495,194,226,152,465,68,490,262,
114,334,441,201,
34,37,202,
521,436,41,284,413,274,186,96,73,188,31,38,5,252,99,539,59,272,27,
68,299,410,27,122,
152,543,444,152,67,496,304,255,418,93,272,293,
486,196,80,182,194,86,540,28,411,520,119,533,
39,460,136,66,399,221,286,
87,511,
326,321,350,386,486,170,44,542,407,
407,280,326,376,
166,444,7,189,508,293,42,
417,386,80,462,428,
260,534,251,51,398,50,114,326,229,325,239,48,543,245,
430,486,370,261,12,
316,140,546,143,134,141,191,236,227,455,159,215,308,
497,226,497,
384,137,84,392,404,350,347,324,
37,128,34,337,325,374,
290,332,326,79,489,94,448,139,250,340,310,399,
404,384,196,158,276,280,85,463,
265,12,360,126,489,
546,467,90,316,24,305,295,191,473,482,
412,333,489,186,325,
385,213,432,407,186,18,132,462,35,287,0,
102,365,231,344,458,132,
431,41,514,125,132,191,
114,261,376,299,153,150,341,168,
213,231,198,405,392,487,80,241,369,411,117,227,212,340,
516,106,271,504,140,
33,293,179,508,109,199,406,352,295,357,84,487,
334,35,299,486,244,114,514,
322,192,159,
3,508,326,
257,210,490,227,63,114,182,402,
41,517,206,483,
59,419,84,417,
304,326,152,363,214,368,297,336,177,448,338,483,
125,431,517,140,467,39,
10,215,34,438,544,20,190,433,37,25,543,353,362,316,345,520,72,399,201,
533,455,409,410,276,309,463,
84,428,59,33,199,
543,190,94,152,489,191,533,
403,368,41,458,405,
368,441,304,369,145,40,
533,388,104,211,138,221,
514,431,440,
455,223,197,182,546,316,196,8,166,100,273,41,530,533,
273,455,208,49,479,
234,121,331,63,89,60,250,90,49,505,97,
41,130,425,210,390,403,435,30,
177,508,367,235,113,121,
368,8,139,514,399,400,403,350,475,146,
241,213,73,
492,227,96,
258,369,128,
466,366,
476,467,399,
261,114,
417,293,59,467,
217,170,
404,411,90,239,
401,191,439,
502,44,535,474,
190,306,45,
510,25,
150,348,
386,417,326,
325,412,105,
428,84,417,
460,171,50,
221,533,39,
502,323,98,
122,66,
198,359,213,439,
95,406,128,
248,
41,455,431,
374,37,18,
376,366,261,407,
368,239,440,
113,476,177,
144,160,84,
395,239,166,
117,213,
39,125,297,126,
299,182,114,
303,210,
473,546,326,406,
410,63,229,
287,367,350,
229,166,11,86,
247,86,57,
30,346,483,
186,213,412,521,
91,38,280,
127,337,
505,229,367,
295,440,350,310,
85,145,205,
463,326,406,
123,104,
321,391,514,
399,230,130,290,
116,137,
240,512,73,
129,285,346,
24,299,402,
61,210,358,208,
547,140,
419,256,59,
42,166,73,
533,486,369,543,
7,285,497,
12,265,22,430,
532,486,467,
41,494,346,
402,24,257,
423,227,18,
357,33,441,
340,290,213,
401,440,297,
167,280,128,
499,25,360,
219,179,399,
251,260,119,
410,128,210,
504,467,516,
177,230,304,
21,38,111,
250,338,
338,293,391,304,
87,415,
389,508,90,
546,49,
159,322,316,
190,166,543,
154,517,450,
93,152,271,
107,38,487,
492,287,229,
317,378,18,
225,418,
319,61,487,
229,326,189,
63,431,88,410,
199,194,84,
282,73,444,
187,136,276,
261,326,430,255,
352,33,415,
191,543,431,
99,293,521,
338,90,
262,462,346,359,
323,488,
473,191,463,489,
158,143,116,
479,273,363,
24,227,97,
488,116,144,
286,255,39,
103,82,363,511,
367,136,
150,378,
238,74,80,
490,257,359,
185,444,
522,546,8,
257,59,365,
484,431,365,
135,489,200,
362,73,
23,130,88,
486,37,326,
514,179,421,
34,111,480,
534,260,49,
397,18,30,
179,293,370,
35,334,160,
441,368,
338,96,
223,360,119,
487,33,
74,226,486,
316,297,
411,333,486,
211,533,136,
75,182,
523,366,505,
495,38,369,
35,127,59,
274,497,521,
122,512,68,
321,326,
121,234,177,
18,128,369,
67,195,61,
95,128,444,
57,63,333,
277,94,229,
284,73,418,
40,299,368,
117,313,440,
505,462,227,
0,517,385,
521,483,
147,37,66,
146,368,88,
500,139,
85,463,480,
357,489,
239,439,104,
482,271,546,
204,170,
58,546,179,
195,299,128,
113,38,395,
30,66,139,
27,68,210,
71,210,486,
483,304,358,
60,234,
295,308,176,
369,368,535,
450,33,
525,231,287,
404,38,338,
106,73,516,
