151,243,304,133,
329,540,71,
366,3,980,183,
23,644,980,465,549,504,
82,365,114,420,542,431,
540,43,74,296,329,207,258,379,
992,149,209,141,161,421,460,
290,53,523,147,173,250,
425,322,17,358,15,183,228,463,
478,285,19,273,352,439,
309,365,188,211,
437,3,253,134,328,392,49,86,118,141,
111,88,
827,36,171,234,
243,448,151,118,
246,171,114,445,353,500,
365,82,309,207,
304,889,444,120,15,244,366,
751,287,
200,170,170,376,419,192,351,425,352,515,534,
336,465,
345,978,347,
537,598,810,105,217,247,297,
444,241,522,252,326,385,
810,537,182,504,285,
88,310,111,173,290,395,425,188,503,32,49,471,120,
353,285,389,460,514,
155,407,185,156,170,370,514,
980,23,366,142,71,
322,425,379,463,201,402,149,471,
92,962,397,181,512,146,
352,200,478,252,
285,146,170,353,464,930,81,
310,88,535,445,427,393,
187,334,93,51,77,28,21,
3,186,366,437,86,260,496,950,
334,162,187,494,209,353,50,177,
581,277,180,58,
146,285,359,462,297,92,
185,155,522,168,
257,162,791,
644,23,153,157,380,
40,250,258,351,96,
277,581,192,326,219,402,
211,284,510,533,397,60,219,271,
162,705,334,257,211,228,351,405,
171,246,827,
392,437,284,503,
250,40,290,
397,284,134,58,92,304,464,465,535,549,211,273,283,431,499,
572,513,113,21,377,385,473,
978,345,
889,304,353,140,515,465,
513,572,648,229,247,337,
51,187,370,168,330,530,
53,359,179,459,500,165,358,
179,53,19,296,
359,343,359,53,74,146,296,81,
43,540,290,
549,23,397,431,
523,290,421,28,
353,889,334,
962,320,92,157,499,512,
791,203,257,32,366,
284,211,397,356,161,392,244,296,503,
448,148,243,253,
58,494,397,542,
833,840,306,107,309,
460,992,353,
173,88,290,
287,751,377,
258,540,40,
420,82,
421,992,523,
881,132,
407,155,
465,23,397,
253,448,437,42,
180,581,
376,200,549,84,
273,397,478,
419,200,343,337,380,478,503,
170,285,200,133,
86,437,3,
306,833,
8,711,
192,277,200,444,
715,466,
390,534,
547,847,
156,155,
379,540,322,
247,537,513,
711,8,
326,
512,962,92,
28,
304,151,397,354,
463,322,425,
153,644,
514,353,155,
944,320,
535,310,397,
241,444,
534,356,390,
119,
59,124,
466,715,412,
207,365,540,234,
74,540,359,444,
93,187,
141,992,437,
149,992,322,
366,304,791,
326,277,444,
657,893,
161,284,992,
209,334,992,
77,120,187,
452,15,
296,359,540,
510,211,
431,549,397,82,
134,397,437,
168,51,185,
297,146,537,
285,810,
177,334,
515,200,889,
114,246,82,
522,444,185,
462,146,
140,889,
19,179,478,
203,791,
113,572,
182,232,
674,417,
228,162,
60,211,
147,290,
285,478,
425,200,88,
533,211,
183,425,366,
157,644,962,
500,246,53,
15,425,304,
115,
244,284,304,
32,791,88,
380,419,644,
499,397,962,
298,
15,452,494,
755,266,
705,162,
358,53,425,
370,155,51,
439,478,
402,277,322,
446,254,
290,88,43,
494,334,15,58,
439,
50,334,
28,187,523,
81,359,285,
385,572,444,
503,419,392,284,
296,284,179,
473,572,
71,329,980,
219,277,211,
377,287,572,
351,162,200,
188,309,
170,155,200,
210,
266,755,
806,871,
170,490,84,
118,243,
211,309,162,
42,253,
53,290,
464,397,285,
389,353,
343,419,359,
366,622,
337,419,513,
504,810,23,
252,352,444,
271,211,
354,304,
105,537,497,
353,246,
542,82,58,
260,3,
120,304,77,88,
444,304,192,
148,448,
142,980,
186,3,
275,655,
667,250,
453,955,
549,376,
309,833,
217,537,
465,889,
58,581,
228,425,
471,322,88,
21,572,187,
49,437,
534,200,
188,88,
719,633,468,
481,979,
482,685,
950,620,3,
283,397,
330,51,
427,310,
118,437,
503,88,
320,962,
351,40,
45,270,
760,112,
491,957,
846,327,
449,683,44,
832,245,395,
769,93,
96,40,
393,310,
478,419,
49,88,
530,51,
182,810,
547,
181,92,
201,322,
445,310,246,
405,162,
496,3,
936,162,
608,338,
188,849,
446,632,
812,77,
984,409,
583,277,
930,92,852,285,
516,83,528,
139,492,
367,196,90,437,173,21,33,144,248,100,178,121,387,469,505,68,362,85,255,519,313,544,522,411,461,223,506,444,12,191,219,403,231,114,532,257,54,370,540,417,85,14,292,421,408,438,460,454,16,364,511,250,377,161,84,441,507,7,72,227,40,478,287,429,110,132,488,172,409,37,858,
237,303,376,278,219,482,111,389,313,246,38,523,386,147,316,441,172,436,427,338,508,304,200,430,241,396,5,365,208,457,130,341,202,99,534,197,328,33,227,389,63,239,6,282,305,145,425,305,458,204,185,
371,133,170,
425,323,387,92,232,218,200,248,80,212,56,139,350,523,382,422,371,390,123,29,520,853,63,335,101,256,226,479,146,267,213,529,270,423,171,257,80,208,548,91,368,340,549,521,233,493,455,280,289,70,163,150,486,392,546,351,533,198,10,82,229,513,
266,39,546,9,265,273,243,315,