-0.0293308310778154
0.0215740541417908
0.0728424561281936
0.101673814759275
0.117083866527581
0.125009894930353
0.137656852899754
0.135002219923419
0.131738639780179
0.137133071316075
0.144652387755799
0.142456646266485
0.141236211788998
0.146591390778479
0.153102265104505
0.153575749138629
0.159504067147046
0.163327417371192
0.168607409368533
0.169441242919889
0.173414707113838
0.173959113692393
0.177633601899466
0.181568125419514
0.1846942311016
0.183294074154996
0.187088977554516
0.188900193679534
0.194128246008248
0.193868254894156
0.1902884926024
0.191559766540667
0.192944214083261
0.192645787873212
0.191032206245684
0.191750954956792
0.187311882922438
0.193838203965543
0.197631368940852
0.200709993770543
0.201395716034954
0.201371697362586
0.204076084829729
0.201800830890299
0.20114266272241
0.203813683147353
0.200036495322328
0.198199799970596
0.194899708609349
0.194413189486138
0.197504324110933
0.19808754793272
0.201107191308188
0.201513399086324
0.20476423565595
0.204888940362813
0.208359553940642
0.205172338873022
0.208743424755401
0.212823568809919
0.215222507017872
0.218347140203094
0.220174181606129
0.225191889387278
0.226347245580584
0.228552922857268
0.229790677682714
0.231111365411719
0.238016292910416
0.23596317023337
0.239549997283875
0.237941707245612
0.238056600980476
0.235705467416409
0.236393632978396
0.23678317259535
0.23841987549121
0.23908875567405
0.245315027715527
0.250926146196786
0.249871663552385
0.25239864259842
0.249417501952024
0.256548531313701
0.256308274274064
0.257510355868435
0.262559429141357
0.265669038968016
0.268906411774449
0.264557905328473
0.261802439134703
0.260081538651458
0.2611025106104
0.262204719015845
0.268216345760169
0.264113018257313
0.264948769482929
0.265375469632987
0.259550715077177
0.263408347353047
0.267022806466283
0.269078666589604
0.271305901515216
0.271261253655828
0.270707591333574
0.27186492814035
0.274384856971049
0.278680406698304
0.277608887048824
0.276597500482484
0.274856238566974
0.272447003920488
0.278196694413929
0.284548833547986
0.288719646425934
0.28177387021238
0.286685076664991
0.283869655591787
0.283892327552642
0.282716237652066
0.279433254559693
0.284726231410837
0.285309663603272
0.288025545274846
0.290366671995673
0.292681920422106
0.293781340911409
0.291972147742961
0.294076978763437
0.295524451572227
0.298094424813253
0.301973123130176
0.306441026864307
0.308099233897365
0.309987850393574
0.315628054868699
0.314131645602862
0.312814378376791
0.314914479399341
0.320250434890267
0.316835182271057
0.31954164403087
0.320164915192791
0.319347339311192
0.324214793648858
0.328884946941068
0.332674450931243
0.331745434690192
0.32927196022374
0.326541541625695
