0.0976750652335253
0.103789965536707
0.114078772664901
0.114933973941222
0.116464729697518
0.117123199302783
0.119686436666979
0.116007979770407
0.117826038115003
0.116371907883442
0.117131341637347
0.119246627023872
0.124384424722234
0.126003161959086
0.127049387653682
0.130859383838892
0.135032661146169
0.137674287902981
0.139389043287665
0.139175472206926
0.139935278524026
0.141927585012029
0.142550572905072
0.143494375708094
0.14359965031315
0.144738798313166
0.145374918407915
0.146147381803857
0.14766189602004
0.148340905839066
0.148934293297033
0.148363614866772
0.147827529410474
0.148482495632111
0.148187411766188
0.148220184328498
0.147936625316182
0.148271209758466
0.148139080272753
0.148983010692361
0.149159521972885
0.149489961396787
0.149882993748688
0.14986676277932
0.150392117214094
0.150757929553068
0.150409426808954
0.151569771007084
0.152114523608625
0.151161976470389
0.151754280842211
0.152449541633579
0.152289250180779
0.152605483932484
0.152051591592391
0.152763201313769
0.153475014040945
0.152948070272101
0.153742623325558
0.153626275956197
0.154015710886511
0.154073044855544
0.154632781230603
0.154748350576344
0.155997652901415
0.15568955625461
0.155812396974638
0.155869206161781
0.157047777314336
0.157808283782596
0.15854404910869
0.158466754445675
0.158832945606664
0.159190967804577
0.158964820659989
0.158799198708264
0.159011970143741
0.159509461701308
0.160448812920216
0.161100654218278
0.16124779172719
0.161036343247071
0.160034799438851
0.161091165551697
0.161565719948817
0.162114312359313
0.162253598014291
0.162399276747456
0.162507212131825
0.162293648920133
0.162020607092632
0.161948865326354
0.162442316444442
0.163243781556201
0.163130953305231
0.16315321041188
0.163063590350702
0.163217418811637
0.163114756968494
0.163156439344747
0.163698902613265
0.163981715010397
0.164606250106686
0.164581991589352
0.164342983435576
0.164511776701751
0.164716861841135
0.165170369505371
0.165237500173216
0.165327534548958
0.165096424016751
0.165261970318425
0.165894435658777
0.166254943970407
0.166518146787082
0.165699984385896
0.166563667905078
0.166134126810169
0.166004202489957
0.165848899174429
0.16551063256137
0.165974036821423
0.166631204860314
0.166938809072476
0.167480248903761
0.167389890066024
0.167807369621662
0.167890927408594
0.168212097028502
0.168660296958224
0.169226887366305
0.169609157196078
0.170298990819945
0.170659383255621
0.170899338082415
0.171170932768719
0.170925060344179
0.170962234873046
0.17110832592879
0.17134088173744
0.171407590464268
0.171347501950811
0.1715811569509
0.171482778617267
0.171848380581623
0.171922230895897
0.172069921255601
0.171652653618831
0.171289363003931
0.171164553470104
