1.17333333333333
1.63111111111111
3.06666666666667
3.62444444444444
3.81777777777778
3.99111111111111
4.11111111111111
4.08222222222222
3.96888888888889
3.93333333333333
3.85777777777778
3.82666666666667
3.70444444444444
3.69333333333333
3.64
3.63111111111111
3.65777777777778
3.53111111111111
3.50888888888889
3.37333333333333
3.30222222222222
3.26
3.20888888888889
3.14666666666667
3.14444444444444
3.12222222222222
3.05555555555556
2.94666666666667
2.90666666666667
2.87111111111111
2.76444444444444
2.70222222222222
2.59555555555556
2.47333333333333
2.41111111111111
2.31333333333333
2.25777777777778
2.17555555555556
2.06666666666667
2.00444444444444
1.93555555555556
1.84
1.76
1.69777777777778
1.64444444444444
1.58222222222222
1.55111111111111
1.5
1.49111111111111
1.47777777777778
1.43333333333333
1.34888888888889
1.32222222222222
1.27111111111111
1.25777777777778
1.21111111111111
1.18444444444444
1.17777777777778
1.13555555555556
1.12
1.10222222222222
1.06666666666667
1.05333333333333
1.04444444444444
1.03777777777778
1.03333333333333
1.03333333333333
1.03111111111111
1.03111111111111
1.03111111111111
1.02888888888889
1.02666666666667
1.02666666666667
1.02666666666667
1.02
1.02
1.02
1.02
1.01777777777778
1.01555555555556
1.01555555555556
1.01333333333333
1.01111111111111
1.01111111111111
1.00888888888889
1.00888888888889
1.00888888888889
1.00888888888889
1.00666666666667
1.00666666666667
1.00666666666667
1
1
1
1
1
1
1
1
1
