0
1.54222222222222
2.29777777777778
2.72
3.23111111111111
3.48
3.97555555555556
4.20666666666667
4.59333333333333
4.83555555555556
5.01777777777778
5.26666666666667
5.72222222222222
5.97111111111111
6.48222222222222
6.56
6.98888888888889
6.72888888888889
6.92
6.78
7.03777777777778
7.31555555555556
7.54666666666667
7.4
7.88888888888889
8.18666666666667
8.29555555555556
8.01333333333333
8.08666666666667
8.16222222222222
7.77777777777778
8.01111111111111
8.12888888888889
8.64
8.87777777777778
9.09777777777778
9.29555555555556
9.30222222222222
9.05333333333333
9.28666666666667
9.17777777777778
9.23333333333333
9.22
9.56888888888889
9.71111111111111
9.67333333333333
10.0177777777778
10.0088888888889
10.2622222222222
10.4355555555556
10.1733333333333
9.90888888888889
10.0133333333333
9.9
10.2911111111111
10.1311111111111
10.2311111111111
10.4044444444444
9.75555555555556
9.42444444444445
9.01111111111111
9.12222222222222
9.14888888888889
9.04444444444444
9.32222222222222
9.64888888888889
9.61777777777778
9.79555555555556
9.44666666666667
9.77777777777778
9.75111111111111
9.44444444444444
9.41777777777778
9.72888888888889
9.59333333333333
9.56888888888889
9.91333333333333
9.78666666666667
9.81333333333333
9.84444444444445
9.89777777777778
9.69555555555556
9.63333333333333
9.71333333333333
9.98444444444444
9.70444444444444
9.51555555555556
9.68222222222222
9.36222222222222
9.35777777777778
9.18666666666667
9.35555555555556
9.38222222222222
9.36666666666667
9.47555555555556
9.66222222222222
9.71777777777778
10.1155555555556
10.1755555555556
10.3377777777778
