0
0.69375
0.545661063153112
0.563749444691248
0.580897488678468
0.567207657095298
0.590851867394041
0.624740556247406
0.655115511551155
0.664886515353805
0.678379495659363
0.679269882659713
0.704905063291139
0.693139293139293
0.716254560194568
0.707180104292018
0.720332278481013
0.722222222222222
0.719123505976096
0.738183312782573
0.741586073500967
0.743742550655542
0.749253731343284
0.75748031496063
0.765554182117841
0.762466692044157
0.770376175548589
0.768653770232925
0.781102362204724
0.789957838252204
0.790998043052838
0.799520766773163
0.805727554179567
0.811258278145695
0.808705193855157
0.823637702503682
0.837392281753466
0.848008768724881
0.845498332715821
0.853050595238095
0.86738782051282
0.869833212472806
0.869711718457507
0.874142661179698
0.876020786933927
0.887793783169067
0.886631016042781
0.889679715302491
0.89395584509591
0.884869565217391
0.898332009531374
0.892568064753495
0.900413378429162
0.900337204945672
0.901907356948229
0.905479955866127
0.905627403005942
0.905493005800068
0.909700315457413
0.911034746086292
0.911354205960015
0.913385826771654
0.907187718073971
0.908543069833392
0.906294200848656
0.902961113093115
0.906099815157116
0.910179640718563
0.907563025210084
0.909285714285714
0.908464566929134
0.91186570011446
0.909505703422053
0.912341407151096
0.911153119092628
0.910572049239681
0.911447084233261
0.91070780399274
0.910583941605839
0.910261125413755
0.910421127765881
0.912564290962528
0.908554572271386
0.913767579570688
0.910058359079986
0.912307113285661
0.906327324142807
0.908137432188065
0.905788876276958
0.908020603384842
0.907665505226481
0.910543130990415
0.911497431845121
0.909288037585833
0.911517367458867
0.91064435742257
0.911837895485247
0.909816163718349
0.912535410764873
0.908641975308642
