0.249871793077778
0.322626319044445
0.331559669816667
0.295153061266666
0.258437323333333
0.222204648488889
0.193852802555555
0.171011002716667
0.141632536172222
0.125892915366667
0.116295055422222
0.119887281061111
0.104884480155556
0.101170719677778
0.0984694666055556
0.0989193341666667
0.100598503472222
0.0997317324
0.0951939298777778
0.0875144055722221
0.0803781252
0.0785041760666666
0.0721598211722222
0.0690451521833333
0.0700232870111111
0.0677998675222223
0.0682340931777778
0.0611915574166666
0.0606764831611111
0.0595169920833333
0.0579219618833333
0.0564256935722222
0.0535907839611111
0.05196861385
0.0541791447722222
0.0507045967055556
0.0517274220388889
0.0522753980611111
0.0510247733277778
0.0534521480166667
0.0524308278833333
0.0541938559722223
0.0544869386388889
0.0544162838833334
0.0547400650388889
0.0602383234833333
0.06027490415
0.0572632812388889
0.0605655177055555
0.0630741392611111
0.0641167703277778
0.0646071303555556
0.0639587589333333
0.0618822342222222
0.0630923366888889
0.0650974245111111
0.0595310474
0.0610301958444445
0.0632426307111111
0.0631819175777778
0.0570078904444444
0.0587187321333333
0.0622409755777778
0.0600293938222222
0.0630619158666667
0.0670985320888889
0.0646092634888889
0.0661626305777778
0.0616115961555555
0.0587343809555555
0.0614525438666666
0.0614993286666666
0.0587147519777778
0.0558439253333334
0.0546922507555556
0.0532554938444444
0.0530122721333334
0.0484124161555555
0.0504550328666667
0.0523026254
0.0503885672444444
0.0491644782444444
0.0487854271555555
0.0542285898222222
0.0552969152000001
0.0534706436444445
0.0593172604666667
0.0563104492222223
0.0557692546666666
0.0480901256666667
0.0452002456666667
0.0442998990666667
0.0438628868
0.0427219898222222
0.0411142457333333
0.0415256979777779
0.0409229400666667
0.0417258732222222
0.0432322214222222
0.0431600463111111
