NaN
0.237618484488094
0.30544320262441
0.332763996036259
0.361483366321497
0.390362867599778
0.403745731811723
0.422299424084722
0.442336119514917
0.452058550152985
0.464654498805744
0.471936162385709
0.499204307228215
0.520788609993801
0.545828262030944
0.56971470061472
0.582300266243245
0.577645511335039
0.56488580031799
0.577293529158143
0.597321792843552
0.614494105138767
0.641426762866089
0.654522482066281
0.662826775811812
0.687691421292461
0.682529834309757
0.681797578776853
0.694141477051842
0.713747259159179
0.724484851969404
0.735524774664326
0.756905513828192
0.770914370213556
0.791579054611574
0.792566247380852
0.808862732450637
0.821027883833082
0.817732324859954
0.810554322130622
0.810709797809196
0.819127852368601
0.828378078274949
0.860755562272278
0.871353648520499
0.871204997730254
0.877870101375623
0.881763154528775
0.880559465788724
0.862720992362826
0.860315519649984
0.862411930937772
0.861354147484073
0.865139497290191
0.872774184174724
0.868294403132543
0.871547723705286
0.862866454128567
0.850143260245999
0.829960845225804
0.827804571082198
0.837639350516668
0.832812900246973
0.850235813499169
0.854395229398552
0.861940238756782
0.8806855083556
0.889062477156029
0.870193831446921
0.867464454446295
0.863371665127174
0.856157023646213
0.854024876655052
0.865594036997957
0.865999657999498
0.861668719252715
0.871968670820054
0.867435234279441
0.872485993788129
0.867824464775177
0.859196225952957
0.844624272818646
0.845244242128514
0.834819585214304
0.846058350253142
0.85553099290941
0.836389193229602
0.834645652650285
0.833258798128627
0.82763939250173
0.823321337432447
0.830594457024782
0.840336977848094
0.839417638069258
0.840590957576357
0.855443356674739
0.859159311104647
0.865601824431999
0.871773449854027
0.872188753090907
