680,577,20,324,123,289,308,69,103,139,282,326,492,493,533,4,647,685,781,797,92,140,180,308,342,660,434,696,
150,458,585,299,184,566,712,327,395,365,489,630,78,663,792,394,473,665,788,205,468,570,605,620,783,355,378,37,589,658,123,10,294,385,664,760,231,353,382,476,649,771,42,90,123,144,273,585,749,812,120,151,232,445,731,793,813,745,236,577,286,312,484,274,404,724,785,798,
472,25,118,314,445,448,542,646,784,118,249,252,342,360,649,41,246,297,298,499,672,718,549,616,697,198,
715,112,525,100,217,320,18,433,580,82,211,206,390,430,684,723,750,482,508,23,641,753,814,297,351,404,559,4,102,571,659,693,783,796,
182,679,306,278,239,395,433,497,280,742,179,474,529,737,745,200,480,353,468,544,614,767,119,95,152,201,271,
320,148,687,320,334,451,631,696,730,135,274,565,573,590,751,50,286,324,465,621,730,757,4,114,356,615,667,726,43,161,232,272,529,361,561,225,615,694,774,27,135,156,378,606,
283,135,77,94,135,186,203,208,221,279,728,541,0,561,646,808,124,277,711,17,34,353,106,335,274,563,664,122,678,97,731,761,400,410,726,172,202,354,809,
36,290,6,180,353,553,625,646,748,195,276,426,435,472,479,491,498,538,693,817,42,114,231,288,361,459,488,714,54,272,304,465,691,4,740,226,256,345,409,83,760,9,33,140,274,424,572,654,83,512,267,369,500,412,303,4,742,539,614,679,764,246,124,293,420,532,547,716,253,266,282,424,230,470,508,651,799,803,578,662,747,426,452,10,708,743,796,160,185,764,521,
744,160,73,143,172,169,316,405,478,175,234,475,486,130,780,164,517,199,385,507,371,587,603,641,683,41,572,813,67,215,305,327,437,623,677,702,772,248,717,184,439,581,649,789,162,173,376,525,535,553,16,158,275,291,583,679,
269,139,177,187,206,121,537,777,209,555,811,368,13,74,252,561,64,691,714,30,406,32,349,353,452,610,658,782,803,176,282,563,812,640,129,120,290,313,379,519,370,504,652,801,137,73,241,452,634,647,743,790,812,365,350,540,605,636,46,148,696,741,99,328,426,543,545,577,668,683,44,55,149,195,263,357,423,510,516,398,601,618,12,127,793,625,141,487,495,662,680,60,236,566,595,608,470,26,66,77,122,139,299,28,439,557,609,688,112,167,282,354,372,497,715,818,24,540,173,753,44,138,407,435,611,145,244,312,337,93,645,702,715,816,135,216,420,608,15,689,177,190,380,481,753,323,281,695,784,222,324,334,601,99,135,233,172,386,761,205,295,307,186,414,429,677,678,312,330,337,132,568,30,198,339,418,457,461,500,542,698,
745,287,218,10,13,390,598,90,176,43,345,434,464,772,796,425,479,582,64,160,207,354,124,63,773,513,685,769,315,324,501,507,554,634,640,665,167,301,423,249,18,101,518,557,564,697,128,65,151,202,456,469,193,522,702,532,244,293,735,748,176,461,661,437,342,471,806,124,608,687,
476,150,233,119,593,45,100,669,141,476,78,361,395,575,767,816,
586,114,151,206,235,464,525,562,288,585,155,746,384,433,645,675,383,622,645,717,128,689,
596,613,76,11,139,478,718,205,146,197,412,687,192,27,340,662,695,798,808,225,348,402,788,316,153,524,642,305,397,509,758,281,350,494,539,173,178,465,585,77,166,184,436,
508,566,53,239,145,39,619,714,805,310,345,539,719,5,406,418,447,495,769,33,93,183,125,446,155,157,179,372,536,582,173,648,805,291,525,79,543,709,400,543,576,589,616,738,773,280,356,455,158,599,693,746,481,87,588,706,717,175,259,289,811,
382,658,565,586,719,720,
639,153,500,118,39,46,53,96,100,353,113,641,356,636,
202,745,143,807,69,287,302,576,25,156,175,200,427,625,657,
67,162,277,152,352,685,322,678,164,220,528,9,778,463,528,549,274,23,26,358,533,633,756,10,154,169,256,460,513,535,694,758,198,538,575,739,
165,696,61,36,71,90,298,86,717,791,801,810,60,336,419,513,64,97,233,353,368,423,439,468,598,773,
28,178,229,
248,167,180,211,408,568,628,671,810,158,
221,565,
714,77,467,37,180,326,638,743,412,
687,12,576,582,657,52,136,160,230,320,418,444,674,36,190,378,593,130,356,425,603,734,54,263,608,149,123,542,660,653,656,794,805,371,771,120,229,262,304,667,752,318,548,803,806,306,361,370,657,
813,15,174,474,27,200,107,269,270,785,426,260,740,91,41,195,303,486,476,717,90,244,380,556,118,129,133,43,396,744,809,577,113,225,303,329,413,541,325,519,597,629,702,789,686,700,214,230,367,719,729,816,29,202,207,285,354,265,98,606,745,774,212,27,292,340,691,770,26,633,68,177,506,567,746,574,0,811,486,633,529,55,180,187,394,264,588,812,101,113,223,307,371,662,
576,339,14,53,122,371,631,687,330,124,229,20,345,453,249,351,436,39,69,240,198,457,578,696,193,11,479,549,257,802,365,17,488,619,707,150,177,76,501,520,576,592,712,342,59,20,431,798,816,211,231,351,416,500,728,
672,280,472,
629,107,23,21,513,62,110,156,441,512,2,109,535,728,783,
642,636,72,177,258,400,753,777,35,218,264,165,459,567,557,306,322,593,765,195,401,433,457,464,507,650,724,819,140,695,284,428,442,12,67,128,185,391,73,142,383,479,780,14,56,413,518,592,679,139,201,232,292,303,353,384,504,537,642,363,320,472,495,236,601,628,668,690,712,
180,275,183,203,361,235,420,503,594,677,510,230,747,414,453,525,528,17,93,198,89,498,8,679,704,754,809,172,263,402,451,577,46,252,425,96,70,328,424,439,487,497,572,686,699,142,367,459,471,411,17,36,208,505,283,295,461,525,541,240,632,789,790,818,315,416,778,
426,153,77,224,325,91,801,15,165,266,418,677,684,169,243,767,4,128,206,400,426,0,95,273,806,177,279,292,384,502,506,196,201,290,526,614,702,770,77,109,232,504,353,406,706,94,624,811,451,368,108,158,184,404,693,114,363,441,475,143,584,620,686,206,222,257,495,660,384,238,434,454,677,774,794,566,
165,642,421,242,46,491,801,252,392,501,554,582,678,744,330,384,25,82,574,587,796,
274,97,49,72,28,438,93,185,186,251,658,752,237,251,363,402,424,770,368,352,413,429,508,197,561,577,609,101,350,208,16,263,714,743,790,283,68,443,489,557,624,679,758,540,511,334,681,686,805,297,316,319,550,70,67,69,114,130,197,202,30,216,432,479,673,124,500,606,782,742,421,433,353,368,419,454,550,567,744,748,412,
274,126,37,368,190,296,380,603,663,456,492,641,724,745,812,107,115,359,545,
370,577,742,166,117,
107,229,444,554,588,99,154,132,290,298,316,145,629,67,102,394,107,378,475,152,255,178,542,612,259,386,557,533,
525,566,368,726,630,715,101,333,558,295,310,384,551,733,52,148,166,215,622,411,629,59,718,75,153,385,234,443,521,113,811,791,773,457,153,
806,44,44,191,501,565,166,434,549,743,500,
617,674,28,482,709,733,14,68,155,289,420,457,648,124,708,759,798,181,270,515,704,741,745,75,138,282,307,313,345,148,455,490,518,696,745,33,374,419,538,628,645,711,7,47,175,178,255,256,268,285,388,449,494,563,710,105,221,346,706,714,349,509,639,345,429,701,710,711,258,82,640,771,308,318,443,604,791,31,100,102,158,168,349,386,558,650,139,282,431,522,391,500,603,684,704,707,811,35,43,97,219,512,616,267,107,156,407,422,443,491,567,691,
565,160,103,228,296,419,448,610,618,645,317,783,221,729,297,439,118,749,352,271,584,660,382,491,519,608,785,791,796,240,403,464,777,334,
68,813,557,
651,36,257,742,6,127,264,306,326,551,620,769,
801,178,165,143,217,583,741,742,
467,91,165,104,381,154,557,533,553,731,42,148,196,202,346,439,472,500,585,101,165,206,255,309,121,634,429,732,782,784,358,90,542,808,181,22,258,567,695,9,112,180,190,378,498,527,616,778,399,405,465,643,714,809,566,138,23,112,218,356,481,560,337,483,490,584,819,
501,806,576,
726,261,224,282,611,129,357,96,747,1,152,7,302,408,167,518,146,38,168,286,287,310,690,694,38,78,155,345,373,533,736,815,302,451,499,764,31,37,311,500,533,583,647,111,729,122,482,561,602,660,509,132,711,314,252,425,426,465,608,710,713,813,497,519,554,565,606,805,42,55,104,292,265,67,622,758,772,
32,7,124,167,408,511,812,730,784,40,64,97,233,507,573,421,17,174,178,349,540,671,721,256,404,408,641,85,579,604,301,199,457,121,258,260,354,386,675,689,169,213,282,325,334,339,346,429,486,
401,746,322,636,
221,617,743,52,274,373,397,799,26,192,440,654,694,790,74,75,119,209,220,351,425,10,505,236,527,659,143,711,724,729,529,817,351,361,542,751,759,214,228,249,390,460,472,642,
267,326,32,268,68,62,818,80,178,200,45,448,493,565,484,144,236,479,543,801,403,460,101,629,740,789,544,656,75,231,308,393,13,374,387,416,504,591,662,750,752,164,398,408,122,283,646,472,51,657,816,197,332,493,518,606,505,743,502,532,239,170,218,748,389,676,763,538,120,400,552,571,636,710,723,753,773,689,251,256,257,265,754,201,488,7,72,766,767,812,318,198,115,282,361,97,53,431,581,621,743,264,336,686,733,51,217,259,299,333,344,665,681,703,35,308,453,521,560,683,246,51,131,188,255,260,351,509,516,608,41,49,374,561,667,163,289,365,607,621,715,723,466,640,543,626,238,347,594,653,722,151,285,317,329,386,706,273,435,470,488,799,383,471,106,549,644,221,696,737,155,158,284,83,136,216,33,487,491,554,628,178,171,437,484,560,618,404,655,684,224,262,496,801,414,739,741,
198,658,339,701,269,21,51,793,798,472,
591,230,232,243,280,32,542,444,464,4,40,139,279,514,619,819,676,10,130,141,158,10,358,404,103,443,152,499,420,491,504,578,49,312,341,399,493,707,762,110,685,253,222,20,498,568,594,607,776,260,299,329,366,595,628,800,550,661,719,748,19,198,340,516,577,605,122,80,795,223,452,466,752,199,614,617,733,509,69,197,435,657,66,361,594,738,749,176,190,239,312,333,609,760,808,112,145,184,296,70,490,708,
403,559,291,292,433,545,
390,584,715,429,51,623,
694,221,445,0,83,129,133,165,258,316,377,419,660,667,686,65,245,146,170,186,792,807,529,541,122,158,248,382,456,701,705,
696,235,320,165,180,108,384,528,132,276,536,565,587,68,410,419,432,583,739,764,769,274,363,452,559,730,775,
474,182,93,
354,130,8,121,143,429,583,671,681,318,414,415,440,453,550,624,756,807,
667,694,320,685,814,365,427,428,642,807,
190,112,37,30,53,252,318,405,469,514,586,607,670,738,115,144,
371,62,369,584,107,171,231,470,658,756,790,481,166,762,766,433,807,291,341,353,620,47,156,247,371,703,58,135,228,301,763,559,741,763,66,220,363,365,168,482,698,709,594,651,669,809,
207,584,230,432,181,245,380,706,745,274,176,210,6,376,559,753,766,19,78,143,471,755,758,386,563,613,13,526,53,233,378,470,759,
429,125,269,390,746,535,736,752,809,
576,118,368,280,304,320,554,280,560,660,273,501,570,587,621,705,764,202,30,
311,615,81,636,50,151,223,290,323,114,740,618,162,280,303,338,353,398,480,717,779,188,177,285,444,656,299,194,55,488,560,589,633,77,489,81,405,432,646,726,786,140,689,715,746,430,150,758,291,294,367,58,422,477,685,739,180,802,321,473,95,417,498,577,641,711,802,99,41,614,702,30,178,367,411,642,41,464,592,680,286,171,528,777,32,11,284,435,463,526,533,642,651,151,222,333,515,559,287,387,53,50,683,755,122,239,715,813,363,442,463,492,623,625,68,74,295,679,37,351,524,606,806,220,281,214,449,540,158,166,38,261,148,181,586,647,24,114,610,674,592,496,638,764,779,481,504,516,536,591,661,170,184,394,424,488,659,779,75,80,79,161,190,321,339,408,441,582,169,111,397,424,448,518,538,545,667,128,187,199,11,321,438,646,507,21,115,160,172,486,656,717,487,38,179,205,211,621,283,507,208,170,298,400,376,687,322,443,684,699,749,752,794,705,413,768,216,239,244,429,2,564,710,130,359,618,729,791,810,
155,37,229,249,308,560,643,796,146,301,557,
368,89,33,106,626,167,342,390,525,804,274,49,250,279,370,719,761,205,358,806,364,102,281,576,13,155,265,435,511,543,589,733,217,69,426,55,178,321,136,274,495,529,716,441,455,738,117,219,474,476,585,650,150,292,456,462,791,
500,467,31,639,234,129,360,696,537,343,111,65,690,491,722,315,346,659,714,761,806,
599,592,178,152,79,578,581,84,396,416,624,230,494,506,668,704,712,781,135,199,208,46,418,475,691,46,222,551,759,
559,207,403,230,259,537,640,816,16,275,345,559,629,763,786,
555,126,249,375,435,751,781,798,808,169,307,333,483,564,685,131,354,382,391,437,546,586,626,
112,159,525,346,314,5,114,165,312,685,319,6,198,277,141,259,718,558,800,1,639,746,766,300,178,396,483,739,746,55,126,10,352,367,419,113,168,415,493,519,555,744,92,67,299,340,575,717,748,92,284,432,439,554,672,696,749,67,53,195,353,357,430,456,561,606,640,288,314,56,676,62,99,130,797,225,279,304,437,549,359,724,109,642,377,382,262,446,587,599,513,471,64,302,530,771,728,90,364,690,66,240,504,781,106,291,363,378,398,605,625,665,788,54,229,278,543,87,313,539,784,468,42,245,309,310,363,415,726,269,186,211,245,258,321,354,483,644,686,792,551,229,355,378,121,573,605,657,678,515,319,540,576,351,631,686,103,292,342,380,630,231,88,674,702,55,629,323,331,265,123,632,732,591,126,332,339,430,654,715,720,803,271,295,357,539,570,790,800,307,190,635,467,13,812,50,499,183,501,504,625,658,144,313,456,544,545,35,708,606,708,17,351,
126,250,749,0,240,307,314,315,561,632,737,595,88,127,84,650,651,711,718,155,122,226,270,342,477,552,555,572,676,261,274,409,522,529,692,461,718,603,638,72,251,689,722,803,345,380,461,638,678,721,734,
464,153,586,120,247,287,466,693,744,249,58,70,157,352,451,480,572,621,733,751,150,501,721,
357,151,322,657,
37,215,20,56,66,155,352,372,437,749,64,93,324,387,540,34,769,99,104,179,228,271,298,603,16,17,235,18,66,148,222,445,472,559,568,586,742,111,238,316,357,546,
49,274,129,132,85,396,594,106,669,732,163,410,419,462,630,109,131,178,479,489,413,251,315,400,550,695,766,33,418,539,92,220,744,138,224,387,568,748,
302,351,202,17,265,301,429,
167,368,726,394,494,506,813,653,395,457,53,212,322,205,248,316,556,578,606,687,39,201,218,41,140,
234,525,500,318,27,299,501,606,719,734,772,778,793,794,
91,93,242,474,648,21,70,36,112,227,276,385,56,138,173,240,391,491,66,701,815,510,775,809,455,470,716,742,411,803,408,171,395,429,609,745,177,489,677,685,810,15,86,717,726,151,580,681,216,469,537,539,645,676,152,251,290,234,284,442,457,55,684,82,153,264,267,383,580,
62,629,37,
585,150,1,406,56,489,93,420,442,444,41,58,373,135,334,464,543,548,694,129,235,355,52,523,139,318,414,420,506,103,566,232,498,767,76,439,176,398,446,535,3,771,811,517,607,281,621,752,142,222,300,166,401,733,180,266,300,755,80,160,211,300,307,490,593,731,419,31,74,157,171,374,464,810,402,488,616,624,626,724,
758,451,131,404,505,708,154,121,687,280,124,340,593,622,667,731,
230,36,207,
658,234,274,509,48,141,214,223,352,198,681,405,784,384,433,586,282,435,548,701,736,49,106,226,348,449,523,648,547,188,742,784,505,263,330,382,394,263,509,226,101,190,555,760,
278,386,361,748,82,559,606,613,799,142,318,515,654,182,76,398,587,194,279,54,430,543,739,751,753,767,14,58,13,349,359,417,441,449,493,723,113,143,162,324,352,643,739,807,811,677,395,557,
649,744,472,35,125,625,629,
679,54,20,441,100,643,305,802,90,106,110,304,60,775,787,175,369,377,379,435,467,478,143,572,816,610,540,147,712,788,332,479,551,21,77,138,140,147,585,276,615,658,783,32,111,442,511,548,361,290,309,488,599,659,776,784,93,501,558,73,214,432,618,634,144,180,289,522,280,249,573,577,643,707,76,290,389,453,454,702,722,70,69,342,401,798,175,285,322,432,499,52,89,142,371,475,574,583,619,150,764,67,442,11,568,780,187,69,213,333,800,158,332,621,5,37,229,394,468,520,675,804,156,182,94,641,720,216,296,316,220,466,655,669,712,771,221,351,133,402,437,481,325,110,168,207,492,512,122,231,
55,368,93,27,286,374,469,600,656,670,675,704,312,430,433,509,712,
801,469,165,
280,13,0,148,284,308,319,402,706,775,68,94,189,601,727,131,133,400,329,453,338,441,89,657,605,636,126,289,790,248,60,148,672,296,758,410,495,620,
582,687,114,281,291,439,539,578,568,672,794,245,129,190,252,297,766,589,715,738,782,795,604,638,2,313,404,470,510,521,690,0,778,799,460,539,545,606,723,
143,744,576,538,353,466,184,202,287,150,676,708,768,80,109,224,325,386,745,99,360,405,222,383,131,678,744,
306,182,
386,269,143,307,608,628,
114,36,566,315,43,659,582,87,93,410,55,572,586,155,556,40,176,270,332,528,628,281,797,332,347,742,811,376,618,623,629,688,726,47,99,240,290,301,374,391,247,522,804,53,418,488,775,
119,134,100,26,45,239,307,340,261,421,505,534,614,437,521,690,736,32,474,542,37,73,509,613,639,667,679,714,106,475,537,573,596,227,522,625,94,10,527,435,597,802,34,122,142,395,499,604,21,309,519,758,346,357,364,390,452,456,717,63,629,240,354,362,373,433,685,696,264,519,630,115,191,240,10,311,454,775,258,310,345,461,172,735,529,603,42,476,396,518,527,566,657,683,816,742,260,249,138,531,255,292,336,340,712,746,430,451,457,499,671,182,127,386,395,457,523,555,153,
20,226,320,611,34,57,110,135,37,282,651,675,84,95,319,277,396,417,557,650,688,771,690,738,763,10,133,208,226,680,707,767,305,177,295,408,438,663,105,546,663,8,798,10,40,297,496,582,659,711,528,236,644,676,690,769,
93,114,508,11,55,481,96,207,426,624,312,289,474,520,96,756,495,793,10,439,691,
577,381,370,103,139,70,152,304,345,647,662,763,168,809,424,793,133,268,325,406,440,527,680,148,737,226,301,336,455,558,785,174,205,280,283,421,455,567,610,618,621,54,85,145,212,228,394,656,696,510,599,693,711,804,31,86,276,406,44,679,696,774,
658,371,86,70,144,27,143,200,426,735,160,420,451,566,613,619,796,812,70,187,474,572,664,680,62,293,318,687,
190,591,274,658,
603,777,274,185,667,
557,371,746,566,68,170,187,293,500,107,698,278,
584,472,435,371,207,420,623,758,27,700,168,177,549,396,325,343,364,430,207,692,760,774,789,226,390,453,529,120,193,226,412,474,493,499,527,813,746,494,562,585,691,90,257,309,432,563,566,39,722,356,432,668,542,727,729,412,307,652,
37,282,62,192,144,100,691,153,301,431,472,488,540,632,734,767,782,225,191,83,406,761,283,375,437,46,672,687,740,180,352,613,656,729,355,458,526,23,138,190,274,338,427,819,315,349,482,539,646,246,66,414,468,708,746,677,723,102,261,390,
153,382,90,95,643,136,96,161,208,271,344,743,745,414,579,583,628,76,443,251,329,399,3,483,494,539,664,780,257,401,666,187,447,607,810,330,127,773,283,97,426,273,243,527,683,730,27,60,340,347,369,378,536,604,685,127,412,281,51,61,138,332,352,308,455,557,709,476,515,770,367,390,85,89,275,615,674,342,389,542,538,199,302,284,410,502,744,412,450,305,326,464,234,639,78,329,355,410,676,3,343,356,56,701,706,805,521,551,316,569,724,387,408,436,649,811,
93,97,262,42,553,119,141,395,394,477,512,581,4,316,323,442,146,671,767,789,340,442,688,35,340,490,655,679,733,767,235,276,380,440,192,684,752,773,
61,230,177,347,165,284,435,77,684,37,22,70,124,156,297,716,760,767,796,357,630,503,733,32,365,483,538,544,819,
177,16,35,348,689,265,390,541,603,609,677,739,573,509,626,771,793,206,25,335,443,620,640,772,172,276,433,494,584,586,795,712,750,72,233,269,413,461,800,37,156,166,477,654,140,384,409,598,799,74,50,407,551,299,358,332,168,314,778,780,151,373,417,529,579,591,172,692,544,216,382,531,567,637,622,163,256,262,387,407,430,468,640,335,725,159,299,536,555,790,91,312,422,269,402,718,35,84,292,343,383,560,20,676,194,208,300,564,756,780,182,320,413,580,777,129,170,684,713,4,381,442,4,483,153,160,226,458,356,370,
742,469,163,157,796,151,297,136,526,570,674,23,84,133,356,280,191,471,191,608,654,112,67,237,361,390,661,808,199,220,233,319,17,716,19,80,15,796,697,92,294,63,435,470,816,322,175,55,499,596,619,743,8,190,214,217,420,545,111,403,186,239,306,315,564,325,577,587,815,658,778,58,39,194,370,225,559,589,614,274,143,170,213,742,
281,120,57,374,466,518,719,758,77,82,151,252,550,609,711,772,774,100,229,304,563,689,23,68,248,303,345,680,6,34,153,203,407,561,785,319,495,218,361,534,752,776,117,385,750,
451,726,154,426,29,188,709,732,758,812,148,361,541,13,613,647,147,181,281,354,814,302,441,104,710,39,223,491,529,618,
613,37,157,209,261,216,40,47,66,75,312,322,221,423,618,98,143,207,380,427,615,690,734,81,31,454,485,496,614,327,483,639,737,775,683,507,516,624,693,745,291,277,280,340,56,465,472,125,150,230,42,426,446,577,579,596,729,338,401,645,763,782,362,414,68,87,172,164,712,751,760,5,314,358,62,810,217,221,345,455,498,680,688,34,496,547,724,442,456,543,563,766,6,16,105,246,279,433,725,56,150,706,741,59,104,331,355,470,486,796,
593,476,238,598,665,
455,368,508,
300,126,353,262,340,489,651,360,16,46,68,314,477,631,639,675,209,212,394,463,611,617,682,216,290,294,524,592,289,681,778,394,417,467,537,619,693,744,369,413,260,606,626,696,297,587,764,33,129,215,442,529,641,17,53,211,354,219,496,502,547,578,750,493,498,776,460,644,654,181,324,362,417,525,624,178,256,307,327,127,213,243,705,797,105,230,466,721,98,128,204,201,246,333,575,653,767,537,549,705,733,553,706,777,28,99,374,193,542,563,638,805,111,359,459,0,749,72,177,284,310,563,663,801,391,412,427,509,564,800,168,330,472,496,637,771,38,134,215,220,277,328,497,587,615,702,717,89,405,488,570,645,669,184,288,786,
682,271,229,347,557,
566,212,150,39,570,572,148,202,109,411,489,572,593,663,703,793,532,617,704,725,794,305,380,584,648,94,404,618,783,94,101,208,436,449,560,782,4,625,714,67,89,109,180,184,710,9,188,262,358,400,589,704,743,198,532,593,
469,647,318,79,295,494,542,545,567,640,665,742,760,68,122,249,450,237,286,576,189,632,210,315,319,755,768,819,156,224,231,329,429,557,652,774,0,26,142,178,69,105,434,447,458,550,670,676,729,732,170,183,725,612,251,717,739,388,590,716,779,495,591,599,195,80,145,207,70,428,453,724,764,239,340,375,398,430,554,660,396,431,556,587,670,729,772,577,589,592,501,740,747,801,11,55,107,141,167,355,539,577,615,701,100,152,322,362,571,649,
178,20,11,229,514,564,764,169,208,228,475,520,471,1,66,646,239,19,511,566,666,272,469,739,118,162,302,351,70,175,249,367,409,522,597,346,202,155,599,663,746,319,458,111,722,361,387,290,775,633,671,706,41,321,425,773,25,289,427,578,581,734,801,28,359,397,512,815,278,494,707,713,129,288,314,402,440,478,529,532,579,720,
592,358,300,36,95,202,343,527,689,714,799,154,404,604,78,202,459,611,655,100,704,168,774,800,375,115,122,234,517,711,48,277,307,375,496,439,656,667,700,311,177,355,608,127,233,247,403,548,629,172,648,659,215,607,790,79,71,509,546,683,235,244,253,510,599,707,45,197,386,47,211,228,141,64,356,397,549,375,103,182,230,524,656,104,314,242,154,796,465,44,695,712,807,140,340,264,363,443,601,652,57,458,493,615,689,
421,64,259,86,234,32,434,679,812,51,165,350,399,547,638,689,719,754,41,803,269,402,429,456,706,159,128,390,431,394,668,380,681,104,355,680,804,274,289,309,386,671,766,
351,331,576,346,593,678,149,421,35,623,809,106,218,232,312,335,619,694,705,121,302,199,336,451,589,677,706,124,220,298,443,809,391,423,112,
229,281,107,28,155,682,733,42,51,256,258,200,529,618,630,648,312,497,636,761,
322,94,311,132,51,184,357,430,454,503,602,401,95,412,415,472,665,706,714,727,787,59,
777,153,1,566,267,613,413,2,27,138,226,291,672,803,252,389,529,543,655,672,594,171,228,249,305,395,333,755,471,548,560,694,665,607,258,360,387,498,618,737,177,572,603,491,522,580,584,
647,143,121,113,323,469,28,706,68,340,341,646,657,713,32,193,452,819,74,752,240,183,357,736,311,218,478,144,273,302,362,652,273,428,442,491,608,618,683,794,361,58,445,536,220,657,464,468,469,77,159,297,458,510,724,753,139,186,322,80,734,552,591,145,215,492,805,362,518,47,776,346,492,31,654,277,249,514,529,611,695,766,150,252,353,397,724,298,304,486,719,817,153,163,170,176,219,64,378,628,630,201,217,428,454,697,
521,582,525,153,36,
249,144,178,79,554,305,274,698,754,559,578,274,708,728,745,286,347,442,479,658,774,162,262,555,90,190,3,692,59,67,499,556,659,740,464,111,167,530,750,579,601,623,
233,269,476,87,322,497,693,
746,813,584,82,189,197,57,262,557,628,763,100,562,205,524,641,675,698,718,224,401,538,798,429,325,370,410,676,
566,178,378,24,172,197,508,513,520,44,623,777,114,187,335,113,508,233,553,722,790,793,323,96,322,525,763,813,342,417,508,574,26,593,690,38,101,214,59,50,543,544,606,681,193,399,549,573,721,783,333,31,587,652,13,215,17,410,465,482,500,664,693,557,55,58,181,293,408,599,594,707,68,129,192,362,412,587,705,426,
151,742,241,204,247,351,418,716,764,585,6,210,85,34,80,239,256,23,65,143,438,694,131,257,339,432,586,722,286,810,745,11,509,801,73,57,83,182,328,347,436,498,566,583,103,151,363,399,578,2,71,107,135,561,166,198,233,336,357,705,759,55,460,621,756,
610,330,
257,651,
249,155,
433,55,403,
296,591,280,
51,229,390,
318,687,190,234,
140,592,680,
681,354,
42,726,229,
559,37,715,
181,566,451,
292,403,368,
615,592,
809,283,429,
412,322,566,274,584,714,
719,382,234,
330,610,
164,
652,592,
17,302,112,
211,576,248,
509,658,55,
608,386,745,
744,143,274,
586,382,555,
326,714,651,
810,248,311,
153,91,177,119,
583,744,801,
535,629,429,
720,382,178,
371,557,813,
347,682,61,
638,126,714,
796,613,165,715,
721,126,464,
598,165,593,
356,639,177,
374,55,585,
786,559,300,
55,151,91,
175,202,508,
739,267,67,
