494,246,505,
450,85,139,113,110,2,142,269,454,411,305,138,388,376,489,70,326,277,268,378,137,368,119,134,311,532,148,491,107,125,441,458,176,356,435,177,445,137,227,309,289,308,245,301,494,133,194,219,206,
14,195,403,58,297,359,391,421,251,207,230,359,190,
326,244,414,231,182,295,512,326,327,204,279,408,517,307,51,249,544,123,194,316,507,160,485,490,458,126,283,159,343,169,514,
387,292,514,141,462,
369,238,293,429,7,456,241,320,538,
171,421,95,
505,31,295,87,27,31,175,437,465,49,78,494,129,266,168,329,442,
366,269,34,207,346,
81,231,238,218,63,173,2,324,48,485,11,265,170,525,541,350,488,526,468,18,45,207,273,189,241,110,278,319,518,372,318,519,57,192,215,318,389,158,101,257,354,419,137,458,334,549,390,431,461,17,543,219,256,328,
269,327,284,504,83,185,345,427,197,472,37,105,366,455,94,349,488,77,124,173,331,396,492,195,485,
399,56,99,445,350,530,246,453,22,36,124,337,289,30,436,45,67,239,393,506,
353,174,517,384,228,348,368,100,259,325,132,344,251,343,30,191,211,
403,23,214,139,53,207,371,444,256,239,160,143,189,280,516,530,
105,177,517,484,440,312,176,183,266,97,188,217,375,280,
440,131,105,171,127,20,121,240,
292,406,345,217,387,329,277,524,128,
24,28,159,355,
296,162,201,123,30,319,12,406,288,23,422,107,181,52,400,503,514,462,465,512,528,118,505,544,533,9,170,297,84,480,479,499,50,455,518,218,131,367,499,142,462,15,259,391,111,159,299,97,180,466,45,163,242,401,420,
448,229,273,192,265,287,42,537,530,8,305,14,17,470,44,160,267,438,509,301,
256,284,207,290,344,440,
473,456,278,366,7,218,484,515,135,452,284,416,185,110,128,350,170,
292,250,392,403,414,
153,381,95,
452,177,473,159,170,202,432,189,209,451,7,54,122,488,16,33,476,
236,3,410,280,494,473,536,163,129,359,380,424,423,434,500,158,
429,23,369,263,278,2,201,175,299,34,279,480,486,296,410,547,
548,507,74,220,95,400,455,20,209,188,350,463,128,176,187,293,383,513,221,
350,366,399,265,4,47,
347,325,15,281,49,
277,260,174,253,136,190,330,447,224,386,404,463,35,449,396,198,349,
447,56,20,238,437,453,140,452,107,298,219,459,
22,198,450,16,478,56,68,293,198,
15,483,62,153,168,237,502,
359,393,337,278,370,398,477,9,268,218,356,427,467,501,6,533,226,16,105,
104,481,192,231,456,397,0,469,350,18,482,493,
494,377,334,378,36,426,261,386,415,
260,63,363,280,228,283,388,139,116,487,539,
298,185,424,505,376,266,489,351,325,300,262,113,394,483,387,71,4,21,506,242,389,
140,325,445,117,223,415,101,381,403,125,202,109,158,77,106,294,
321,352,77,21,138,255,503,181,
396,424,301,168,375,277,220,371,231,5,
509,448,194,238,444,
466,521,189,323,512,128,494,318,380,422,
246,399,494,144,180,244,345,187,92,418,261,
116,119,55,35,195,306,472,99,110,200,134,439,495,427,208,342,165,309,502,260,314,417,519,
406,379,149,450,447,479,50,228,292,458,322,364,375,460,141,207,351,387,0,160,231,428,23,394,547,
245,321,181,
455,425,286,323,
229,134,28,125,232,365,439,349,422,20,505,101,306,353,448,72,148,220,252,253,423,482,156,324,15,534,514,65,212,428,187,406,
379,475,406,128,538,203,361,242,153,460,
278,158,264,
514,235,352,343,326,48,87,
82,187,72,17,434,250,320,180,320,110,47,83,95,493,279,508,168,285,463,257,331,351,25,249,449,478,73,288,169,
456,89,369,
383,507,5,221,231,173,273,489,194,160,234,159,529,180,88,127,427,391,175,71,88,484,
202,157,140,297,
377,494,305,268,378,
537,444,348,350,117,339,141,202,223,375,448,298,444,299,503,148,195,379,188,451,392,97,237,388,363,451,459,483,518,128,302,44,113,227,2,407,31,234,114,178,196,384,464,129,308,369,366,333,527,337,434,
94,18,301,434,67,171,237,93,194,
344,268,440,459,29,378,35,
430,113,540,225,
305,286,172,145,220,111,334,126,526,535,234,377,17,185,258,432,
168,97,540,89,396,512,49,
521,451,108,289,311,161,280,28,79,169,342,184,425,466,134,536,258,340,487,442,444,344,89,542,
190,225,4,539,103,117,178,400,33,288,83,97,464,27,373,546,14,50,
425,301,455,160,261,316,370,544,152,293,244,455,
212,249,229,398,544,454,261,259,490,514,
444,115,310,9,86,97,39,460,530,94,547,477,80,108,412,113,117,525,109,203,389,93,60,216,16,227,294,253,25,39,159,121,268,279,489,21,128,166,289,170,345,400,
389,458,195,332,218,43,105,251,469,238,83,253,46,457,172,19,136,95,332,
63,240,46,263,356,373,537,183,354,168,79,29,429,404,
352,56,431,497,96,134,154,6,111,514,321,171,1,
2,429,131,
264,176,55,168,80,423,538,363,42,
55,520,9,86,211,257,271,427,234,348,377,98,225,293,384,129,207,264,351,233,429,
51,32,492,286,
132,124,397,462,282,539,538,
423,268,429,95,236,
369,484,277,357,150,37,132,
250,371,487,17,292,105,517,531,547,
53,47,71,20,362,168,212,351,365,108,202,350,98,135,429,193,288,485,515,541,59,210,306,383,293,538,329,484,423,195,304,343,440,124,512,213,266,328,146,239,
181,491,245,104,241,434,293,365,391,158,179,275,465,457,233,5,
365,24,229,25,426,27,177,193,288,397,302,522,72,
492,31,261,191,150,239,273,253,
298,537,465,327,489,106,430,163,268,102,142,307,78,38,389,238,88,97,204,319,431,497,238,372,420,42,179,8,298,14,144,209,320,53,369,373,393,
286,119,401,343,51,
473,236,538,104,490,
201,429,345,476,
301,169,19,338,194,261,89,98,478,307,334,11,425,120,152,519,396,488,492,171,316,184,143,246,74,460,517,226,448,
4,146,114,372,190,267,294,5,148,401,153,290,
491,269,189,72,66,498,174,195,77,157,315,434,106,351,155,417,435,274,369,442,58,85,309,181,388,492,302,309,197,488,369,284,465,369,407,536,188,389,214,284,153,212,41,434,438,180,529,
42,479,192,64,42,392,56,
50,62,144,209,20,59,328,86,101,287,511,252,540,57,227,267,467,529,265,50,288,431,221,170,157,43,255,350,141,114,432,
517,216,107,225,69,486,105,214,529,392,514,80,126,400,312,353,
274,376,469,60,259,170,413,489,48,282,365,
533,178,34,402,10,178,48,181,393,65,362,466,476,415,121,525,414,181,282,58,276,423,430,513,183,359,375,434,390,522,64,125,483,77,133,344,433,376,261,85,
31,492,27,230,505,522,137,245,429,208,157,4,110,289,500,549,535,198,377,222,443,506,231,338,184,
536,475,371,514,314,246,515,
392,42,267,512,
481,89,419,395,284,490,252,164,184,75,32,461,57,104,110,304,442,
284,202,431,440,
474,174,63,307,105,164,52,
92,238,362,273,387,
271,450,294,512,546,0,136,281,454,19,265,526,26,222,
362,405,506,104,33,335,346,449,47,91,354,334,459,158,39,408,483,
539,238,190,23,196,281,549,406,4,376,26,133,242,310,108,132,116,154,
127,383,401,96,174,175,
537,37,63,224,467,476,448,483,168,98,438,328,339,397,
498,202,252,317,539,218,334,443,
487,350,
99,116,157,227,253,18,207,479,538,445,114,
373,487,532,
499,307,486,98,184,442,489,369,323,111,549,232,
14,448,438,298,73,276,
98,55,105,30,305,284,120,368,262,278,127,352,383,485,262,546,122,250,280,385,420,58,537,35,156,
462,63,249,132,314,
484,72,157,284,259,328,78,258,539,30,40,542,52,193,232,253,369,96,225,228,540,105,30,417,204,
300,210,298,60,327,344,233,420,438,106,202,445,500,
475,40,229,2,129,379,462,536,215,455,287,429,26,319,433,388,128,289,470,489,194,
485,174,177,455,472,179,307,252,202,2,179,440,239,443,188,531,313,366,
424,182,119,450,135,396,478,154,506,29,531,236,530,233,
127,362,295,267,177,507,378,
131,280,45,105,12,342,225,488,164,357,259,88,56,212,59,196,362,132,96,170,191,449,44,337,440,490,382,80,394,513,2,235,
406,65,89,539,220,344,92,201,512,122,145,430,470,350,458,183,
188,391,309,444,
469,18,6,420,286,20,344,106,97,274,9,340,325,35,100,278,375,407,454,401,110,
284,481,113,115,538,58,39,269,292,233,68,256,360,393,42,108,471,458,61,193,294,424,6,118,
421,16,221,242,24,171,37,110,508,123,535,
95,506,95,53,431,549,72,89,165,153,171,222,104,187,502,198,
479,365,259,16,46,288,99,5,42,152,372,302,372,86,289,283,155,68,181,350,285,318,436,369,
456,406,17,538,81,99,431,100,532,336,319,238,157,317,543,546,139,174,358,193,468,290,435,473,59,539,426,396,52,212,353,65,104,291,350,418,222,45,164,311,53,197,538,231,296,366,
181,238,283,527,472,189,57,279,251,316,454,264,523,544,106,295,436,471,50,187,325,493,150,243,207,512,547,173,98,137,395,479,93,328,379,136,332,409,
15,347,295,423,12,138,225,376,530,199,548,134,60,
540,429,528,168,430,74,340,285,414,542,
28,354,229,9,352,110,360,89,155,168,178,463,183,251,478,
273,448,175,66,
283,12,537,195,249,54,162,394,181,171,69,537,79,30,111,507,523,125,136,211,51,86,456,469,256,535,123,250,192,101,229,163,322,43,232,135,470,326,124,149,374,29,68,144,497,479,250,426,110,96,384,111,285,449,152,193,443,
486,375,211,499,
194,200,383,443,356,509,547,67,129,277,
157,452,177,23,99,158,222,247,280,332,97,151,350,49,202,14,480,125,491,517,340,12,485,
182,424,438,166,125,334,
39,444,451,0,144,24,72,362,186,373,72,169,389,
239,403,485,47,397,544,
514,384,261,
453,104,543,
38,132,293,183,217,131,101,457,270,119,323,324,115,
135,173,500,0,246,462,269,269,253,77,190,329,19,212,214,82,314,432,79,119,447,53,4,347,379,391,283,262,116,400,132,268,186,455,
407,186,225,33,416,176,325,456,473,369,
261,301,291,354,389,392,394,180,386,492,545,12,51,220,484,514,408,354,80,525,372,
103,190,137,375,412,295,321,189,292,375,238,22,256,512,65,99,119,
77,491,23,429,180,242,143,314,89,480,447,55,321,245,287,470,1,197,449,384,
469,104,371,
79,23,105,500,124,361,367,402,514,294,
214,515,517,4,450,
482,277,104,79,174,285,
201,256,406,345,
238,103,115,548,
233,300,55,340,420,
451,120,358,357,427,481,151,76,379,57,94,205,390,525,521,58,131,527,234,290,374,536,328,408,11,471,377,536,301,10,39,254,462,348,38,528,410,101,511,512,233,293,
492,51,181,319,495,
314,255,379,440,465,493,514,462,
486,109,55,195,272,
398,3,434,321,177,278,414,50,315,387,317,199,519,
480,157,24,387,
423,487,264,15,239,318,64,198,124,163,372,
307,1,474,130,458,
129,505,194,55,
286,43,381,345,32,505,349,305,450,379,23,522,154,444,39,247,
345,286,187,381,35,77,402,247,411,209,208,399,201,488,292,
230,374,301,412,377,429,535,344,540,241,403,280,51,
344,521,256,
538,379,264,8,22,104,473,64,275,349,120,397,250,253,
298,333,197,163,478,101,297,331,504,413,515,340,158,418,348,202,271,406,449,443,349,448,359,95,142,84,306,406,517,226,480,488,478,151,112,263,383,516,280,29,40,267,287,85,522,446,524,273,290,541,400,227,510,122,343,498,501,18,20,253,52,63,507,462,
238,298,301,256,447,369,434,142,78,529,61,321,152,211,136,269,
470,448,77,119,158,225,273,
352,119,102,28,198,402,155,204,
183,63,334,181,428,17,509,216,371,384,248,276,406,
192,91,256,256,431,62,260,540,8,344,104,97,336,42,387,23,471,56,144,318,549,267,409,121,135,207,11,109,206,
222,157,459,10,456,97,204,426,543,
514,362,536,325,452,73,129,
254,405,41,473,328,19,300,535,180,515,66,100,514,427,173,265,458,331,337,214,500,96,97,400,
257,119,72,261,207,293,296,542,366,13,290,128,498,
392,261,210,517,19,292,419,185,
427,116,177,306,427,184,539,
507,54,98,173,58,102,395,32,147,236,255,339,481,488,23,78,174,353,427,538,315,111,523,313,305,386,158,390,258,423,80,370,13,48,140,245,301,542,61,180,117,283,512,
510,244,
428,491,406,358,
194,375,166,438,244,294,279,333,397,180,374,255,330,336,346,540,459,53,325,210,26,478,527,136,
438,97,152,14,182,218,425,237,42,
235,326,56,75,514,393,32,349,456,338,
406,155,279,63,90,72,385,365,197,217,421,452,364,44,182,500,108,431,507,361,469,206,108,432,183,223,422,244,317,483,126,439,53,172,289,438,489,350,442,520,180,147,330,475,117,212,532,
181,482,382,223,529,278,173,494,17,47,267,312,501,169,335,416,66,459,65,234,435,506,303,346,79,277,20,56,529,536,548,533,221,9,90,151,346,387,501,520,114,168,537,384,113,489,132,122,450,298,75,114,89,444,444,
334,301,20,161,183,190,392,461,320,330,526,203,308,226,539,375,455,
105,389,176,89,134,274,304,320,405,521,117,19,138,472,
34,26,98,496,281,507,
55,77,65,267,486,153,74,415,193,
198,71,238,151,50,408,26,22,33,513,273,404,200,32,440,511,503,508,335,285,254,486,273,6,12,377,528,168,322,384,
378,42,265,131,538,386,338,405,295,545,
381,63,319,25,66,153,329,345,
177,404,36,222,327,227,431,484,34,282,317,137,485,99,196,308,542,305,375,39,452,150,105,177,281,377,324,41,62,261,83,487,427,238,438,449,
340,521,123,36,61,258,298,157,233,272,295,
401,32,56,78,235,401,440,286,405,443,469,285,530,
544,212,173,9,219,260,356,268,372,
431,352,50,164,284,343,461,96,343,430,189,323,
429,513,538,77,170,531,92,265,387,540,227,404,499,522,345,334,495,230,216,319,407,423,461,124,150,219,
403,312,70,531,297,326,100,322,82,203,521,18,68,136,194,39,479,14,297,190,304,426,535,64,74,236,431,397,355,292,159,495,
393,73,10,159,159,3,394,
401,72,401,127,
522,429,533,322,83,404,320,198,174,426,414,469,
3,278,33,236,93,493,322,109,524,73,337,524,61,303,304,41,158,508,
515,40,159,189,355,199,130,78,203,253,449,385,
259,540,138,319,484,19,479,333,222,465,346,504,473,502,300,305,194,491,373,
450,4,176,192,422,467,424,178,88,92,391,22,64,430,221,407,3,37,
397,104,365,403,132,72,386,415,
515,214,60,233,250,269,374,326,258,
33,407,493,
176,37,320,413,251,378,224,225,179,201,482,159,450,120,324,362,105,514,240,264,392,492,349,397,526,134,50,265,523,
506,431,362,489,267,444,31,345,529,548,95,313,457,537,54,55,89,414,
145,294,449,149,288,268,204,305,195,175,27,391,172,74,463,234,42,380,
56,513,181,19,84,488,90,399,5,95,470,533,530,468,411,331,229,344,542,
89,215,
175,145,273,
450,268,69,271,136,212,281,509,518,399,468,483,225,235,223,356,366,28,214,
104,181,362,388,174,248,517,265,297,53,85,156,507,
452,447,1,73,339,173,
375,103,406,256,313,36,272,64,531,
113,505,248,463,188,288,401,150,499,78,51,539,115,116,144,92,511,98,252,202,181,262,324,473,273,401,154,430,546,541,332,346,523,
381,109,
13,109,
112,476,7,90,325,
210,296,76,2,280,76,295,342,456,512,234,548,68,184,68,380,217,172,368,228,141,390,425,395,441,131,531,28,33,451,31,31,59,300,535,392,208,357,546,223,187,197,40,515,403,234,
47,232,362,525,
502,116,280,95,249,434,49,545,
295,103,225,15,127,256,61,505,343,503,503,465,506,
513,243,26,205,83,123,361,56,268,2,35,71,184,186,335,272,317,348,490,429,132,462,40,151,203,344,507,534,92,99,297,94,353,142,47,282,375,
327,20,215,549,55,160,346,420,439,348,130,269,465,473,392,172,417,176,275,402,36,
72,397,143,147,222,10,514,202,162,373,172,298,82,96,298,359,401,218,102,262,307,464,402,365,
405,378,362,114,118,334,339,
89,301,105,188,398,456,487,415,87,1,169,242,391,
99,479,136,13,457,26,244,250,237,324,370,515,436,353,123,
225,484,186,212,432,481,190,351,407,268,295,285,94,178,68,177,486,127,287,380,414,
238,539,247,214,253,53,333,181,345,211,312,400,531,518,198,302,317,31,451,167,203,450,355,10,531,509,92,210,438,82,437,
190,277,301,
23,401,77,429,181,546,342,335,483,522,490,1,453,
301,465,270,317,379,2,230,152,190,254,78,380,27,94,61,91,237,488,145,148,276,391,396,
257,497,215,256,
454,212,271,
173,383,385,284,4,544,268,461,509,72,
537,123,484,188,407,
496,307,125,36,310,
519,168,355,398,
307,180,172,189,173,51,153,128,72,301,496,472,
152,301,438,176,417,549,42,371,207,530,270,531,127,191,
215,297,475,308,374,89,257,401,232,30,
493,213,225,199,33,402,490,180,
362,131,176,211,449,420,72,514,52,530,92,127,207,344,213,222,23,487,88,282,494,453,
202,256,113,210,197,528,94,32,495,537,495,498,284,165,342,531,300,379,3,65,113,257,
497,352,298,161,372,457,257,507,396,431,448,62,
317,513,301,189,173,247,395,193,246,217,144,329,535,92,114,515,
277,535,516,333,41,267,369,303,53,482,124,
207,403,406,158,14,110,380,333,345,80,182,
546,113,23,300,415,437,543,
434,238,181,533,48,7,94,134,137,288,379,390,398,172,20,229,337,357,502,5,66,
32,92,45,137,245,371,164,235,251,512,80,102,276,361,41,155,384,178,108,289,542,480,378,51,505,507,158,39,247,
371,232,391,250,453,68,65,212,469,44,215,283,32,225,97,439,
262,98,76,72,88,92,98,128,428,
174,94,491,22,427,220,264,28,66,89,135,166,277,47,248,353,463,493,512,344,57,474,533,61,305,398,133,536,234,377,381,
97,396,537,29,332,387,271,293,395,300,383,438,78,547,436,455,528,168,338,278,371,90,
391,14,145,460,
168,244,119,28,145,226,491,519,282,404,31,
445,241,491,226,199,255,172,282,528,1,118,544,78,12,458,140,31,144,214,232,337,161,536,399,180,371,136,16,323,455,80,343,346,453,407,161,459,
313,375,485,
181,332,492,321,
158,157,181,207,330,90,405,140,269,196,236,
297,513,14,253,202,215,
170,50,274,134,179,240,155,
4,539,258,215,333,214,
309,190,491,59,303,312,168,520,384,496,449,188,519,134,383,461,513,346,416,535,505,403,109,
63,440,432,219,155,124,260,381,99,408,220,381,0,515,190,462,108,498,508,516,246,316,424,439,483,
125,353,533,92,496,544,546,182,
483,537,15,298,250,
371,152,183,445,481,
42,99,378,152,261,381,
325,9,298,140,46,315,330,471,60,29,469,66,478,100,143,292,347,514,234,150,197,20,53,38,
431,95,456,322,358,420,
218,438,261,481,
384,32,353,358,514,504,35,
382,30,43,136,299,219,427,207,415,245,482,129,72,471,181,276,245,432,6,191,234,453,125,97,158,172,334,401,216,256,278,476,129,431,386,273,347,321,415,295,542,519,117,186,225,2,482,544,45,3,258,394,72,428,
53,277,135,123,381,495,328,
16,2,374,129,314,330,421,360,388,301,16,329,367,78,455,250,321,393,448,264,306,455,194,481,502,
452,514,
256,110,149,350,192,307,288,166,155,202,269,372,113,238,50,472,450,75,428,75,450,167,77,201,344,536,257,536,445,
343,295,431,514,226,459,519,101,
109,454,381,13,140,486,213,309,377,
225,371,387,177,417,324,407,220,430,325,331,85,
108,436,14,444,449,301,281,272,176,151,447,250,162,521,452,100,494,88,113,285,113,525,15,296,63,16,272,151,383,515,233,354,
426,327,381,335,440,514,
332,10,58,75,230,311,454,158,469,548,220,349,123,418,534,338,427,389,489,475,303,97,445,406,282,399,389,197,142,311,258,416,210,500,207,279,539,283,62,181,239,503,
261,425,177,117,132,425,43,42,533,246,218,
89,406,28,241,508,
355,24,356,403,246,519,146,
119,116,290,72,71,493,14,158,245,441,496,534,463,401,290,523,257,389,451,311,420,289,321,143,297,429,522,385,43,236,424,515,38,168,417,286,466,278,339,210,234,335,
457,99,38,369,407,128,238,241,464,74,76,531,
255,15,445,308,21,142,379,204,527,227,335,
440,426,485,344,147,314,292,284,209,231,316,320,425,177,90,225,332,379,426,256,
244,150,386,10,200,168,510,318,261,456,141,190,227,255,9,79,
172,209,307,417,305,491,486,168,356,514,395,19,436,518,43,124,403,36,56,162,210,353,
334,123,332,494,429,122,378,182,
244,79,375,101,173,225,424,211,326,229,289,140,213,452,493,103,507,530,294,109,26,192,202,194,143,299,441,453,60,457,46,47,197,278,372,181,2,242,277,146,45,97,528,533,172,50,
522,286,23,322,
249,476,502,94,212,324,376,388,542,151,82,35,82,262,462,117,237,360,
514,172,426,229,232,387,134,
321,245,238,300,421,398,172,
267,277,4,127,216,392,52,457,466,473,543,
38,395,412,458,249,252,270,116,45,129,44,91,138,209,435,191,391,282,195,295,451,187,47,277,544,2,184,37,501,240,269,428,423,82,119,160,483,438,60,432,513,284,488,451,522,103,520,363,175,500,
487,175,373,197,423,401,393,421,468,259,374,449,522,250,497,522,547,93,173,225,
476,14,104,509,249,395,443,393,236,317,105,496,171,259,377,537,161,325,112,212,495,152,357,
16,22,16,
136,99,238,16,
463,28,145,37,
184,427,499,
449,145,136,
240,440,170,
5,383,396,181,
535,421,277,
261,212,218,
150,369,492,429,
378,494,334,
145,168,406,
538,99,456,132,
419,392,
127,440,
139,260,
14,157,
401,47,4,125,
507,383,497,
391,89,188,
188,537,105,
322,406,431,522,
335,23,
178,28,
517,104,
414,292,506,
460,301,
241,457,369,
350,487,
172,389,145,321,
407,450,469,
73,514,393,
159,515,393,
88,362,262,
19,105,271,
516,277,63,
36,340,172,
444,286,181,188,
280,98,417,502,
104,473,453,
217,105,
251,14,28,
99,103,42,
507,104,34,
531,375,457,
17,305,250,
310,496,
469,522,
516,403,
194,16,475,94,
118,405,284,
464,72,457,
34,366,429,
454,469,109,
50,190,176,
306,16,427,
509,183,173,
349,277,235,
136,389,449,
56,42,22,401,
318,479,466,
322,522,198,
530,15,424,
123,334,237,
381,426,53,
256,81,543,
493,
506,
21,321,
294,79,140,
31,238,168,
523,113,176,
287,77,225,
258,4,305,
375,105,513,486,
134,116,514,15,
386,494,
519,343,116,
369,479,407,
66,434,273,
514,212,314,
493,104,314,
346,113,366,
358,428,431,
273,470,92,
76,457,262,
439,63,371,
268,377,544,423,
198,277,95,22,
109,192,
225,470,487,
5,56,434,
246,536,
23,79,403,
90,158,97,
476,201,452,
222,271,
4,401,173,
280,403,105,
132,369,
159,403,24,
394,393,
16,359,452,136,
174,127,482,
525,47,261,
130,307,515,
199,15,398,
38,325,
402,72,345,
248,183,
204,484,352,
250,483,538,
123,99,340,
37,450,369,463,
1,89,307,
181,23,183,
296,429,456,
264,16,278,
189,431,403,
276,14,183,
42,145,438,
119,103,470,
485,269,157,
35,384,98,
372,423,544,261,
241,230,89,
211,353,486,
185,305,392,
344,56,230,
290,4,256,
237,438,94,123,
174,104,485,
379,314,440,
