418,203,19,110,162,335,39,763,55,104,307,46,353,500,10,21,37,38,317,164,244,351,359,381,450,501,68,242,358,467,522,535,155,260,310,649,706,747,31,34,48,67,98,304,123,309,526,728,333,424,630,140,177,193,355,772,3,37,409,436,561,616,628,301,336,551,663,71,330,570,745,797,395,678,94,809,306,471,556,724,767,809,277,340,351,386,411,484,518,562,51,390,170,401,526,207,221,222,299,395,477,627,755,784,86,104,168,489,615,43,64,78,126,81,42,560,123,242,335,387,446,665,352,752,756,654,811,77,82,13,755,178,458,558,691,0,770,150,227,239,320,416,512,617,793,813,214,340,63,610,521,
45,363,381,413,427,463,632,644,672,270,382,495,615,723,
510,572,215,709,73,293,331,582,687,786,3,23,129,447,657,684,516,107,131,391,494,568,801,815,695,187,453,507,627,726,736,321,467,481,624,164,19,194,210,461,485,143,459,653,778,163,211,469,620,9,44,96,134,348,605,691,289,397,483,319,697,
450,3,107,683,31,258,266,608,703,33,24,430,427,624,633,700,613,658,71,176,535,674,714,756,
72,8,189,182,87,558,14,52,388,408,691,781,169,190,317,460,265,28,208,267,552,604,775,55,574,674,705,
772,429,210,222,262,683,791,803,416,96,211,653,375,362,405,522,607,657,676,819,146,355,356,454,619,624,605,311,333,367,513,527,534,563,585,726,788,809,45,148,106,17,774,50,107,465,538,750,272,486,571,721,792,2,88,19,17,441,722,801,181,189,505,416,101,128,136,63,241,592,652,674,711,716,107,182,201,327,445,573,673,697,251,287,355,366,587,646,358,517,282,343,401,497,580,686,694,699,126,167,182,443,469,65,116,120,121,291,149,298,568,668,184,739,796,238,439,444,483,235,552,155,719,411,496,55,655,678,498,437,479,715,744,58,81,222,495,524,549,598,809,40,12,164,655,118,307,403,33,429,560,595,325,437,457,743,590,603,680,685,711,
581,768,453,64,198,342,438,610,656,677,47,375,466,744,774,86,484,570,645,34,208,220,370,402,411,758,804,336,449,500,630,693,368,182,
158,277,248,314,284,714,773,64,70,79,100,186,40,428,583,620,679,684,42,205,648,715,299,413,67,560,704,420,637,192,266,604,617,
322,688,717,748,80,219,301,389,403,432,616,120,23,266,282,399,713,99,116,138,431,425,478,516,660,80,709,456,497,696,747,801,11,302,288,308,544,610,475,786,58,448,585,684,744,
166,423,683,251,283,642,741,93,193,215,566,636,698,628,623,25,71,186,189,245,475,67,218,408,
220,38,152,153,21,21,313,481,537,541,791,486,655,770,27,83,202,230,604,676,723,216,816,287,500,642,648,712,368,773,18,205,309,425,656,676,745,94,172,410,425,450,588,631,765,656,516,51,109,176,223,293,297,17,460,658,328,337,369,670,47,442,494,738,742,124,43,383,659,229,174,241,369,470,564,693,700,814,328,367,457,493,620,431,185,259,278,809,245,377,491,674,785,789,218,393,443,491,624,724,313,320,
29,762,614,
326,300,383,68,372,603,63,412,658,676,237,564,
167,15,613,163,229,552,
737,362,603,21,143,330,519,313,270,568,478,268,372,71,530,594,645,716,213,300,153,678,84,129,132,494,442,633,638,665,134,167,419,420,424,445,514,364,558,658,706,812,21,154,201,274,117,171,303,183,497,492,807,227,559,568,627,704,756,806,195,408,188,257,349,502,572,582,85,317,247,255,33,724,471,571,337,366,476,682,
717,463,58,204,258,285,316,322,448,502,714,146,262,306,390,424,451,164,324,599,680,681,787,335,172,574,580,645,381,767,65,150,223,257,315,368,515,532,543,600,639,801,110,354,391,432,0,547,8,145,233,315,514,66,534,616,645,797,17,407,158,201,208,444,477,562,635,736,
514,192,609,214,298,366,584,677,805,36,115,138,499,285,583,803,479,588,589,623,678,744,534,
458,418,268,706,605,60,273,357,412,528,614,758,
725,379,443,470,678,706,729,226,146,10,180,544,551,558,706,212,121,43,89,96,262,307,313,388,751,115,644,706,201,215,508,808,59,534,661,224,255,302,378,558,332,571,765,133,82,438,645,707,708,66,86,282,341,661,232,732,800,667,514,535,602,717,170,
103,788,413,36,145,172,253,38,353,281,429,522,562,598,706,746,225,242,454,694,176,321,559,136,170,298,406,463,517,531,586,751,
17,220,220,20,23,35,393,810,370,397,703,761,717,10,97,136,137,185,206,768,118,139,176,240,250,422,443,671,
423,15,166,168,199,221,467,471,511,706,
480,310,614,35,
755,136,418,587,46,146,665,251,393,709,171,240,395,433,584,699,723,765,32,56,134,176,431,521,689,308,362,400,426,443,641,455,574,723,740,477,778,
226,497,154,275,201,116,208,153,741,122,687,207,159,299,335,380,418,466,522,787,103,108,110,118,224,281,383,445,641,234,681,534,670,687,802,189,43,126,295,415,351,537,630,509,608,645,760,819,98,134,407,501,598,791,811,59,704,412,737,100,494,15,17,243,294,325,666,221,312,417,434,762,363,
719,299,62,171,134,137,799,40,134,354,305,567,589,677,34,489,491,792,810,450,500,664,714,373,278,319,464,308,517,537,544,562,575,365,657,773,107,290,329,388,394,530,551,569,604,617,693,294,479,490,773,267,491,501,782,
383,331,226,203,326,416,459,809,817,143,497,506,701,203,279,639,548,576,176,267,459,484,813,632,717,211,789,483,516,516,630,668,748,
36,752,103,63,273,280,153,459,461,172,310,446,35,241,353,397,399,455,502,570,732,
43,640,189,188,36,40,539,784,82,303,530,53,643,806,62,181,14,528,755,265,197,740,78,248,267,490,620,651,219,270,379,381,409,615,455,482,638,550,596,5,42,98,105,142,347,455,632,666,
438,1,547,805,113,127,178,257,328,357,611,649,692,815,51,264,389,573,676,728,5,147,162,328,59,408,425,435,474,480,546,424,42,110,75,316,563,281,523,526,361,550,639,692,767,257,260,278,416,0,103,135,225,266,433,733,755,119,156,286,350,612,616,768,152,214,328,392,546,280,285,342,357,596,644,714,417,438,618,791,
176,213,201,128,180,51,451,459,467,558,792,5,264,211,39,147,334,354,388,460,470,780,785,799,618,634,691,13,253,289,436,711,481,611,633,637,753,797,85,209,248,58,772,773,157,312,482,565,662,697,56,103,236,284,511,65,574,817,165,468,100,277,530,41,144,243,298,300,426,543,704,68,221,310,256,320,576,637,562,710,718,764,155,326,341,363,603,771,
752,418,81,437,28,36,306,219,135,28,33,127,113,255,290,474,498,670,154,212,117,357,658,783,
400,455,445,5,62,81,126,237,509,558,256,675,220,421,569,711,241,384,161,294,440,69,479,565,795,257,462,444,553,563,554,535,735,747,378,578,211,747,794,803,630,250,222,530,586,22,192,3,56,447,444,713,734,456,459,614,265,795,779,538,306,351,749,805,175,457,
534,225,655,318,213,320,348,83,354,595,683,696,168,746,247,251,568,70,408,485,515,564,134,211,283,502,741,352,607,146,179,460,148,25,223,284,370,123,422,570,112,718,514,468,511,817,701,
756,781,
212,748,431,725,248,319,652,410,126,193,146,755,774,638,189,447,672,54,774,98,502,582,703,800,123,313,272,301,530,689,800,789,
788,772,18,46,315,399,418,522,817,698,159,248,298,344,445,24,484,483,498,392,536,69,494,815,402,471,486,682,8,64,119,257,59,755,244,801,170,289,359,790,16,394,428,470,492,767,107,125,507,153,712,403,471,495,565,566,103,496,706,348,444,667,786,450,578,588,704,770,772,368,377,413,76,499,630,91,115,235,133,584,795,56,67,448,336,687,738,
57,215,88,87,94,303,625,650,750,216,308,145,563,591,640,212,106,332,437,536,567,684,776,97,83,148,206,537,434,699,712,734,528,537,726,240,278,808,5,24,562,328,68,36,807,178,382,528,313,403,451,684,655,483,523,662,766,410,445,777,784,240,345,616,663,804,357,622,30,200,230,118,700,751,795,472,525,282,571,336,429,98,506,606,653,714,103,309,314,387,698,141,185,204,545,555,596,342,25,367,268,296,375,97,614,616,299,323,351,399,570,605,752,378,796,
81,98,363,455,325,422,498,0,313,434,517,681,752,622,583,633,787,105,121,219,332,788,400,422,463,695,388,708,711,810,94,144,199,540,547,550,637,641,34,473,54,134,219,351,410,593,697,
211,108,176,371,437,640,106,483,269,520,605,783,419,492,340,22,764,777,92,278,160,327,424,668,33,785,340,22,25,54,104,286,374,406,466,144,393,647,190,139,108,329,336,658,684,
249,304,59,57,289,430,366,371,499,133,690,279,319,71,738,798,97,153,478,553,725,36,308,616,687,740,42,90,306,173,101,512,555,653,793,677,704,746,499,314,384,419,431,713,771,779,642,759,361,447,600,605,622,701,357,417,608,105,136,141,460,257,634,666,729,770,800,660,744,491,497,519,562,773,504,506,532,711,729,211,59,586,688,706,743,777,80,248,260,268,302,382,769,121,169,659,804,811,217,574,790,
381,115,45,36,295,309,415,283,
267,72,447,73,818,
300,310,458,52,421,242,465,53,554,680,773,806,816,326,515,267,513,538,190,720,125,257,306,424,711,776,816,85,235,76,372,422,433,453,683,232,281,532,540,53,108,135,174,296,517,524,529,764,70,175,353,527,711,
268,96,61,229,3,82,660,458,772,737,584,778,6,291,323,446,532,543,1,20,92,363,454,398,339,688,731,740,68,128,596,807,390,643,690,147,434,456,745,380,499,739,270,760,761,4,52,322,30,380,404,508,659,811,78,106,123,154,171,207,267,52,330,453,640,344,480,516,621,641,702,784,122,204,335,666,293,216,359,415,750,792,358,411,583,818,184,
310,37,150,63,151,36,542,545,584,614,642,785,47,87,300,468,674,19,59,125,262,264,614,624,771,148,600,628,387,72,176,299,376,416,563,8,251,308,348,437,581,744,161,616,651,124,301,318,433,555,6,290,375,442,480,49,66,145,455,601,696,298,555,758,796,
248,363,103,212,158,208,6,388,729,168,225,261,382,465,559,665,270,460,505,666,88,118,312,315,432,682,204,465,261,400,607,696,184,217,388,490,568,616,699,761,153,287,319,536,566,
372,300,544,329,422,191,560,805,351,361,410,433,475,489,585,
283,534,166,143,343,386,493,571,629,703,340,666,781,
5,138,63,34,149,294,703,146,16,148,164,214,345,559,584,715,652,785,11,566,322,411,546,585,591,587,181,323,388,455,477,610,767,791,160,448,747,26,258,272,384,476,592,65,768,788,26,547,213,37,621,770,
223,534,428,112,
178,57,438,65,405,521,601,23,87,506,748,23,48,180,238,355,434,77,94,135,176,178,187,219,311,389,501,525,751,140,279,48,456,551,601,766,810,95,114,48,144,168,204,419,506,599,739,639,648,182,215,251,285,387,569,592,737,756,407,637,214,241,278,456,761,349,416,466,540,580,778,327,517,615,774,
791,162,547,8,69,
701,151,810,240,96,211,597,632,63,300,460,483,214,739,461,561,585,291,295,316,558,676,728,732,8,58,85,134,123,359,411,466,505,802,803,384,594,628,213,329,198,31,587,749,491,679,688,738,165,623,677,748,772,534,
458,462,394,354,240,300,333,160,743,167,171,145,410,75,80,284,378,433,459,510,521,724,134,398,420,772,53,134,142,227,327,464,475,761,17,539,418,466,484,570,571,694,702,755,767,245,614,763,121,257,572,53,73,85,140,369,465,544,632,683,570,
521,178,368,419,566,0,15,113,231,431,178,713,266,348,467,9,608,83,71,450,452,616,740,286,264,556,182,628,328,444,455,575,28,208,243,301,343,372,410,809,179,98,150,327,436,569,786,808,
496,26,447,142,230,376,440,549,724,781,106,434,344,515,619,655,737,778,514,696,740,756,658,687,241,349,387,433,710,785,
363,635,198,81,110,118,248,333,803,784,15,4,110,291,145,327,517,121,110,504,610,670,496,244,687,743,305,659,728,35,288,467,699,805,503,45,95,226,262,380,570,387,736,770,781,763,378,516,778,794,276,371,
700,310,295,265,679,272,405,421,46,680,715,505,811,
370,437,17,614,805,621,564,
549,772,496,45,132,371,294,316,372,380,169,452,582,70,726,45,492,495,595,717,719,
545,310,161,45,140,190,329,69,87,140,506,105,344,315,497,499,544,85,108,317,364,482,541,619,787,343,543,594,187,317,578,664,816,289,5,127,434,551,624,721,782,79,198,228,24,554,585,714,515,554,
289,611,41,693,230,538,599,403,741,405,519,577,652,603,39,472,340,783,50,406,641,705,156,539,738,789,398,91,66,532,581,142,348,417,247,617,751,157,714,143,287,314,327,353,581,34,118,326,331,435,551,557,764,281,101,114,342,413,728,127,289,316,701,749,233,312,462,599,545,340,469,579,561,185,492,203,538,623,775,441,568,481,512,559,617,
344,409,788,242,250,51,308,354,388,635,350,362,6,570,208,675,700,810,630,212,309,346,370,361,265,172,20,298,514,528,539,789,45,118,133,100,19,244,709,438,382,636,670,766,302,228,386,495,529,750,498,639,704,715,147,149,200,442,547,762,399,508,615,17,88,183,268,107,409,430,581,601,618,495,760,770,429,474,777,
513,300,236,179,138,30,512,574,641,42,102,284,339,85,163,354,369,
128,331,62,226,729,70,79,292,358,68,437,99,257,564,577,782,123,352,580,652,66,689,306,374,443,81,564,594,597,582,691,693,740,668,620,13,68,156,304,692,204,199,289,371,399,400,466,604,7,340,421,554,589,653,
248,43,294,358,668,735,758,809,61,147,210,54,678,
742,601,68,308,327,393,391,9,400,535,541,749,329,520,593,662,731,819,143,560,148,235,682,766,643,691,701,192,304,312,715,726,740,204,260,290,466,613,621,775,819,200,130,308,606,670,583,86,615,631,50,413,358,426,520,523,441,225,468,480,705,
162,203,115,79,343,589,791,792,797,802,810,811,144,329,356,379,424,59,809,131,273,695,774,780,
547,717,765,109,296,791,73,356,421,538,604,626,154,450,544,736,
689,569,212,
189,195,237,32,26,203,259,648,284,448,542,86,240,72,35,97,516,40,778,443,559,79,237,460,560,607,226,129,431,33,463,508,711,802,118,279,384,501,583,433,500,694,166,256,269,344,489,497,635,133,373,412,461,147,600,152,153,311,474,598,724,756,762,
45,149,545,36,349,545,238,430,716,800,301,341,109,467,560,82,232,277,399,488,599,723,725,9,34,76,268,282,293,295,326,613,548,588,549,240,293,616,730,752,
614,310,343,681,684,90,124,201,330,15,504,525,568,605,636,670,782,44,223,301,655,113,405,518,585,770,796,118,144,281,343,477,791,301,0,29,85,116,480,649,804,118,266,348,448,53,134,182,238,540,563,370,
609,57,61,380,414,514,70,778,385,168,215,400,234,789,482,498,789,795,118,500,303,216,330,354,475,597,600,787,15,436,
331,510,65,145,28,118,178,383,395,429,528,233,710,294,120,483,486,549,534,67,121,335,365,445,446,40,561,599,149,110,151,611,546,17,770,93,154,766,790,
386,691,283,
8,429,201,85,367,719,121,570,607,761,769,33,301,256,282,382,411,769,235,174,190,270,400,408,185,649,694,775,445,450,58,562,153,201,213,166,439,538,71,39,606,657,705,640,231,340,654,470,530,210,672,279,328,252,565,62,72,118,120,205,254,278,332,568,699,693,595,92,326,507,731,807,24,600,193,478,546,632,310,48,199,311,416,601,707,715,263,408,421,486,490,554,665,729,184,348,343,603,695,8,28,642,675,762,791,50,388,586,782,732,438,
298,514,176,78,129,199,459,475,577,737,
115,725,226,47,114,131,313,346,145,568,617,658,733,162,485,465,743,156,271,381,452,460,649,676,788,27,169,276,332,526,572,81,150,265,358,408,592,
18,516,302,494,693,414,432,782,671,
691,215,557,283,614,42,632,647,510,88,89,386,463,76,412,749,807,
805,483,400,15,100,338,512,810,525,482,303,139,59,131,220,301,24,436,496,548,552,624,438,638,664,704,172,361,481,487,526,576,3,50,66,240,311,412,447,275,535,119,177,217,312,367,509,202,553,590,782,419,678,771,554,151,644,126,160,569,180,241,415,445,535,544,595,604,671,728,793,135,352,624,101,365,56,502,607,624,719,756,210,470,87,772,363,514,131,793,41,597,195,459,580,726,370,751,
586,400,791,505,139,190,195,544,773,89,108,147,191,241,514,105,598,627,633,
206,404,331,541,559,597,628,259,206,408,535,626,306,409,429,595,623,683,806,819,
313,115,81,72,245,274,371,10,190,515,69,347,371,476,538,220,340,
781,72,496,205,282,7,756,363,261,539,680,732,753,180,552,598,
358,342,248,32,42,76,80,276,438,608,696,
236,472,314,145,149,432,261,469,53,60,134,145,498,604,642,409,227,611,614,672,747,551,215,264,682,699,123,142,163,167,206,331,416,447,251,778,813,776,812,404,512,513,770,508,388,522,801,299,741,552,96,101,245,385,465,480,496,644,
404,438,22,30,348,380,417,477,4,766,459,68,206,524,595,564,643,104,18,755,98,237,285,308,570,731,734,736,465,642,191,219,237,262,471,754,793,798,240,
372,326,549,
559,49,206,7,302,402,555,
62,400,82,115,128,277,306,452,719,14,508,350,434,159,816,382,368,113,268,285,393,413,646,67,186,227,311,391,409,624,209,795,799,13,59,258,314,355,250,567,785,799,211,308,560,595,96,156,210,388,404,754,103,9,174,258,269,381,384,543,612,73,90,329,164,694,700,372,439,551,603,692,38,41,229,696,499,
110,363,203,183,22,168,65,329,246,310,518,569,118,704,17,195,348,392,580,660,773,407,454,610,611,208,512,
15,363,521,55,115,252,408,486,167,784,212,23,413,423,605,226,364,437,715,730,19,26,385,542,550,
28,196,752,110,141,349,424,743,779,796,712,39,271,580,674,802,219,224,278,321,514,528,562,
434,496,545,311,19,22,503,701,712,
203,244,63,818,244,334,461,754,181,78,145,197,58,384,391,431,519,766,5,291,311,319,524,0,135,161,186,316,193,655,771,23,178,110,332,3,803,398,155,171,471,162,664,372,492,571,652,97,603,463,659,16,60,293,434,43,263,287,602,629,765,638,266,399,435,
640,60,303,53,45,289,290,372,675,705,66,816,27,284,302,630,735,184,480,511,565,643,771,811,816,87,311,349,409,596,787,76,456,239,638,665,761,246,264,493,508,685,767,309,310,355,499,500,4,26,103,127,244,426,670,209,101,717,449,528,554,721,729,20,284,306,470,375,698,478,8,17,156,249,253,38,590,69,514,584,722,746,749,43,222,362,385,55,563,703,239,317,391,412,539,148,520,758,340,763,86,149,66,344,482,510,728,784,816,555,626,676,55,501,691,773,803,65,353,556,684,730,98,144,297,506,85,219,499,598,816,64,88,374,401,739,
428,158,261,35,223,261,569,441,772,
63,203,295,18,275,757,549,226,280,315,124,118,755,516,603,619,688,515,29,261,342,401,412,58,326,422,429,595,607,628,53,719,810,683,214,657,666,195,270,278,665,806,
706,519,569,458,
343,8,162,
311,615,8,434,151,223,290,323,712,740,618,
570,8,241,254,318,242,122,294,424,39,669,45,508,569,623,805,182,292,541,722,735,654,447,133,373,645,786,380,16,239,435,515,629,34,167,196,434,401,420,515,520,617,333,131,143,666,463,690,800,809,74,93,362,552,588,593,179,670,245,530,740,734,183,240,503,663,716,422,521,458,550,
447,805,791,570,78,150,331,491,119,254,286,299,467,496,769,499,543,43,254,406,422,430,568,744,83,101,361,542,739,158,253,381,505,580,638,747,263,385,492,524,80,102,201,267,509,764,491,502,176,135,268,228,716,58,326,573,752,770,786,
557,204,427,260,289,304,648,100,132,162,518,523,652,218,225,118,721,779,48,62,113,129,316,583,749,33,248,463,527,641,291,294,691,53,158,98,361,627,23,438,151,250,636,660,685,141,374,179,242,78,811,412,34,290,482,577,602,701,293,
285,717,62,33,211,54,199,217,601,85,2,11,14,206,226,334,38,404,430,457,661,775,806,575,666,431,67,229,285,413,623,310,728,448,456,567,711,773,776,80,112,137,366,718,108,149,751,791,
343,462,545,17,112,18,50,228,517,524,548,0,811,49,238,382,680,685,695,716,
438,497,213,688,23,213,328,391,483,63,397,344,35,68,84,159,181,9,565,646,696,149,74,327,404,321,775,800,793,817,360,364,574,102,59,298,419,449,452,621,557,86,219,504,524,59,222,615,269,775,535,714,266,353,658,782,109,158,583,703,514,8,
413,122,150,222,480,482,540,591,248,310,340,362,581,129,130,169,208,374,40,589,696,749,110,256,481,540,563,592,783,
683,645,156,222,60,71,234,299,697,13,166,654,675,793,655,114,228,439,530,699,12,283,331,405,621,261,286,316,115,413,541,63,130,290,317,192,311,500,589,
786,555,99,60,105,115,239,422,490,600,295,664,611,633,767,804,173,482,590,697,
204,31,462,177,183,119,422,589,708,135,5,440,458,470,659,766,769,166,239,272,441,557,617,59,295,792,47,414,63,209,380,394,408,539,378,366,703,625,114,49,255,360,33,778,199,332,355,405,407,725,254,366,597,750,146,240,578,158,242,282,502,713,717,689,86,353,385,426,639,699,700,770,810,700,128,58,630,136,414,448,538,585,661,773,
566,166,101,213,323,431,627,
437,213,211,128,92,108,213,468,559,598,661,752,81,97,174,229,296,481,69,730,798,114,185,370,632,664,114,185,546,630,730,239,245,344,499,542,681,744,
342,581,289,143,57,107,65,358,416,442,722,778,457,601,498,123,656,723,750,
333,30,418,247,770,534,612,810,121,632,634,111,163,333,412,15,67,231,248,298,616,627,695,713,810,109,197,419,117,171,307,714,140,731,570,189,442,571,720,783,153,218,340,346,352,355,691,389,350,672,11,205,258,228,512,726,155,306,366,397,499,612,653,677,
791,614,138,14,53,406,109,209,574,676,112,37,447,449,785,373,469,642,53,81,137,170,290,335,745,793,637,684,30,461,126,134,563,87,67,586,598,783,812,83,566,499,511,631,685,63,64,512,626,668,721,474,494,552,637,133,211,439,493,557,779,510,737,763,777,819,
179,7,212,709,317,207,394,583,683,773,513,534,383,792,453,539,521,717,80,93,167,170,217,310,368,564,763,
544,114,545,106,74,42,325,372,548,579,581,686,149,692,514,555,667,687,816,184,371,587,593,604,606,629,
655,220,56,356,57,171,364,289,550,626,292,480,534,116,350,511,517,625,656,672,239,375,85,212,330,340,100,746,25,411,518,238,378,417,682,172,683,211,45,344,402,552,63,657,665,717,271,151,156,367,622,
569,719,14,73,100,483,689,702,706,740,743,313,411,457,587,808,
320,516,359,501,529,749,810,220,
589,162,
209,762,46,78,100,525,672,695,787,262,363,730,793,
462,207,111,60,204,239,426,102,105,629,721,752,756,354,431,537,538,195,410,464,67,41,149,243,401,9,649,783,129,161,625,690,116,160,368,458,501,751,754,799,503,613,673,128,227,368,83,522,736,214,68,380,428,130,366,372,29,568,10,199,613,210,237,292,343,600,615,707,467,720,760,44,352,761,38,167,275,579,750,236,240,363,400,519,683,261,267,545,
773,586,110,516,15,293,421,490,527,668,
498,81,344,772,37,67,258,358,478,253,295,695,264,332,552,776,256,73,114,227,249,421,722,296,655,250,783,342,
516,519,189,510,220,91,120,262,806,91,604,18,185,433,456,473,649,655,116,636,703,389,68,96,320,493,572,576,686,756,766,811,63,215,230,267,773,383,28,115,361,400,402,538,550,
680,700,781,
519,737,212,17,284,440,21,526,402,781,592,492,504,644,509,629,596,401,740,793,803,695,719,764,302,350,453,511,516,811,243,101,99,183,249,281,538,545,530,57,132,633,766,43,246,254,342,435,587,775,190,237,343,345,684,718,753,789,59,301,366,463,467,712,127,232,267,344,373,795,332,560,675,706,762,59,377,393,
810,333,344,37,76,108,154,101,375,6,395,588,610,758,216,543,441,217,264,323,381,696,701,759,349,360,363,541,638,666,312,813,499,571,40,61,72,109,325,686,0,455,465,590,612,3,105,253,812,331,469,812,260,489,533,745,81,280,753,694,
14,116,152,49,169,195,234,517,569,688,612,139,303,383,408,456,94,575,586,56,359,699,761,201,400,536,608,627,661,
35,363,428,480,444,463,545,
112,343,285,223,534,5,114,165,312,685,319,
213,46,75,238,17,176,151,287,23,327,250,373,241,364,438,747,125,248,25,532,565,276,363,542,727,177,385,42,35,819,137,215,311,350,409,575,577,114,734,737,769,77,104,204,270,437,696,184,534,27,92,357,555,701,207,121,350,486,500,799,478,331,760,105,306,663,671,74,126,166,453,707,763,196,256,340,552,613,657,667,33,43,309,433,515,614,
698,166,287,739,766,
762,60,406,209,297,29,462,742,434,638,701,711,102,121,35,321,388,559,706,726,
391,742,194,91,153,358,379,384,403,346,478,489,550,319,724,793,595,706,786,263,31,430,211,761,766,801,463,604,327,589,641,671,672,712,764,767,90,206,350,453,95,153,212,217,374,453,471,551,562,751,752,36,96,184,280,321,467,519,661,783,798,
211,534,391,95,323,357,383,393,88,557,663,239,569,612,629,740,
257,316,244,324,134,140,372,474,541,561,591,600,37,65,313,317,449,720,386,800,301,463,466,492,684,26,80,181,323,357,487,517,743,404,413,367,27,61,56,275,372,436,512,65,709,795,343,461,531,51,315,411,449,518,563,613,631,659,63,276,197,805,97,132,139,429,509,8,33,10,711,112,134,174,367,532,785,797,302,374,552,709,767,130,123,335,429,405,463,579,693,788,154,605,765,259,441,442,778,
136,115,107,12,152,583,684,206,454,546,749,308,348,351,408,424,616,223,337,442,503,529,703,
613,24,742,78,109,507,680,715,795,167,210,247,388,393,411,490,534,480,354,37,679,381,427,490,559,
564,128,29,154,345,389,446,477,367,41,711,746,295,202,444,597,22,23,51,377,515,489,526,529,565,768,785,621,754,69,
283,381,
302,559,322,
514,586,544,
779,791,
7,781,559,128,
323,211,57,374,
61,248,
712,434,311,
30,513,
483,510,569,383,
302,249,18,
73,458,267,
644,45,438,
613,213,
604,547,128,
569,428,
471,423,404,
503,434,136,
361,372,516,
671,17,18,
287,698,248,
783,413,391,
577,557,298,
69,313,791,564,
560,519,372,
415,381,
694,810,
612,333,211,
742,
514,725,28,438,
170,103,179,725,
749,691,320,
719,549,
444,35,717,
811,700,
