506,171,169,258,312,441,813,482,633,383,387,438,13,663,208,5,85,352,367,509,248,675,297,705,729,758,802,282,371,385,547,51,163,551,614,675,302,305,750,420,446,451,767,808,67,170,177,58,742,793,154,117,575,173,96,269,571,725,82,727,204,247,390,495,571,49,172,177,414,474,392,412,109,245,571,307,407,432,606,666,775,741,247,112,150,191,303,272,376,430,163,144,2,185,258,528,538,602,661,666,792,808,9,50,352,370,443,508,809,24,236,272,538,95,705,580,702,
687,275,216,58,182,282,527,542,627,659,201,15,135,380,499,760,578,747,44,86,342,428,401,608,752,778,810,457,547,272,357,434,458,569,651,709,792,84,287,541,618,741,393,446,555,612,219,132,269,315,103,457,656,685,540,228,394,428,498,591,647,
318,156,22,371,695,76,150,339,342,471,656,708,254,298,648,784,395,292,533,674,815,175,201,218,255,262,326,376,380,683,707,41,43,141,387,511,676,709,817,2,267,315,473,528,171,534,585,72,694,714,762,123,527,620,703,50,172,369,407,656,665,794,160,65,492,563,730,808,156,163,48,307,454,507,757,810,252,213,641,313,358,62,702,743,748,84,92,97,98,194,239,431,453,530,531,160,751,790,794,336,219,303,501,537,766,661,437,557,220,582,800,594,609,307,64,703,818,19,59,460,572,791,501,525,734,14,139,526,199,303,434,498,583,762,775,799,527,549,574,585,611,56,75,86,227,341,486,504,527,690,696,761,765,59,89,123,180,194,285,377,438,534,625,762,339,140,476,550,619,753,805,315,517,605,606,647,687,794,797,
91,60,7,153,219,528,667,322,352,517,526,809,6,193,225,713,
460,367,
647,143,121,113,323,33,28,706,68,340,341,646,657,713,32,193,452,819,74,752,240,183,357,736,304,218,478,144,273,302,362,652,273,428,442,491,608,618,683,794,361,58,445,536,220,657,464,468,469,77,159,297,458,510,724,753,139,186,322,80,734,552,591,145,215,492,805,362,518,47,776,346,492,31,654,277,249,514,529,611,695,766,150,252,353,397,724,298,304,486,719,817,153,163,170,176,219,64,378,628,630,201,217,428,454,275,697,402,553,142,683,207,270,339,340,433,126,512,371,545,212,765,566,12,104,333,378,18,618,651,707,735,135,344,374,620,812,317,207,639,736,141,155,347,354,22,140,235,332,374,91,382,484,4,692,294,329,458,470,115,133,147,176,179,208,360,403,448,119,650,124,211,433,706,24,104,143,152,316,483,717,7,169,184,286,310,357,51,457,555,582,631,693,738,58,234,333,520,622,693,751,78,351,727,239,12,669,682,221,288,68,353,457,48,752,31,231,299,390,562,788,288,312,451,520,628,714,56,318,352,521,111,277,543,573,684,727,730,763,801,119,218,250,736,71,242,330,352,411,604,623,725,755,180,278,445,
16,107,286,18,291,114,772,272,418,429,566,155,21,43,186,583,691,336,569,595,621,186,248,553,562,643,168,184,247,552,707,407,816,101,230,720,721,752,791,406,410,431,817,109,64,375,731,67,215,284,599,54,786,800,319,232,404,480,512,657,752,505,122,187,215,467,326,103,162,436,773,38,98,239,192,346,680,747,772,25,93,180,366,785,
650,88,422,122,608,340,703,757,350,353,371,377,436,
242,381,208,318,62,245,282,384,437,455,485,695,6,78,70,633,727,740,748,751,758,152,281,252,552,760,448,467,535,600,619,
498,611,617,36,53,106,137,201,207,202,338,343,491,607,152,262,788,815,493,26,694,187,109,223,229,329,529,546,677,782,815,275,620,793,59,164,176,647,785,231,302,29,721,745,33,56,219,410,552,690,699,725,475,495,778,95,152,
301,321,46,29,380,540,103,538,640,683,685,411,558,596,182,154,669,613,673,159,417,74,215,386,434,601,493,594,599,662,762,805,155,369,13,577,584,616,715,82,215,333,466,571,643,755,
548,561,341,23,40,43,50,104,268,275,775,548,708,19,153,271,520,739,211,344,368,418,792,46,246,33,114,228,495,383,423,751,806,64,250,480,645,273,301,334,422,562,591,752,782,330,376,506,533,585,757,206,458,68,528,757,786,800,111,435,
256,717,320,
470,74,6,384,313,328,352,416,481,121,155,222,256,342,92,592,189,462,478,567,678,743,744,
561,31,71,144,251,480,530,610,664,689,693,764,434,370,192,115,706,816,272,493,539,572,617,23,304,457,11,800,807,815,744,183,184,277,492,121,327,345,352,501,657,680,122,548,430,642,667,789,561,273,532,19,168,129,152,492,564,633,476,451,227,278,475,706,734,62,72,193,357,407,599,664,639,370,615,616,135,650,26,212,239,91,550,599,627,38,26,259,278,285,452,669,676,198,734,766,26,34,284,332,420,623,339,499,533,638,811,146,216,474,539,748,800,719,674,294,406,574,773,552,756,
63,27,403,85,488,579,611,623,787,123,340,304,310,367,425,546,563,819,361,401,444,513,77,236,291,413,547,582,597,799,
90,803,573,59,152,29,29,276,587,722,768,62,284,421,773,779,
666,181,368,289,794,4,580,51,213,255,172,168,307,428,435,539,232,635,726,755,454,529,658,714,20,114,185,304,323,267,352,58,771,354,103,529,660,670,671,674,800,243,395,469,552,231,639,667,803,604,818,2,144,149,494,513,671,743,806,
126,67,533,0,67,221,255,423,102,205,207,327,562,719,217,311,341,377,504,506,590,261,433,506,636,654,743,762,59,145,207,565,771,50,53,97,567,582,715,
269,687,449,153,207,378,409,465,
242,68,114,179,220,574,607,635,670,678,18,78,263,273,286,292,354,766,
800,16,35,150,453,498,505,717,27,75,206,449,503,605,779,141,242,250,396,446,617,48,203,658,714,756,47,126,128,264,279,323,683,772,
789,367,760,1,26,27,115,242,584,805,123,124,687,
94,803,427,132,158,357,386,639,229,723,753,814,310,422,735,753,132,155,233,106,349,485,700,758,770,685,803,300,484,516,493,691,770,108,165,80,210,333,337,358,434,692,755,147,301,370,589,632,669,718,727,320,348,24,292,504,705,547,700,708,753,796,351,733,119,120,198,310,443,464,500,193,618,768,
659,97,671,106,260,651,732,12,317,686,199,512,758,806,379,444,495,323,572,580,629,657,624,
619,425,515,105,358,683,23,75,95,164,235,500,18,709,776,464,520,785,111,114,139,171,300,508,611,749,808,117,207,360,460,502,592,598,57,252,446,123,311,391,768,39,171,395,464,501,512,790,803,106,193,450,467,643,683,183,575,363,379,402,432,485,538,640,689,
221,8,124,429,448,494,593,620,729,57,75,453,472,484,503,609,804,819,568,76,38,122,197,5,278,337,690,749,53,71,186,388,438,559,33,171,388,144,24,685,441,702,582,620,194,212,229,602,723,759,431,516,728,782,165,224,284,431,456,512,705,752,815,46,71,399,14,28,67,104,182,466,544,774,486,255,497,614,667,739,102,220,287,365,482,122,154,233,538,45,111,177,272,579,562,677,689,753,17,587,647,689,690,224,9,736,166,182,245,328,380,434,647,757,784,581,33,202,327,371,605,622,736,24,281,474,166,751,67,207,276,393,418,715,338,180,202,231,269,648,677,696,730,780,135,217,320,347,409,498,568,570,683,8,488,274,594,629,723,752,21,158,490,657,800,55,363,436,453,517,626,668,
367,101,337,282,322,736,79,204,230,488,521,765,439,571,734,113,123,263,294,302,749,794,119,222,15,520,559,615,639,720,789,387,569,580,689,756,27,205,271,403,453,613,685,744,292,74,213,251,671,316,499,681,703,
90,492,167,156,173,203,230,51,498,749,10,153,203,349,408,440,28,212,239,394,698,757,802,303,320,328,388,736,747,184,573,601,625,795,796,300,581,
396,800,
806,379,51,139,240,436,721,0,250,645,759,810,235,573,632,764,5,179,191,250,324,382,52,458,503,32,622,3,335,351,189,408,486,494,507,551,133,382,422,531,595,676,180,430,16,130,229,450,611,618,761,23,41,158,212,262,406,407,525,196,
199,659,111,210,316,415,441,666,750,469,
686,6,2,196,550,688,775,209,234,305,374,764,170,258,337,350,365,389,453,619,297,304,355,440,476,477,550,586,625,653,38,514,309,641,757,767,413,682,783,29,185,189,336,377,410,803,212,382,682,774,360,313,471,629,787,524,682,702,171,215,625,740,502,598,686,754,99,170,323,519,653,96,432,
287,430,104,423,554,658,671,
744,160,73,193,172,169,316,405,478,175,234,475,486,130,780,164,517,199,385,507,371,587,603,641,683,41,572,813,67,215,305,327,437,623,677,702,772,248,717,184,439,581,284,789,162,173,376,525,535,553,16,158,275,291,87,679,740,82,100,125,318,352,727,568,15,702,774,204,660,706,134,790,164,2,375,663,129,305,22,127,90,131,589,423,456,615,635,145,387,101,514,170,177,268,121,499,513,524,525,799,410,593,3,170,304,348,440,799,561,415,431,519,152,432,646,243,424,529,594,611,617,638,671,163,218,227,380,429,433,528,648,732,793,801,790,186,352,472,668,682,738,773,25,55,241,167,212,264,381,712,84,140,54,440,677,703,234,324,453,455,576,601,810,173,193,254,519,525,716,83,589,594,699,767,3,78,138,317,104,386,490,496,573,728,785,351,64,95,251,322,474,797,112,496,100,95,381,618,635,662,130,305,364,179,215,358,402,413,652,694,745,782,470,
43,25,673,349,742,79,343,381,394,444,521,732,
633,184,320,244,251,157,343,445,539,549,588,308,781,180,486,278,275,312,431,511,563,720,751,763,585,104,679,748,359,572,576,87,116,204,214,388,47,533,589,405,473,523,632,89,173,582,589,177,626,784,226,438,445,632,353,415,696,74,228,278,562,730,71,49,268,644,48,147,269,324,759,66,68,671,695,311,467,160,719,186,388,73,575,676,696,174,242,55,513,631,655,608,632,138,350,561,610,658,681,744,
6,4,447,296,20,157,268,470,574,562,741,779,9,11,173,281,367,446,634,817,36,706,145,303,341,353,507,531,639,
800,666,561,280,467,293,
344,548,205,28,30,202,319,399,483,741,770,253,433,790,317,435,444,511,78,99,285,332,358,407,457,52,168,169,222,550,712,441,528,555,
788,191,286,66,39,84,268,448,583,662,
714,310,666,473,481,224,528,221,554,660,752,226,286,333,515,553,571,83,117,465,468,477,523,674,677,804,
476,617,388,561,72,189,271,765,389,401,482,554,569,637,260,390,595,709,725,785,148,213,288,317,33,297,41,491,589,616,717,144,449,546,768,130,226,323,430,538,692,803,82,187,247,357,516,555,625,645,92,185,455,471,701,792,180,186,261,467,510,151,765,799,390,469,
235,813,619,164,259,535,614,693,799,167,168,202,518,531,645,653,680,701,
684,563,647,253,600,613,759,
453,800,
452,183,533,112,403,240,310,299,715,730,256,366,516,629,4,251,42,110,243,255,427,443,470,603,122,418,438,708,775,783,803,310,188,246,336,518,690,711,393,595,609,650,752,13,169,304,472,10,194,298,11,517,521,678,747,142,268,613,406,800,343,444,608,644,655,722,761,325,573,580,213,391,405,549,26,181,84,202,660,748,774,797,275,
814,687,683,35,301,755,13,167,231,499,574,686,734,339,
337,385,65,90,93,8,334,269,405,432,572,592,598,662,730,706,753,129,289,368,364,550,803,463,643,32,278,367,482,630,92,162,326,704,715,752,81,260,294,345,399,605,608,424,531,600,624,689,65,165,201,65,714,744,251,254,257,815,133,268,271,56,374,588,725,788,301,302,52,275,336,368,107,163,246,407,443,478,
403,111,4,5,63,138,305,329,730,780,249,301,309,396,255,438,730,754,372,409,660,24,129,160,366,382,498,695,738,221,256,279,293,319,423,348,358,426,505,749,798,192,749,114,236,283,326,450,690,92,282,341,612,784,
124,286,300,87,267,610,635,689,
422,7,94,57,334,410,462,189,501,627,652,496,232,698,733,274,360,393,428,487,618,31,81,74,562,650,712,730,739,381,65,94,202,210,243,279,96,152,308,624,699,787,813,
260,50,532,
310,94,803,127,182,451,491,512,591,597,177,786,227,243,266,299,300,627,644,694,714,758,45,336,193,690,721,519,320,616,102,181,227,10,321,403,483,515,703,187,387,516,270,49,619,649,740,742,762,469,752,
773,372,744,473,706,27,166,279,372,544,601,634,29,275,103,609,661,817,818,502,717,796,228,474,46,94,232,554,148,655,700,819,76,103,104,270,358,372,569,765,662,782,413,677,720,747,801,133,209,221,297,363,374,673,715,339,466,540,668,
586,185,138,186,91,350,531,598,731,801,818,179,182,476,480,546,552,558,637,51,175,15,413,427,463,485,726,727,234,94,4,172,271,393,548,605,757,183,429,545,645,181,526,324,512,428,252,545,593,606,776,299,111,493,637,741,103,82,66,273,316,319,705,247,629,680,715,749,
439,11,104,230,330,81,709,807,272,530,638,768,790,183,27,115,186,240,298,336,391,424,631,692,695,307,324,325,463,498,618,697,260,184,755,273,284,365,519,599,664,84,258,591,108,776,169,209,628,662,781,194,504,529,530,624,137,282,295,348,439,139,165,425,467,678,747,162,161,163,217,58,255,577,589,746,814,64,282,284,367,413,495,602,687,728,367,124,170,211,74,528,557,528,117,48,234,391,32,461,645,628,648,717,188,218,301,313,748,793,146,215,232,298,325,222,367,623,663,674,744,801,
430,287,152,181,204,205,644,268,15,319,57,590,653,97,120,196,177,21,387,411,514,675,730,739,761,768,263,384,774,86,226,278,306,317,331,351,392,434,492,589,734,773,
671,149,3,64,185,415,813,258,44,280,294,315,556,204,279,498,726,99,445,533,659,676,763,101,150,353,387,479,665,83,172,221,295,342,505,160,720,397,633,690,408,439,683,183,202,238,343,507,746,6,160,191,282,308,407,556,618,716,
754,189,64,58,90,148,451,668,678,16,701,217,281,305,365,367,435,513,665,683,770,107,197,549,137,147,168,258,259,441,543,634,1,78,491,678,23,234,636,715,810,75,145,257,267,286,633,335,464,554,23,28,142,318,91,619,623,785,118,221,229,473,121,585,640,172,248,354,468,713,
133,68,379,250,386,152,807,500,509,599,161,212,228,487,51,66,789,136,243,305,657,759,337,583,588,234,252,364,370,699,757,315,406,490,794,
171,617,
629,67,474,332,500,508,537,663,11,15,345,367,490,12,153,227,365,412,514,559,638,676,795,810,413,491,511,0,23,115,609,723,767,816,137,164,214,367,429,440,760,560,748,779,802,
584,533,66,574,713,792,817,124,148,308,638,68,140,159,162,458,547,629,774,213,299,550,175,295,298,331,717,677,432,708,762,793,88,780,524,806,213,513,580,700,804,1,220,303,48,552,650,708,469,258,357,790,
122,350,54,64,198,261,314,336,629,21,622,640,9,212,250,275,356,438,59,473,501,527,696,85,406,668,732,130,235,220,677,351,368,436,639,191,367,583,638,769,20,361,303,325,336,483,584,7,141,374,676,700,724,803,460,563,684,668,590,262,294,338,413,406,814,598,721,726,78,333,401,483,654,749,97,231,275,491,575,736,780,
88,217,24,5,212,500,565,588,628,659,734,644,650,17,386,121,282,416,633,110,198,526,782,149,205,251,358,456,518,527,622,703,721,
380,21,344,409,415,548,683,
449,476,193,240,251,499,538,656,269,459,499,678,83,134,268,372,472,775,
150,170,800,256,301,313,330,639,177,503,652,711,
752,548,610,345,547,619,478,716,138,525,540,781,
393,687,427,214,331,491,513,520,
447,6,588,76,333,656,705,756,
716,752,532,
173,217,42,345,373,655,233,681,696,717,227,278,281,128,186,340,518,533,606,112,234,348,564,746,815,349,353,462,473,688,264,643,818,204,233,441,567,613,721,752,264,228,521,540,762,804,637,702,
429,281,16,467,103,193,162,241,421,656,662,744,155,87,112,140,171,200,202,78,174,679,618,685,700,446,650,79,363,193,517,518,544,620,748,124,55,520,540,717,246,152,192,359,635,478,545,706,709,755,6,462,818,526,794,346,163,381,567,123,206,563,656,776,
411,430,248,433,659,
104,287,760,293,345,76,555,681,137,165,477,33,309,323,457,9,577,356,801,
760,39,50,288,401,475,333,230,266,98,412,553,815,530,640,679,691,738,34,399,149,249,294,75,367,588,803,494,590,347,491,737,768,434,367,313,434,613,230,659,674,678,789,568,690,759,137,163,430,622,802,
379,13,247,791,21,95,100,231,610,806,594,75,84,189,163,737,744,582,664,712,120,302,380,408,537,689,20,59,189,216,279,572,581,622,720,90,135,164,350,469,529,680,682,28,792,135,168,184,465,60,429,457,619,636,676,728,206,397,549,62,722,765,813,399,437,473,547,778,271,117,339,33,344,361,427,484,817,
4,6,80,59,166,445,281,706,212,548,703,716,800,122,268,295,439,526,46,655,669,674,749,765,209,340,371,759,769,207,403,546,2,170,185,464,474,28,102,241,572,100,476,585,691,45,169,253,357,373,447,62,376,638,0,326,343,411,594,749,146,329,504,515,57,726,120,110,592,637,706,729,451,474,506,638,691,
328,748,8,77,11,251,106,80,646,720,259,329,460,477,405,105,705,457,460,684,715,133,325,435,57,285,312,425,558,338,581,600,101,111,714,83,784,130,302,316,610,735,756,8,212,335,502,630,416,490,493,529,582,600,636,741,774,88,258,531,555,752,675,165,357,443,493,585,639,682,745,760,108,142,428,608,732,272,298,420,428,12,549,676,747,812,346,405,502,545,666,701,780,
690,549,81,296,426,477,762,335,350,392,631,727,333,741,29,172,275,443,650,
51,90,384,
488,42,43,189,267,315,465,632,76,62,135,407,505,697,333,543,553,715,741,112,116,173,397,102,725,125,139,550,618,467,30,221,385,29,532,511,100,145,276,375,616,39,457,517,18,706,788,0,336,525,355,386,372,687,26,27,53,274,410,607,699,701,435,371,599,703,721,518,313,778,594,460,9,116,360,631,291,794,81,673,60,105,147,270,568,784,120,136,187,190,299,558,604,806,193,270,771,75,807,118,142,276,315,499,50,398,298,692,753,236,356,415,629,583,634,669,692,761,221,101,204,270,707,178,94,297,587,602,616,729,265,445,500,605,620,
367,629,8,304,460,476,803,457,512,686,104,313,343,637,643,
374,337,447,690,716,749,783,
227,384,
370,7,142,166,117,225,511,373,217,739,332,43,109,417,418,11,479,488,4,117,141,356,190,387,42,493,404,54,668,71,249,660,757,818,159,281,462,483,385,577,696,790,125,490,157,680,780,31,128,557,185,384,585,130,201,259,384,392,684,720,378,446,237,288,294,321,410,630,782,96,290,497,583,610,793,277,801,62,163,441,599,684,734,753,17,486,514,632,771,9,19,170,357,377,428,135,536,62,410,488,629,743,753,756,59,408,514,761,816,561,108,273,52,491,633,85,114,139,197,310,407,455,778,94,136,170,186,295,105,372,375,554,67,124,77,486,235,592,16,71,369,802,95,359,547,205,636,172,427,220,252,390,472,181,710,805,528,606,707,803,547,579,817,
28,4,344,2,397,669,117,384,215,275,48,629,607,626,641,678,725,753,815,682,
66,537,481,360,147,393,409,111,563,584,642,591,800,11,78,314,364,435,476,757,790,651,551,760,785,64,376,720,432,603,457,484,693,219,741,776,70,160,374,377,413,64,463,479,535,676,419,469,708,710,233,376,439,749,265,302,455,614,788,103,226,317,346,453,599,705,
50,488,117,806,260,318,391,438,489,695,227,368,513,703,764,773,778,818,12,153,210,253,306,597,601,718,
588,633,347,40,336,464,200,504,23,49,337,341,393,169,68,122,449,543,714,196,704,804,163,287,708,392,600,773,112,12,145,391,427,784,60,127,149,213,400,439,596,740,760,489,571,611,72,733,777,795,801,437,615,123,411,428,447,461,472,599,266,195,572,645,679,754,365,381,429,443,748,678,741,776,
353,
205,674,90,177,424,336,102,613,
300,310,757,29,91,124,187,333,492,609,672,48,344,162,12,25,776,
629,221,28,110,684,736,
286,66,16,183,197,302,373,395,10,4,314,353,134,124,260,187,740,785,788,804,100,279,355,499,507,693,583,799,
384,212,227,51,470,252,671,677,743,781,160,313,623,774,168,267,636,
118,237,89,480,59,607,708,181,186,219,360,6,179,239,335,148,38,339,364,373,567,568,58,733,745,640,656,712,387,548,587,615,661,693,135,229,522,563,742,360,400,751,160,268,316,456,592,727,742,171,349,514,744,44,381,661,743,493,609,252,341,151,479,543,574,612,140,740,744,783,98,349,390,436,514,239,650,750,809,139,164,263,286,490,528,550,649,777,791,86,227,465,76,667,674,690,745,98,6,168,244,256,348,472,646,319,321,697,764,765,107,210,618,671,247,755,
533,176,85,24,173,185,212,452,637,786,203,329,458,722,726,123,224,236,338,389,130,423,511,763,309,422,35,494,722,56,96,319,427,798,226,229,308,343,390,458,179,627,669,33,720,289,243,313,360,512,584,637,80,406,492,738,747,123,377,713,746,126,776,258,2,587,209,300,461,478,783,808,58,110,234,357,557,3,130,320,468,555,614,2,185,412,64,231,330,441,483,19,606,615,643,661,415,471,633,251,697,711,
219,498,91,
687,439,289,15,159,395,400,403,455,496,520,794,436,86,369,125,281,352,814,239,277,323,114,794,320,553,616,674,768,2,41,54,283,410,413,481,482,
317,659,344,111,194,405,55,464,695,218,234,325,379,428,614,
573,209,186,413,90,16,95,114,336,491,740,800,59,145,325,420,641,652,433,529,554,563,609,
813,328,671,271,610,620,753,341,460,138,726,806,118,197,295,541,568,500,684,804,809,9,235,520,653,18,285,310,438,488,339,268,294,324,355,398,493,586,666,520,
426,690,403,23,177,514,561,579,690,752,
567,429,402,816,
617,94,674,28,482,709,733,14,68,155,289,420,457,648,124,708,759,798,181,270,515,704,741,745,75,138,282,307,313,345,148,455,490,518,696,745,33,374,419,538,628,645,711,7,47,175,178,255,256,268,285,388,449,494,563,710,105,18,346,706,714,349,509,639,345,429,701,710,711,258,82,640,771,308,318,443,604,791,31,100,102,158,168,349,386,558,650,139,282,431,522,391,500,603,684,704,707,811,35,43,97,219,512,616,267,107,156,407,422,443,491,35,567,691,151,218,282,373,635,143,254,676,762,37,119,209,223,250,480,87,172,460,472,624,496,479,601,801,352,381,551,707,720,81,208,11,33,194,270,0,494,690,799,491,561,110,204,427,545,611,743,89,382,506,533,692,432,405,195,23,573,40,432,487,24,75,258,58,318,398,476,603,660,813,158,206,304,498,560,629,59,125,290,344,365,42,633,154,738,799,62,564,739,808,18,9,297,304,561,295,334,351,436,80,82,239,409,688,744,33,107,213,218,253,272,306,469,492,617,65,117,261,457,561,127,782,806,231,338,377,505,115,675,773,46,347,133,614,171,250,262,265,287,291,347,477,536,181,718,86,456,653,745,784,
29,301,39,467,324,457,531,724,212,234,374,695,723,752,17,28,638,764,297,343,348,648,776,165,335,541,402,630,608,712,728,468,492,364,578,774,
803,94,355,481,498,570,575,800,195,248,303,80,279,349,502,507,734,333,703,39,599,68,708,772,412,454,477,510,542,709,414,416,516,544,36,65,414,509,563,148,677,694,612,257,244,277,310,398,450,177,293,329,665,400,468,814,55,304,452,563,152,324,27,496,559,694,794,122,90,190,240,691,402,629,669,760,555,805,108,119,138,375,524,591,790,196,292,389,590,324,134,658,708,370,150,191,334,589,608,
683,318,399,32,179,9,24,337,438,574,761,211,558,585,675,815,58,456,61,20,232,260,365,378,777,135,192,324,340,67,94,42,289,153,139,436,721,814,461,527,658,675,680,729,255,590,40,806,813,78,400,508,632,640,658,666,273,283,343,699,60,152,552,573,627,659,754,552,15,350,358,391,545,554,619,674,785,130,189,208,350,665,37,87,367,379,418,479,495,687,95,102,171,245,585,611,201,243,629,640,179,118,769,194,268,106,208,406,12,797,814,82,676,88,273,287,350,545,594,623,792,816,428,454,26,563,633,
674,683,322,19,105,144,571,706,439,243,491,552,764,32,252,314,376,447,336,78,703,770,792,480,552,591,628,653,707,747,561,205,692,742,19,292,739,93,294,506,552,760,
296,690,6,72,1,140,162,623,
806,280,608,62,306,476,543,703,113,214,551,126,37,746,727,422,513,567,615,50,629,174,363,76,156,646,506,137,186,106,343,517,652,795,284,371,759,
67,90,132,94,23,257,407,409,496,269,626,648,651,113,40,137,186,335,812,639,126,27,425,320,453,509,519,525,540,629,800,235,275,337,351,464,501,616,630,692,588,361,40,590,599,629,365,18,559,592,350,413,501,541,681,208,690,263,300,399,467,473,559,626,656,796,362,380,492,494,664,766,804,
275,30,2,217,347,492,558,189,406,424,490,760,
469,144,146,243,329,581,147,184,398,514,558,48,188,336,409,411,420,445,690,746,29,109,115,445,120,324,57,51,778,138,64,241,150,590,628,260,80,327,523,660,762,111,445,451,502,641,709,712,718,241,431,72,615,682,693,557,298,328,335,339,461,641,769,771,790,390,748,182,306,375,543,590,303,243,3,376,448,528,606,670,747,386,793,96,400,616,710,617,608,246,295,422,138,500,509,543,68,689,699,516,714,91,154,572,602,650,584,107,243,325,639,199,
566,281,113,26,281,357,389,534,545,548,720,60,155,276,468,559,624,392,517,521,594,647,15,88,403,671,700,739,805,179,217,266,270,286,341,388,30,740,49,76,219,243,293,294,429,482,612,655,813,
243,358,285,11,479,186,221,283,331,459,555,383,628,743,137,264,270,331,240,263,627,539,146,592,612,743,158,283,459,654,666,63,754,328,260,377,405,469,83,92,147,651,249,116,399,479,601,611,288,527,540,674,45,397,633,659,666,279,386,495,788,681,377,654,693,805,602,685,421,114,305,309,379,454,512,574,129,21,804,148,206,483,591,704,
467,190,72,57,153,172,267,732,194,349,352,97,256,303,361,452,794,488,31,175,432,719,806,32,236,35,372,813,36,70,433,536,543,179,613,294,352,463,749,208,309,390,515,176,730,279,601,618,429,41,578,26,394,448,502,606,611,622,169,372,565,604,660,25,101,521,558,36,169,220,243,298,380,56,171,368,422,621,791,1,176,348,468,522,588,325,789,809,303,266,286,46,64,202,146,243,554,770,33,449,79,232,267,316,397,407,629,632,367,750,782,475,483,806,
720,350,56,136,2,63,47,513,521,661,34,480,492,650,482,483,515,707,714,89,604,170,203,274,283,293,13,530,555,733,427,179,254,79,532,250,515,608,655,720,786,431,588,611,779,43,142,172,281,411,506,530,575,734,136,151,245,457,42,4,319,621,742,68,186,235,236,628,710,5,107,140,218,239,287,458,810,410,594,54,169,262,361,620,73,540,649,767,266,305,358,362,377,31,817,818,63,133,177,226,152,485,712,717,743,208,455,580,592,745,755,792,74,451,597,695,809,75,498,521,527,750,
90,205,
563,122,0,34,41,245,321,144,542,544,563,570,684,118,226,410,433,458,489,492,539,540,444,647,28,175,
114,137,31,229,330,249,305,344,242,428,35,22,38,182,241,493,616,705,588,147,385,49,162,375,414,443,469,633,297,306,172,425,563,734,94,278,485,786,220,339,438,503,
717,584,800,102,156,256,315,712,172,481,559,266,535,694,
402,27,803,43,229,273,290,483,567,647,712,222,357,392,430,506,
320,157,399,375,213,238,425,194,581,679,808,540,594,7,14,28,76,230,407,431,637,736,780,493,27,57,62,192,273,342,366,158,129,466,528,676,766,611,89,636,658,728,268,383,423,709,817,322,437,480,655,125,430,687,106,256,547,625,270,378,502,509,581,640,772,636,
757,222,229,611,214,335,343,359,431,458,485,508,184,169,431,291,216,22,407,554,650,58,257,484,563,816,360,388,528,656,213,805,644,32,366,560,815,96,615,566,630,260,641,279,300,701,727,393,301,136,265,446,681,787,234,363,477,543,623,660,721,742,119,281,408,436,443,97,643,187,227,568,591,468,203,18,70,124,137,263,514,559,
532,563,260,399,474,679,812,637,716,723,781,523,663,768,
91,586,300,262,340,356,434,650,677,682,704,
289,666,291,60,371,547,639,687,733,156,352,728,67,145,194,421,148,278,786,498,673,693,725,781,144,373,503,591,746,815,78,109,372,528,
677,773,384,
421,289,29,243,55,184,213,62,535,722,775,178,218,472,548,629,
4,51,666,49,507,78,98,123,178,213,249,348,752,772,766,809,63,658,606,193,529,168,238,373,455,676,154,294,475,571,575,619,645,684,
190,349,287,565,570,18,183,347,607,299,658,475,273,660,697,787,
393,221,586,757,89,157,323,344,446,725,819,95,345,398,777,147,250,549,594,70,77,181,279,328,362,
816,629,683,567,
427,679,231,42,137,210,238,588,373,94,109,143,451,579,586,772,36,254,256,564,801,131,512,461,581,648,812,359,191,197,190,257,52,485,468,637,709,469,492,59,88,479,670,685,43,385,441,655,333,518,721,790,21,23,52,280,393,370,520,243,272,406,468,479,641,178,771,784,265,529,555,620,659,662,
191,480,806,177,188,486,602,240,689,788,156,490,536,590,718,175,429,484,718,
760,188,66,225,104,96,528,204,609,501,85,627,734,103,803,30,213,376,663,46,179,453,512,549,447,728,186,322,447,485,610,744,772,
46,617,760,636,
136,9,133,220,258,465,560,693,782,
636,370,46,178,207,398,413,618,87,266,369,439,468,635,664,790,554,
140,246,79,99,208,209,290,360,376,527,711,793,87,195,254,611,35,735,108,167,432,411,705,156,383,187,489,462,211,590,502,538,634,414,496,549,558,607,695,737,171,302,468,480,530,572,615,632,668,107,165,548,634,635,262,334,691,
164,235,629,
184,90,421,
95,393,744,
256,150,470,
774,430,384,
273,190,242,
654,122,
756,800,
330,150,647,
447,760,374,
222,439,402,
636,384,320,
662,427,788,
640,619,320,
528,370,
699,498,
286,242,
340,91,650,
561,633,426,
205,88,344,
548,380,421,
622,760,88,
499,814,367,
102,205,
313,367,
485,619,
736,122,629,
248,411,754,
253,50,684,
693,136,
12,328,50,300,
531,6,235,
518,235,88,
521,720,43,
263,757,242,
513,666,393,94,
