400,455,445,5,62,81,126,237,509,558,256,675,220,421,569,711,241,384,161,294,440,69,479,565,795,257,462,444,553,563,554,535,735,747,378,578,211,747,794,803,630,250,222,530,85,22,192,3,56,447,444,713,734,456,459,614,265,795,779,538,306,351,749,805,175,457,16,205,386,392,462,635,739,15,177,367,398,588,745,755,458,109,119,305,306,764,791,418,743,818,98,109,271,491,468,157,260,97,642,757,178,559,581,594,707,471,35,96,146,439,478,534,705,72,119,422,525,574,589,242,261,696,
685,545,307,661,1,250,194,353,453,463,599,624,471,108,177,
566,502,328,101,213,323,431,627,467,506,545,214,654,795,638,671,207,248,374,400,718,23,79,311,355,396,643,770,786,816,565,30,729,365,460,283,50,783,147,262,471,393,513,520,26,354,607,90,125,313,469,773,
579,514,0,52,76,108,502,788,138,818,19,4,519,551,606,754,123,469,701,723,813,556,769,142,239,640,644,686,
329,788,
162,230,17,79,343,589,791,792,797,802,810,811,144,329,356,379,424,59,809,131,273,695,774,780,206,407,485,488,602,641,815,445,389,673,737,750,641,756,246,248,265,378,561,630,652,749,255,424,439,669,733,806,107,295,563,719,773,92,245,400,540,554,634,794,125,173,381,532,218,756,394,461,747,793,801,
343,462,545,17,112,18,50,228,517,524,548,0,811,49,238,382,680,685,695,716,38,214,355,177,185,135,431,610,705,730,805,487,573,774,609,63,125,418,442,1,212,344,374,393,537,492,747,81,591,766,271,6,177,599,125,219,528,647,804,
248,43,428,294,372,668,735,758,809,306,147,210,54,678,69,582,119,368,32,274,411,713,759,812,72,401,345,254,465,76,87,269,296,356,432,454,517,575,51,588,650,791,102,444,651,785,215,394,731,
353,341,389,148,556,85,235,239,306,338,350,583,696,223,308,430,436,752,
62,400,249,82,115,128,277,306,452,31,14,508,350,434,159,816,382,368,113,268,265,393,413,646,67,186,227,311,391,409,624,209,795,799,13,59,258,314,355,250,567,785,799,211,308,560,595,196,96,156,210,388,404,754,103,9,174,258,269,381,384,543,612,73,90,329,164,694,700,372,439,551,603,692,38,41,229,181,696,499,100,297,400,584,691,125,53,129,168,488,531,353,173,46,630,764,207,421,535,758,487,709,802,225,516,59,803,209,228,314,425,451,606,743,482,490,590,732,2,239,20,88,359,426,767,810,138,340,425,556,605,731,754,788,797,706,
549,291,179,45,132,371,294,316,380,169,452,582,70,726,60,473,293,492,495,173,595,717,719,567,650,666,59,314,668,723,209,290,323,574,681,218,654,21,148,430,437,458,734,789,57,61,141,212,584,767,32,52,522,558,658,691,709,735,487,0,12,40,207,502,135,398,483,534,668,
729,78,352,595,128,212,408,423,521,562,
149,487,
717,463,58,204,258,345,316,322,448,502,714,146,262,306,390,424,451,164,324,599,680,681,787,335,172,574,580,645,381,767,65,150,223,257,315,368,515,532,543,600,639,801,110,354,391,432,0,312,8,145,233,315,514,66,534,616,645,797,148,407,158,201,208,444,477,562,635,736,53,312,367,386,469,486,672,674,729,381,528,592,612,779,182,197,233,390,50,381,434,531,110,204,290,346,517,741,15,100,209,263,154,444,644,698,465,709,783,76,80,107,681,37,61,350,373,487,762,
443,170,644,693,296,541,600,56,405,722,750,195,52,223,558,602,669,660,
566,395,249,357,362,528,368,317,507,627,669,799,
14,116,152,49,169,195,234,517,569,688,612,139,303,383,408,456,94,575,586,56,359,699,761,201,400,536,608,627,661,30,226,246,283,505,604,45,92,225,461,549,656,702,819,67,296,384,43,759,93,169,230,386,337,373,494,185,602,149,239,369,392,15,489,797,237,311,541,23,168,320,324,493,769,813,320,458,57,610,596,81,171,277,303,371,433,648,691,
444,142,717,0,295,309,340,423,442,538,720,785,116,44,100,112,281,272,328,503,623,734,569,73,709,289,628,656,686,734,814,405,571,597,665,54,205,382,387,470,667,755,481,157,169,202,158,677,719,729,
300,498,458,52,421,242,465,53,554,680,773,806,816,783,515,267,513,538,190,720,125,257,306,424,711,776,816,85,235,76,42,422,433,453,683,232,281,532,540,53,108,135,174,296,517,524,529,764,70,243,175,226,353,527,711,562,579,591,805,14,368,506,146,182,183,184,222,324,405,429,440,487,608,728,223,239,667,380,539,637,129,64,79,169,433,452,485,495,525,818,618,736,177,230,361,565,614,634,675,256,353,404,414,421,472,509,525,605,704,740,795,
362,730,566,
498,7,351,296,37,67,258,358,478,253,295,695,264,332,552,776,256,73,114,227,249,421,722,296,655,250,783,174,74,75,24,234,590,787,814,387,601,749,801,457,474,507,753,320,414,704,811,290,682,688,146,352,396,439,464,70,812,83,111,84,516,531,311,296,403,464,761,570,
730,57,362,28,311,458,525,689,765,796,82,133,179,201,209,279,558,716,737,475,312,474,740,
816,287,680,17,246,328,336,399,497,709,86,474,508,734,105,493,505,613,
750,443,324,81,
276,488,348,69,104,134,173,292,527,615,423,479,
181,319,178,4,74,94,169,340,384,500,573,777,335,351,487,557,640,740,113,320,494,638,391,456,699,717,
458,462,394,354,240,300,333,160,743,167,171,145,410,75,80,284,378,433,459,510,521,724,134,398,420,772,53,134,142,227,327,464,475,761,17,539,418,466,484,570,571,694,702,755,767,245,614,763,121,257,572,53,73,85,140,369,465,544,632,683,233,104,121,185,207,411,439,482,759,4,251,318,334,28,77,93,394,387,402,545,116,637,661,674,780,725,158,303,67,612,290,377,383,386,397,590,596,656,90,355,533,580,694,88,93,26,818,167,411,410,645,793,800,811,795,
54,471,184,356,531,657,709,711,
779,250,497,412,412,760,801,216,573,172,422,779,796,416,101,465,508,88,676,116,412,601,301,585,597,663,86,120,124,162,222,248,249,726,18,591,658,
85,238,69,76,146,214,252,656,743,516,
341,495,30,102,124,321,356,376,428,586,146,184,440,574,422,688,435,69,447,547,88,353,402,439,475,608,28,211,214,220,405,547,654,665,719,398,215,549,486,805,
462,207,111,60,204,239,426,102,105,629,721,752,756,354,431,537,538,195,410,464,67,41,149,243,401,9,649,783,129,161,625,690,116,160,368,458,501,751,754,799,503,613,673,128,227,368,83,522,736,214,68,380,428,130,366,372,29,568,10,199,613,210,237,292,343,600,615,707,467,720,760,44,352,761,38,167,275,579,750,236,240,363,400,519,683,261,267,545,367,461,469,183,685,743,759,651,573,628,635,680,747,95,102,179,250,315,329,331,344,72,630,42,802,125,164,249,296,316,386,548,550,597,631,106,154,209,368,400,401,570,596,697,139,116,438,626,639,652,194,197,364,556,81,92,267,296,372,435,485,21,275,707,708,
616,260,204,53,177,253,264,308,687,760,94,162,391,535,576,242,340,405,505,536,613,691,736,265,499,547,586,594,767,771,
788,4,719,285,329,373,392,701,755,199,292,330,9,447,59,64,194,441,483,688,
458,46,161,605,60,273,188,357,412,528,614,758,229,251,330,607,665,165,569,606,738,400,719,87,236,387,543,578,703,64,73,199,373,421,457,584,701,796,52,221,468,580,598,632,735,178,457,574,661,779,791,84,148,194,342,438,532,535,548,574,689,32,147,210,249,280,338,342,645,88,468,219,295,434,568,
471,54,485,139,154,267,356,501,579,668,754,774,488,395,446,524,412,577,652,387,164,701,447,158,452,53,575,793,44,202,270,334,577,716,680,623,705,805,62,400,266,284,489,537,775,129,685,647,517,569,570,674,373,4,21,472,564,
73,458,267,311,121,165,82,338,345,586,680,169,0,315,334,403,572,241,458,648,332,80,549,701,100,240,241,478,545,22,740,776,90,524,480,199,751,814,685,82,201,209,308,475,504,575,50,156,790,
43,640,189,188,36,40,539,784,82,303,530,53,643,806,62,181,14,528,755,265,197,740,78,248,267,490,620,651,219,270,379,381,409,615,455,482,638,550,596,5,42,98,105,142,347,455,632,666,0,5,82,279,548,98,770,814,5,106,249,316,348,675,725,779,184,198,437,137,537,716,497,72,254,363,383,385,430,569,612,714,581,548,143,217,249,273,70,122,202,246,261,341,506,578,598,64,92,583,588,529,400,601,617,777,801,96,508,668,699,734,
514,422,75,82,95,93,668,759,444,493,635,712,313,651,730,
157,85,203,239,379,425,533,565,684,254,202,292,314,506,648,812,372,484,454,239,188,679,508,560,660,789,
324,434,450,28,157,13,126,315,465,475,570,610,677,750,532,220,309,348,390,62,650,819,
298,28,680,311,
331,231,65,145,28,118,178,99,395,429,528,233,710,294,120,483,486,549,534,67,121,335,365,445,446,584,40,561,599,149,110,151,611,546,17,770,93,154,168,337,766,790,26,453,26,251,262,290,300,526,696,39,113,135,259,448,536,286,641,651,730,202,807,387,406,805,8,144,71,313,344,567,647,17,366,369,413,537,599,633,132,358,410,457,517,704,787,791,35,147,312,424,463,464,
62,112,203,471,516,119,154,303,497,759,
96,187,181,128,87,138,206,331,393,453,576,791,147,153,327,730,794,798,189,245,632,228,402,570,626,682,771,
215,94,230,316,329,380,438,461,568,623,743,
560,519,108,45,425,568,595,158,241,174,702,219,134,441,523,534,543,661,709,728,126,369,411,577,802,432,433,445,161,215,85,538,108,259,274,431,463,555,592,651,759,772,798,
639,28,725,127,142,241,256,434,594,773,699,45,75,246,566,748,328,429,609,738,810,26,60,317,406,490,557,29,415,139,220,360,378,417,504,675,704,165,188,303,437,552,729,197,176,377,424,784,797,
348,28,224,370,449,502,172,539,610,204,276,384,802,496,523,609,685,759,197,563,605,633,239,430,484,720,813,391,464,486,811,
679,157,
113,11,283,104,136,179,597,287,195,407,443,475,604,301,559,
181,62,167,139,741,749,396,455,557,641,96,160,352,393,605,196,259,345,371,508,108,244,339,457,629,673,804,105,165,241,424,480,712,35,158,406,563,736,7,74,647,
287,32,88,346,394,341,127,688,413,617,809,816,171,74,121,471,580,605,783,810,152,142,177,289,667,222,224,234,260,45,476,483,591,681,719,80,176,244,496,577,123,50,172,187,408,572,
227,321,244,363,445,
357,566,6,
72,96,444,182,87,558,14,52,388,408,691,313,169,190,317,460,265,28,208,267,552,604,775,55,574,674,705,68,291,493,580,126,129,138,213,305,326,340,479,45,355,105,225,226,622,42,98,145,188,539,651,602,37,560,308,522,609,725,39,607,791,679,606,86,346,350,443,778,781,218,762,777,
788,320,18,46,315,399,418,522,817,698,159,248,298,313,445,24,484,483,498,392,536,69,494,815,402,471,486,682,8,64,119,257,59,755,244,801,170,289,359,790,16,394,428,470,492,767,107,125,507,153,712,403,471,495,565,566,496,706,348,444,667,786,450,578,588,704,770,772,368,377,413,76,499,630,91,115,235,133,584,30,795,56,67,448,336,199,687,738,129,62,378,395,422,680,391,584,669,90,151,322,678,13,185,503,564,625,738,812,256,318,151,584,636,725,75,188,107,385,489,522,527,347,474,550,564,681,754,64,208,306,318,503,727,802,91,9,343,677,765,215,272,377,814,
589,416,162,575,295,320,538,592,7,753,222,351,402,794,396,482,496,648,57,115,137,173,344,409,592,644,783,489,510,562,580,798,266,527,267,292,446,516,520,792,
725,379,443,470,678,706,729,226,146,10,180,544,551,558,706,46,121,43,89,96,262,307,313,388,751,87,644,706,201,215,508,808,639,59,534,661,224,255,302,378,558,332,571,765,133,82,438,645,707,708,66,86,282,341,661,232,732,800,667,514,535,602,717,175,144,170,672,95,639,672,619,512,115,25,479,806,458,286,698,38,64,154,233,294,418,531,604,767,374,149,465,557,83,107,270,281,314,462,52,169,532,536,813,48,150,395,434,592,127,
682,311,386,6,79,154,227,653,714,260,382,539,636,638,780,283,143,174,265,383,1,539,642,680,748,53,791,705,727,62,195,724,681,695,769,
545,179,161,111,140,190,329,69,87,140,506,105,344,315,497,499,544,178,85,108,317,364,482,541,619,787,343,543,594,187,317,578,664,816,228,5,127,434,551,624,721,782,79,198,228,24,554,585,714,515,554,345,362,372,367,389,507,509,252,703,350,116,234,283,496,500,211,240,577,691,146,362,461,575,58,685,812,354,454,589,592,641,706,311,546,209,631,642,681,332,413,607,818,
458,322,
78,537,492,28,114,161,76,214,668,515,529,729,89,223,245,406,467,687,693,694,776,361,711,730,756,792,801,37,88,127,172,574,639,
389,434,152,18,140,6,353,496,694,760,36,148,243,453,592,112,626,576,743,386,351,669,762,773,799,
693,443,367,594,744,819,
216,779,181,33,143,520,540,733,812,132,142,194,223,436,502,601,721,781,264,538,672,752,763,
343,166,162,114,321,228,118,574,588,762,223,225,233,150,666,785,189,283,333,473,762,781,270,505,278,811,332,415,557,81,251,264,297,234,506,566,150,183,441,574,120,754,133,157,275,280,437,94,663,93,732,775,294,432,
451,62,583,255,517,554,748,
204,31,462,177,183,119,422,589,708,135,5,440,458,470,659,766,769,166,239,272,441,12,617,59,295,792,47,414,63,209,380,394,408,539,378,366,703,625,114,49,255,360,33,778,199,332,355,405,407,725,254,366,597,750,306,146,240,578,158,242,282,502,713,717,689,86,353,385,426,639,699,700,770,810,700,128,58,630,136,414,448,538,585,661,773,714,780,218,322,348,784,220,252,282,455,612,616,66,41,210,303,341,574,8,12,390,634,683,94,198,289,291,351,375,712,777,794,44,474,
805,483,400,15,100,338,512,810,525,482,303,139,59,131,220,301,24,436,496,548,552,624,545,638,664,704,172,361,481,487,526,576,3,50,66,240,311,412,447,275,535,119,177,217,312,367,509,202,553,590,782,419,678,771,554,151,644,126,160,569,180,241,415,445,535,544,595,604,671,728,793,135,352,624,101,365,56,502,607,624,719,756,210,470,87,772,735,584,131,793,41,597,195,459,580,18,726,253,751,124,244,467,490,600,453,300,673,703,717,796,817,67,96,208,242,414,537,654,817,159,574,766,806,610,22,174,262,269,371,413,453,208,217,428,797,99,102,306,404,486,482,429,599,710,
471,566,147,
586,341,74,423,524,601,740,777,432,490,155,631,187,72,95,119,320,405,411,523,554,555,729,757,62,84,459,518,601,728,
569,233,14,73,100,146,668,702,740,743,313,411,457,587,808,201,426,437,587,469,526,74,280,650,787,811,405,174,311,410,598,600,640,671,716,749,819,98,365,591,624,783,802,201,371,581,89,487,177,282,287,525,534,204,332,440,504,750,778,175,649,729,
719,458,549,27,77,152,203,356,559,710,73,573,638,156,452,608,706,788,804,41,153,509,515,762,789,738,129,301,93,246,496,122,190,374,556,176,244,325,350,556,772,788,
28,167,196,150,110,141,349,424,743,779,796,712,39,271,580,674,802,219,224,278,41,321,514,528,562,187,191,348,401,517,639,733,128,310,732,6,77,145,223,147,286,330,547,697,639,163,241,339,412,450,589,668,675,765,148,781,65,204,44,310,391,400,680,731,291,324,680,25,156,255,682,770,730,500,298,673,269,174,187,222,302,330,127,317,363,609,814,
248,469,680,
134,488,19,45,52,183,199,223,315,532,380,406,631,681,733,793,20,38,140,650,
226,497,154,275,201,116,208,153,741,122,687,420,207,159,299,335,380,418,466,522,787,103,108,110,118,224,281,367,445,641,234,681,534,670,687,802,218,43,126,295,415,351,537,630,509,608,645,760,819,98,134,407,501,598,791,811,59,704,412,737,100,494,110,17,52,243,294,325,666,221,312,417,434,762,363,565,68,701,818,113,334,101,742,173,696,385,474,654,751,761,762,64,280,326,563,752,485,291,604,653,727,454,606,115,468,683,730,384,464,589,683,687,725,112,184,251,67,34,518,619,662,720,163,198,323,
638,262,112,207,376,106,575,521,714,734,
112,343,525,346,314,5,114,165,312,685,319,6,198,277,141,259,718,558,800,1,639,746,766,121,178,396,483,739,746,55,126,10,352,367,638,62,168,415,493,519,555,744,92,67,299,340,575,717,748,389,284,432,439,554,672,696,749,67,195,353,357,430,456,561,606,640,
356,488,110,
57,215,88,87,94,303,625,650,750,216,308,145,563,591,640,212,106,332,437,536,567,684,776,97,83,148,206,537,434,699,712,734,528,537,726,240,278,808,5,24,562,328,68,36,807,178,382,528,313,403,451,684,388,483,523,662,766,410,445,777,784,240,345,616,663,804,357,622,30,200,230,118,700,751,795,472,525,282,571,336,429,98,506,606,653,714,103,309,314,387,698,141,185,204,545,555,596,403,25,367,268,296,375,97,614,616,299,323,351,399,570,605,752,378,796,2,462,517,696,65,595,671,696,718,798,6,498,620,98,262,295,364,114,423,454,187,794,590,293,451,487,635,650,730,156,134,170,273,303,311,691,13,160,366,15,140,74,171,299,317,742,389,473,692,709,
583,1,109,105,342,59,529,194,293,399,278,451,810,225,536,556,574,692,8,633,785,812,410,443,730,801,
4,569,447,55,224,248,277,162,788,289,461,617,49,145,323,390,517,540,573,159,82,275,813,538,739,139,232,236,294,295,431,706,
94,283,181,74,216,220,449,537,599,816,387,492,561,658,
450,3,107,683,31,258,266,608,703,33,24,430,427,624,633,700,613,658,71,176,535,674,714,756,204,150,236,592,701,750,364,523,631,637,398,115,328,338,463,480,498,38,771,747,277,372,447,478,535,726,0,12,105,316,324,793,177,362,104,418,478,502,179,439,28,64,118,327,630,634,751,138,236,422,488,804,
434,242,545,311,19,22,23,701,32,711,735,806,195,275,265,194,264,578,767,63,46,654,808,207,269,324,389,490,520,542,732,68,196,231,263,433,488,532,126,773,171,224,256,290,339,417,473,579,810,285,349,95,540,605,704,278,275,482,589,128,422,462,639,
549,341,
232,37,258,288,423,469,125,367,400,724,142,509,
487,62,791,739,340,569,102,149,209,373,278,549,301,432,446,489,560,677,704,135,
715,581,321,520,580,718,
214,85,
739,363,170,487,206,369,480,159,289,634,760,
514,725,28,218,87,294,465,276,579,644,387,51,430,805,364,435,464,564,695,731,742,246,380,411,458,604,146,176,418,456,483,241,815,600,663,142,189,339,426,439,474,592,436,634,
569,252,137,4,805,326,438,659,714,74,228,251,384,475,518,544,625,738,786,271,283,255,483,522,524,183,327,341,350,488,533,98,719,738,241,576,706,798,105,580,589,319,663,680,738,810,267,683,688,797,
321,343,171,161,313,462,691,227,513,762,54,64,349,100,179,308,332,371,591,
341,311,287,397,70,113,120,273,445,571,615,426,442,538,687,80,677,33,38,136,184,797,364,380,421,601,563,784,786,663,
311,615,81,434,50,151,223,290,323,114,740,618,162,280,303,338,353,398,480,717,779,579,73,285,444,656,682,194,341,488,560,589,633,77,489,81,405,432,646,726,786,689,715,746,430,150,758,291,294,367,422,477,685,739,180,802,730,473,545,417,498,577,641,711,802,298,41,614,702,764,178,367,411,642,
672,67,344,386,45,549,636,649,798,111,132,283,290,376,35,804,173,427,635,212,225,329,545,
519,212,17,284,440,21,526,402,781,592,492,504,644,509,629,596,401,740,793,803,695,719,764,302,350,453,511,516,811,243,101,99,183,249,281,538,545,530,57,132,633,766,43,246,254,342,435,587,775,190,237,343,345,684,718,753,789,59,301,366,463,467,712,127,232,267,344,373,795,332,560,675,762,59,377,393,409,177,228,195,506,580,809,111,493,620,51,183,358,435,561,810,635,760,160,195,373,651,1,801,64,80,205,654,52,92,132,475,568,801,344,159,180,196,198,239,467,517,286,108,167,279,736,592,323,663,713,
283,139,23,143,343,386,493,571,629,703,340,666,781,4,121,149,31,188,205,236,328,358,420,805,154,372,619,368,445,463,611,777,183,189,391,403,416,485,599,94,113,126,182,245,223,440,511,550,590,95,421,442,582,107,128,151,415,448,589,9,634,657,23,136,265,105,522,118,238,253,644,654,789,
110,201,42,183,22,168,65,329,246,310,518,569,118,704,17,195,348,392,580,660,112,407,454,610,611,104,208,512,41,814,155,202,260,794,797,124,306,432,655,385,615,88,207,515,624,656,756,632,356,406,453,634,142,654,801,17,187,160,740,749,110,275,681,308,335,349,667,198,589,404,387,
447,805,139,4,78,150,331,491,119,254,286,299,467,20,769,499,543,12,43,254,406,422,430,568,744,83,101,361,542,739,158,253,381,505,580,638,747,263,385,492,524,80,102,201,267,509,764,491,502,176,135,96,268,228,716,58,326,573,752,770,786,408,113,215,371,621,626,684,750,790,4,9,50,547,758,792,278,568,643,660,747,471,340,370,396,425,286,330,397,460,524,758,71,261,263,587,639,676,746,353,370,379,522,539,198,522,764,772,57,351,374,479,645,
544,114,545,106,74,42,325,13,548,579,581,686,149,692,51,555,667,687,816,184,371,587,593,604,606,629,213,115,418,631,806,815,185,211,220,289,550,697,106,459,472,583,630,53,54,146,668,157,230,407,470,533,318,128,696,767,443,449,495,570,658,713,47,211,222,340,436,581,670,722,325,611,664,
128,331,62,226,729,70,79,292,358,68,579,99,257,577,782,123,352,580,652,66,689,306,374,443,81,564,594,597,582,691,693,740,668,620,13,68,156,304,692,204,199,289,371,399,400,466,575,568,340,421,554,589,653,311,398,530,695,805,363,28,324,343,176,100,121,10,620,720,372,404,660,718,317,512,632,96,609,629,264,649,818,57,288,438,469,551,695,191,196,385,492,493,545,796,268,
386,352,283,130,177,362,143,243,105,623,682,163,255,299,449,534,559,280,662,169,697,1,767,48,541,495,352,292,297,566,654,675,712,98,104,370,473,559,621,655,699,739,745,409,463,490,596,340,139,696,319,389,708,
275,110,4,18,44,93,191,416,495,562,725,
152,719,114,48,159,389,415,471,597,287,258,369,405,636,691,130,671,721,303,311,375,392,440,492,692,694,11,17,113,150,345,351,447,485,638,772,786,54,183,496,537,
516,519,270,242,97,91,120,262,806,91,604,96,185,433,456,473,649,655,116,636,703,389,68,96,30,493,572,576,686,756,766,811,63,215,230,267,323,23,28,115,16,65,400,402,538,550,33,37,427,532,322,175,378,635,726,63,596,708,162,375,269,559,713,6,543,802,457,543,614,650,716,759,12,129,254,308,311,433,449,456,62,126,209,647,709,791,540,289,162,354,733,787,287,
45,170,381,413,427,463,632,672,270,382,495,615,74,723,136,497,618,579,797,696,706,740,452,760,400,455,565,634,683,475,768,582,632,392,429,620,807,223,280,284,310,2,451,510,626,63,127,146,489,504,605,632,262,345,480,541,775,17,232,234,432,560,767,794,454,
636,672,152,254,748,15,170,411,290,184,534,651,
579,300,55,311,238,132,195,323,400,490,275,77,79,51,628,316,509,608,770,814,260,395,411,572,583,771,281,316,325,233,370,406,494,533,585,618,670,735,390,643,289,425,501,692,711,819,
363,581,51,128,82,259,328,25,498,515,476,539,608,629,739,300,495,507,631,18,239,280,328,359,437,479,633,664,699,811,281,349,47,387,408,41,631,727,775,211,538,655,86,93,385,571,604,644,711,486,694,57,196,482,501,790,818,
581,768,453,64,198,20,438,610,656,677,47,375,466,744,774,86,484,570,645,34,208,220,370,402,411,758,804,336,449,500,630,693,368,182,100,155,240,262,296,363,374,431,590,699,69,6,788,233,176,10,402,523,445,745,43,60,211,219,241,350,400,555,790,794,666,806,348,393,594,600,604,646,715,381,54,268,288,290,473,507,754,
300,203,801,
262,331,45,264,269,142,426,563,638,192,413,460,626,721,166,271,286,346,349,166,492,762,776,210,297,598,223,296,325,349,435,554,725,
269,139,262,28,206,434,537,777,209,255,811,368,
640,60,303,53,45,289,290,372,675,705,66,816,27,284,302,630,735,184,480,511,565,643,771,811,816,87,311,349,409,596,787,76,456,239,638,665,761,246,264,493,508,685,767,309,310,355,499,500,4,26,103,127,244,426,670,209,101,717,449,528,554,721,729,20,284,306,470,375,698,478,214,17,156,249,253,38,590,69,514,584,722,746,749,43,222,362,385,55,563,703,239,317,391,412,539,148,520,758,340,763,86,149,66,344,482,510,728,784,816,555,626,676,55,501,691,773,803,65,353,556,684,730,98,144,297,506,85,219,499,598,816,697,64,88,374,401,739,784,813,184,206,209,494,651,46,266,329,377,519,726,158,318,262,343,375,493,651,760,44,467,564,781,130,328,373,18,375,461,625,403,469,633,74,765,769,770,328,335,471,496,628,636,
253,132,
267,72,447,73,68,62,818,80,178,200,45,448,493,565,144,236,479,543,801,403,460,101,629,740,789,544,656,75,231,308,393,13,374,387,416,504,591,662,750,752,164,398,408,122,283,646,472,51,657,816,197,332,493,518,606,505,743,
203,157,480,193,225,545,4,327,32,377,429,470,530,384,798,62,240,711,746,817,7,300,376,325,158,476,477,617,730,99,211,225,261,547,636,696,697,
373,788,487,471,260,280,648,691,
492,39,78,108,460,158,800,64,384,476,672,179,281,517,518,628,760,
469,244,367,248,224,60,763,816,150,202,321,457,489,606,686,767,
480,155,14,21,29,53,91,300,424,465,470,647,733,474,520,791,792,477,106,577,203,489,587,593,706,96,500,610,691,310,489,179,209,278,447,56,578,246,325,471,474,319,569,705,726,119,277,292,374,500,793,
680,510,454,13,139,206,327,334,431,474,486,397,757,785,534,698,69,203,507,601,800,816,59,66,71,74,295,342,770,276,427,790,28,818,565,718,743,248,298,339,424,432,690,754,8,523,560,595,775,672,
6,682,516,39,122,253,254,281,435,587,121,279,357,383,484,488,494,86,273,337,698,256,415,747,303,
513,300,601,138,206,512,574,641,42,102,284,339,85,163,354,369,21,31,86,68,697,17,169,507,551,565,712,308,690,784,604,654,346,451,514,521,578,34,700,68,240,338,371,667,726,58,59,451,201,405,545,617,677,173,395,655,235,480,39,109,445,627,682,
63,639,295,18,275,48,757,549,226,280,315,124,118,755,516,603,619,688,515,29,261,342,401,412,58,226,422,429,595,607,628,53,719,810,307,214,657,666,803,195,270,278,757,241,665,806,63,142,206,406,516,489,500,518,782,728,60,108,225,342,362,398,539,669,783,45,163,249,118,148,137,280,317,423,541,5,558,700,8,16,53,217,529,598,224,253,634,649,792,
170,184,725,409,443,728,214,221,163,787,102,416,497,621,671,683,707,771,73,246,400,588,724,810,815,0,239,267,313,421,614,643,80,405,422,504,769,777,739,266,345,593,725,488,284,90,611,328,707,
364,514,339,291,217,503,541,612,104,349,652,705,738,75,81,269,459,471,
323,187,57,374,59,76,338,360,55,749,55,117,209,288,339,470,424,460,494,404,6,781,64,332,500,504,589,602,604,418,709,356,256,560,717,772,205,250,326,187,637,700,734,186,391,426,435,439,482,775,433,528,111,634,592,252,385,416,796,525,
322,688,717,748,80,219,301,389,403,432,616,120,23,266,282,399,713,99,116,138,431,425,478,516,660,80,709,456,497,696,747,801,11,245,288,308,544,610,475,786,58,448,212,585,684,744,289,311,345,623,164,322,487,572,652,665,343,424,507,521,545,762,337,818,174,533,340,426,529,696,61,227,245,301,192,458,157,744,749,41,378,507,565,711,691,414,481,495,613,722,798,
132,381,579,387,497,654,123,153,197,253,284,385,683,438,480,525,794,380,402,412,415,433,645,681,
719,341,
209,730,73,
644,443,717,347,364,497,519,769,
121,287,112,90,116,206,258,641,463,251,352,132,565,591,278,280,598,
178,57,207,65,405,254,601,23,87,506,748,23,48,180,238,355,434,77,94,135,176,178,187,219,311,389,501,525,751,140,279,48,456,551,601,766,810,95,114,48,144,168,204,419,506,599,739,639,648,182,215,251,285,387,569,592,737,756,407,637,214,241,278,456,761,349,416,466,540,580,778,327,517,615,538,774,609,761,795,643,5,113,124,128,169,274,276,435,181,151,283,10,418,422,548,703,601,635,715,784,400,23,28,222,337,525,607,633,67,751,484,546,650,691,800,40,187,224,552,34,37,134,500,519,580,805,
791,162,46,496,109,3,24,175,27,353,667,714,813,819,79,150,333,666,289,610,493,231,270,487,706,785,117,133,139,142,283,367,510,695,709,806,137,100,682,96,188,350,376,648,414,487,652,28,6,812,331,538,633,659,744,
694,62,150,369,486,28,540,649,363,264,265,335,528,
381,251,45,36,295,309,223,415,66,347,394,397,516,571,754,764,774,95,254,283,63,503,507,132,319,490,178,89,181,223,302,362,614,659,660,170,219,347,564,574,633,752,90,216,536,88,111,140,257,671,684,288,304,374,234,412,728,
39,76,27,93,101,191,281,367,402,505,683,299,70,425,427,492,108,204,278,329,334,369,349,537,643,813,420,270,577,427,646,70,136,299,657,315,376,591,675,694,749,718,
283,682,672,792,337,356,390,564,623,
801,519,110,96,36,245,300,428,506,703,111,503,664,757,770,4,281,429,598,722,
238,74,579,121,187,206,462,478,7,394,651,8,194,232,268,316,400,421,443,719,748,
488,162,149,82,195,551,694,697,792,320,356,364,457,134,506,626,705,59,276,356,597,48,227,165,475,581,170,70,81,10,618,698,702,105,178,
764,447,311,798,
434,269,
792,78,283,
352,729,121,
278,434,487,121,759,
134,276,
166,262,
486,694,805,363,
321,469,715,
224,178,469,
798,322,560,764,
192,262,
81,14,364,750,
380,132,215,
147,471,331,
194,788,238,
772,560,719,
230,215,
762,72,389,
819,693,579,324,
634,63,739,514,
609,28,
594,616,693,
521,638,729,
163,226,170,
519,178,644,
730,583,514,
483,549,788,
369,14,694,739,
449,94,
683,569,
255,269,451,
387,94,110,
