462,207,111,60,204,239,426,102,105,629,721,752,756,354,431,537,538,195,410,464,67,41,149,243,401,9,649,783,129,161,625,690,116,160,368,458,501,751,754,799,503,613,673,128,227,368,83,522,736,214,68,380,428,130,366,372,29,568,10,199,613,210,237,292,343,600,707,
363,635,46,81,110,118,248,333,803,784,15,4,110,291,297,327,517,121,110,504,610,670,244,687,743,
16,810,379,276,277,742,782,249,284,737,399,769,244,583,584,410,522,330,107,660,719,762,107,10,715,657,127,294,381,225,33,184,604,684,720,756,293,328,258,544,574,656,185,742,779,367,566,18,102,326,83,706,746,456,57,63,85,267,315,543,598,47,105,166,194,337,369,583,645,127,436,459,548,555,673,73,447,
226,497,154,275,290,116,208,153,741,122,687,770,207,159,299,335,380,418,466,522,787,103,108,110,118,224,281,383,445,641,234,681,534,670,687,802,189,43,126,295,415,537,630,509,608,645,760,
458,462,394,354,240,300,333,160,743,167,171,145,410,75,80,284,378,433,459,510,521,724,134,398,420,772,53,134,142,227,327,464,475,761,
272,418,742,62,374,383,736,767,
289,611,49,693,230,538,599,403,741,405,519,577,652,603,39,472,340,783,50,406,641,705,156,539,738,789,398,91,66,532,581,142,348,417,247,617,751,157,714,143,287,314,327,353,581,34,118,326,331,435,551,557,764,281,101,114,342,413,728,127,289,316,701,749,
310,37,150,63,151,36,542,545,584,614,642,785,47,87,300,468,674,19,59,125,262,264,614,624,771,148,600,628,387,72,176,299,376,416,563,8,251,308,348,437,581,744,
57,215,88,87,94,303,625,650,750,216,308,145,563,591,640,212,106,332,437,536,567,684,776,97,83,148,206,537,434,699,712,734,528,537,726,240,278,808,5,24,562,328,68,36,807,178,382,528,313,403,451,684,655,483,523,662,766,410,445,777,784,240,345,616,663,804,357,622,30,200,230,118,700,751,795,472,525,648,571,336,429,506,606,653,714,
30,1,289,163,154,273,796,17,800,145,119,155,259,468,573,708,714,740,806,170,437,444,454,485,111,328,391,498,813,30,37,148,425,541,342,559,675,741,32,177,108,145,207,268,416,431,666,697,105,766,286,387,410,609,239,395,397,583,739,70,342,354,5,41,138,365,395,718,730,739,512,43,78,4,306,370,464,484,515,600,619,168,264,313,381,818,86,178,198,815,298,608,647,143,631,49,165,257,298,781,103,3,74,295,300,457,501,587,626,728,743,
391,742,194,626,153,358,379,384,403,346,478,489,550,319,724,793,595,706,786,31,430,761,766,801,
570,8,230,254,318,242,122,294,424,39,669,45,508,569,623,805,182,292,541,722,735,654,447,133,373,645,786,380,16,239,435,515,629,34,167,196,434,401,420,515,520,617,333,131,143,666,463,690,800,809,74,93,362,552,588,593,377,
383,331,226,203,326,416,459,809,817,143,497,506,701,
212,8,502,725,248,297,319,652,410,126,193,146,755,774,
115,725,750,47,114,131,313,346,568,617,658,733,
626,187,27,8,576,204,260,302,385,443,477,580,592,646,148,160,478,241,332,624,649,708,766,785,791,277,179,407,635,653,707,215,276,494,548,787,396,814,539,89,258,364,519,539,544,391,57,101,230,332,378,386,632,389,124,261,270,309,435,645,446,783,672,
614,310,343,681,684,90,124,201,330,349,504,525,568,605,636,670,782,44,223,301,655,
103,788,183,
524,39,39,211,155,249,646,749,789,793,10,138,179,101,512,100,605,55,708,117,121,154,171,320,515,763,813,404,432,361,413,515,
82,520,72,117,135,292,184,362,432,434,596,105,586,808,18,62,273,478,529,735,813,705,142,221,365,137,18,202,616,756,762,264,373,384,512,428,2,491,785,811,382,403,476,531,590,190,254,355,473,734,
581,798,64,198,342,438,610,656,677,47,375,466,744,774,
480,63,45,95,110,164,169,375,548,653,747,764,
6,810,37,56,67,183,401,448,736,242,252,276,538,557,566,792,445,673,703,787,209,446,518,724,122,310,
236,472,314,145,149,432,261,469,53,60,134,145,498,604,642,409,227,611,614,672,747,551,87,264,682,699,123,142,163,167,206,331,416,447,251,778,813,776,812,512,513,770,
370,213,575,796,130,140,285,391,451,542,596,731,208,225,724,763,67,105,120,265,684,736,
557,204,427,260,289,304,648,100,132,162,518,523,652,218,225,377,721,779,48,62,113,129,316,583,749,33,248,463,527,641,291,294,691,53,158,98,361,420,627,438,
449,3,275,435,341,317,580,1,594,53,421,447,478,650,775,394,228,143,315,485,277,354,611,786,27,31,168,311,321,254,522,604,716,476,50,167,104,539,565,680,738,163,418,35,284,585,515,541,585,793,813,214,279,318,388,433,452,463,48,804,66,454,105,306,611,741,777,34,287,463,508,578,613,720,796,45,249,61,237,262,356,599,363,544,624,14,224,102,480,483,612,701,742,802,289,335,624,161,58,106,111,126,621,666,757,792,793,77,83,344,382,446,76,754,495,246,295,393,451,754,547,285,638,745,767,62,163,589,721,135,340,421,498,544,553,589,631,775,27,584,715,82,219,471,351,446,532,770,265,205,212,749,33,769,788,711,626,652,191,255,320,386,387,83,107,249,616,637,702,724,77,51,387,410,440,503,576,692,722,545,270,312,500,526,632,816,20,244,304,459,660,544,281,631,732,
45,576,545,36,349,480,545,238,430,716,800,301,341,420,467,
788,772,18,46,399,418,522,817,698,159,248,298,344,445,24,484,483,498,392,536,69,494,815,402,471,486,682,8,64,119,257,755,244,801,170,289,359,790,16,394,428,470,492,767,107,125,507,153,712,403,471,495,565,566,103,496,706,348,444,667,786,450,578,588,704,770,772,
455,711,264,431,539,634,658,772,62,
87,150,168,11,291,425,574,594,648,654,774,165,181,304,543,80,72,107,236,108,210,283,305,389,440,679,519,28,343,528,616,644,227,595,605,622,681,726,214,332,360,485,
640,60,303,53,45,289,290,372,675,705,66,816,27,284,302,630,735,184,480,511,565,643,771,811,816,87,311,349,409,596,787,76,456,239,638,665,761,246,264,493,508,685,767,309,310,355,499,500,4,26,103,127,244,426,670,209,101,717,449,528,554,721,729,20,284,306,470,375,698,478,8,17,156,249,253,38,590,69,514,584,722,746,749,43,222,362,385,55,563,703,239,317,391,412,539,148,520,758,340,763,86,149,66,344,482,510,728,784,816,555,626,676,
204,49,462,177,183,119,422,589,708,135,5,440,458,470,659,766,769,166,239,272,441,557,617,59,295,792,47,414,63,209,380,394,408,539,378,366,703,625,114,49,255,360,33,778,199,332,355,405,407,725,254,366,597,750,146,240,578,158,242,282,502,713,717,
658,224,167,163,191,209,267,278,403,26,762,784,41,85,130,150,160,202,268,782,814,40,72,74,370,578,194,333,352,489,735,124,213,218,349,423,477,518,536,543,580,487,585,384,398,571,633,684,56,58,81,155,182,199,235,258,618,714,53,101,190,193,251,26,358,443,455,531,566,577,682,730,754,789,456,697,751,58,345,416,523,32,282,584,96,770,773,61,194,268,455,568,70,300,435,31,659,751,794,65,326,468,585,118,425,433,468,660,672,719,188,320,426,753,788,131,63,465,490,563,658,722,760,2,455,556,582,609,639,762,387,49,227,292,424,449,704,57,90,184,732,787,815,478,297,320,141,813,167,276,289,329,641,22,116,296,373,576,636,32,126,161,331,391,392,652,687,691,757,9,335,355,365,570,88,148,299,316,388,468,543,68,105,170,269,275,279,102,702,135,149,194,473,667,380,475,687,719,747,770,174,246,773,537,668,103,
128,331,62,226,729,70,79,292,358,68,437,99,257,564,577,782,123,352,580,652,66,689,306,374,443,564,594,
176,213,201,180,51,451,459,467,558,792,5,264,211,39,147,334,354,388,460,470,780,785,799,618,634,691,13,253,289,436,711,481,611,633,637,753,797,85,209,248,58,772,773,157,312,482,565,662,697,56,103,236,284,511,65,574,817,165,468,
688,725,701,100,798,62,479,657,689,
492,192,58,339,462,472,497,646,708,762,648,496,640,661,766,794,252,259,599,604,172,734,143,23,619,648,58,244,263,715,786,
798,576,805,581,655,813,194,433,216,219,491,80,596,602,17,210,298,453,675,691,43,19,427,429,440,489,617,645,763,
725,379,443,470,678,706,729,226,146,10,180,544,551,558,706,212,121,43,89,96,262,307,313,688,751,115,644,706,201,215,508,808,262,59,534,661,
719,280,62,171,134,137,799,40,134,354,305,567,589,677,34,489,491,792,810,450,500,664,714,356,278,319,464,517,537,544,562,575,
390,132,16,64,105,586,625,771,428,460,526,664,57,121,290,215,423,525,217,177,420,8,234,471,670,681,204,269,331,491,113,453,468,172,717,774,442,553,29,541,553,601,608,13,65,249,398,685,18,586,678,541,737,339,407,725,791,360,365,443,726,42,45,327,603,341,433,552,640,
268,30,61,229,3,658,660,290,772,737,584,778,6,291,323,446,532,543,1,20,92,363,454,398,339,688,731,740,68,128,596,807,390,643,690,147,434,456,745,380,499,739,270,760,761,4,52,322,380,404,508,659,811,
377,805,557,230,14,80,123,257,540,78,512,604,717,570,
655,220,103,57,171,364,289,550,626,480,534,116,350,511,517,625,656,672,239,375,85,212,330,340,100,746,411,518,238,378,417,683,
257,316,244,324,134,140,372,474,541,561,591,600,37,65,313,317,449,720,750,800,301,463,466,492,684,26,80,181,323,357,487,517,743,404,413,367,262,27,61,56,275,372,436,512,65,709,795,343,461,531,51,315,411,449,518,563,613,631,659,63,276,197,805,97,132,139,429,509,8,33,10,711,21,134,174,367,532,785,797,
752,418,81,437,28,
183,810,344,81,181,700,90,171,287,529,636,100,103,110,240,267,387,402,578,618,664,715,72,174,266,434,623,42,265,342,409,457,571,
222,151,79,473,132,213,148,158,168,422,531,19,84,176,42,342,26,604,606,698,758,556,175,418,624,588,265,356,465,535,567,377,395,239,331,600,700,804,290,59,136,327,805,359,323,724,231,547,576,79,797,21,529,632,704,350,355,435,687,741,755,809,384,
516,519,189,510,220,91,120,262,806,49,18,433,456,473,649,655,
8,429,201,85,367,719,121,570,607,761,769,33,301,256,282,382,411,769,235,626,190,270,400,408,185,649,694,775,445,450,58,562,153,201,213,166,439,538,71,39,606,657,705,640,231,340,356,470,530,210,672,279,328,252,565,62,72,118,120,205,254,278,332,568,699,693,595,92,326,507,731,807,611,230,193,478,546,632,310,48,199,311,416,601,707,715,
711,280,614,449,16,298,429,455,458,526,43,130,428,497,650,748,586,86,90,153,314,469,613,7,18,230,292,300,710,
521,178,419,566,611,15,113,231,431,178,713,266,348,467,608,
103,27,106,116,128,350,566,627,109,738,629,146,161,221,347,355,200,273,274,582,461,488,508,556,772,98,8,756,400,765,308,243,516,442,109,747,422,344,587,700,783,787,617,507,628,652,705,745,7,49,154,322,748,88,93,106,110,146,216,249,55,640,793,256,280,328,472,633,780,120,148,153,261,615,30,32,257,388,220,464,549,602,790,692,58,338,73,693,726,728,259,26,542,649,696,117,418,45,430,536,610,209,190,270,448,48,655,726,751,48,85,386,417,427,503,513,622,296,4,135,330,560,813,221,247,641,246,284,331,360,152,410,429,708,744,770,785,331,394,205,353,527,801,787,704,9,238,413,630,706,30,264,279,323,766,658,
5,290,34,149,294,703,146,16,148,164,214,345,559,584,715,652,785,11,566,322,411,546,585,591,587,
63,203,18,275,480,757,549,226,280,315,224,755,
755,136,418,587,46,146,224,251,393,709,
152,649,103,27,48,179,648,
213,46,75,238,17,176,151,287,23,327,250,373,241,364,438,747,125,248,532,565,276,363,542,727,177,385,42,35,819,137,215,311,350,370,409,575,577,114,734,737,769,77,104,204,270,437,696,184,534,27,92,357,555,701,207,121,350,486,500,799,478,331,760,
510,572,215,709,73,293,331,582,687,786,23,129,447,657,684,516,107,131,391,494,568,801,815,695,187,453,507,627,726,736,321,467,481,624,164,19,194,210,461,485,
754,592,73,165,270,413,421,443,519,613,614,
672,282,72,594,753,380,74,440,544,647,664,576,63,200,250,319,570,607,66,626,
22,68,636,68,54,772,400,99,130,131,805,141,510,129,338,277,1,368,
658,268,344,172,472,500,624,116,187,568,11,210,235,396,494,617,515,709,729,817,534,549,593,720,766,42,344,528,344,811,
805,483,400,15,100,338,512,810,525,482,303,139,59,131,220,301,24,436,496,548,552,624,438,638,664,704,172,361,481,487,526,576,3,50,66,240,311,412,447,275,290,119,177,217,312,367,509,202,553,590,782,419,678,771,554,377,644,126,160,569,180,241,415,445,535,544,595,604,671,728,793,135,352,624,101,365,502,607,624,719,756,
683,645,576,222,60,234,299,697,166,654,675,793,655,
720,534,658,13,601,230,
339,390,388,28,458,244,398,440,494,667,578,631,576,220,
750,36,257,264,438,500,769,154,114,401,578,592,628,794,83,267,323,428,450,526,683,717,744,376,233,498,201,241,528,639,695,739,625,646,685,724,198,302,183,423,438,324,435,535,692,803,115,237,349,105,662,680,721,13,317,460,633,750,768,797,46,81,455,478,540,708,
611,521,772,8,
717,750,58,204,258,285,316,322,448,502,714,146,262,306,390,424,451,164,324,599,680,681,787,335,172,574,580,645,381,767,65,150,223,257,315,368,515,532,543,600,639,801,
178,57,438,65,405,521,601,23,87,506,748,23,48,180,238,355,434,77,94,135,176,178,187,219,311,389,501,525,751,140,279,48,456,551,601,766,810,95,114,144,168,204,419,506,599,739,639,648,
285,717,62,33,211,54,166,199,217,601,280,2,11,206,226,334,366,404,430,457,661,775,806,575,666,431,
502,393,316,225,262,0,633,222,212,423,787,404,424,446,459,596,733,108,337,486,656,136,
742,601,68,308,327,393,391,9,16,535,541,749,329,520,593,662,731,819,143,560,272,235,682,766,643,691,701,192,304,312,715,726,740,204,260,290,466,613,621,775,819,
400,455,445,5,62,81,126,237,509,558,256,675,220,421,569,711,241,384,161,294,440,69,479,565,795,257,462,444,553,563,535,735,747,378,578,211,747,794,803,630,22,222,530,586,46,192,3,56,444,713,734,456,459,614,265,
220,38,103,152,153,21,21,313,481,537,541,791,486,655,770,27,83,202,230,604,676,723,216,816,287,500,642,648,712,368,773,18,205,309,425,656,676,745,94,172,410,425,450,588,631,765,656,516,51,109,176,223,293,297,17,460,658,328,337,369,670,47,442,494,738,742,383,659,339,
791,614,138,14,53,406,109,209,574,676,112,37,447,449,785,373,469,642,53,81,137,170,290,335,745,793,637,684,30,461,126,134,563,87,463,586,598,783,812,83,566,
463,534,791,
37,46,6,169,358,453,767,784,31,57,62,321,587,632,732,767,83,131,299,431,452,544,656,720,
575,89,575,231,577,617,152,160,9,462,800,80,128,302,307,621,641,710,134,147,211,422,54,644,344,383,492,312,473,115,208,565,375,397,0,736,38,279,420,447,489,544,613,341,451,479,594,607,703,156,240,312,328,571,528,182,756,277,305,370,397,534,562,577,702,307,739,297,512,671,4,181,517,652,673,691,443,599,692,716,57,73,331,671,719,
609,57,61,380,414,514,660,778,
645,49,331,264,333,405,51,510,552,720,774,811,80,88,479,558,638,
519,737,212,17,284,440,21,526,402,781,592,492,504,644,509,629,596,401,740,793,803,695,719,764,302,350,453,511,516,811,243,101,99,183,249,281,538,545,87,57,132,633,766,43,246,254,342,435,587,775,
583,189,154,506,344,388,410,489,806,
110,363,203,183,22,168,
438,750,213,688,23,213,328,391,483,796,397,344,35,68,84,159,181,9,565,646,696,149,74,327,404,321,775,800,793,817,360,364,574,102,298,419,449,452,621,557,
62,400,262,82,115,128,277,306,452,719,508,350,434,159,816,382,368,113,268,285,393,413,646,67,186,227,311,391,409,624,209,795,799,576,59,258,314,355,250,567,785,799,272,308,560,595,455,
737,362,603,21,143,330,519,313,270,568,478,268,372,71,530,594,645,716,213,300,153,678,84,129,132,494,442,633,638,665,134,167,419,420,424,445,514,364,558,658,706,812,21,154,201,274,117,171,303,497,492,807,227,559,568,627,704,756,806,
575,142,313,104,192,551,609,673,213,93,301,447,494,747,233,493,798,68,71,109,270,85,555,70,175,178,287,341,426,532,728,73,123,58,426,486,587,307,517,22,725,301,59,789,112,666,575,635,135,302,412,573,735,144,429,110,698,796,625,206,358,550,785,786,813,176,369,716,802,814,151,352,505,733,11,326,120,272,575,782,1,301,397,438,699,96,369,731,46,199,214,461,603,749,616,33,12,235,279,458,692,53,78,450,480,493,512,794,399,596,641,694,815,31,121,502,119,386,479,489,549,668,809,63,454,94,776,184,523,624,655,745,132,206,237,437,453,600,622,753,95,774,787,
8,517,390,236,185,637,754,257,423,525,733,152,235,275,227,706,560,365,517,595,610,709,782,811,3,194,340,467,650,722,323,174,210,325,212,240,428,769,1,99,172,547,617,718,209,595,751,784,175,267,239,614,742,768,660,675,
496,657,447,142,230,376,440,549,724,781,
301,470,21,643,767,778,
322,688,717,748,80,219,301,366,403,432,616,120,266,282,399,713,
229,279,202,252,71,363,504,596,619,645,660,738,446,79,572,702,780,306,142,169,260,306,366,729,283,363,607,637,96,144,349,453,513,521,664,781,782,144,81,380,395,460,493,514,625,48,98,100,361,612,122,804,819,164,492,530,203,189,236,278,406,507,46,557,592,676,489,87,93,103,105,506,667,675,695,354,285,447,544,760,718,793,172,188,514,
701,151,810,68,96,211,597,632,688,300,460,483,548,739,461,561,585,291,295,316,558,676,728,732,
68,406,168,88,22,131,215,396,415,622,564,590,625,749,787,791,187,209,588,684,109,194,388,474,536,141,291,192,701,282,371,450,549,61,179,406,580,804,473,230,525,322,363,13,134,481,668,802,174,306,469,475,
576,301,626,202,39,569,228,345,440,730,395,62,64,40,254,454,657,679,779,807,22,250,351,361,363,382,64,98,370,460,496,698,798,614,627,683,752,16,45,63,392,661,691,736,62,1,189,586,276,279,363,376,449,14,579,671,240,443,540,642,700,761,672,194,427,762,339,
46,463,205,482,89,124,203,360,108,457,666,381,436,784,244,8,93,254,273,293,473,564,724,110,28,192,512,700,352,553,632,656,660,667,297,521,525,347,363,650,142,249,37,417,233,303,428,550,148,333,217,449,450,400,301,532,150,214,241,242,298,358,560,740,
290,268,136,807,5,82,144,160,239,388,479,508,515,226,805,143,577,721,527,403,616,222,221,138,202,71,497,561,571,696,184,268,636,739,36,145,408,491,577,604,696,726,673,27,151,236,291,478,497,154,382,78,98,419,580,660,238,
331,510,65,145,103,118,178,383,395,429,528,645,710,294,120,483,486,549,534,
248,363,103,212,158,208,6,388,729,168,225,261,382,465,559,665,270,460,505,666,
249,304,59,57,289,366,371,499,133,690,319,71,738,798,97,153,478,553,725,262,36,308,616,687,740,42,90,306,173,512,555,653,793,677,704,746,499,314,384,419,431,713,771,779,642,759,361,447,600,605,622,701,357,417,608,105,136,141,460,257,634,666,729,770,800,660,744,491,497,519,562,773,
564,128,
300,310,458,52,421,242,465,548,554,680,773,806,816,326,515,267,513,538,618,720,
548,701,300,7,206,372,450,491,571,603,606,709,791,
404,438,30,348,380,417,477,4,766,459,68,206,524,595,
657,182,189,16,29,21,26,121,273,296,316,36,164,262,186,225,305,450,537,558,562,155,222,342,405,462,588,686,696,168,74,354,395,496,788,17,28,397,637,678,700,128,207,338,396,721,782,785,172,281,418,643,
437,213,211,128,92,108,213,468,470,559,598,661,752,
438,1,547,262,805,113,127,178,257,328,357,611,649,692,815,51,264,389,573,676,728,5,147,162,328,59,408,425,435,474,480,546,424,42,110,75,316,563,281,523,526,361,550,639,692,767,257,260,278,416,
810,333,344,37,76,108,154,101,375,183,395,588,610,758,6,543,441,217,264,323,381,696,701,759,349,360,363,541,638,666,312,813,230,571,40,61,72,109,325,686,0,455,465,590,612,3,105,253,812,
418,203,19,110,162,335,39,763,55,104,307,46,353,500,10,21,37,38,317,164,244,351,359,381,450,501,68,242,358,467,522,535,155,260,310,649,706,747,31,34,48,67,98,304,123,309,526,728,333,424,630,140,177,193,355,772,3,103,37,409,436,561,616,628,301,336,551,663,71,330,570,745,797,395,678,94,809,306,471,556,724,767,809,277,340,351,386,411,484,518,562,51,390,170,401,526,207,221,222,299,395,477,627,755,784,86,104,168,489,615,43,64,78,126,272,42,560,123,242,335,387,446,665,352,752,756,654,811,
590,93,68,30,163,395,639,95,368,374,387,764,222,289,367,411,759,64,175,202,223,300,462,254,617,230,696,299,164,227,241,517,11,732,289,
344,575,788,242,250,51,308,354,388,635,658,362,6,570,208,675,700,810,630,212,309,346,370,361,265,183,20,298,514,528,539,789,45,66,133,100,19,244,709,438,382,636,670,766,302,228,386,495,529,750,498,639,704,715,147,149,200,442,547,762,399,508,615,
772,429,210,222,262,683,791,803,416,96,211,653,375,362,405,522,607,657,676,819,146,355,356,454,619,624,605,311,333,367,513,527,534,563,585,726,788,809,45,148,106,17,774,50,107,465,538,750,272,486,571,721,792,2,88,19,17,441,722,801,181,189,505,416,101,128,136,63,241,592,652,674,711,716,107,182,201,327,445,573,673,697,251,287,355,366,587,646,358,517,282,343,401,497,580,686,694,699,126,167,182,443,469,65,116,120,121,291,149,298,568,668,184,739,796,238,439,444,483,235,552,155,719,411,496,611,655,678,498,437,479,715,744,58,81,222,495,524,549,598,809,349,
158,277,248,314,618,714,773,
66,311,344,55,596,627,631,757,795,9,17,20,157,642,797,437,574,662,762,819,
592,750,67,101,279,337,209,141,29,613,522,709,114,208,264,360,382,464,102,262,528,618,747,754,124,210,216,616,677,136,367,430,671,697,812,297,
211,108,176,371,437,640,106,483,269,520,605,783,419,492,340,22,764,777,92,160,327,424,668,785,
189,195,237,657,26,203,259,648,284,448,542,86,583,72,229,97,516,40,778,443,559,79,237,460,560,607,226,129,431,33,463,508,711,802,118,279,384,501,
166,16,683,
166,285,447,
333,30,418,247,770,534,612,810,121,632,634,111,163,333,412,15,67,231,248,298,616,627,695,713,810,109,197,419,117,171,307,714,140,731,570,46,442,571,720,783,153,218,340,346,352,355,691,
450,796,46,
262,214,8,337,219,302,330,391,737,751,809,229,255,319,392,534,561,701,731,776,54,62,108,504,614,631,667,438,720,136,439,246,213,233,244,393,249,527,270,257,219,272,275,344,391,450,616,653,270,471,568,502,74,354,422,533,675,786,657,144,27,39,10,635,109,359,603,638,135,105,193,230,715,762,121,192,438,604,782,545,28,198,450,567,750,784,88,725,768,237,299,365,697,92,
230,81,200,23,375,81,524,91,54,150,208,280,352,769,42,89,121,475,286,612,786,719,111,438,98,710,22,444,145,320,515,622,269,17,576,675,33,570,613,618,796,13,45,125,260,769,198,372,381,400,765,593,422,95,128,458,38,643,19,279,455,504,590,625,814,59,360,453,556,675,715,37,144,290,516,540,125,172,179,291,384,811,178,377,97,205,340,341,373,467,474,89,810,78,181,242,379,639,652,664,665,734,68,269,357,424,428,136,8,808,8,797,720,
280,167,0,121,435,456,636,679,700,75,116,279,420,608,697,178,344,280,465,242,582,756,778,240,222,341,486,599,630,689,773,800,49,55,53,335,728,278,245,7,92,369,699,744,275,596,766,807,10,471,83,450,477,560,707,99,76,189,214,708,743,396,214,648,52,814,142,242,321,131,633,651,731,266,374,418,530,550,84,678,768,300,427,455,522,667,711,716,719,245,647,669,811,151,229,709,797,235,279,348,633,722,762,799,65,78,600,454,458,804,164,7,688,285,733,436,538,648,654,
72,8,189,87,349,558,14,52,388,408,691,781,169,
21,657,708,109,57,275,301,365,390,560,679,789,132,169,527,536,616,330,82,45,124,477,531,532,763,785,226,257,44,62,102,114,263,414,417,603,749,
534,575,655,213,320,348,83,463,595,683,696,720,746,247,251,568,176,408,485,515,564,
43,640,189,188,36,40,539,784,82,303,530,53,643,806,62,181,14,528,755,798,197,740,
770,226,87,15,358,593,172,175,187,216,280,333,395,548,558,773,124,633,640,733,791,
545,310,45,140,190,329,69,87,140,506,105,449,315,497,499,544,262,85,108,317,364,482,541,619,787,343,543,594,
81,183,363,455,325,422,498,313,434,517,681,752,622,583,633,787,
447,805,791,570,78,150,331,491,119,254,286,299,467,496,769,499,543,166,43,254,406,422,430,568,744,83,101,361,542,739,158,253,505,580,638,747,16,
796,370,438,113,339,429,450,14,417,448,538,43,197,340,372,583,593,710,734,786,
498,81,344,772,37,67,258,358,478,
356,8,104,122,358,488,728,819,208,375,539,610,14,800,394,474,545,554,557,591,284,31,721,719,418,424,460,
297,212,363,592,
49,95,164,145,101,114,346,613,184,289,370,204,233,216,284,434,486,191,210,605,614,698,150,248,270,369,410,489,545,97,17,136,289,372,431,4,435,465,542,96,201,215,299,289,716,15,58,84,433,561,128,575,592,718,151,468,645,756,27,174,337,0,484,740,787,798,516,591,15,47,169,310,566,624,33,336,
203,244,63,818,244,334,461,754,181,78,145,197,58,384,391,431,519,766,5,291,311,319,524,0,229,135,161,186,316,193,655,771,23,178,110,332,3,803,398,155,171,471,664,372,492,571,652,603,
179,68,524,
45,390,
342,581,289,
14,377,576,
17,657,220,
544,229,545,449,
15,363,521,
648,152,492,57,
691,798,557,
366,285,322,
349,614,72,772,
440,339,672,
413,524,754,
470,437,301,
326,300,383,
28,262,339,752,
586,400,791,711,
613,754,742,
420,557,45,
762,66,576,
618,300,158,
313,115,81,
549,772,496,
224,63,755,
514,229,609,
604,377,
344,658,583,
311,66,8,
700,576,
513,300,236,
786,796,492,
199,8,
18,711,516,
343,462,545,
136,502,592,
781,72,496,
206,404,548,
176,534,222,
660,609,8,290,
