745,287,218,10,13,390,598,90,176,43,345,434,464,772,796,425,479,582,64,160,207,354,124,63,773,513,685,769,315,324,501,507,554,634,640,665,167,301,423,249,18,101,518,557,564,697,128,65,534,202,456,469,193,522,702,532,244,293,735,748,176,461,661,437,342,471,806,124,58,141,687,166,232,268,289,335,656,787,229,251,268,338,351,529,206,223,247,326,48,414,43,486,530,560,597,209,282,117,558,812,43,28,641,225,235,270,420,35,328,399,605,607,87,212,644,725,744,130,285,625,705,177,295,361,528,562,57,
576,339,14,53,122,371,631,189,330,124,229,20,345,453,249,630,436,39,69,240,198,457,578,696,193,11,479,549,257,802,365,17,488,619,707,150,177,76,501,520,576,592,712,342,59,20,431,137,798,816,183,231,351,416,500,728,330,662,812,21,150,268,562,699,163,200,456,213,144,482,660,680,387,435,72,660,711,793,804,818,590,786,203,222,229,331,433,563,761,767,773,528,577,603,158,668,751,172,444,655,
506,171,788,258,312,441,813,482,633,383,387,438,13,663,208,5,85,352,367,509,248,675,297,705,729,758,802,
249,547,263,412,447,615,695,797,109,191,487,750,322,332,448,682,779,78,367,292,415,503,133,56,772,395,704,797,365,549,678,12,247,269,293,212,398,492,
397,182,204,140,29,298,664,700,718,20,104,328,400,701,766,243,279,590,625,705,566,578,801,222,420,665,786,809,42,56,168,368,435,
567,325,
775,451,25,135,435,532,541,669,262,350,459,494,98,242,263,295,329,394,497,528,558,133,729,274,363,366,430,546,566,
165,140,61,36,71,90,298,86,717,791,64,810,60,336,419,513,121,64,97,26,233,353,368,423,439,468,633,773,157,173,320,519,558,595,776,246,250,517,780,184,240,422,469,604,658,705,149,73,329,708,207,354,573,46,196,552,558,625,597,756,66,168,185,200,228,345,63,381,733,737,189,200,240,507,618,736,765,
193,642,302,101,281,361,496,570,580,601,
647,143,121,113,323,33,28,706,68,340,341,646,657,713,32,193,452,819,74,752,240,183,357,736,304,218,478,144,273,302,362,652,273,428,442,491,608,618,683,794,361,58,445,536,220,657,464,468,469,77,159,297,458,510,724,753,139,186,322,80,734,552,591,145,215,492,805,362,518,47,776,346,492,31,654,277,249,514,529,611,695,766,150,252,353,397,724,298,304,486,719,817,153,163,170,176,219,64,378,628,630,201,217,428,454,275,697,402,553,142,683,207,270,339,340,433,126,512,371,545,212,765,566,12,104,333,378,18,618,651,707,735,135,344,374,620,812,317,207,639,736,
347,61,256,334,351,70,773,56,153,199,488,644,742,56,356,376,418,430,437,471,486,498,818,12,717,750,794,80,256,570,648,660,688,28,115,174,98,756,770,121,211,356,442,713,740,809,355,427,533,620,639,735,663,696,727,752,
25,172,170,158,632,657,711,52,457,536,659,766,20,364,418,677,320,386,669,753,33,137,260,290,322,783,
516,467,3,167,182,439,470,224,503,518,729,721,
204,374,75,167,374,457,468,816,
673,281,721,546,125,347,376,550,415,417,437,585,
672,202,472,1,247,146,694,704,69,205,216,259,504,577,650,44,45,165,500,565,46,358,84,457,467,504,32,720,241,274,323,486,94,486,722,740,761,788,539,287,705,779,121,339,13,50,109,125,131,139,321,759,
281,120,57,374,466,518,719,758,77,82,151,252,550,609,711,772,774,100,24,304,563,689,23,68,248,303,345,680,6,34,153,203,407,642,561,785,319,495,218,361,534,752,776,117,376,385,750,723,140,229,345,405,424,523,552,589,642,657,122,151,203,519,691,17,128,214,325,335,795,7,60,218,222,296,374,588,811,463,494,646,650,56,391,151,189,348,563,661,673,792,426,439,510,579,43,76,541,572,803,70,110,240,297,512,801,
597,279,7,273,220,221,146,198,237,273,334,289,352,402,447,104,470,474,498,587,600,587,704,631,673,691,766,802,53,456,461,742,255,201,317,331,382,791,
586,382,76,287,439,526,629,759,202,657,276,306,454,623,625,201,689,295,361,139,322,432,689,192,230,366,408,724,800,534,
546,570,276,27,105,119,217,142,221,223,465,525,600,96,552,558,579,660,719,99,153,156,207,290,58,656,35,149,199,541,561,158,673,76,124,306,526,614,194,
302,196,202,218,265,301,429,171,48,425,602,642,691,713,715,748,750,791,26,577,225,81,378,109,15,241,341,542,553,732,753,129,159,193,242,521,623,120,433,587,626,128,210,238,397,49,2,202,510,592,651,775,259,401,407,715,728,791,
255,557,638,744,91,134,158,375,394,35,804,157,187,334,241,276,558,26,154,196,652,713,318,480,597,510,125,325,428,519,635,732,
202,745,143,807,69,287,302,382,25,156,159,200,427,625,657,54,119,684,702,40,100,109,48,405,464,691,162,206,329,549,706,180,237,328,411,648,665,702,169,392,597,784,380,529,736,787,249,333,507,749,773,13,763,788,115,157,264,306,329,435,105,633,779,787,114,383,533,586,
794,476,347,525,78,132,206,305,426,204,657,692,720,723,740,210,289,324,468,791,370,236,252,474,685,733,106,242,519,
434,114,257,226,306,450,552,755,792,168,12,766,522,143,203,430,555,796,54,105,54,379,414,669,202,429,
662,442,230,558,117,126,128,206,510,554,644,702,739,768,618,645,309,463,501,541,396,698,733,747,386,475,756,71,178,255,344,404,433,484,530,646,655,
330,87,31,92,127,8,264,293,367,397,184,64,211,330,522,612,50,436,457,543,40,566,604,708,736,786,213,226,266,311,339,433,434,640,794,803,809,289,421,464,605,364,400,629,749,317,148,227,315,603,797,378,631,
20,226,320,611,34,57,110,135,195,282,651,675,84,95,319,277,396,417,557,650,688,771,690,738,763,10,133,208,226,680,707,146,767,305,41,295,408,438,663,105,546,663,8,798,10,40,297,496,582,659,711,528,66,236,644,676,690,769,197,246,700,26,354,515,675,52,237,158,360,534,720,799,504,711,725,369,129,358,587,460,480,534,547,598,651,795,295,389,55,441,31,551,742,66,344,533,766,81,34,230,440,563,607,
638,236,255,193,770,800,329,443,529,660,207,410,178,179,780,420,342,345,261,776,447,56,306,319,373,581,714,47,57,133,365,422,486,695,106,762,
104,143,181,37,88,156,163,258,457,507,56,94,754,101,165,348,77,188,327,439,470,702,726,198,495,632,806,91,136,191,256,283,444,473,
792,129,190,194,506,543,599,607,809,173,
298,318,397,720,148,367,750,430,422,740,796,3,13,153,414,458,513,610,614,84,
357,363,322,657,30,112,398,621,41,436,706,257,336,343,610,87,637,37,166,324,381,558,685,779,615,289,462,615,654,701,57,73,187,356,367,655,683,177,659,13,213,433,61,256,591,
744,160,73,143,172,169,316,405,478,175,234,475,486,130,780,164,517,199,385,507,371,587,603,641,683,41,572,813,67,215,305,327,437,623,677,702,772,248,717,184,439,581,649,789,162,173,376,525,535,553,16,158,275,291,87,679,740,82,100,125,318,352,727,568,15,702,774,204,660,706,134,790,164,2,663,129,255,22,127,90,131,589,423,456,615,635,145,387,101,514,170,177,268,499,513,524,525,799,410,593,
248,167,30,180,162,408,568,628,671,140,158,287,295,303,318,355,473,482,500,525,748,99,247,54,301,658,7,763,65,244,478,534,636,784,801,479,578,622,707,759,407,702,773,200,303,116,452,476,584,755,19,184,379,421,439,623,224,227,366,420,490,561,54,168,453,526,807,11,51,105,182,305,410,481,776,802,
525,163,368,726,630,288,101,333,558,295,310,384,551,733,52,148,166,215,622,411,629,59,718,75,153,385,99,443,25,113,811,791,773,457,153,115,141,355,436,529,609,636,658,745,770,780,148,137,402,764,85,347,395,511,535,574,105,720,365,413,645,749,794,160,141,527,664,758,767,123,34,632,59,722,757,415,450,480,554,584,251,
720,382,2,50,57,180,189,282,330,469,555,697,120,134,566,411,99,771,190,334,680,759,192,35,92,385,303,321,348,381,592,714,794,390,
390,658,254,420,22,440,359,598,714,757,322,336,254,701,353,749,97,812,119,252,476,546,582,631,381,154,235,309,408,474,729,750,25,130,
447,89,249,185,273,406,437,14,539,36,59,73,320,395,520,48,167,315,359,416,598,663,708,129,638,332,384,444,737,50,59,336,509,627,765,
649,744,472,35,125,625,629,325,607,623,7,430,539,645,672,316,351,207,404,549,591,489,654,259,40,668,672,270,322,334,348,472,677,683,684,44,411,330,382,404,690,746,216,513,334,483,671,
469,374,401,243,247,581,
318,298,3,273,695,114,150,339,342,471,656,708,254,298,648,784,395,292,533,674,815,175,201,218,255,262,326,376,380,683,707,41,43,141,387,511,676,709,817,2,267,315,473,528,171,534,585,694,714,762,
181,216,451,104,320,318,552,745,691,399,567,196,254,144,406,502,286,533,621,71,10,242,330,481,625,332,365,797,
477,116,326,114,78,292,406,663,67,140,285,607,25,242,501,565,155,412,635,745,189,267,651,670,34,38,91,811,
643,475,680,12,176,329,377,540,819,767,56,68,189,249,288,578,
276,322,10,41,84,118,123,211,374,442,576,382,642,738,808,55,590,36,115,190,491,674,411,332,417,438,629,775,809,48,192,343,383,515,787,71,82,187,397,402,618,702,724,
472,57,25,118,314,445,448,542,646,784,118,249,252,342,360,649,41,246,297,298,499,672,718,549,616,697,523,687,101,611,730,739,815,719,170,158,528,620,730,237,349,92,493,549,598,706,750,164,604,535,427,539,569,649,773,780,664,711,551,642,671,748,772,328,123,315,312,815,583,675,176,331,464,479,501,670,701,
267,257,190,317,520,767,17,120,273,498,593,751,656,663,708,
273,447,439,206,88,577,620,19,29,98,160,208,209,803,699,420,422,562,528,
382,658,7,586,719,720,78,125,218,353,740,791,216,69,296,418,473,504,606,635,700,336,71,160,227,267,789,1,68,126,526,589,217,741,280,281,506,521,547,554,814,197,257,321,334,145,520,807,813,329,361,447,611,789,804,60,526,81,467,367,401,500,
257,517,434,402,94,742,755,745,809,148,375,378,811,23,171,183,267,436,494,604,14,183,418,569,31,239,723,295,426,540,500,508,533,548,658,668,723,
803,190,330,481,498,570,575,800,195,
411,649,720,276,181,251,309,442,481,486,697,709,
273,360,370,597,292,242,721,166,286,494,44,812,96,109,187,211,355,667,676,699,789,9,48,64,312,515,114,454,257,418,469,494,601,776,41,636,649,695,737,293,417,699,728,792,802,302,21,74,251,346,
348,566,173,86,138,493,507,174,567,514,784,42,17,697,722,747,749,763,224,76,269,279,31,346,370,472,520,567,
642,636,72,177,258,400,753,777,35,218,264,165,459,567,557,306,322,593,765,195,401,433,457,464,507,650,724,819,140,695,284,428,442,12,67,128,185,391,73,142,383,479,780,14,56,413,518,592,679,139,201,232,292,303,353,384,504,537,642,363,320,472,495,236,601,628,668,690,712,96,201,558,714,767,330,36,500,608,735,32,214,227,101,437,708,789,131,224,122,76,755,193,402,463,707,662,730,216,112,772,54,347,631,164,270,441,569,
475,113,62,192,346,620,643,750,8,56,510,163,567,614,692,80,295,363,622,
600,700,680,209,318,325,328,488,
206,662,108,273,175,195,197,366,476,534,767,187,217,309,460,577,
368,89,33,106,626,167,342,390,525,804,322,49,250,279,370,719,761,205,358,74,806,364,102,281,24,13,155,265,435,511,543,589,733,217,69,709,439,178,321,136,274,495,529,716,441,113,738,117,219,474,476,585,650,150,50,456,462,791,305,443,469,540,692,725,352,372,482,585,18,658,788,636,127,214,376,54,545,557,802,112,328,236,362,363,667,811,114,184,475,511,543,805,129,160,247,389,637,103,180,248,275,354,643,692,158,
3,580,318,
633,202,521,
114,719,318,163,246,566,809,7,319,673,48,78,473,543,562,68,132,226,234,255,480,496,529,720,
562,576,341,9,212,352,421,454,575,674,810,60,177,337,341,707,719,0,564,775,657,60,179,187,220,309,472,598,643,670,19,29,67,133,196,692,722,324,
680,177,20,324,123,289,308,69,103,139,282,326,492,493,533,4,647,685,781,797,92,140,180,308,342,660,126,434,696,171,502,311,326,366,633,702,796,311,251,294,422,536,637,689,289,697,722,805,29,300,323,400,124,379,513,681,93,113,400,335,572,600,603,780,817,819,422,593,614,813,371,
657,281,42,21,144,160,318,321,427,498,654,761,263,108,127,326,381,406,407,443,512,555,340,688,388,539,761,787,557,31,342,362,533,610,562,66,432,512,146,597,654,709,44,139,321,473,517,776,
93,97,262,4,42,553,119,141,395,394,477,512,581,4,316,323,442,146,671,767,789,340,442,688,35,340,490,655,679,733,767,235,276,380,440,192,684,752,773,202,308,175,503,27,37,311,326,430,668,733,221,269,400,471,548,581,19,458,765,164,22,231,339,393,413,638,33,132,156,159,592,174,229,287,292,349,588,620,663,676,195,378,605,683,25,238,408,411,569,811,749,
274,324,307,368,366,215,296,380,87,663,456,492,641,724,745,812,107,115,117,359,545,447,803,96,347,390,759,796,260,27,461,463,664,173,388,628,664,810,103,181,399,646,360,77,521,611,725,749,146,299,324,389,376,391,419,452,467,483,564,616,368,442,487,518,674,786,
719,382,407,511,460,619,634,600,114,118,217,344,461,468,26,19,83,98,304,300,219,264,762,796,11,78,128,403,410,570,739,172,385,438,463,537,698,703,747,467,51,127,273,297,528,599,21,62,175,264,414,639,212,587,627,369,68,
325,567,649,26,82,167,582,714,341,686,725,802,94,396,426,261,633,799,814,743,233,319,588,184,483,506,520,596,692,
488,42,143,189,267,315,465,632,76,62,135,407,505,697,333,543,553,715,741,112,116,173,397,102,725,125,139,550,618,467,30,221,385,529,532,511,
658,234,782,509,48,141,214,223,352,169,681,2,405,784,384,433,586,282,435,548,701,736,49,106,226,348,449,523,648,547,188,587,784,505,263,330,382,394,263,509,226,101,102,555,760,5,115,229,320,330,383,390,343,591,397,451,472,565,311,397,598,615,129,130,165,202,736,764,805,153,176,229,257,356,101,164,572,611,644,736,446,184,242,329,467,107,573,737,747,442,62,606,674,802,199,213,418,482,642,722,176,193,374,487,732,247,
249,144,597,79,554,305,274,698,754,559,578,274,708,728,745,286,347,442,479,658,774,162,262,464,90,190,3,692,59,67,499,556,659,740,120,111,167,530,750,73,579,601,623,133,233,237,597,769,117,376,455,676,125,737,756,762,764,784,319,379,460,461,561,222,138,508,568,763,813,162,505,584,797,3,51,178,149,609,616,364,399,417,527,674,
283,135,77,94,135,186,203,208,221,279,728,541,0,561,646,808,124,277,711,17,34,353,106,335,274,563,664,122,678,97,731,761,259,400,410,726,172,202,354,16,809,313,698,715,156,218,31,299,312,29,516,547,810,98,113,159,214,226,273,4,640,691,116,196,305,456,616,644,170,362,366,138,654,483,597,677,782,102,309,310,356,48,90,132,334,430,691,786,193,232,265,361,501,525,74,397,475,508,711,728,
433,2,70,294,58,547,555,788,646,705,164,349,597,446,546,105,449,638,697,42,223,425,470,551,752,86,264,484,567,683,
566,397,348,
788,278,94,370,506,172,445,562,593,700,180,303,327,674,689,732,74,121,141,148,682,708,31,818,194,290,313,336,565,65,194,246,249,292,404,547,563,439,
390,274,140,180,170,197,363,683,195,379,334,657,753,476,543,96,208,454,653,667,690,193,620,783,22,158,217,281,308,601,605,783,
323,467,153,80,337,453,668,670,696,
689,250,570,583,
62,264,475,82,21,211,221,246,416,642,665,228,239,298,714,786,
143,744,576,538,353,466,184,202,287,150,676,708,768,80,109,224,325,5,745,99,360,405,222,383,131,678,50,169,212,597,723,738,761,58,89,499,104,302,710,488,107,556,497,644,769,609,253,3,342,756,68,75,80,101,278,311,554,589,601,678,687,804,85,305,512,523,630,35,132,253,394,509,630,431,
192,475,364,138,197,523,626,661,721,720,578,776,779,328,670,57,376,419,527,658,709,768,601,
370,7,142,166,117,225,273,373,739,788,43,109,417,418,11,479,488,4,117,141,356,190,387,42,493,404,54,668,249,660,757,818,159,281,462,483,385,577,696,790,125,490,157,680,780,128,794,185,384,585,130,201,259,384,392,684,720,
617,94,674,28,482,709,733,14,68,155,289,420,457,648,124,708,759,798,181,270,515,704,741,745,75,138,282,307,313,345,148,455,490,518,696,745,33,374,419,538,628,645,711,7,47,175,178,255,256,268,285,388,449,494,563,710,105,18,346,706,714,349,509,639,345,429,701,710,711,258,82,640,771,308,318,443,604,791,31,100,102,158,168,349,386,558,650,139,282,431,522,391,500,603,684,704,707,811,35,43,97,219,512,616,267,107,156,407,422,443,491,35,567,691,151,218,282,373,635,143,254,676,762,37,119,209,223,250,480,87,172,460,472,624,496,479,601,801,352,381,551,707,720,81,208,11,33,270,494,690,799,
648,347,557,777,31,188,199,307,308,716,753,256,288,708,732,
118,276,59,607,708,181,186,219,360,6,179,239,335,148,38,339,364,373,567,568,733,745,
244,248,245,64,467,477,641,370,170,343,363,674,723,726,733,502,733,753,179,332,387,499,206,315,460,687,710,
371,557,813,69,115,119,228,39,690,713,770,62,195,446,476,610,696,697,62,71,227,399,768,777,793,486,497,541,589,632,685,721,17,243,296,566,189,774,116,264,544,555,659,737,771,300,354,358,503,84,637,359,543,548,586,715,
451,39,154,49,29,188,709,732,319,812,148,361,541,13,613,647,147,181,281,354,814,302,441,104,710,39,223,425,491,529,391,618,580,656,666,771,775,783,150,155,3,382,612,691,790,198,252,275,343,492,360,534,651,744,749,109,356,54,605,740,804,810,130,279,482,636,647,15,30,139,534,574,609,613,744,764,167,279,425,661,759,120,577,
813,15,174,474,27,200,107,269,270,785,426,260,740,91,41,195,303,486,476,717,90,244,380,556,118,129,133,43,396,744,809,577,113,225,303,329,413,541,325,519,597,629,702,789,686,700,214,230,367,719,729,816,29,202,207,285,354,265,98,606,745,774,212,27,292,340,691,770,26,633,33,177,506,567,458,574,0,811,80,486,633,529,55,180,187,394,264,588,812,101,113,223,307,371,662,195,210,293,483,562,659,721,757,40,42,94,113,216,224,290,159,379,426,487,523,204,17,361,437,612,642,649,705,707,781,559,609,740,743,2,128,207,22,66,88,240,294,376,575,344,44,126,219,450,603,32,139,159,382,12,444,638,811,494,593,680,
26,255,719,
165,642,421,242,46,491,225,252,392,501,554,582,678,744,330,384,25,82,4,574,587,146,72,136,207,243,308,383,440,455,503,592,610,372,580,17,632,218,807,21,85,61,465,711,123,198,400,124,167,435,539,212,659,688,15,633,768,475,632,687,756,212,232,318,367,468,180,605,
401,116,88,322,636,260,288,436,501,719,730,307,322,26,488,804,352,182,289,400,543,689,31,105,295,376,627,653,705,790,704,187,244,249,307,421,203,657,732,789,295,300,469,482,519,328,431,590,182,67,198,265,225,289,402,513,699,49,120,312,381,419,440,85,
598,562,447,
352,597,131,289,578,602,739,104,493,107,715,763,304,428,307,352,740,237,450,
767,267,206,399,226,
144,181,304,572,745,759,
322,94,81,132,51,184,357,430,454,503,602,401,95,154,522,415,472,665,706,714,727,787,59,311,49,657,75,84,131,276,464,549,18,323,425,611,375,393,541,159,172,729,156,113,115,277,573,600,738,79,368,549,621,790,424,448,247,468,649,203,246,476,615,710,
190,274,376,232,267,313,459,461,538,792,803,405,412,550,737,57,256,216,630,654,788,792,260,321,343,348,354,486,328,649,581,632,654,770,
547,42,68,71,290,725,743,187,358,172,761,700,173,123,195,203,213,432,437,511,526,568,622,249,
374,540,101,48,49,117,131,454,494,579,641,648,742,578,9,624,645,694,469,670,734,756,204,300,329,466,553,697,580,636,666,751,169,441,618,786,84,402,535,656,695,
57,439,720,203,307,439,644,710,742,215,369,460,683,103,41,164,491,313,409,642,745,
580,167,132,102,134,278,310,110,3,90,93,273,370,624,751,164,324,101,427,631,135,263,446,503,638,758,
153,347,414,591,60,323,661,756,133,332,350,391,576,649,63,192,540,546,772,
593,88,476,238,320,665,386,496,563,222,396,426,544,803,29,219,135,392,416,497,519,801,415,584,731,169,205,645,386,489,527,105,570,576,493,702,801,804,128,218,345,391,418,482,685,735,746,191,250,313,509,
3,249,516,298,
467,476,244,9,83,119,206,322,323,389,623,719,132,354,491,523,529,533,764,382,796,234,706,785,817,716,
533,467,347,
42,559,55,125,238,256,42,657,486,189,292,387,177,449,745,612,44,103,296,91,332,638,672,760,296,107,497,688,337,720,748,794,348,60,320,365,631,661,212,252,316,358,382,742,70,121,177,447,
61,230,177,347,165,284,435,77,684,37,22,70,124,156,297,716,760,767,796,357,630,503,733,32,365,483,538,544,819,40,334,76,386,474,759,787,260,470,501,742,786,809,8,416,509,527,687,80,139,479,555,653,309,265,337,361,447,630,666,731,758,175,221,256,268,390,510,273,292,149,305,592,620,647,804,344,393,483,10,764,456,810,207,292,561,587,733,357,
173,165,259,32,177,549,576,756,767,300,274,784,307,348,752,271,342,381,662,664,273,467,621,147,262,318,746,547,382,441,772,288,143,2,58,109,237,364,800,792,
557,371,88,428,72,170,187,293,500,294,698,263,76,126,313,402,406,366,554,692,95,128,238,255,330,581,202,23,48,62,116,128,154,553,664,441,448,533,626,752,765,648,655,724,657,669,28,205,581,627,675,362,234,247,291,547,581,635,674,713,775,34,43,104,202,360,467,515,551,680,163,82,85,411,422,580,
412,477,273,391,528,
721,273,552,673,792,105,116,500,587,644,246,486,606,654,687,801,516,
476,51,92,448,593,45,100,669,141,476,247,78,361,395,575,39,767,816,278,479,482,521,439,339,677,769,681,218,256,270,353,454,489,621,788,114,202,235,54,556,643,683,724,771,139,253,336,794,403,766,786,289,466,469,815,43,147,279,460,63,543,548,581,753,378,272,543,756,811,318,561,735,
561,31,762,144,251,480,530,610,664,689,693,764,136,370,706,816,
267,326,32,268,68,62,818,80,178,200,45,448,493,565,484,144,236,479,543,801,403,460,101,629,740,789,544,656,75,231,308,393,13,374,387,416,504,591,662,750,752,164,398,408,122,283,646,472,51,657,816,197,332,493,518,606,505,743,502,532,239,170,218,748,389,676,763,538,120,400,552,571,636,710,723,753,773,689,251,256,257,265,754,201,488,7,72,766,767,812,318,198,115,282,361,97,53,431,581,621,743,264,336,686,733,51,217,259,299,333,344,665,681,703,35,308,453,521,560,683,246,51,131,188,255,260,351,509,516,608,41,49,374,561,667,163,289,365,607,621,715,723,466,640,543,626,238,347,594,653,722,151,285,317,329,386,706,273,435,470,488,799,383,471,106,549,644,221,696,737,155,158,284,83,136,216,155,33,487,491,554,628,178,171,437,484,560,618,404,655,684,224,262,496,801,414,61,739,741,211,300,342,367,511,641,200,272,478,72,74,260,384,424,791,197,226,287,293,377,742,2,124,343,546,585,707,711,17,56,176,204,377,437,480,520,675,0,736,758,270,485,619,638,98,247,408,198,46,559,677,758,771,213,322,475,657,716,263,596,
326,338,445,290,242,295,477,816,506,643,731,346,740,19,23,144,277,378,450,462,597,254,227,287,345,412,431,448,683,133,584,656,47,818,355,457,661,305,429,521,599,762,797,
221,8,124,429,448,494,593,620,729,57,75,453,472,484,503,609,804,819,568,76,597,122,197,5,278,337,690,749,53,71,186,388,438,559,33,171,388,144,24,685,441,702,582,620,194,212,229,602,723,759,431,516,728,782,165,224,284,431,456,512,705,752,815,
182,366,306,37,239,395,433,497,280,742,179,176,529,737,745,200,480,353,468,544,614,767,66,95,152,201,271,40,142,181,277,370,397,688,694,719,127,286,417,446,485,534,134,272,392,754,791,467,534,776,818,45,73,84,149,197,269,326,521,753,185,241,255,429,503,620,31,809,80,465,607,401,201,327,352,522,19,120,163,178,254,562,810,193,208,517,635,671,
306,182,200,161,226,790,264,273,732,725,118,168,207,328,316,417,429,530,653,417,683,806,806,79,446,706,730,744,18,125,274,536,596,603,306,386,474,519,540,666,102,320,541,192,283,286,334,340,350,690,
762,719,265,346,683,147,561,707,6,159,224,559,305,53,605,722,382,534,661,638,56,715,
296,439,591,669,743,155,458,633,660,0,231,298,330,659,656,43,253,443,498,722,767,530,268,156,83,795,569,71,604,653,133,419,505,657,206,337,
421,64,259,86,234,32,434,679,812,51,165,350,399,547,638,689,719,754,41,803,269,402,429,456,706,159,128,390,431,394,668,380,681,104,355,680,804,174,289,309,386,671,766,65,217,229,570,592,648,677,728,76,85,282,422,93,314,15,726,107,275,622,742,221,274,88,402,599,695,241,390,434,561,671,721,252,276,568,570,74,83,120,288,495,564,668,693,792,591,19,35,131,631,723,807,
202,557,586,40,300,40,610,757,225,457,732,146,273,377,516,275,711,
439,476,296,360,57,310,394,751,273,619,697,175,735,131,135,215,449,549,666,30,298,424,599,98,60,420,581,666,734,771,799,243,562,639,697,
735,642,58,439,17,151,186,205,784,151,269,358,681,1,251,416,529,86,172,278,350,371,770,809,
25,525,775,42,417,497,755,800,260,324,488,806,807,815,
720,42,794,298,2,63,208,513,521,661,
337,85,42,384,430,643,
591,97,230,232,243,280,32,542,444,464,4,40,139,279,514,619,819,676,10,130,141,158,10,358,404,103,443,152,499,420,491,504,578,49,312,341,399,493,707,762,110,685,253,222,20,498,568,594,607,776,260,299,329,366,595,628,800,550,661,719,748,19,198,340,516,577,605,122,80,795,223,452,466,752,199,614,617,733,509,69,197,435,657,66,361,594,738,749,176,318,239,312,333,609,760,808,112,145,184,296,70,490,708,658,100,228,349,485,506,724,743,46,340,403,455,153,233,23,52,212,466,489,543,569,672,799,62,67,219,339,396,549,568,569,718,329,20,54,128,183,738,47,172,576,807,617,318,260,405,408,461,505,546,626,755,421,193,148,184,226,547,578,642,727,799,357,584,
288,6,401,140,381,476,175,643,229,247,442,359,361,510,337,602,663,312,454,599,641,42,525,458,478,195,513,550,697,716,421,22,24,315,302,308,326,488,734,772,178,173,390,554,700,
467,672,182,57,153,172,516,732,194,349,352,97,256,303,361,452,794,488,31,175,432,719,806,
140,155,680,222,390,423,654,28,171,225,395,598,777,783,33,43,147,478,682,105,798,116,269,272,283,373,518,598,799,195,312,357,500,138,177,383,390,812,215,248,817,379,413,431,439,503,683,153,202,236,298,735,532,
112,159,525,346,314,5,114,165,312,685,319,6,198,277,141,259,718,558,800,1,639,746,766,300,178,396,483,739,746,55,126,10,352,367,419,113,168,415,493,519,555,744,92,67,299,340,575,717,748,92,284,432,439,554,672,696,749,67,53,195,353,357,430,456,561,606,640,288,314,56,676,62,99,130,797,225,279,304,437,549,359,724,109,642,377,382,262,446,587,599,513,471,64,302,530,771,728,90,364,690,66,240,504,781,106,291,363,378,398,605,625,665,788,54,229,278,543,87,313,539,784,468,42,245,309,310,363,415,726,188,186,211,245,258,321,354,483,644,686,792,551,229,355,378,121,573,605,657,678,515,319,540,576,351,631,686,103,292,342,380,630,231,88,674,702,55,629,323,331,265,123,632,732,591,126,332,339,430,654,549,720,803,271,295,357,539,570,790,800,307,409,635,169,13,812,50,499,183,501,504,625,658,144,313,456,544,545,35,708,606,708,299,453,139,198,237,289,326,359,442,520,711,32,309,473,167,197,113,334,312,21,126,291,413,560,724,368,44,88,106,364,370,496,735,502,463,311,576,618,475,82,632,383,392,532,
369,719,57,
700,788,397,8,600,660,65,726,547,819,44,316,530,149,260,
521,230,182,633,767,78,340,399,409,701,785,
439,248,57,230,330,81,709,807,272,530,638,768,788,
49,296,129,132,85,396,594,106,669,732,163,410,419,462,630,109,131,178,479,489,413,251,315,400,550,695,766,33,418,539,92,220,744,138,224,387,291,568,748,429,444,568,586,740,554,675,777,1,192,277,347,425,81,623,634,693,712,718,797,401,466,682,358,559,580,274,739,335,472,510,754,710,78,626,13,292,10,492,607,609,167,446,
230,162,760,367,662,606,312,10,184,403,480,591,518,221,76,658,695,757,301,330,334,567,694,47,177,252,322,346,579,46,109,272,362,375,457,517,694,183,189,206,318,51,417,815,383,387,775,797,806,114,221,306,662,
264,330,306,40,551,808,62,94,127,402,532,2,210,107,244,530,624,710,754,623,174,458,646,
767,643,521,
273,318,306,142,247,327,640,753,32,53,84,397,602,678,755,498,272,544,412,387,199,420,745,328,307,322,441,476,613,694,
167,368,729,394,494,506,813,653,395,457,53,212,322,205,248,316,556,578,606,687,39,201,218,328,41,140,16,500,507,741,770,502,735,263,337,459,486,504,596,644,585,580,617,651,809,1,46,99,154,309,579,212,238,483,554,78,66,179,224,302,548,239,391,615,
749,330,348,444,47,75,121,447,507,702,772,93,
683,318,649,32,762,9,24,337,438,574,761,211,558,585,675,815,58,456,
88,273,
163,475,182,557,
328,273,472,192,
653,390,296,
796,298,467,
247,249,469,658,
716,648,267,467,
588,325,
670,477,192,
260,591,190,
136,104,561,
208,720,182,
610,298,
106,794,638,
30,488,
529,114,488,
51,248,
670,472,323,
386,25,662,
307,648,352,
722,562,525,762,658,
426,257,
237,173,352,
453,323,
772,749,153,
709,192,411,
460,206,244,
440,401,20,
158,390,576,368,
503,580,516,
720,370,114,
260,25,25,700,
