75,549,781,756,35,563,1,657,717,513,726,170,471,521,632,682,
134,23,276,38,60,403,108,468,761,280,436,443,514,547,599,768,410,503,711,164,211,421,534,612,623,60,128,607,275,413,480,602,687,344,510,786,138,168,201,277,766,18,132,512,775,150,277,253,24,498,555,642,695,31,86,688,13,36,71,79,201,285,393,420,537,577,727,
458,46,161,632,605,60,273,188,357,412,528,614,758,229,251,330,607,665,165,569,606,738,604,516,87,236,387,543,578,703,64,73,199,373,421,457,584,701,796,52,221,468,580,598,632,735,178,457,574,661,779,791,84,148,194,342,438,532,535,548,574,689,32,147,210,249,280,338,342,645,88,468,219,295,425,434,568,769,76,673,682,688,269,369,580,649,5,50,269,285,461,479,610,623,776,144,23,189,367,51,461,377,413,719,7,61,211,222,341,421,454,534,762,457,249,474,570,678,462,533,564,237,660,675,732,638,341,547,275,538,699,219,94,111,132,378,499,87,96,144,239,241,614,807,101,170,417,484,300,463,582,804,132,353,422,515,731,751,227,
117,386,731,275,762,21,294,465,645,
62,4,72,96,139,210,370,813,819,115,140,257,1,70,104,319,394,588,181,177,306,314,356,593,141,813,223,277,525,531,651,
248,193,428,294,372,668,735,758,809,306,147,210,54,678,69,582,119,368,32,274,411,713,759,812,72,401,345,254,465,76,87,269,296,356,432,454,517,575,51,588,650,791,102,444,651,785,215,394,20,731,356,376,527,712,769,797,222,171,378,421,577,202,250,342,401,719,257,781,14,169,204,220,257,588,624,654,396,20,207,246,490,525,685,814,6,124,154,12,71,203,271,741,164,277,450,673,13,70,132,250,453,464,16,85,10,308,354,524,593,119,352,408,476,
386,22,331,17,546,302,306,748,781,689,726,56,129,239,266,24,35,173,439,613,786,117,153,426,543,94,655,745,112,83,428,755,34,54,78,410,423,488,528,191,562,73,355,437,585,772,
451,35,17,255,517,554,748,121,300,462,537,542,606,774,214,474,488,520,528,633,188,423,461,567,110,199,474,579,773,435,711,733,100,691,725,810,363,736,281,364,98,573,740,73,367,476,730,264,270,313,162,79,436,553,606,804,224,390,446,611,374,37,585,700,87,89,471,622,407,177,132,330,542,555,590,594,601,786,
271,108,88,114,477,341,399,443,556,574,740,452,491,551,
91,354,797,486,242,474,648,
711,65,11,19,458,557,812,39,501,624,
471,457,596,105,135,59,429,615,618,54,133,53,314,468,700,817,617,458,542,801,101,404,26,118,195,322,369,163,606,106,289,175,365,688,693,699,523,528,203,244,167,513,700,805,432,542,236,264,57,368,649,36,117,185,325,363,469,512,563,727,803,140,223,46,443,446,475,497,557,631,213,261,284,224,708,283,804,
305,205,224,21,55,98,160,243,387,457,574,670,752,
680,231,10,513,519,544,638,688,798,815,530,317,433,726,547,207,281,371,386,459,706,33,67,135,153,336,184,632,519,156,53,350,280,545,566,596,712,721,755,
591,354,230,122,243,280,32,542,444,464,4,40,139,279,514,619,819,215,676,10,130,141,158,10,358,404,103,464,446,499,420,491,504,578,603,
369,83,306,74,9,332,365,732,69,703,730,3,779,310,337,488,504,526,580,773,192,637,277,279,353,394,547,611,789,171,191,389,669,793,384,819,214,330,367,509,804,159,291,423,446,558,755,175,388,700,86,346,415,503,676,
276,36,173,69,104,134,173,292,527,615,423,479,144,164,274,698,107,237,418,628,70,257,331,99,616,651,682,707,729,746,360,424,550,597,767,406,681,69,533,623,233,294,398,502,44,514,618,669,191,259,657,787,257,383,435,39,173,227,236,161,583,627,80,101,464,146,236,534,671,757,220,213,348,505,520,149,639,717,734,535,608,666,626,732,737,
756,693,5,121,152,193,197,641,728,75,665,123,180,206,255,708,199,250,254,383,417,813,192,444,662,73,457,46,
479,688,369,177,459,110,289,291,564,634,764,209,415,813,
152,646,114,48,159,18,415,471,597,102,258,369,405,636,691,130,671,721,303,311,15,375,392,440,492,692,694,11,17,113,150,345,351,447,485,638,772,786,54,183,496,537,357,532,547,588,332,744,673,728,137,157,268,189,712,204,206,334,541,169,240,567,573,771,66,354,485,523,646,695,316,508,162,264,349,592,689,709,749,177,453,509,583,657,659,759,0,36,138,151,238,241,349,444,47,170,546,688,689,1,443,394,137,296,72,589,640,115,276,343,351,354,426,433,553,564,572,609,227,639,112,256,314,375,400,447,715,638,245,265,513,809,816,
88,271,90,675,63,332,369,528,589,727,690,712,714,769,215,158,121,2,737,801,725,
679,54,20,441,100,643,662,802,90,106,110,304,60,775,787,175,369,377,379,435,467,478,143,572,816,610,540,147,712,788,332,479,551,21,77,138,140,147,458,276,615,658,783,32,111,442,511,548,361,290,309,488,599,659,776,784,93,501,558,73,214,432,618,634,144,180,289,522,280,249,573,577,643,707,76,290,389,453,454,702,722,
613,47,213,725,50,324,327,508,540,561,610,658,279,818,481,542,144,260,345,382,426,427,536,165,675,692,71,604,659,691,183,331,690,45,676,
170,549,184,725,409,234,728,214,221,161,787,102,416,497,621,671,683,707,771,73,246,400,588,724,810,815,0,239,267,313,421,614,643,80,405,422,504,769,777,119,266,345,593,725,126,284,90,611,328,707,429,704,742,183,68,419,465,585,600,79,700,373,471,367,713,732,483,434,481,482,223,650,691,538,203,301,24,32,269,123,310,347,435,450,48,290,388,407,543,705,11,108,319,622,769,140,787,138,154,382,572,713,595,624,152,162,276,51,730,757,278,477,517,37,590,424,114,116,356,550,626,
376,662,562,382,430,601,604,606,40,87,146,560,605,686,
464,110,513,259,64,119,238,242,447,244,439,172,288,371,402,416,126,292,596,591,618,141,374,613,322,631,709,803,
37,7,192,302,308,782,71,285,342,101,784,187,24,461,466,567,586,369,793,337,567,625,191,353,529,155,232,457,472,508,534,553,578,187,364,368,424,656,
347,613,341,1,159,178,575,688,719,
6,114,183,52,137,268,269,357,398,643,783,818,409,435,532,796,208,308,623,655,729,753,
636,279,152,254,748,15,66,170,411,290,184,534,651,77,115,58,572,714,502,255,128,239,340,506,19,56,61,69,89,267,65,441,658,579,582,645,144,11,166,416,52,375,715,271,429,439,442,454,660,680,759,814,28,213,263,485,627,746,806,218,458,584,92,784,786,634,287,60,387,118,186,374,403,600,753,65,26,26,238,501,690,112,169,194,447,464,470,679,760,176,294,662,737,2,113,384,592,596,
526,543,752,745,0,300,508,509,579,592,501,782,306,356,362,32,504,579,782,
119,79,170,26,45,239,307,340,261,421,505,534,614,437,521,690,736,32,474,542,37,73,509,613,639,667,679,714,106,475,537,573,596,227,522,625,10,527,
46,231,617,714,756,
797,273,153,284,30,386,433,479,581,601,289,346,91,204,266,394,479,611,619,678,694,771,291,308,418,75,514,558,247,279,343,572,612,654,30,519,
487,90,337,219,340,79,102,0,209,373,376,549,301,214,432,446,489,560,677,704,135,305,405,323,516,545,561,67,702,801,313,196,574,666,702,778,199,202,24,63,223,338,456,475,202,399,819,1,150,154,273,276,308,444,450,728,733,769,120,402,703,799,22,287,486,761,247,463,532,724,82,457,759,812,2,152,275,93,704,79,134,144,198,450,624,720,817,96,423,453,106,137,310,344,187,624,756,783,303,139,613,755,758,808,817,54,813,153,271,369,815,
612,589,3,219,507,511,13,165,183,781,787,421,317,168,329,0,381,506,538,552,441,684,542,202,218,311,459,793,4,92,131,205,627,538,559,
113,11,244,104,136,179,597,287,195,407,443,475,604,301,559,11,191,288,422,564,586,596,727,774,301,434,503,639,12,370,371,623,6,578,249,284,537,442,494,806,167,55,515,540,236,37,431,544,593,136,396,420,68,506,537,558,746,247,254,168,776,35,236,321,429,457,476,559,565,619,682,746,808,152,462,529,123,336,129,607,769,299,438,686,710,756,49,178,198,519,542,768,
203,577,170,144,242,45,384,707,149,386,676,776,126,654,215,250,474,618,684,747,690,592,624,775,112,53,94,255,405,421,445,567,745,75,396,567,
813,62,183,474,27,107,269,270,785,426,525,740,756,41,195,303,486,476,717,90,
153,382,90,95,643,136,96,161,208,271,344,743,745,797,414,579,583,628,688,183,251,329,399,3,483,494,539,664,780,257,401,666,187,447,607,810,330,127,773,283,97,426,273,
458,679,41,105,144,226,201,610,679,6,278,353,688,112,136,259,270,457,528,17,214,552,637,774,208,270,
613,37,157,209,261,216,40,47,66,75,312,322,347,423,618,98,143,207,427,615,690,734,81,31,454,485,496,614,327,483,639,737,775,
805,471,236,15,296,445,538,611,667,94,162,258,289,586,816,331,639,
135,369,754,124,
545,354,373,308,418,442,644,543,
185,34,688,57,233,361,398,410,630,636,819,95,142,362,774,541,39,220,63,463,547,709,759,13,42,62,205,318,
369,471,115,407,436,476,594,637,685,707,815,818,55,135,479,662,239,279,587,126,73,555,4,710,818,604,696,528,798,
688,153,680,283,445,479,192,671,397,680,692,256,464,671,2,29,72,107,123,216,228,183,94,490,651,
603,599,65,3,36,104,140,145,551,574,
267,326,32,268,68,62,818,80,178,200,45,448,493,565,484,144,236,479,543,801,403,460,101,629,740,789,544,656,75,231,308,393,13,374,387,416,504,591,662,750,752,164,398,408,122,283,646,472,51,657,816,197,332,493,518,606,505,743,502,532,239,170,218,748,389,676,763,538,120,400,552,571,636,710,723,753,773,689,251,256,257,265,754,201,488,7,72,766,767,812,318,198,115,282,361,97,53,431,581,621,743,264,336,686,733,51,217,259,299,333,344,665,681,703,35,308,453,521,560,683,51,131,188,255,260,351,
146,781,647,55,215,242,418,436,476,601,727,776,456,687,722,811,
384,251,194,42,443,545,52,174,179,181,213,221,712,707,638,819,785,80,232,321,370,471,728,788,
300,126,353,262,340,489,651,360,16,46,68,314,477,631,639,675,209,212,394,463,611,617,682,216,290,294,524,592,289,681,778,394,417,467,537,619,693,744,369,413,260,606,626,696,297,587,764,33,129,215,442,529,641,17,53,211,354,219,496,502,547,578,750,493,498,776,460,644,654,181,324,362,417,525,624,
511,612,359,84,623,740,135,234,447,457,557,509,711,756,770,669,752,48,350,506,618,710,773,
589,244,693,382,553,58,279,525,589,612,629,676,461,513,626,6,241,248,251,560,608,704,781,166,167,546,599,609,784,64,258,386,515,541,306,149,324,364,373,393,421,483,180,274,363,403,572,594,686,710,149,307,359,507,767,774,277,299,
636,294,185,76,387,425,677,320,451,512,86,503,780,788,
788,34,234,285,113,373,392,701,755,199,292,330,9,447,59,64,441,258,688,37,172,256,95,718,778,108,401,436,513,27,767,97,621,765,281,345,360,510,528,92,675,683,765,118,508,599,662,686,687,218,237,455,591,813,97,295,444,487,544,696,812,118,215,230,284,340,657,261,166,333,534,779,183,87,217,225,584,780,42,584,705,733,737,512,219,712,770,45,52,91,126,172,486,560,652,690,803,
777,248,343,269,289,542,543,482,101,565,613,758,618,778,38,396,551,241,760,819,
469,647,774,79,295,494,542,545,567,640,665,742,760,68,122,249,450,237,286,576,603,632,210,315,319,755,768,819,
592,781,300,36,95,202,343,527,689,714,799,154,404,604,78,202,459,611,655,100,704,168,774,800,375,115,122,234,517,711,251,277,307,375,496,439,656,667,700,311,
725,379,443,470,678,706,729,226,146,10,180,544,551,558,706,46,121,43,89,96,262,307,313,388,751,87,644,706,201,215,508,808,639,59,534,661,224,255,302,378,558,332,571,765,133,82,438,645,707,708,66,86,282,341,661,232,732,800,667,90,535,602,717,175,144,170,672,95,639,672,619,512,115,25,479,806,93,286,698,38,64,154,233,294,418,531,604,767,374,149,465,557,83,107,270,281,314,462,52,169,532,536,813,48,150,395,434,592,127,61,110,167,265,372,422,438,11,568,678,772,142,258,332,463,517,142,26,455,163,725,782,575,661,773,795,798,24,442,92,744,759,818,100,223,341,308,520,578,624,701,91,446,285,1,522,647,613,40,154,249,505,592,746,815,346,64,806,272,363,281,547,630,745,257,817,301,373,600,703,705,173,48,171,475,757,764,604,275,287,188,582,611,788,808,478,491,521,641,672,
549,291,179,45,132,371,294,316,167,380,169,452,582,70,726,60,473,293,492,495,173,595,717,185,567,650,666,59,314,668,723,209,290,323,574,681,218,654,21,148,430,437,458,734,789,57,61,141,212,584,767,32,52,522,558,658,691,709,735,487,0,12,40,207,502,135,398,67,534,668,454,789,548,232,311,368,173,569,590,750,803,471,577,410,800,587,713,801,39,777,783,23,228,360,169,459,60,164,2,101,217,273,276,366,544,677,73,151,249,446,660,41,121,138,328,459,520,665,754,266,417,515,132,659,759,803,155,220,353,671,751,794,310,459,541,72,233,716,
41,209,0,169,219,275,321,376,318,400,504,558,579,647,699,744,70,442,568,618,672,702,158,315,407,493,669,92,170,776,786,476,34,727,813,555,778,
577,203,672,205,417,690,708,
3,434,98,418,487,652,683,744,792,55,603,293,335,681,688,145,287,696,146,180,293,318,
426,153,106,
158,41,29,13,424,477,553,638,737,278,416,489,532,587,666,30,740,113,362,
199,756,693,215,
205,152,224,445,700,260,292,305,340,806,66,148,506,525,658,382,456,546,671,752,9,163,316,419,778,37,243,388,417,626,669,103,159,782,801,
255,269,451,42,176,80,84,103,155,324,337,348,508,518,399,493,690,44,20,25,441,671,802,370,395,471,542,701,727,60,134,192,233,315,519,184,795,119,576,800,197,121,263,72,265,417,543,57,260,273,314,321,541,173,432,558,649,663,721,768,784,106,135,159,162,190,435,614,688,696,780,188,243,264,445,770,
792,599,112,317,368,46,106,195,198,497,599,791,55,137,153,263,394,632,633,159,326,283,470,538,186,595,813,421,471,497,512,577,20,790,126,506,600,812,
525,418,813,350,424,593,601,667,719,322,
341,491,495,30,102,124,321,356,376,428,106,146,184,440,574,422,688,435,69,447,547,88,152,402,439,475,608,28,211,214,220,405,547,654,665,143,398,215,549,486,805,785,93,362,619,724,258,314,528,661,110,154,183,196,254,500,593,802,53,282,307,402,460,584,646,784,395,482,550,575,188,282,320,618,725,788,370,431,212,593,701,458,118,270,22,377,381,550,347,441,533,818,48,161,435,520,605,366,384,529,662,664,736,355,186,247,286,324,316,166,685,722,416,434,507,561,687,741,784,815,
340,79,205,79,221,206,304,101,402,309,590,593,615,735,
752,119,73,405,526,183,326,341,26,817,206,222,511,253,286,6,77,121,191,497,626,756,51,232,352,393,446,469,599,658,
486,311,371,68,439,456,108,752,806,607,208,437,688,817,586,519,608,678,754,244,114,306,383,246,742,472,561,615,204,755,805,502,560,699,292,179,249,268,274,89,78,52,534,736,355,639,658,300,45,426,644,682,333,407,766,144,136,53,805,91,61,280,399,519,679,707,381,228,
434,289,113,22,55,141,160,190,195,248,345,735,20,746,390,76,91,227,191,525,176,371,581,585,639,718,516,518,529,716,735,50,93,131,443,519,619,761,60,341,467,514,672,765,634,666,14,127,226,411,454,48,152,233,545,696,798,
183,153,39,122,72,20,582,818,186,284,497,736,672,760,214,457,618,691,747,
6,752,220,
122,183,65,487,646,716,
122,731,591,9,188,245,20,745,767,164,260,526,700,771,
549,5,341,22,171,418,436,13,590,713,726,13,79,459,518,633,795,774,618,101,484,597,602,721,469,514,581,706,795,470,492,106,75,435,57,787,812,113,126,40,227,43,64,273,335,352,383,276,713,26,292,307,368,667,166,715,755,773,374,475,477,553,581,638,80,121,387,409,486,615,652,670,767,
508,43,255,216,335,348,668,76,149,183,359,427,437,516,782,152,136,268,406,637,668,761,801,810,40,40,290,417,549,691,728,41,126,167,293,414,624,649,774,189,371,457,605,85,652,719,177,235,250,203,273,403,626,249,328,182,57,228,474,807,
107,301,55,39,317,410,574,669,390,59,78,199,227,534,766,457,784,809,28,63,119,248,256,424,539,676,764,134,222,810,812,
176,76,177,139,154,163,331,798,717,426,457,524,616,708,179,184,348,483,732,744,809,255,
106,341,549,159,324,387,393,692,66,98,127,317,512,613,618,426,596,49,87,177,293,330,456,672,696,714,767,801,
647,41,121,113,323,469,28,706,146,340,341,646,657,713,32,193,452,819,74,752,183,357,736,311,218,478,144,
333,731,311,38,65,338,363,416,569,686,102,273,314,326,336,444,731,
617,354,11,46,482,709,733,14,68,155,289,420,457,648,124,708,759,798,181,270,515,704,741,745,
64,434,22,234,676,21,23,320,747,77,722,741,106,440,157,196,233,329,440,451,714,404,453,458,87,534,608,26,699,725,481,495,9,476,510,690,735,11,244,318,489,594,74,326,0,506,166,259,348,398,531,582,614,653,
774,73,141,40,42,136,210,255,371,450,469,731,750,516,13,206,229,421,464,489,0,304,407,88,123,385,115,362,793,467,572,650,695,735,
667,785,805,392,412,185,688,722,19,186,197,394,400,543,658,
343,166,298,114,279,228,118,574,588,762,223,225,233,150,666,785,189,283,333,473,762,781,270,505,278,811,332,415,557,81,251,264,297,234,506,566,150,183,441,574,120,754,133,157,275,280,437,94,663,93,732,775,294,432,205,2,70,334,415,546,810,256,370,153,516,129,762,318,620,412,73,673,393,565,644,228,488,640,35,51,210,254,326,72,710,716,777,780,244,379,193,266,440,538,587,727,237,143,353,394,535,553,705,752,764,62,94,280,518,549,552,570,590,110,711,5,169,327,425,459,594,638,802,291,217,776,361,400,435,520,642,53,241,375,691,726,
693,148,18,367,268,744,58,524,89,196,274,337,87,230,324,411,589,635,7,28,141,442,27,791,42,182,299,505,197,211,254,274,380,12,473,557,629,725,238,687,339,425,447,86,455,495,538,756,357,810,723,219,531,787,311,410,479,598,176,199,229,346,595,638,642,172,
394,792,797,32,237,321,327,408,
73,190,75,358,369,479,597,725,743,50,135,378,392,407,422,657,123,355,426,463,774,158,242,752,130,368,685,690,752,816,296,388,432,531,9,283,187,441,583,727,733,798,21,508,511,287,591,509,434,350,450,486,513,614,781,538,550,561,590,624,747,
65,122,688,423,425,529,603,758,114,160,402,539,217,353,384,710,796,587,619,630,702,749,772,215,
112,159,525,346,314,5,114,165,312,685,319,6,198,277,141,259,718,558,800,1,639,746,766,300,178,396,483,739,746,55,126,10,352,367,419,113,168,415,493,519,555,744,92,67,299,340,575,717,748,92,284,432,439,554,672,696,749,67,53,195,353,357,430,456,561,606,640,288,314,56,676,62,99,130,797,225,279,304,437,549,359,724,109,642,377,382,262,446,587,599,513,471,64,302,530,771,728,792,364,690,66,240,504,781,106,291,363,378,398,605,625,665,788,229,278,543,87,313,539,784,152,245,309,310,363,415,726,269,
354,497,21,144,322,533,696,699,125,288,642,750,5,79,261,266,283,320,190,195,330,364,369,475,591,510,522,663,12,359,364,366,620,7,545,588,603,617,639,647,669,695,12,91,337,406,466,639,697,43,81,125,206,499,504,751,48,143,242,290,409,470,755,91,148,228,
231,166,46,61,85,104,219,479,736,14,97,402,193,241,475,564,718,556,539,673,209,438,90,444,486,643,129,677,695,812,212,251,257,300,542,815,781,
585,
672,2,41,185,255,371,430,577,627,651,183,138,236,641,118,385,453,785,
55,792,107,3,
754,74,486,241,239,102,421,330,546,601,619,447,25,583,459,555,35,78,128,135,201,538,205,647,726,743,490,630,666,11,206,358,605,631,760,766,811,32,147,459,743,356,721,813,434,
177,16,35,348,689,265,390,541,603,609,677,739,573,509,626,771,793,206,25,335,443,620,640,772,172,276,433,494,584,586,795,712,750,72,233,269,413,461,800,37,156,166,477,654,140,384,409,598,799,479,50,407,551,299,358,176,451,314,778,780,
531,418,134,202,325,358,396,558,784,36,
183,508,225,707,6,187,213,145,468,187,788,402,646,813,215,374,548,755,244,286,791,409,9,316,442,443,606,632,709,743,688,28,679,
114,65,271,140,180,297,369,712,
418,785,3,369,245,6,367,378,531,634,664,407,78,148,335,383,639,642,793,810,817,525,319,422,454,557,701,
731,79,774,2,43,80,117,122,333,487,607,206,447,202,348,786,43,46,192,212,378,396,489,579,761,187,402,544,709,
79,575,170,323,397,612,551,119,217,320,435,500,526,532,156,224,284,353,73,520,749,224,248,268,727,731,214,323,340,239,487,28,287,393,66,195,277,363,441,483,742,811,458,311,27,33,422,279,293,703,384,675,693,57,692,299,
81,358,81,160,193,258,287,335,418,153,403,444,541,637,679,40,716,182,479,592,
311,615,81,636,50,151,223,290,323,114,740,618,162,280,303,338,353,398,480,717,779,177,285,444,656,299,194,55,488,560,589,633,77,489,81,405,432,646,726,786,140,689,715,746,430,150,758,291,294,367,58,422,477,685,739,180,802,321,473,95,417,498,577,641,711,802,99,41,614,702,30,178,367,411,642,41,464,592,680,286,171,528,777,32,11,284,435,463,526,533,642,651,151,222,333,515,559,287,387,53,50,683,755,212,239,715,813,363,442,463,492,623,625,68,74,295,679,37,351,524,606,806,220,281,333,449,540,79,38,261,148,181,586,647,114,610,674,592,
434,269,3,64,227,272,274,406,474,527,47,43,748,199,755,62,154,400,79,140,300,686,105,142,262,790,37,482,691,741,154,264,335,365,536,58,167,223,227,298,704,137,398,746,89,167,176,183,259,329,384,464,481,637,735,11,59,135,154,350,462,656,786,253,68,118,163,596,662,759,775,812,417,557,581,597,310,416,648,773,804,754,
196,29,562,122,248,376,634,700,761,777,214,380,610,
562,517,781,368,376,737,20,86,196,304,331,379,313,713,318,480,504,551,564,611,1,35,46,247,509,655,679,
362,328,150,8,15,549,381,515,676,53,15,68,340,68,806,441,508,213,714,275,500,117,675,747,686,761,801,609,20,290,460,519,692,701,35,155,186,444,445,496,516,587,682,683,753,789,122,241,262,519,562,587,592,99,230,314,462,584,621,675,162,171,367,384,723,107,174,187,384,159,805,508,625,97,726,438,639,682,704,
722,667,341,
331,231,65,145,28,118,178,99,395,429,528,233,710,294,120,483,486,549,534,67,121,335,365,445,446,584,40,561,599,149,110,151,611,546,17,770,93,154,168,337,766,790,26,453,26,251,320,290,300,526,696,39,113,135,259,448,536,286,641,651,730,202,807,387,406,805,8,144,71,313,344,567,647,17,366,369,413,537,599,633,132,358,410,457,517,704,787,78,35,127,61,312,424,463,464,817,70,89,29,173,521,576,697,709,770,191,386,68,564,319,359,438,556,645,747,49,773,70,110,508,516,762,775,133,279,465,618,126,179,2,507,595,636,645,26,130,535,638,98,723,346,609,447,670,98,208,490,693,45,254,372,588,609,343,590,675,151,237,325,527,729,
220,549,276,185,6,
527,248,434,219,541,695,133,472,476,496,533,106,714,762,11,409,722,756,177,288,332,663,781,37,372,487,706,769,14,144,404,479,562,663,812,817,153,272,346,26,70,109,164,659,739,754,114,276,18,766,801,121,464,247,444,605,749,
569,252,137,455,805,238,326,438,659,714,74,228,251,384,475,518,544,625,738,786,271,283,255,483,522,524,183,327,341,350,488,533,98,719,738,241,576,706,798,105,580,589,319,216,663,680,738,810,267,120,22,688,797,56,66,138,269,330,591,632,311,348,616,705,184,284,293,507,521,548,760,58,80,669,105,125,129,171,251,354,732,525,659,26,46,156,432,597,348,493,558,604,2,21,293,326,192,180,572,644,788,715,67,299,349,394,522,658,757,811,179,253,292,346,411,460,471,780,156,290,465,
543,172,662,770,188,233,375,376,465,550,218,291,389,411,468,479,549,609,645,35,800,818,54,153,380,445,526,18,49,123,395,352,524,132,163,438,537,1,784,86,88,187,234,372,438,517,572,54,104,262,294,402,409,469,490,511,653,816,
612,797,
599,134,127,143,557,690,714,739,792,36,512,542,772,5,143,462,583,647,105,76,264,331,30,424,736,760,80,275,499,596,603,759,372,819,55,137,664,10,52,276,351,380,420,649,708,
688,212,486,45,640,104,132,754,185,220,319,402,358,606,765,632,65,246,424,437,599,633,512,599,624,739,815,139,458,34,169,239,381,217,24,686,712,793,803,634,318,46,39,124,153,463,559,695,
785,115,176,180,220,361,418,766,775,54,585,634,667,754,69,249,316,593,110,748,226,625,17,46,152,336,649,669,686,
373,234,788,487,545,260,280,648,691,500,680,238,78,231,526,645,118,8,504,525,624,699,56,79,663,335,486,52,315,410,542,624,692,802,805,236,245,309,422,712,79,286,332,347,758,762,697,703,190,434,333,496,568,589,284,345,702,263,122,662,678,238,355,818,73,537,598,648,733,752,810,79,315,582,599,600,625,632,
215,203,183,591,199,233,415,531,262,567,703,65,
639,10,725,127,142,241,256,434,594,773,699,45,75,246,566,748,64,328,429,609,738,810,26,60,317,406,490,557,29,415,139,220,360,378,417,504,675,704,165,188,303,437,552,729,197,176,377,424,784,797,318,522,760,775,205,651,733,533,689,162,472,245,533,539,677,802,194,258,559,620,256,182,213,589,795,255,334,516,581,584,753,104,173,219,472,486,559,583,35,127,219,236,687,193,639,504,596,647,760,620,772,183,520,172,364,556,29,623,730,777,448,526,598,5,85,137,255,485,549,597,118,164,223,463,577,609,21,
224,118,300,607,795,35,52,459,547,554,693,752,781,799,807,187,468,537,741,279,318,531,84,130,205,279,286,85,769,784,108,204,215,282,496,697,803,105,107,69,374,305,102,539,685,766,394,136,180,506,548,605,610,693,86,201,497,568,637,740,376,627,276,641,810,
742,469,79,796,151,297,526,
255,756,672,71,119,283,
553,158,152,422,62,587,623,657,760,
283,301,32,248,337,356,390,564,623,265,411,623,669,216,358,782,48,401,499,507,629,730,767,173,390,419,546,123,133,269,28,524,644,659,128,140,285,637,69,148,352,383,628,44,193,346,476,513,746,772,811,86,87,191,282,389,401,46,215,253,483,5,678,92,118,149,230,8,317,528,706,726,809,284,292,541,141,203,264,370,464,788,137,210,218,248,326,335,400,597,
178,20,11,229,514,564,764,169,208,228,475,520,452,645,646,669,
516,434,774,245,349,11,221,201,338,370,549,623,797,226,242,358,
781,146,264,21,132,421,734,54,109,215,321,542,592,628,260,526,578,680,802,413,469,32,562,657,673,787,75,208,229,320,508,550,118,682,488,582,810,216,353,379,386,465,487,501,638,703,79,158,191,433,347,148,103,696,734,795,382,405,322,323,381,478,528,805,806,811,
65,164,565,16,523,704,145,403,713,271,809,353,78,414,786,707,348,414,11,23,100,570,576,622,695,506,404,306,341,520,536,596,302,711,767,327,371,407,218,558,597,728,786,
194,384,209,224,243,265,269,
212,418,82,85,688,179,450,526,728,597,311,69,307,318,473,746,19,119,162,527,678,727,800,544,555,803,235,96,269,237,40,540,673,678,727,795,223,231,304,752,461,590,643,148,378,566,778,259,527,650,703,
269,139,177,187,206,434,537,777,209,255,811,368,13,74,252,561,64,691,714,30,406,458,349,353,452,610,658,782,803,176,282,563,812,640,129,120,290,313,379,519,370,504,652,801,170,73,241,452,634,647,743,790,812,365,350,540,605,636,777,148,696,741,99,328,426,543,545,577,668,683,44,55,149,195,263,357,423,510,516,398,601,618,12,127,793,625,141,487,495,662,680,60,236,566,595,608,470,26,66,77,139,299,439,557,609,688,112,
39,133,311,166,401,737,8,781,810,637,107,175,183,261,36,50,363,23,555,128,256,331,519,569,671,183,165,786,568,640,733,85,35,115,198,271,311,753,
662,66,679,81,609,414,543,779,801,350,390,400,710,31,160,5,427,574,179,217,258,276,280,383,612,286,342,804,672,796,13,44,112,244,350,311,376,430,435,544,160,590,760,792,537,715,77,345,400,727,802,131,232,269,11,269,310,544,725,727,807,
110,201,42,183,22,168,65,329,246,310,518,569,118,704,17,195,348,392,580,660,112,407,454,610,611,104,208,512,41,814,155,202,260,794,797,124,306,432,655,385,615,88,207,515,624,656,756,632,36,406,453,634,142,654,241,17,187,160,740,749,110,146,681,308,335,349,667,198,589,404,387,72,145,209,293,368,522,692,50,292,51,121,131,383,559,627,633,109,93,123,194,195,552,555,684,760,43,78,268,332,477,668,473,794,5,207,241,283,464,669,749,85,132,298,635,750,801,230,315,503,564,78,476,521,541,666,799,156,318,679,688,195,208,795,406,417,665,524,623,656,802,10,165,703,383,447,623,
11,170,238,427,520,617,435,711,35,176,659,748,254,32,129,138,185,320,255,430,470,507,576,170,804,487,678,
183,434,752,639,768,613,335,472,197,
251,231,592,
409,6,354,
700,369,196,
777,196,
726,75,362,
75,797,203,
603,591,469,
205,185,577,
797,516,
101,340,
745,203,122,
758,487,
446,369,471,591,
701,418,
151,742,331,
645,178,117,
180,114,3,
36,603,134,531,
669,785,178,
465,117,569,
55,599,146,
319,469,418,
719,347,525,
712,680,114,
511,543,73,
543,545,667,
601,451,525,
788,636,384,
657,553,
452,271,178,
408,394,248,
446,752,
806,781,
