592,73,409,138,208,
464,469,
337,384,20,202,212,94,138,190,276,368,
459,573,33,224,319,439,487,
268,14,151,166,257,
226,38,868,547,
100,39,129,198,241,293,431,456,464,27,378,414,469,382,445,487,524,
14,671,51,175,142,153,337,461,489,506,
77,511,
502,748,892,181,182,406,438,462,490,536,32,193,286,350,534,
748,15,83,141,41,309,499,45,110,113,133,202,288,345,185,502,546,290,292,297,323,336,320,508,353,482,
431,223,982,360,406,80,92,111,269,342,345,101,219,307,337,
745,104,494,70,432,495,
671,14,302,303,445,124,132,423,519,202,238,299,314,286,39,544,496,
205,885,550,37,411,92,210,136,192,264,267,361,122,228,
946,66,13,303,62,353,431,51,225,310,442,449,42,161,274,532,
659,94,137,145,230,389,537,27,77,35,373,529,321,410,533,
81,38,176,
654,177,359,109,153,255,510,209,21,323,324,481,284,
885,179,205,67,250,303,339,400,420,443,481,116,127,143,337,422,527,
544,118,21,334,482,70,71,275,229,230,317,425,339,481,
46,506,491,297,435,494,7,38,42,129,201,310,330,
104,745,181,27,315,355,396,411,
53,683,38,
425,544,599,
295,231,45,393,453,39,80,109,159,203,389,465,136,109,154,433,470,
892,210,502,104,224,276,285,486,
137,659,337,92,271,
915,290,301,386,192,41,77,181,213,218,482,495,496,515,153,466,478,
898,170,153,172,359,177,28,496,398,491,199,
42,66,103,177,253,293,14,237,203,254,330,478,34,301,405,354,502,
778,109,153,485,170,233,30,369,388,424,182,299,457,544,306,315,416,
494,745,
64,391,131,277,478,
359,898,654,
223,220,294,387,431,46,222,264,488,476,36,265,455,
279,109,
620,219,253,424,224,381,391,481,494,537,
391,723,64,81,529,171,241,247,293,304,320,342,487,515,533,75,137,354,486,
450,25,171,478,37,224,510,184,194,325,345,491,243,403,433,
455,135,160,488,491,133,478,507,25,129,
239,683,302,
409,868,592,220,477,547,39,80,192,288,338,359,412,420,524,
369,778,350,
176,22,329,165,154,432,81,88,145,108,423,541,230,317,320,307,463,503,
240,531,491,
253,42,620,413,121,148,198,208,270,
233,500,778,
118,2,194,398,399,440,544,181,247,484,534,
653,59,423,512,520,116,171,198,256,411,259,143,242,
491,46,131,134,166,54,69,240,484,10,192,408,411,481,497,104,310,320,345,461,
289,251,119,479,41,160,202,237,431,182,201,259,270,289,359,382,
294,223,599,73,489,32,140,143,158,180,228,340,386,511,
290,71,915,498,
38,81,53,18,38,226,288,315,13,5,379,384,436,510,102,177,275,537,
469,464,
550,205,
337,137,495,116,225,461,469,473,501,519,70,341,521,547,
599,105,294,349,311,411,425,498,
366,36,2,132,376,52,122,14,125,166,109,231,314,500,
202,25,73,260,503,376,344,264,410,434,193,521,529,
109,778,129,11,80,66,279,305,330,418,433,154,348,373,463,
370,137,37,188,321,338,418,476,478,486,102,170,258,284,
735,482,74,88,153,177,261,243,239,194,530,28,70,184,185,487,
66,160,208,380,386,132,144,39,218,486,347,376,
349,4,599,93,182,362,
304,121,408,431,372,103,
315,121,38,
868,105,310,409,488,221,226,247,406,507,515,519,526,121,306,434,
121,343,304,245,495,27,30,222,22,17,315,5,501,126,312,461,362,
683,192,214,239,100,53,125,211,241,121,259,
208,66,222,322,198,217,285,385,459,
135,497,455,122,237,335,472,498,
141,748,330,
22,176,7,126,137,261,289,
495,121,337,29,62,14,379,498,153,511,
485,69,778,164,
723,280,391,514,176,193,204,258,454,470,76,219,423,440,
131,491,217,397,478,547,
153,778,898,64,527,37,218,334,450,420,219,
206,33,137,167,262,510,51,139,177,239,351,439,440,489,502,
42,81,3,46,59,239,181,269,308,322,350,409,20,75,101,151,385,495,
500,132,260,160,80,111,233,254,66,170,304,315,473,515,536,366,92,194,237,341,353,406,
506,15,46,522,111,526,309,323,
573,256,459,
15,748,506,
59,653,340,106,
92,205,431,
166,83,491,
71,94,290,387,526,2,18,105,241,385,796,
387,223,71,
269,431,42,
676,13,503,335,
409,45,522,291,
255,654,
389,659,415,
528,275,478,
315,310,393,
511,13,77,89,67,524,
59,42,
275,528,438,
424,620,739,
290,748,
70,544,735,
469,337,100,
497,135,491,
181,502,42,
240,325,
320,220,256,259,
615,154,241,
530,735,
520,653,734,
325,240,
13,946,38,
487,735,391,
28,898,735,
83,43,166,141,353,394,239,311,329,531,
423,671,176,
147,634,154,
531,240,83,
137,206,370,
62,495,
481,491,654,
985,145,146,499,
340,59,
501,121,634,
111,506,500,110,
138,337,592,
98,685,853,
220,320,223,
418,109,370,
406,502,
304,391,500,
306,170,868,
473,337,500,
323,748,654,506,
192,491,205,179,
461,121,337,
324,654,
18,71,38,
484,491,118,
218,915,
258,370,
7,22,46,
151,268,42,
73,202,592,149,
241,329,615,163,17,549,
177,654,42,
515,500,391,
401,634,
308,42,
230,176,544,
202,671,289,
634,147,192,289,175,371,171,501,372,401,
762,460,
288,748,38,
176,723,
507,455,868,
519,671,868,
102,38,370,
192,409,915,
486,391,892,
481,544,620,
511,294,495,
494,620,
537,620,38,
310,491,46,
194,500,735,
350,369,502,
45,409,
329,337,176,
514,723,
478,528,450,6,
280,723,
310,315,868,
398,118,898,
301,915,
479,289,
544,671,778,
21,654,544,
536,500,502,
405,42,
384,337,
982,431,
373,659,
153,735,654,
456,100,
276,337,892,
547,131,337,
368,337,
261,735,22,
359,409,289,
194,118,
303,946,671,
393,295,315,
460,762,
478,370,915,
184,450,735,
264,205,202,
320,176,391,
185,748,735,
411,599,491,
853,98,214,549,
220,409,
546,210,748,
132,671,66,
177,898,735,
510,654,450,
515,868,915,
339,885,
25,450,202,
90,636,545,
259,320,653,
503,676,
499,748,985,
256,320,573,
66,946,42,
24,
137,22,391,
286,671,502,
5,38,121,
224,620,892,
478,64,131,
75,42,391,
104,892,491,
14,495,268,
521,202,337,
345,491,748,
306,778,
20,42,337,
463,176,109,
498,135,290,
181,104,915,
275,38,544,
198,
317,544,176,
213,2,915,
211,683,
170,898,778,
386,66,
237,
154,391,615,
13,511,676,
94,659,71,
378,564,
491,755,455,
105,868,
284,654,370,
182,349,289,
524,100,409,
382,289,100,
445,100,671,
92,500,137,
315,104,778,
277,64,
341,500,337,
55,
243,735,450,
270,289,253,
32,502,294,
307,431,176,
193,502,202,
201,46,289,
423,723,
391,154,453,
164,537,143,
564,378,
435,46,
237,289,42,
314,366,671,
410,659,202,
434,202,868,
527,153,885,
54,491,
394,83,
45,295,748,
247,868,118,
411,653,205,
41,748,915,
77,659,915,
222,223,121,
389,295,
522,409,506,
230,709,659,586,
231,295,
134,491,300,
488,868,455,
503,202,176,
439,459,206,
33,459,206,
487,100,459,
385,208,42,
164,485,
484,77,
734,136,520,
175,634,14,
116,885,337,
315,500,
170,500,
225,946,337,
182,502,778,
167,206,
526,506,868,14,
52,366,739,
202,748,337,
113,748,
80,295,109,
254,500,42,
179,885,192,
260,202,500,
132,500,366,
526,71,
162,154,
192,683,634,
153,14,495,
70,745,337,
69,491,485,
386,294,915,
237,135,500,
461,491,14,
354,391,42,
472,135,
66,500,109,
239,735,206,
397,131,
166,268,366,
416,778,
27,104,100,
334,153,544,
140,294,
198,208,253,
177,206,38,
353,748,500,
482,735,748,
210,205,892,
495,745,42,
285,208,892,
22,121,
39,409,671,
219,723,431,
432,745,176,
320,748,491,
80,409,431,
391,620,
440,723,206,
208,347,
101,85,
709,53,230,
154,147,162,114,420,
442,946,
342,391,431,
258,723,
297,46,748,
193,723,
312,121,
449,946,
491,898,450,
431,289,304,
154,295,176,
379,495,38,
171,391,450,
299,671,778,
74,735,
171,653,634,
541,176,
144,739,66,
159,295,
109,654,295,
27,121,659,
380,66,
302,671,
146,985,
43,300,83,137,
636,90,
859,872,
136,295,
257,268,
411,104,
208,253,592,
289,289,22,
38,46,38,
259,683,289,
105,599,
311,83,599,
41,289,
457,778,
80,500,
143,885,164,
160,289,500,
498,495,599,
486,66,370,
204,723,
81,391,42,
88,176,735,
406,431,868,
198,100,653,
2,366,71,
110,748,111,
420,885,154,153,
125,366,683,
241,71,100,
46,42,223,
145,985,659,
309,748,300,
453,295,391,
948,193,
549,74,900,
536,639,
121,683,253,
321,
502,206,42,
355,104,
496,671,
519,337,
413,253,
124,671,
322,42,208,
510,38,206,
433,295,109,
108,176,
262,206,
470,723,295,
465,295,
464,100,
256,653,
122,366,
496,898,915,
39,295,100,
482,544,915,
322,
160,66,455,
376,366,
232,143,
879,61,236,
537,15,
143,294,653,
372,304,
450,153,
217,208,131,
489,14,206,
170,306,370,
190,337,
343,121,
101,431,42,
154,109,
51,206,
330,46,
329,241,83,
420,409,
171,
