227,194,52,
138,466,74,160,179,421,217,436,522,144,
445,270,256,169,64,152,282,302,
181,238,283,
515,450,391,44,190,12,162,90,216,220,88,94,255,520,109,388,453,95,127,149,488,13,80,89,106,532,549,396,484,526,
119,141,227,531,325,26,
488,56,8,82,342,482,46,110,237,410,433,519,523,531,
85,482,530,
3,507,723,20,108,260,547,1,80,
70,544,292,168,76,64,10,337,176,294,253,59,232,199,535,434,505,424,140,157,183,193,164,427,433,111,462,419,61,221,356,410,504,164,236,367,307,347,356,444,451,452,231,354,54,337,494,504,188,336,524,545,200,249,367,
28,270,531,
292,70,317,420,191,252,376,97,385,332,371,400,415,27,28,331,288,355,96,
296,425,201,325,30,319,12,406,288,316,422,42,181,
470,268,353,13,
544,99,154,290,422,225,543,203,31,308,167,51,273,229,295,301,40,401,548,28,180,199,226,222,290,227,241,312,359,466,518,69,198,48,243,445,205,276,248,284,498,511,210,496,47,148,525,
238,9,294,214,253,40,181,186,217,312,400,531,105,198,212,115,
63,507,22,195,201,305,370,478,
510,218,356,106,330,533,314,221,531,66,275,319,
233,95,53,179,40,399,28,189,247,260,423,134,6,15,268,0,232,247,305,388,387,35,245,351,33,342,498,87,223,295,400,425,283,73,291,324,442,485,176,249,437,441,388,155,92,28,169,314,354,66,261,486,517,543,383,166,509,276,406,286,
261,274,269,121,166,223,262,266,290,38,274,346,523,159,182,223,108,381,55,459,319,332,349,34,216,315,370,372,376,422,141,268,79,410,
397,491,246,267,277,7,29,56,108,529,
391,723,54,81,529,171,241,247,293,304,342,487,515,533,915,75,444,337,105,230,178,244,61,456,33,61,260,262,441,525,171,209,22,210,110,279,237,409,465,80,148,65,375,60,116,30,185,361,485,539,295,93,103,498,85,142,204,285,57,513,286,452,
457,88,503,28,336,406,445,247,
510,199,378,97,232,108,223,279,14,229,425,336,423,
87,158,723,
176,171,263,45,165,77,214,225,426,
255,26,318,271,
179,9,233,271,367,363,541,
723,280,391,509,204,258,454,470,76,219,231,423,407,92,328,467,105,49,143,22,346,416,396,507,26,364,49,487,312,242,133,453,66,3,488,156,349,412,422,63,472,337,463,87,445,52,220,54,19,509,
178,540,327,378,41,82,84,205,443,184,75,304,231,391,38,233,357,405,505,317,
466,49,36,97,136,293,
452,322,70,50,489,427,275,455,
503,240,93,75,76,79,457,390,200,477,538,383,196,530,85,335,397,536,
32,235,442,135,242,512,423,208,229,169,443,
349,304,77,60,223,322,396,479,96,331,355,
325,423,89,106,153,159,3,287,328,419,430,170,204,96,360,451,408,422,121,251,253,261,311,486,455,296,364,73,267,45,129,181,184,222,
217,115,448,138,45,281,113,319,326,489,144,369,
174,159,49,122,497,
367,270,135,33,
353,308,425,15,76,232,478,166,452,153,321,323,470,87,104,157,236,262,502,535,177,458,
152,460,146,145,153,484,211,347,408,4,288,202,538,293,322,442,206,191,351,386,477,196,141,444,
88,194,36,129,216,457,243,173,196,418,386,482,496,326,426,443,160,334,371,203,249,253,
530,273,296,26,95,199,261,524,101,314,412,486,85,272,146,281,444,305,467,
158,382,240,
313,270,263,1,227,286,526,
251,255,14,120,217,225,327,352,511,46,276,40,111,137,173,20,394,484,45,
313,5,289,18,212,336,388,540,546,478,127,
294,70,149,316,245,511,115,240,537,409,393,402,60,392,96,355,538,305,396,498,
48,301,139,98,457,91,21,44,249,474,236,386,271,522,327,385,60,514,108,485,351,464,502,36,359,481,53,64,524,
251,251,298,386,513,256,
210,362,272,544,10,64,295,535,443,
118,268,110,483,420,
286,155,144,319,416,39,140,172,371,168,536,75,65,140,377,409,237,301,5,229,69,495,537,287,333,549,223,41,94,511,208,324,209,361,
9,383,69,280,517,113,150,117,148,211,393,474,253,385,477,267,380,189,221,
309,28,327,291,114,160,504,28,426,511,36,131,184,468,294,14,193,
507,544,113,59,76,420,165,503,156,12,3,35,153,273,75,139,63,209,333,50,364,446,443,283,401,544,266,282,438,
217,124,37,191,270,299,244,299,101,466,499,199,532,261,238,
67,532,217,915,337,447,30,
468,31,309,140,200,475,491,512,262,334,
14,309,510,
330,78,510,34,501,
294,483,238,73,489,220,366,143,158,180,228,340,386,306,46,265,129,115,220,244,248,262,309,328,6,487,256,252,36,376,478,413,4,306,80,95,103,139,228,288,339,354,364,42,109,92,115,31,129,414,449,100,253,372,467,268,302,52,300,439,171,379,513,24,355,400,
366,38,
355,426,294,141,337,492,113,
17,159,479,
252,528,165,6,182,367,412,501,526,17,202,210,61,126,98,
256,304,474,133,64,122,481,377,396,13,142,362,48,402,10,272,311,499,513,110,15,24,237,396,188,147,262,267,
270,4,109,119,122,11,341,386,139,243,81,194,230,379,412,467,6,542,246,313,356,229,367,291,347,82,198,257,384,386,512,
220,294,515,105,366,423,29,144,422,490,
110,467,391,126,337,43,91,244,118,166,403,410,315,2,361,391,
531,292,489,512,81,492,437,204,194,413,227,522,28,75,158,296,301,455,121,543,119,20,60,64,
9,289,179,344,31,532,230,339,256,238,66,112,224,321,112,375,445,7,212,427,452,111,
77,107,382,85,111,179,57,337,534,227,46,367,218,245,306,517,118,210,256,308,271,467,
544,211,473,334,482,70,71,387,229,230,40,256,425,339,481,18,293,514,297,166,229,366,200,507,163,536,79,192,221,246,28,545,456,516,401,518,235,102,239,284,148,474,374,549,284,396,438,64,95,344,468,487,117,312,
244,391,101,173,225,424,211,326,229,289,541,
234,265,362,40,69,216,159,292,544,105,519,
218,915,266,273,275,532,119,1,283,238,366,413,426,299,318,13,35,374,183,418,424,516,28,69,112,114,206,162,20,532,349,269,24,42,305,29,160,423,544,176,95,101,165,44,230,549,
336,504,313,471,
318,279,448,234,255,459,
482,532,88,43,407,
47,38,263,22,37,109,112,144,184,204,342,381,461,58,91,155,191,237,501,64,128,146,
46,205,467,541,443,
194,88,227,495,159,147,260,416,209,219,474,378,
406,124,298,
331,504,165,
168,356,268,
399,314,449,340,299,186,206,219,430,283,230,455,104,31,106,549,540,342,500,428,380,436,518,201,
535,70,414,92,112,165,82,376,545,153,533,165,220,206,173,333,349,504,61,71,268,254,
108,467,510,245,449,
35,15,448,272,359,537,36,40,247,348,
78,2,42,230,170,250,362,449,513,430,515,104,59,72,279,330,514,524,33,58,518,253,496,417,528,490,512,
12,230,124,
97,157,510,466,147,239,284,436,
80,274,391,248,116,249,29,109,111,117,163,41,305,536,429,430,547,325,413,
270,217,501,407,409,411,546,
306,409,174,128,153,457,413,479,37,80,326,383,480,23,346,384,129,106,406,514,544,48,157,341,390,296,430,27,448,121,164,
91,529,109,48,420,477,442,476,448,517,412,369,466,
92,156,230,120,339,471,473,320,125,233,408,432,390,206,224,253,384,62,541,229,443,384,420,
478,409,143,89,515,156,182,74,115,541,272,385,371,499,119,309,291,331,495,503,
32,199,235,121,73,421,423,456,467,296,524,
228,294,915,118,61,444,51,129,385,
409,194,522,291,104,162,431,306,478,322,22,504,161,435,444,273,306,406,73,238,169,276,429,343,68,125,435,9,292,518,414,91,373,528,
175,230,
356,27,425,221,301,423,22,95,356,470,485,15,510,68,192,383,489,506,168,467,399,251,238,
112,263,9,
445,358,23,302,22,243,72,545,126,355,302,140,251,317,478,
549,263,124,86,
423,382,233,167,222,455,270,345,400,487,125,206,47,312,325,383,108,48,58,475,100,138,292,15,190,198,396,508,407,160,516,544,534,58,134,406,453,
255,251,154,205,259,193,251,272,452,30,249,83,397,107,59,460,19,208,406,407,70,421,331,426,434,473,484,493,299,334,27,207,321,465,390,178,335,282,437,55,76,425,
332,261,
139,270,299,445,
517,298,
366,544,915,7,457,166,186,315,325,481,312,201,247,373,538,256,367,360,87,140,44,443,519,202,298,410,504,531,547,195,
125,48,423,382,97,197,110,188,120,42,164,537,
206,218,412,230,257,279,389,399,400,541,63,299,
22,356,63,73,291,245,290,433,89,173,
479,21,448,249,368,17,242,268,355,418,458,425,426,437,70,307,348,499,
37,217,118,260,400,445,
135,448,0,246,462,269,367,253,537,
325,366,119,37,320,194,160,174,
52,81,227,53,101,286,349,390,530,
74,138,362,
206,92,535,
289,251,119,164,41,160,9,237,431,99,35,256,259,282,287,244,382,175,59,8,172,194,484,20,102,129,123,241,56,193,206,276,42,151,223,89,315,65,263,313,549,159,205,257,149,546,
53,467,304,104,160,142,282,548,120,175,448,206,510,
452,353,303,319,478,160,414,
235,538,544,60,32,166,32,26,452,409,535,250,256,342,431,518,109,176,473,383,475,
438,260,127,208,38,218,231,269,300,453,274,363,
504,115,309,69,323,331,336,501,94,153,223,243,401,441,515,155,245,124,541,322,420,490,502,33,165,169,223,392,
38,255,480,370,13,461,483,30,129,186,361,406,446,540,47,356,366,453,5,17,109,382,478,367,203,253,263,288,397,81,39,387,384,463,306,81,432,227,465,201,356,359,361,
229,270,124,
513,270,391,445,506,
326,244,532,414,231,182,
534,263,159,296,319,350,529,
263,231,401,15,124,26,268,495,242,81,176,322,445,284,75,308,313,425,549,112,299,436,534,69,236,437,489,518,
210,252,2,280,141,295,342,456,512,546,548,184,
382,30,43,136,299,219,427,415,245,158,77,72,471,181,276,245,432,6,191,234,453,125,97,158,172,334,216,256,
548,159,17,267,
304,391,518,338,291,468,15,193,320,212,250,275,170,396,214,218,176,373,199,516,509,528,422,472,263,492,57,99,172,332,258,261,202,55,531,349,473,490,191,514,107,153,341,343,
458,479,86,260,
532,425,218,67,95,7,52,321,388,449,503,305,307,482,513,326,246,85,341,115,444,393,481,520,
519,226,868,200,28,36,141,339,534,160,536,2,204,381,540,439,535,455,422,324,220,151,380,547,
375,491,290,302,65,253,503,262,332,457,301,430,513,17,
49,723,239,28,459,207,66,466,322,347,419,174,12,406,81,252,451,
156,124,230,20,189,283,233,252,549,214,
312,544,
81,531,238,218,63,509,2,324,48,265,439,525,541,
482,144,85,31,202,449,491,65,128,354,430,105,222,471,483,
256,80,156,465,391,505,445,285,113,531,531,502,
339,519,294,90,214,458,253,325,247,99,382,540,491,455,462,
141,104,95,215,349,360,447,72,539,79,466,511,119,294,282,
512,531,491,53,
159,322,18,121,438,216,20,522,296,17,548,174,346,409,531,915,534,71,174,236,541,189,195,
268,263,113,470,285,310,82,412,486,10,118,291,136,108,154,168,61,129,222,268,261,
290,515,126,131,375,56,544,113,344,212,274,311,305,459,183,
448,367,284,461,22,250,519,15,119,440,479,35,135,217,317,394,505,266,202,13,318,
304,170,408,431,372,103,175,173,142,152,256,53,347,236,463,82,263,292,357,404,430,349,194,325,9,147,544,345,416,450,415,505,134,446,439,444,494,202,355,389,140,255,315,354,371,221,192,329,436,391,374,493,497,502,
444,304,70,9,86,97,530,
450,316,139,110,2,142,269,454,411,
223,504,510,
284,448,544,263,24,78,506,97,
300,282,9,165,231,242,302,14,376,297,160,
302,294,160,375,300,472,
362,210,425,125,263,399,420,148,336,56,356,234,507,142,177,156,50,458,473,74,545,26,365,500,137,193,147,
115,425,38,181,384,383,234,537,227,337,331,399,504,217,270,406,163,468,202,209,381,312,465,188,238,27,155,370,401,
56,414,425,298,136,138,21,377,473,488,327,297,305,125,383,219,104,517,173,27,217,221,538,322,156,384,
205,425,46,517,542,43,172,358,435,253,198,285,301,412,239,44,77,426,520,521,
501,504,31,270,16,476,
382,423,
223,233,289,500,321,90,134,133,428,
537,286,350,117,339,141,220,223,448,537,
31,9,294,135,468,501,299,117,420,
367,38,70,
218,64,279,510,55,263,356,77,230,58,236,190,
129,357,294,217,186,496,477,233,115,291,4,177,61,212,403,40,272,75,116,463,463,522,
243,544,88,189,25,529,34,
425,544,270,25,70,24,216,223,282,499,198,111,249,115,362,339,318,338,387,485,515,532,56,360,488,148,239,356,353,349,44,362,482,16,205,249,409,103,24,11,166,296,259,279,7,545,391,443,495,59,94,109,469,288,421,422,452,65,200,
106,368,182,192,211,477,365,133,216,359,335,
26,235,530,24,513,362,141,281,356,357,382,203,255,300,525,119,149,257,525,
298,56,251,197,406,478,517,331,121,413,515,154,158,418,70,202,271,406,449,498,
406,155,255,63,202,385,365,197,217,421,197,364,
270,479,230,209,28,154,445,397,513,227,371,528,
181,482,382,529,278,376,494,17,47,267,312,501,169,
144,482,47,138,177,182,
150,541,98,101,311,330,542,145,14,121,24,353,99,163,247,453,525,66,453,306,314,401,428,172,277,315,91,258,51,434,459,511,42,337,456,488,545,79,66,
283,12,230,195,54,162,394,181,171,69,271,79,
38,115,
171,293,350,2,260,473,139,166,176,531,170,272,151,399,122,443,304,
915,159,301,386,192,5,41,67,181,213,218,482,495,496,153,466,107,391,283,247,366,349,36,202,344,31,215,335,342,469,542,461,104,228,383,471,387,33,248,379,443,
129,88,289,229,35,525,542,344,62,182,36,371,438,170,311,173,451,373,546,
230,334,544,300,377,283,12,26,438,445,92,264,325,441,50,114,41,260,442,108,65,115,499,33,333,231,250,56,175,251,86,12,155,165,202,218,154,305,321,325,183,156,191,484,390,15,246,118,536,
227,544,53,54,119,321,422,472,401,410,
507,54,723,173,
124,549,263,490,490,45,217,12,104,120,479,156,406,487,143,146,229,448,523,463,463,10,133,276,528,
426,218,124,539,115,204,303,327,127,381,221,254,50,82,104,355,271,304,340,302,462,
177,347,129,
467,53,723,325,65,277,475,110,241,304,46,303,344,294,108,380,137,12,295,264,447,549,477,512,51,158,264,295,304,153,54,485,523,
86,92,326,8,22,50,149,200,324,326,494,307,287,298,186,224,229,274,481,220,339,415,230,339,458,549,
491,189,72,66,498,174,195,512,157,397,434,106,351,155,417,435,
240,415,173,2,338,507,16,44,199,227,274,317,49,93,397,443,101,535,4,42,217,150,413,432,158,236,248,304,440,503,314,356,386,192,393,39,435,22,244,242,373,460,305,
546,313,210,
59,78,425,
541,244,504,179,
445,544,263,
82,426,488,434,
156,92,362,
242,32,300,
121,531,298,
35,507,117,
263,38,218,
154,230,
495,425,
412,268,530,
376,181,292,
459,290,318,
445,513,457,
336,70,362,
252,49,156,
486,325,530,140,
140,366,304,
456,150,14,238,
174,491,
531,159,
455,531,325,
38,178,261,
186,238,86,
113,268,256,
471,336,482,
158,87,186,
451,70,325,
245,77,108,
268,479,294,
286,52,233,
40,238,234,
153,304,467,
463,129,124,
82,80,178,124,
4,129,152,
355,292,
504,535,
347,270,177,
109,235,38,
433,22,488,
53,227,
256,77,9,
505,256,
409,270,
108,268,397,
214,176,156,
492,355,
271,426,283,255,
295,22,467,
442,32,91,
547,80,3,
475,235,468,
302,445,426,
212,9,238,
191,304,47,
297,300,310,
251,251,445,356,
198,270,238,
334,382,
537,135,35,
141,210,26,
127,313,438,
264,467,
541,206,92,
513,26,294,
492,531,304,
81,52,38,
53,52,48,
305,530,290,
425,255,
82,270,
420,504,92,
111,77,9,
448,53,306,
90,339,515,
43,110,382,
423,32,32,
528,270,
477,9,152,
272,129,
529,397,534,
260,37,458,
519,234,488,
348,479,35,
400,294,37,
371,129,88,
437,531,255,
221,304,
545,150,362,
199,510,217,
190,218,
512,270,468,
426,205,
244,110,240,
342,47,488,
522,138,129,
437,263,479,
466,91,138,
350,534,171,
321,223,227,
199,32,
189,159,9,
390,230,306,
396,544,
488,515,150,
334,88,
106,515,399,
120,125,53,
326,217,86,
316,296,450,
273,530,
237,391,47,
268,268,535,
61,268,535,
282,289,300,141,
71,159,535,
461,448,
426,309,176,
34,330,243,
307,86,479,
95,141,
238,456,356,
445,139,37,
221,9,
383,235,56,
113,355,217,
149,26,294,
299,139,31,
33,367,504,
48,125,
7,397,9,
521,205,
59,
401,263,507,
463,124,129,
18,159,313,
61,252,228,
469,425,915,
279,78,391,
151,519,171,
282,53,445,
509,81,233,
499,217,
310,235,297,
312,366,544,
537,537,125,
362,425,118,
24,294,284,
77,176,205,
225,176,
497,304,174,
363,438,179,
294,309,141,
531,488,256,
165,331,504,218,
110,125,
373,304,240,
204,531,
209,194,
203,26,88,
502,504,353,
467,530,77,
70,298,479,
197,125,406,
193,309,362,
140,468,445,486,
148,9,544,
105,238,220,
487,124,544,
491,339,468,
173,129,251,
41,80,286,
423,510,220,
425,510,479,
126,290,252,
202,406,448,
176,235,218,
135,31,32,
505,448,
43,482,
227,313,354,
220,537,723,
22,78,231,292,484,295,271,
452,391,9,
406,457,423,
54,70,723,
530,444,503,
93,503,
149,86,289,
248,544,
154,268,298,
511,286,141,
457,375,
382,339,26,435,
166,425,110,
454,450,
406,298,233,
498,298,294,
249,70,88,
164,125,306,
528,409,124,
295,391,467,
296,534,
293,466,171,
378,194,510,
439,519,81,
256,251,382,
305,63,294,
48,423,81,
473,235,
380,467,519,
29,397,220,
541,81,150,
56,289,397,
230,78,218,
485,425,467,
14,456,300,
422,723,220,
286,391,313,
229,510,544,
462,339,426,
499,425,479,
147,256,362,
173,22,507,
206,53,152,
105,482,234,
42,125,296,
506,513,284,
483,482,118,
262,468,256,
117,544,9,
458,353,
136,466,
526,515,313,
334,230,468,
194,
465,38,255,
275,452,510,
536,230,503,
391,110,304,
183,230,290,
20,531,251,
438,507,230,
396,294,515,
325,230,80,
66,150,510,
133,223,124,
