225,517,259,
38,395,119,249,252,270,45,129,44,91,138,209,435,191,391,282,195,295,451,187,47,277,544,2,184,37,501,240,269,428,423,82,119,160,483,
419,533,212,
176,37,423,413,251,378,224,21,201,482,159,450,120,324,362,105,514,240,264,392,492,
500,229,15,488,
50,62,515,209,71,59,328,86,292,287,511,252,540,227,267,467,529,
537,444,348,350,117,339,141,202,223,375,448,298,444,299,503,148,195,379,188,451,392,97,237,388,363,451,459,483,518,128,302,44,113,227,2,393,31,234,
316,296,450,141,168,300,138,394,180,100,366,221,431,266,91,253,
463,218,152,229,202,375,133,152,216,170,277,92,214,406,481,1,111,389,39,376,
28,376,355,131,207,379,29,40,210,
534,382,165,38,
149,510,376,522,286,535,236,107,485,131,135,206,141,293,54,85,267,
118,342,107,82,420,230,480,497,437,210,11,499,333,486,439,178,198,212,385,63,137,91,310,434,106,391,
376,445,135,369,58,69,222,481,514,228,282,383,428,524,463,
4,114,332,125,214,263,424,475,170,548,441,363,31,416,102,536,296,455,
386,355,339,400,
205,104,517,542,43,172,358,435,253,198,285,301,412,239,44,393,426,520,521,348,249,426,537,304,134,482,274,0,148,258,302,386,462,503,540,537,85,383,461,486,125,180,286,468,
194,375,244,294,279,333,180,374,165,330,336,346,540,
178,86,118,234,543,228,144,223,495,
225,186,432,481,190,351,407,184,285,94,178,
448,229,455,
137,437,118,335,496,
88,55,36,129,216,409,498,173,196,418,386,58,496,326,426,443,160,334,487,170,5,253,144,27,57,536,62,139,528,108,81,184,203,297,532,539,447,
229,134,156,232,365,231,439,349,422,20,505,101,306,393,448,72,148,
214,164,4,31,12,15,226,221,398,28,25,324,167,364,184,37,406,441,
181,238,283,527,472,394,57,488,251,18,454,264,523,544,106,295,436,471,339,187,325,493,150,243,420,512,
491,269,189,72,66,498,174,195,77,157,434,106,351,155,417,435,274,184,442,58,85,309,181,388,492,302,309,517,488,369,465,
456,406,17,538,81,99,35,100,336,319,238,78,317,543,546,139,174,358,193,468,290,435,473,59,258,426,396,52,327,353,65,
318,343,498,128,205,211,134,494,
222,229,35,
285,426,448,270,467,185,66,335,402,483,24,85,435,517,536,
149,104,127,38,208,180,351,148,407,461,502,360,37,333,537,
475,114,161,229,362,289,379,462,536,
122,522,268,412,544,269,311,87,197,245,538,58,316,533,184,28,
53,47,48,20,362,533,351,365,108,202,350,98,135,429,193,288,485,515,541,59,210,306,383,293,538,329,484,
360,367,149,81,500,517,519,
509,229,283,463,297,129,534,
327,20,486,549,11,55,160,346,420,439,348,130,269,
238,539,214,253,53,333,181,345,312,400,531,518,198,212,317,346,451,167,203,355,10,
98,55,343,30,377,284,312,368,262,278,296,352,383,
507,451,505,324,451,525,535,
205,318,326,
222,376,198,463,
445,196,179,169,64,152,178,347,137,336,403,3,389,458,277,376,156,255,538,230,353,192,454,484,4,285,311,510,
82,426,118,17,434,250,320,180,320,110,47,83,95,493,279,508,168,285,299,
479,11,259,16,288,
452,322,117,50,489,427,99,455,310,545,376,349,247,97,427,159,200,508,108,90,350,188,144,267,371,70,98,106,337,527,
15,500,298,122,75,467,76,298,425,519,406,395,464,7,117,248,414,161,292,
177,404,36,222,327,227,431,484,34,282,317,137,485,511,196,308,542,305,375,407,452,549,
252,227,340,368,139,38,131,301,503,461,526,79,34,80,141,369,485,520,17,61,447,428,46,55,228,230,262,476,
114,499,58,348,30,500,475,406,210,486,161,365,538,
144,47,520,177,182,406,497,39,437,375,127,405,363,55,381,393,181,341,318,345,107,546,493,490,518,55,324,335,519,
520,497,277,
78,434,456,341,
415,186,434,499,
382,30,43,136,299,219,427,207,415,245,482,129,72,471,181,276,245,432,6,191,234,453,125,97,158,172,334,401,216,256,278,476,129,431,273,347,321,415,295,519,
326,244,414,231,182,295,512,326,327,204,279,408,307,51,249,544,123,194,316,507,505,160,485,490,180,458,
406,155,279,63,90,72,385,365,197,217,421,452,364,44,182,500,108,431,507,361,469,432,183,223,422,244,317,483,126,439,53,172,289,438,489,
253,95,305,
106,515,537,38,308,111,336,481,346,355,502,517,544,
517,533,491,10,99,162,409,225,499,79,128,
308,251,106,
476,14,509,249,395,443,129,
184,491,225,540,249,123,82,107,296,468,515,
140,112,185,59,182,326,282,460,548,281,370,300,318,82,198,488,269,451,24,143,305,113,145,122,185,221,427,474,
264,176,55,
247,355,376,209,358,391,
535,121,149,272,312,337,
21,175,451,176,506,184,234,367,371,334,514,13,
426,137,124,539,115,204,303,327,127,381,221,254,50,82,104,106,187,304,340,235,98,277,97,285,341,434,481,548,349,487,70,456,389,77,171,62,453,80,248,381,393,407,466,509,446,518,36,483,125,473,
129,88,44,229,35,525,542,344,62,182,36,93,438,170,311,173,451,373,546,83,179,442,545,149,270,326,506,444,114,12,306,406,219,545,7,125,212,317,202,283,383,303,89,501,527,41,44,149,270,65,276,20,38,114,
343,303,108,318,98,102,448,403,
469,18,376,286,20,344,97,274,
49,385,221,0,210,
513,243,26,205,95,123,361,56,268,2,35,71,184,186,335,272,317,348,490,429,132,462,
324,34,22,494,116,310,456,543,286,229,370,448,512,76,58,68,14,365,473,
376,149,64,401,469,487,383,548,533,28,102,243,73,218,263,444,446,473,335,410,8,139,247,483,442,
499,415,517,98,442,489,
533,178,515,402,10,178,48,181,393,419,362,466,476,415,517,525,414,512,541,58,276,423,430,513,183,359,375,
357,445,63,
18,181,505,314,18,39,124,472,77,280,94,478,426,448,35,490,180,255,525,376,
509,81,318,392,143,325,377,197,343,23,524,110,219,
180,326,43,79,83,146,63,192,194,315,466,467,
119,116,227,72,493,14,158,245,441,496,534,463,401,290,523,257,389,451,311,420,15,321,143,297,429,522,289,312,
395,221,15,401,259,456,193,
81,231,238,218,63,509,2,324,48,485,11,265,170,525,541,350,488,526,468,18,45,207,273,189,241,110,278,319,518,372,318,519,57,192,215,318,389,158,101,360,
298,56,197,163,478,101,297,331,504,413,515,154,158,418,70,202,271,406,449,443,349,448,359,95,142,84,306,406,517,226,480,488,478,151,112,263,383,516,280,29,40,267,287,85,522,446,524,
320,326,135,539,215,93,410,404,497,516,144,185,295,
521,359,
95,513,29,7,463,89,253,278,325,253,330,223,
126,256,307,525,
23,249,285,121,2,119,229,246,274,469,
332,261,58,75,230,311,454,158,469,548,220,349,123,418,534,338,427,389,489,475,303,97,445,406,399,389,197,142,311,
135,448,500,0,246,462,269,269,253,77,190,329,19,212,214,82,314,432,79,119,447,495,416,
212,525,238,156,381,161,419,405,31,15,175,152,496,
26,31,56,38,424,172,
38,149,252,26,183,
156,229,118,14,131,186,331,219,11,175,399,104,183,462,26,106,544,23,
241,383,57,150,309,519,278,325,384,431,
515,450,412,44,190,12,162,267,216,83,88,94,255,520,109,388,453,95,127,149,115,106,13,452,31,80,89,106,532,549,396,484,159,533,530,173,50,350,357,512,101,255,83,125,138,159,369,449,453,285,149,250,412,512,359,42,159,175,271,519,465,528,178,263,
251,298,14,120,217,225,327,352,511,46,276,40,111,137,173,467,394,484,45,27,54,142,288,498,32,99,19,145,231,476,226,149,275,308,505,447,113,456,370,276,57,379,432,489,85,
234,265,33,494,69,216,248,6,159,292,544,77,415,59,67,246,413,271,537,91,31,228,2,302,132,292,508,520,178,24,74,138,
116,119,55,488,115,306,472,99,110,
210,296,76,2,280,141,295,342,456,512,234,548,68,184,68,380,217,172,368,385,141,390,425,395,441,131,531,28,43,451,31,31,59,300,
534,509,55,
149,533,156,445,
539,238,190,
359,393,337,278,521,477,514,213,218,356,427,467,501,6,533,
254,405,41,473,328,229,300,535,46,515,
257,119,54,261,
193,111,15,80,214,100,176,122,7,348,412,33,268,417,427,531,533,546,333,428,446,268,191,477,
505,517,16,18,247,279,490,104,137,494,471,71,170,354,441,474,507,7,181,211,378,386,465,521,326,251,29,93,437,537,541,544,132,211,125,172,105,135,
141,210,533,240,141,10,278,406,420,521,528,25,169,57,394,362,386,412,
451,120,358,357,427,481,151,76,379,94,205,390,525,521,466,131,527,234,290,374,536,328,408,11,471,377,536,507,
356,448,533,
509,198,297,497,198,50,145,251,84,368,391,404,413,
511,21,177,22,440,46,228,410,492,
455,293,165,527,25,448,545,255,470,
445,241,491,226,199,255,282,528,1,118,544,78,12,458,140,31,144,214,232,337,357,536,399,180,362,
519,541,474,241,
113,228,131,148,475,540,
548,376,54,220,95,400,455,20,209,
325,521,28,441,509,
371,21,
487,376,426,197,518,401,
296,162,201,123,30,319,12,406,288,316,422,107,181,52,400,503,514,462,465,512,528,118,505,544,533,9,170,297,84,479,499,
181,482,382,223,529,278,173,494,17,47,267,312,501,169,335,416,66,459,65,234,435,506,303,346,79,277,20,56,529,536,548,533,221,9,90,151,346,387,501,520,114,168,537,384,113,489,132,
82,80,178,124,233,274,68,113,505,135,261,104,383,399,505,546,14,526,102,503,37,426,206,292,306,189,275,215,4,158,
403,286,231,
305,192,454,253,286,353,423,
404,320,
481,89,426,395,284,490,0,184,213,364,461,382,428,57,104,192,488,
437,279,10,118,39,383,224,137,408,491,349,229,505,47,492,
178,165,540,327,378,41,82,84,205,443,184,75,304,275,231,391,120,381,233,357,405,505,317,322,399,416,85,90,103,451,142,169,172,326,348,544,477,169,184,230,275,546,
362,131,176,
181,491,144,201,241,434,
165,215,180,15,150,524,21,75,531,240,279,181,277,377,299,194,261,455,534,465,45,273,
237,144,
444,492,376,225,353,
335,285,376,474,
455,275,401,456,258,484,137,282,66,302,383,47,524,
129,108,356,301,142,103,140,268,40,406,476,
423,449,94,167,222,455,270,345,400,487,81,206,47,312,59,383,108,48,58,475,100,138,292,15,190,198,396,508,407,160,516,544,534,58,134,406,453,5,282,431,176,488,509,25,108,118,474,322,408,281,178,441,523,508,345,305,494,85,192,221,244,37,527,305,
80,270,426,288,
432,503,54,
119,38,113,140,359,152,250,
140,445,326,115,415,482,
14,297,160,445,422,462,145,372,
385,56,210,68,129,189,478,34,49,
211,505,318,
11,156,327,118,65,97,470,479,426,233,422,
503,399,252,432,
232,
521,177,325,456,328,35,
54,432,0,494,548,294,149,324,305,257,186,48,268,295,387,58,427,
244,79,375,101,173,225,424,211,326,229,289,213,346,452,493,103,507,530,294,109,26,192,202,194,143,299,441,453,457,47,197,278,372,181,2,242,277,146,
43,210,497,
177,347,51,50,349,144,128,320,229,208,406,466,1,521,97,403,457,211,375,258,0,488,278,395,
48,301,139,98,457,259,21,44,249,474,236,386,271,522,327,385,60,514,108,485,351,464,502,36,359,481,53,64,524,308,159,277,280,267,270,414,417,26,89,47,212,259,417,529,407,503,545,167,234,164,373,
0,434,481,23,392,501,170,265,
339,181,72,327,386,395,494,162,211,
77,497,131,139,290,110,159,
406,379,463,450,
533,192,463,284,101,136,152,342,341,353,463,
75,165,161,404,534,515,
394,122,181,63,68,231,36,382,60,49,476,510,500,128,30,435,184,27,228,111,296,432,17,
450,176,192,422,467,178,
63,240,118,263,356,373,537,
77,491,23,429,231,242,292,549,
495,135,161,
382,521,481,
342,47,248,400,524,279,415,224,397,416,454,473,452,102,531,19,88,514,
225,30,169,219,412,518,140,165,242,444,275,294,
286,149,157,472,546,90,142,403,
135,149,13,265,311,545,
4,146,326,
484,434,455,259,78,258,539,30,40,542,52,193,232,253,
507,54,173,58,102,395,32,106,236,255,339,481,488,23,78,174,353,427,538,315,111,523,305,386,158,390,258,423,
55,144,229,86,211,257,271,320,234,348,377,98,293,384,534,488,264,351,
259,48,319,484,406,479,222,
202,256,113,
284,481,113,115,538,533,39,269,
256,110,149,350,192,288,126,202,269,372,113,238,50,472,450,47,
309,190,491,59,204,312,168,250,384,496,449,
486,270,327,449,525,345,473,
497,144,118,69,70,77,122,311,382,62,227,540,509,111,320,186,74,111,518,520,66,43,45,329,389,454,
16,505,374,129,314,330,421,312,388,301,462,329,
349,270,177,100,384,322,515,542,71,261,454,465,
298,537,465,327,489,106,430,163,268,102,142,307,541,78,38,389,238,38,97,319,431,
113,505,248,463,188,288,401,150,119,78,51,539,115,116,144,92,511,312,251,202,181,262,407,473,
533,53,141,376,32,190,149,356,263,513,182,44,68,139,424,
38,255,480,370,13,461,483,30,129,186,361,406,446,540,47,356,298,453,5,17,45,382,478,147,203,253,5,288,397,81,39,387,384,463,306,503,432,227,465,201,356,359,361,154,220,423,455,536,237,275,337,277,26,107,56,449,70,451,495,456,34,55,291,489,
174,94,491,22,427,220,264,28,66,89,135,166,277,47,248,353,463,493,
463,131,509,378,533,59,70,235,
161,448,75,195,475,40,478,541,253,262,278,540,495,335,
229,225,509,463,177,11,19,38,55,412,461,536,168,171,72,222,500,472,254,83,448,16,380,
31,214,26,230,505,522,137,245,429,208,
301,169,129,194,261,546,98,478,307,334,11,
444,115,310,9,86,97,39,460,530,94,547,477,80,108,412,113,117,525,109,203,389,93,60,216,16,227,294,
450,316,139,113,110,2,142,269,454,411,305,138,388,376,489,70,326,277,268,378,137,368,119,134,311,532,148,491,107,125,441,458,356,435,
261,301,165,
221,105,439,492,214,273,539,49,292,219,359,139,433,184,333,510,124,46,170,327,394,
97,396,537,177,332,387,271,293,395,
434,0,426,78,415,431,298,484,378,181,37,
286,43,324,345,457,
541,298,543,63,519,393,
157,219,286,99,
485,252,177,455,472,307,252,202,
346,244,298,285,511,89,198,357,532,123,235,237,342,420,238,440,355,470,51,
219,225,157,17,431,250,434,498,548,145,
56,414,132,298,99,136,138,21,377,473,39,327,297,305,125,383,235,219,104,517,173,27,217,221,538,322,232,156,384,81,533,271,385,177,124,253,326,334,466,483,530,437,544,238,377,89,297,158,330,422,
72,229,270,147,222,10,514,
108,436,14,444,449,301,343,272,176,151,447,129,162,521,452,100,494,88,543,285,482,525,
204,448,309,141,242,312,377,525,528,235,
53,227,1,393,72,76,295,491,162,157,368,491,278,529,62,149,
227,183,53,54,119,449,422,472,401,410,154,354,398,95,220,259,317,336,495,252,535,326,324,497,227,34,498,52,117,528,509,
278,367,141,145,82,421,450,
450,297,
68,324,186,
198,238,151,408,26,509,33,222,273,404,200,440,511,
113,395,455,271,526,169,546,107,141,392,
326,3,112,91,514,216,205,235,240,242,91,180,407,481,
301,252,317,379,2,230,152,136,
63,440,432,219,155,124,357,99,
429,513,538,77,170,531,92,400,531,540,227,
442,174,118,97,362,278,142,434,508,240,288,508,114,197,301,
70,298,301,51,202,431,378,308,484,308,449,72,190,389,
297,133,92,152,537,218,14,43,401,389,43,509,85,312,467,32,141,430,354,10,19,281,186,450,227,142,97,442,383,442,
56,513,181,19,84,26,80,399,473,182,470,
154,295,298,271,461,202,56,125,164,207,391,413,482,261,532,52,456,519,
521,451,108,289,311,325,280,28,79,169,342,382,425,466,
238,298,256,447,369,434,
382,143,25,138,133,403,259,268,291,534,72,146,209,279,452,156,477,
403,445,531,297,326,100,322,82,203,521,18,68,136,194,479,
283,12,537,195,54,162,394,181,171,69,537,79,30,111,507,523,125,136,211,51,86,456,469,256,535,123,250,192,229,163,322,43,
172,26,307,417,261,491,486,
35,15,448,272,359,135,36,40,247,129,6,359,95,356,502,494,276,248,506,529,286,226,77,548,115,189,214,188,433,504,297,37,88,55,306,91,282,270,312,
473,456,233,47,7,484,515,426,452,
11,229,37,88,231,
383,437,376,221,231,273,293,90,160,234,241,529,180,
25,382,531,337,217,
292,50,
145,278,149,268,
192,91,305,256,431,62,533,540,344,104,97,
407,5,142,317,459,47,1,206,113,208,236,446,
406,177,270,
15,193,214,128,83,152,46,208,544,398,537,
285,101,120,140,496,8,23,447,454,209,287,151,298,389,489,338,494,196,284,309,400,415,107,451,473,
467,131,
173,129,251,101,311,337,129,23,53,427,254,434,471,508,544,2,36,174,290,100,423,117,393,466,
448,367,161,356,22,250,272,519,15,119,440,274,35,135,166,317,394,204,266,198,54,13,493,305,39,191,285,497,498,113,62,86,408,104,433,258,455,468,518,440,439,136,280,318,
131,280,45,113,342,355,488,164,357,463,467,212,59,196,362,132,495,170,191,449,44,
190,225,533,539,103,117,178,400,
277,463,445,174,520,
3,278,33,93,493,322,109,524,73,337,
506,431,21,362,489,267,444,31,345,529,548,
293,149,383,
355,131,247,28,48,309,306,514,306,405,506,183,386,451,489,512,149,315,
231,163,229,48,57,177,352,413,298,122,403,471,262,130,146,
298,185,15,505,231,266,489,325,300,
35,456,95,404,164,222,452,334,454,515,354,2,90,338,63,305,352,449,
326,4,140,21,536,
364,214,481,274,416,486,
270,282,478,407,409,411,546,348,349,466,486,63,244,346,406,432,486,482,20,304,72,114,436,3,80,549,258,85,18,242,258,468,542,211,
47,38,263,22,37,109,112,144,184,204,342,381,461,58,41,119,225,91,155,50,259,501,64,128,146,375,11,539,203,414,114,92,399,207,400,473,100,109,306,364,73,407,101,217,530,468,256,
342,3,118,263,20,123,251,303,496,
512,355,533,505,
377,98,
106,70,507,480,86,454,306,427,450,128,202,242,
261,274,269,121,166,223,262,266,290,236,274,346,523,159,182,223,108,381,55,459,319,332,349,34,216,315,370,372,474,376,422,141,135,79,410,332,107,504,409,153,471,307,97,298,548,62,72,112,482,529,252,417,524,534,149,286,548,
32,251,45,137,245,371,164,235,251,512,
389,445,426,332,218,43,105,251,469,
352,231,35,
542,349,
474,3,273,519,
213,359,481,
69,497,376,
320,55,497,
405,212,355,
488,177,
447,252,238,
242,225,
106,426,118,
345,286,486,
365,114,229,
426,11,494,
505,31,512,
451,507,21,
362,141,506,
325,95,298,
186,297,415,156,
546,286,301,144,
327,456,339,
484,445,70,
541,161,533,16,184,
90,383,35,
37,434,423,
337,3,496,
312,16,113,
317,513,301,
406,259,
299,82,
536,326,475,
492,511,444,
475,113,
369,238,376,
531,429,25,
140,225,
35,521,18,
448,229,343,
182,533,56,
466,521,
334,301,21,
63,541,
104,
482,140,108,
353,174,305,
250,219,309,
152,463,301,
195,161,
80,56,
46,254,252,511,
393,229,537,541,
362,475,445,
282,455,
255,445,
515,349,
233,473,11,
296,184,98,
259,395,225,
231,11,77,
488,55,481,500,
495,131,178,
164,32,
515,75,184,
384,241,
23,0,77,156,
517,360,
99,116,157,
488,181,116,
230,301,
504,35,
128,318,
115,116,140,
312,98,204,
149,256,355,
518,497,487,
261,349,172,
445,14,149,
201,181,170,
170,463,4,201,
399,56,503,445,
335,137,
180,383,
105,389,176,
145,14,509,
142,129,286,
543,541,178,108,
103,190,
270,35,
486,118,172,509,
401,455,395,
376,
369,407,252,
470,11,346,
473,56,324,
317,
434,238,181,
416,364,135,
249,476,23,
265,0,135,
496,342,212,337,
406,15,129,
104,481,192,
407,177,326,369,
424,26,533,
537,15,63,
269,327,284,
454,305,497,
21,326,511,
337,452,
192,481,180,
289,475,119,
292,15,77,
193,484,395,
137,445,
481,326,
307,126,172,
232,484,
293,455,97,
400,429,386,
211,270,339,
421,16,278,
261,257,
202,106,485,
315,180,355,
452,177,473,
13,21,135,
63,180,270,
40,28,129,
209,548,247,
91,326,
183,355,
128,177,
420,181,141,
494,318,339,
404,509,75,
303,343,342,
136,533,301,
525,204,18,
440,63,511,
462,156,16,
428,376,481,
245,31,
79,180,517,
141,204,
383,376,455,
170,131,
133,297,382,
514,359,
15,119,212,
474,335,140,
274,364,469,
493,3,174,
457,286,
102,343,
167,214,
494,250,426,
466,451,56,
422,14,
440,16,22,23,
262,161,
39,437,463,
458,445,
55,35,252,
300,210,298,
356,63,129,
105,505,
540,429,113,
71,50,349,
113,448,284,
379,475,406,
549,77,177,
367,360,278,
312,35,119,
462,513,475,
258,456,
223,178,95,
465,349,
332,
