521,95,6,111,200,406,470,
690,549,11,81,296,426,477,762,335,350,392,631,727,333,741,182,29,172,275,443,650,486,199,287,616,620,775,727,15,77,277,430,435,632,660,778,465,510,555,637,
520,353,629,373,571,724,
16,107,286,18,291,114,772,272,418,429,566,155,21,43,186,583,691,336,569,595,621,186,248,553,562,643,168,184,247,552,707,407,816,101,230,720,721,752,791,406,410,431,817,109,64,375,731,67,215,284,599,54,786,319,232,404,480,512,657,752,505,122,187,215,467,326,103,162,436,773,38,98,239,192,346,680,747,772,25,93,180,366,367,785,369,637,696,79,199,210,355,387,447,423,548,602,660,696,715,771,516,715,79,784,81,96,134,307,360,395,557,97,790,808,139,207,294,386,433,750,
567,429,402,176,156,244,275,293,325,15,602,730,370,7,144,157,197,235,4,469,624,626,178,202,288,176,268,343,485,590,
256,171,629,18,43,29,276,764,
205,674,177,424,336,102,613,637,307,451,491,618,73,284,28,435,571,696,709,300,61,254,270,86,374,493,523,555,621,686,813,109,358,708,
367,629,8,304,344,476,803,457,512,686,104,313,343,637,643,332,9,124,265,348,353,420,524,610,470,249,331,497,795,308,484,659,747,804,392,542,
644,205,
554,662,114,187,438,475,663,675,733,818,
150,170,44,301,313,330,639,177,503,652,711,9,209,567,332,267,286,434,460,479,578,688,122,228,356,387,531,582,595,597,283,624,684,
136,9,545,220,258,96,465,560,693,782,19,304,434,796,473,507,585,411,695,200,263,416,424,439,444,492,536,545,0,35,159,245,262,329,465,506,528,710,742,
584,321,66,574,713,792,817,124,148,308,638,68,140,159,162,458,547,629,774,213,299,550,175,295,298,331,226,677,432,708,762,793,88,780,524,806,213,513,580,700,804,1,220,303,48,552,650,708,223,258,357,790,17,118,179,274,449,490,501,715,91,117,420,527,735,742,676,349,351,358,414,443,574,711,61,215,256,599,
637,16,205,117,156,159,380,501,559,637,776,122,269,370,397,703,720,690,
380,120,54,21,344,409,415,221,683,189,449,652,709,789,67,13,91,125,140,165,244,438,279,307,568,170,60,316,470,648,92,191,285,481,513,580,734,739,761,798,
300,310,29,27,124,187,333,492,609,672,48,344,162,12,25,776,116,331,479,487,262,534,300,255,425,661,737,757,767,591,677,718,794,205,428,506,530,579,762,132,620,717,
532,563,673,601,260,399,474,679,812,637,647,723,781,523,663,768,711,66,306,339,659,680,714,21,33,722,563,284,420,97,586,698,
379,13,247,791,21,95,100,231,610,806,594,75,84,189,163,737,744,582,664,712,120,302,380,408,537,689,20,59,189,216,279,572,581,622,720,90,135,164,350,469,529,680,682,28,792,135,168,184,465,60,429,457,619,636,676,728,206,397,549,62,722,765,813,399,437,473,547,778,271,117,339,33,1,344,361,427,484,817,57,152,162,350,665,553,565,726,757,48,261,461,141,711,79,210,261,283,332,39,178,238,288,369,494,607,679,736,
400,659,46,374,457,520,536,617,2,50,228,297,689,209,338,537,547,674,736,781,
221,8,124,429,448,494,593,620,729,57,75,453,472,484,503,609,804,819,568,76,38,122,197,5,278,337,690,749,53,71,186,388,438,559,33,171,388,144,24,685,441,702,582,620,194,212,229,602,723,759,431,516,728,782,165,224,284,431,456,512,705,752,815,46,71,399,14,28,67,104,182,466,544,774,486,255,497,614,667,739,102,220,287,365,482,122,154,233,538,45,111,177,272,579,562,677,689,753,17,587,647,689,690,224,9,736,166,182,245,328,380,434,647,757,784,581,33,202,327,371,605,622,736,24,281,474,166,751,67,207,276,433,418,715,338,180,202,231,269,648,677,696,730,780,135,217,320,347,409,498,568,570,683,8,274,594,629,723,752,386,21,158,490,657,800,55,363,436,453,517,626,668,602,641,694,210,556,613,683,117,214,273,435,563,579,638,771,800,27,99,116,120,300,620,716,720,113,493,659,
122,350,54,64,198,261,314,336,629,21,622,640,9,212,250,275,356,438,59,473,501,527,696,85,406,668,732,130,235,220,677,351,368,436,639,191,367,583,638,769,20,361,303,325,336,483,584,7,184,141,374,676,700,724,184,460,563,684,668,590,262,294,338,413,406,814,598,721,726,78,333,401,483,654,749,97,231,81,275,491,575,736,780,316,353,506,545,466,542,308,351,278,542,698,726,731,181,157,223,232,108,707,401,642,
429,281,16,467,103,193,162,241,421,656,662,744,155,87,112,140,171,200,202,78,174,679,618,685,700,446,650,79,363,193,517,518,544,620,748,124,55,520,540,717,246,152,192,359,635,478,545,706,709,755,6,462,818,526,794,346,163,381,567,123,206,563,656,776,17,148,192,398,402,594,607,194,196,276,483,637,205,781,279,342,402,412,704,712,742,97,176,54,65,163,304,316,503,609,709,
344,552,205,348,30,202,319,399,483,741,770,253,433,790,206,435,444,511,78,99,285,332,358,407,457,52,168,169,222,304,550,712,441,528,555,314,683,700,788,753,817,675,238,66,174,270,350,439,463,669,700,
421,289,29,243,55,31,23,213,62,535,722,775,178,218,472,15,629,110,145,212,344,498,731,352,812,457,550,710,309,367,685,716,149,818,41,211,510,591,660,764,785,804,
169,269,13,
205,88,344,626,644,783,305,554,800,70,132,259,576,719,721,
190,349,287,565,570,18,183,347,607,299,658,475,85,660,697,787,149,478,516,656,127,372,607,702,717,795,256,354,578,588,684,769,65,82,389,620,658,128,184,463,621,654,672,714,715,788,
427,248,296,124,
403,111,4,5,104,138,305,329,463,730,780,249,301,309,396,255,438,730,754,372,409,660,24,129,160,366,382,498,695,738,221,256,279,293,319,423,348,358,426,505,749,798,192,749,114,236,283,326,450,690,92,282,341,612,784,780,151,450,469,547,552,171,637,650,221,257,329,589,94,207,308,369,389,163,189,245,761,796,
467,190,72,57,153,172,267,732,194,349,352,97,256,303,361,452,794,31,175,432,719,806,32,236,35,372,813,36,70,433,536,543,179,613,294,352,463,749,208,309,390,515,176,730,279,601,618,429,41,578,26,394,448,502,606,611,622,169,372,565,604,660,25,101,521,558,36,169,220,243,298,380,56,171,368,422,621,791,1,176,348,468,522,588,325,789,809,303,266,286,46,64,202,146,243,554,770,33,449,79,232,267,316,397,407,629,632,367,750,782,475,483,806,67,111,276,392,460,470,542,703,730,787,18,151,327,613,619,702,116,171,232,368,373,455,623,120,813,194,441,688,716,227,234,275,
760,188,66,225,80,96,528,204,609,501,85,627,734,103,803,30,213,376,663,46,179,453,512,549,107,728,186,322,447,485,610,744,772,193,586,782,784,2,133,402,507,508,736,767,782,216,326,390,575,766,816,184,229,337,435,470,526,607,203,229,264,301,506,535,542,658,703,733,
659,97,671,106,260,651,732,12,57,686,4,512,758,806,379,444,495,323,572,580,629,657,624,40,101,167,236,250,400,464,607,105,202,235,300,322,503,515,46,641,659,667,794,329,681,754,232,236,307,406,756,378,440,504,
4,51,666,49,507,78,98,123,178,213,249,348,752,772,766,809,63,658,606,193,529,168,238,373,455,676,154,294,475,571,575,619,645,684,30,172,182,389,454,597,41,103,171,254,421,551,95,816,1,81,252,106,445,
204,193,709,115,148,151,193,343,385,500,717,799,
330,150,647,350,178,527,549,383,60,541,661,321,330,507,508,627,744,755,811,
549,330,
121,222,
289,666,291,60,371,547,639,411,733,156,352,728,67,145,194,421,148,278,786,498,673,693,725,781,144,373,503,591,746,815,78,109,372,528,362,370,383,402,451,624,742,751,73,227,137,239,294,441,109,546,808,424,534,638,
470,74,6,384,313,328,352,416,481,121,155,222,113,342,92,592,189,462,478,367,276,567,678,743,744,385,423,426,534,618,65,115,186,297,359,363,369,671,367,257,758,435,78,636,484,155,204,227,355,816,97,88,686,752,811,
222,439,402,530,395,505,600,736,121,145,26,468,529,532,582,36,183,348,436,532,105,349,467,533,579,786,800,
521,720,35,87,190,224,349,706,1,50,86,305,410,651,61,788,184,471,482,
320,157,399,375,213,238,425,194,581,679,808,540,594,7,14,28,76,230,407,431,637,736,780,493,27,57,62,192,273,342,366,158,129,466,528,676,766,611,89,636,658,728,268,383,423,709,817,322,437,480,655,125,430,349,0,106,256,547,625,270,378,502,509,581,20,772,241,636,429,555,140,141,217,493,44,126,142,183,394,427,48,110,301,477,564,571,644,736,459,105,251,271,338,424,456,686,
118,237,89,480,59,607,708,181,186,219,360,6,179,239,335,148,38,339,364,373,567,568,58,733,745,640,656,712,387,548,587,615,661,693,135,229,522,563,742,360,400,751,160,268,316,456,592,727,742,171,349,514,744,44,381,661,743,493,609,252,341,151,479,543,574,612,140,740,744,783,98,349,390,436,514,239,650,750,809,139,164,263,286,490,528,550,649,777,791,86,227,465,76,667,674,690,745,98,6,168,244,256,348,472,646,319,321,697,764,765,107,210,618,671,247,755,76,330,385,114,418,427,495,548,55,273,289,357,523,533,17,201,340,555,711,761,27,139,277,485,
432,200,171,323,370,518,637,245,312,375,450,514,531,56,66,74,115,122,451,579,725,755,
193,760,204,510,596,650,705,166,286,182,358,385,581,583,258,403,434,573,638,
600,353,97,804,
430,218,152,181,204,205,644,268,15,319,57,590,653,97,120,196,177,21,387,514,675,730,739,761,768,263,384,221,86,226,278,306,317,331,351,392,434,492,589,734,773,281,454,506,596,71,213,619,112,235,393,485,486,575,731,819,334,515,661,693,734,226,369,438,774,
171,620,617,256,432,603,813,63,149,333,466,496,545,580,648,281,633,322,536,116,548,
67,653,90,132,94,23,257,407,409,496,269,626,648,651,113,40,137,186,335,812,639,78,27,425,320,453,509,519,525,540,629,800,235,275,337,351,464,501,616,630,692,588,361,40,590,599,629,365,18,559,592,350,413,501,541,681,208,690,263,300,399,467,473,559,626,656,796,453,47,362,380,492,494,664,766,804,771,402,196,372,600,784,816,429,479,252,256,265,430,579,626,641,58,104,315,516,757,777,788,751,
384,212,352,470,252,671,150,743,781,160,313,623,64,168,267,238,636,225,133,340,369,373,394,464,290,465,797,585,614,761,546,644,659,
114,137,31,229,330,249,146,305,344,376,428,35,22,38,182,241,493,616,705,588,147,385,49,162,375,414,443,469,633,297,306,172,425,563,734,94,278,485,786,220,339,438,503,244,295,596,614,679,554,131,696,754,449,456,692,49,285,343,369,374,397,539,616,715,759,34,165,250,350,407,431,589,
666,181,368,289,794,4,580,51,213,255,172,168,307,428,435,539,232,635,726,755,454,529,658,714,20,114,185,304,323,267,352,58,771,354,103,529,660,670,671,674,800,243,395,469,552,231,639,667,803,604,818,2,144,149,494,721,671,743,806,124,187,200,204,211,394,485,494,593,653,10,177,622,695,175,184,99,56,789,277,644,688,802,
506,171,169,258,312,441,813,482,633,383,387,438,13,663,208,5,85,352,367,509,248,675,297,705,729,758,802,282,371,385,547,51,163,551,614,675,302,305,750,420,446,451,767,808,67,170,177,58,742,793,154,117,575,173,96,269,571,725,82,727,204,247,390,495,571,49,172,177,414,474,392,412,109,245,571,307,407,432,606,666,775,741,247,112,150,191,303,272,376,430,163,144,2,185,258,528,538,602,661,666,792,808,59,9,50,352,370,443,508,809,24,236,272,538,95,705,580,702,196,312,404,553,239,316,522,281,254,418,784,324,346,550,652,729,
499,66,662,12,104,192,575,701,783,
619,425,515,105,358,683,23,75,95,164,174,500,18,709,776,464,520,785,111,114,139,171,300,508,611,749,808,117,207,360,460,502,592,598,57,252,446,123,311,391,768,39,171,395,464,501,512,790,803,106,193,450,467,643,683,183,575,363,379,402,432,485,538,42,689,31,556,745,272,347,377,427,221,771,332,334,367,690,758,178,226,125,308,454,476,644,777,785,
714,310,666,473,481,224,528,221,554,660,752,226,286,333,515,553,571,83,117,465,468,477,582,523,674,677,804,13,44,46,49,112,139,359,423,533,577,210,225,232,324,429,447,592,6,65,163,234,668,678,697,704,765,37,94,95,255,339,528,762,
328,748,8,77,11,251,106,80,646,720,259,329,460,477,405,105,705,457,460,684,715,133,325,435,57,285,312,425,558,338,581,600,101,111,714,83,784,130,302,316,610,735,756,8,212,335,502,630,416,490,493,529,582,600,636,741,774,88,258,531,555,752,675,165,357,443,493,585,639,682,745,760,108,142,428,608,732,192,272,298,420,428,12,549,676,747,812,346,405,502,545,666,701,780,213,585,697,102,262,320,456,668,204,278,470,322,694,505,641,727,
561,524,426,604,700,771,795,84,101,152,248,429,479,676,229,268,494,636,769,798,
736,122,629,141,387,577,650,716,130,786,267,352,357,440,637,751,815,
647,143,121,113,323,33,28,706,68,340,341,646,657,713,32,193,452,819,74,752,240,183,357,736,304,218,478,144,273,302,362,652,273,428,442,491,608,618,683,794,361,58,445,536,220,657,464,468,469,77,159,297,458,510,724,753,139,186,322,80,734,552,591,145,215,492,805,362,518,47,776,346,492,31,654,277,249,514,529,611,695,766,150,252,353,397,724,298,304,486,719,817,153,163,170,176,219,64,378,628,630,201,217,428,454,275,697,402,553,142,683,207,270,339,340,433,126,512,371,545,212,765,566,12,104,333,378,18,618,651,707,735,135,344,374,620,812,317,207,639,736,141,155,347,354,22,140,235,332,374,91,382,484,4,692,294,329,458,470,115,133,147,176,179,208,360,403,448,119,650,124,211,433,706,24,104,143,152,316,483,717,7,169,184,286,310,357,51,457,555,582,631,693,738,58,234,333,520,622,693,751,78,351,727,239,12,669,682,221,288,68,353,457,48,752,31,231,299,390,562,788,288,312,451,520,628,714,56,318,352,521,111,277,543,573,130,727,730,763,801,119,218,250,736,71,242,330,352,411,604,623,725,755,180,278,146,445,178,290,286,565,734,668,217,321,449,534,553,592,794,248,99,520,584,
310,94,199,127,182,451,491,512,591,597,177,786,227,243,266,299,300,627,644,694,714,758,45,336,193,690,721,519,320,616,102,181,227,10,321,403,483,515,703,187,387,516,270,49,619,649,740,742,762,469,752,108,116,455,652,10,490,81,505,816,512,591,261,445,474,508,3,398,512,553,701,734,780,
330,254,243,329,493,29,651,356,443,
374,40,337,50,690,716,749,783,243,209,172,371,116,531,626,687,367,709,739,800,36,42,53,175,202,211,526,514,543,574,192,263,315,478,503,546,675,
191,480,806,177,188,486,602,240,28,689,46,156,490,536,590,718,175,429,484,718,69,215,306,452,488,782,307,395,457,565,643,697,217,282,559,566,603,626,348,513,623,658,667,818,278,397,
773,372,744,473,706,27,166,279,372,544,601,634,29,275,103,609,661,817,818,502,717,796,228,474,46,94,232,554,148,655,700,819,76,103,104,270,358,372,569,765,662,782,413,547,720,747,801,133,209,221,297,363,374,2,673,715,12,339,466,540,668,127,649,721,736,157,285,315,336,405,485,530,77,718,749,74,214,227,364,410,684,434,769,375,452,720,810,548,
439,11,104,230,330,81,709,807,272,530,638,768,790,183,27,115,186,240,298,336,391,424,631,692,695,307,324,325,463,498,618,697,260,184,755,273,284,365,519,599,664,84,258,591,108,776,169,209,628,662,781,194,504,529,530,624,137,282,295,348,439,139,165,425,467,678,747,162,161,163,217,58,255,577,589,746,814,64,282,284,367,413,495,602,710,728,176,124,170,211,74,528,557,528,117,48,234,391,32,461,645,628,648,717,188,218,301,313,748,793,146,215,232,298,325,222,367,623,663,674,744,801,0,50,59,228,290,387,67,720,818,106,421,448,578,24,56,203,255,442,601,722,114,321,410,559,642,700,
806,379,51,139,240,436,721,0,250,645,759,810,235,573,632,764,5,179,191,250,324,382,52,458,503,32,622,3,335,351,189,408,486,494,507,551,133,382,422,531,595,676,180,430,16,130,229,450,611,618,761,23,41,158,212,262,406,407,525,196,277,29,436,214,303,547,610,667,169,287,324,514,524,800,789,297,50,70,79,128,267,294,784,
301,321,46,204,380,540,103,538,640,683,685,411,558,596,182,154,669,613,673,159,417,74,215,386,434,601,493,594,599,662,762,805,155,369,13,577,584,616,715,82,215,333,466,571,643,755,54,650,720,139,188,310,313,339,383,568,571,195,354,420,500,516,555,589,615,550,818,249,577,682,769,
603,171,244,212,480,588,770,114,64,324,377,444,602,708,158,246,
90,320,573,59,152,29,29,276,587,722,768,62,284,421,773,779,79,46,3,585,737,584,287,340,144,650,673,721,377,571,599,714,723,
88,217,24,5,212,500,565,588,628,659,734,644,17,386,121,282,416,633,110,198,24,526,782,149,205,251,358,456,527,703,721,345,580,744,61,265,349,301,515,183,751,787,486,512,550,692,3,22,508,623,627,708,730,126,136,249,277,589,607,658,684,689,
22,6,88,
571,296,205,344,641,735,
35,521,296,206,247,269,481,553,621,771,774,
426,690,403,5,23,177,514,561,579,690,752,107,221,382,527,338,390,408,432,492,560,571,582,144,287,737,760,171,316,411,627,729,237,304,432,
752,33,610,345,547,619,478,8,138,525,540,781,76,281,594,770,811,78,402,575,787,432,552,111,249,313,676,20,89,171,295,454,512,581,640,
52,784,176,211,308,358,728,
23,194,384,746,77,164,256,484,724,742,
756,140,253,2,196,227,312,325,373,584,627,
674,683,322,19,105,144,571,706,439,243,491,552,764,32,252,314,376,447,336,78,703,770,792,480,552,591,628,653,707,747,17,205,692,742,19,292,739,93,294,506,552,760,317,337,386,582,621,721,44,67,134,265,327,522,555,18,63,123,155,189,242,285,408,432,445,476,726,268,383,255,536,573,593,816,521,575,729,
286,66,16,183,197,302,373,395,10,4,314,353,134,124,260,187,740,785,87,804,100,279,355,499,507,693,583,799,107,381,19,462,546,578,202,246,284,338,428,64,112,119,411,483,518,144,552,167,571,14,792,309,332,432,518,726,
629,221,20,110,15,684,736,106,256,60,452,580,347,500,549,675,712,717,762,132,163,222,330,86,522,135,167,467,634,54,170,301,391,400,482,493,596,767,774,
46,617,760,636,1,106,323,400,79,546,613,673,784,184,203,241,439,530,658,754,10,74,165,176,499,80,263,609,698,99,288,337,470,591,616,719,
566,281,113,26,281,357,389,534,545,548,720,60,155,276,468,559,624,392,517,521,594,647,15,88,403,671,700,739,805,179,217,266,270,286,341,388,30,740,49,93,76,219,243,293,294,429,482,612,655,813,415,581,162,635,681,818,177,796,110,446,82,491,690,77,756,194,248,423,597,779,
784,46,760,124,256,52,99,614,659,706,9,183,65,236,287,689,162,521,709,725,
269,127,5,153,135,207,77,378,409,465,289,644,371,460,36,201,263,637,380,407,499,523,169,16,248,476,500,573,708,813,815,
683,399,32,179,9,24,337,438,574,761,211,558,585,675,815,58,456,61,20,232,260,365,378,252,777,135,192,324,340,67,94,42,289,153,139,436,721,814,461,527,658,675,680,729,255,590,40,806,813,78,400,508,632,640,658,666,273,283,343,699,60,152,552,573,627,659,754,552,15,350,358,391,545,554,619,674,785,130,189,208,350,665,37,87,367,379,418,479,495,687,95,102,171,245,585,611,201,243,629,640,179,118,769,194,268,106,208,406,12,797,82,676,88,273,287,350,545,594,623,792,56,162,428,454,26,563,633,286,90,323,364,66,529,134,261,227,363,382,454,478,582,654,323,443,620,696,156,234,452,632,653,694,60,95,141,187,
248,4,58,70,229,266,305,427,715,729,205,349,670,695,
709,380,204,63,340,394,603,620,638,721,122,585,609,101,246,254,259,479,534,592,624,751,767,
6,4,581,296,20,157,268,470,574,562,741,779,9,11,173,281,367,446,634,817,36,706,145,303,341,353,507,531,639,132,236,57,487,728,37,185,205,694,813,288,363,378,527,661,521,30,568,714,22,181,241,361,686,534,
758,49,138,233,337,523,131,721,141,159,237,241,490,790,
813,242,171,508,27,62,124,163,398,405,464,633,217,233,680,818,
662,427,162,240,364,381,493,499,554,652,656,104,403,807,169,511,616,673,687,769,790,795,377,403,451,537,619,665,
337,385,116,65,90,93,8,334,269,405,432,572,592,598,662,730,706,753,129,289,368,364,550,803,463,643,32,278,42,482,630,92,162,326,704,715,752,81,260,294,345,399,605,608,424,531,600,624,689,65,165,201,65,714,744,251,254,257,815,358,268,271,56,374,588,725,788,301,302,52,275,336,368,308,107,163,246,33,407,443,478,186,217,237,551,408,410,728,767,136,170,525,614,626,638,20,162,185,
256,84,320,330,784,41,438,577,597,551,280,519,790,803,241,246,436,492,585,196,325,431,723,621,
140,246,79,99,208,209,290,360,376,527,711,793,87,195,254,611,35,735,108,167,432,411,705,156,383,187,489,462,211,590,502,538,634,414,496,549,558,607,695,737,171,302,468,480,530,572,615,632,668,107,165,548,634,635,262,334,691,145,196,88,578,17,814,334,364,400,603,756,180,344,461,611,734,737,792,9,89,395,445,517,576,640,697,8,41,392,
172,353,4,77,102,115,173,245,335,339,466,471,534,663,724,60,165,183,271,464,520,539,583,615,647,774,576,
95,242,744,14,294,296,304,407,511,671,763,59,146,290,470,521,597,680,780,280,351,424,565,648,654,241,677,746,
339,172,64,398,584,619,752,809,
402,27,209,43,229,138,273,290,483,567,647,712,222,357,392,430,506,447,451,530,675,691,705,742,162,793,342,476,722,727,336,174,189,555,608,611,645,147,243,251,380,517,657,669,780,788,577,660,813,
13,563,0,370,30,169,184,196,405,307,407,671,679,
671,149,3,64,185,415,813,258,44,280,294,315,556,204,279,498,726,99,445,533,659,676,763,101,150,353,387,479,665,83,172,221,295,342,505,160,720,397,633,690,408,439,683,183,202,238,343,507,746,6,160,191,282,308,407,556,618,716,60,124,167,269,275,353,435,18,304,344,350,367,390,407,549,647,654,260,809,222,24,712,361,379,575,594,158,386,583,590,664,670,
260,219,532,287,293,581,112,291,318,64,495,744,585,55,104,693,580,718,728,
124,286,300,87,267,610,635,689,123,362,633,280,225,784,382,383,437,694,79,102,173,440,677,733,792,31,227,268,296,4,34,45,560,763,427,
66,537,481,360,147,393,409,111,563,584,642,591,800,11,78,314,364,435,476,757,790,651,551,760,785,64,376,720,432,603,457,484,693,219,741,776,70,160,374,377,413,64,463,479,535,676,419,469,708,710,233,376,439,749,265,302,455,614,519,103,226,317,346,453,599,705,10,34,105,575,86,275,361,499,721,767,807,508,659,685,809,101,395,357,385,397,448,474,477,576,593,683,736,632,
636,250,370,47,46,178,207,398,413,618,87,266,369,439,468,635,664,790,554,181,66,450,94,390,578,395,468,558,688,771,231,771,802,289,309,423,495,609,
4,6,80,59,166,445,281,706,212,548,703,716,800,122,268,295,439,526,46,655,669,674,749,765,209,340,371,759,769,207,403,546,2,170,185,464,474,102,102,241,105,572,100,476,585,691,45,169,253,357,373,447,62,387,376,638,0,326,343,411,594,749,146,329,504,515,57,726,120,110,592,637,706,729,30,451,474,506,638,691,118,340,578,643,336,494,149,640,349,491,565,588,24,307,495,647,685,784,
296,690,6,72,1,140,162,425,86,623,460,542,644,649,166,500,735,35,475,485,571,597,168,238,256,264,376,427,497,532,547,100,786,792,
502,455,177,57,165,271,450,
370,7,142,166,117,225,511,373,217,739,332,43,109,417,418,11,479,488,4,117,141,356,190,387,42,493,404,54,668,71,249,660,757,818,159,281,462,483,385,577,696,790,125,490,157,680,780,31,128,557,185,384,585,130,201,259,384,392,684,720,378,446,237,288,294,321,410,630,782,96,290,497,583,610,793,277,801,62,163,441,599,684,734,753,17,486,514,632,771,9,19,170,357,377,428,135,536,62,410,488,629,743,753,756,59,408,514,761,816,55,108,273,52,491,633,85,114,139,197,310,407,455,778,94,136,170,186,295,105,372,375,554,67,124,77,486,235,592,16,71,369,802,95,359,547,205,636,172,427,220,252,390,472,181,710,805,528,606,707,54,547,579,89,817,7,555,694,703,567,61,197,501,15,800,33,158,213,296,606,721,373,13,439,651,379,14,185,250,263,
508,800,813,
534,205,6,275,285,479,588,
242,813,674,
243,358,285,11,479,186,221,283,331,459,555,383,628,743,137,264,270,331,240,263,627,539,146,592,612,743,158,283,459,654,666,63,754,328,260,377,405,83,92,147,651,249,116,399,479,601,611,288,527,540,674,45,397,633,659,666,279,386,495,788,681,377,654,693,805,602,685,421,114,305,309,379,454,512,574,129,21,804,148,206,55,483,591,704,75,137,161,363,181,686,795,499,195,250,330,344,512,568,602,618,628,762,205,282,542,579,632,733,617,115,747,94,194,443,445,689,720,781,
813,328,671,271,610,620,753,341,460,138,726,806,118,197,295,541,568,500,684,804,809,9,20,520,653,18,285,310,438,488,339,268,294,324,355,398,493,586,666,520,49,213,288,301,425,459,515,669,127,795,819,95,115,165,307,476,528,728,379,500,557,643,669,170,226,303,435,637,
94,366,427,132,158,357,386,639,229,723,753,814,310,455,735,753,132,155,233,106,349,485,700,758,770,685,803,300,484,516,493,691,770,108,165,80,210,333,337,358,434,692,755,147,301,370,589,632,669,718,727,320,348,24,292,504,705,547,700,708,753,796,351,733,119,120,198,310,443,464,500,193,618,768,42,288,332,472,479,556,371,539,646,687,500,709,799,24,199,458,39,504,518,
452,183,350,112,403,240,310,299,715,730,256,366,516,629,4,251,42,110,243,255,427,443,470,603,122,418,438,708,775,783,803,310,188,246,336,518,690,711,393,595,609,650,752,13,169,304,472,10,194,298,11,517,521,678,747,142,268,613,406,800,343,444,608,644,655,722,761,325,573,580,213,391,405,549,26,181,84,202,660,748,774,797,275,36,352,418,547,744,193,326,341,491,660,690,740,110,819,608,77,126,377,582,652,654,707,741,757,219,265,669,
629,67,474,332,500,508,537,663,11,15,345,367,490,12,153,227,365,412,514,559,638,676,795,810,413,491,511,0,23,115,609,723,767,450,137,217,214,367,429,440,760,560,748,779,802,54,195,297,57,276,298,322,483,501,520,204,17,364,378,775,770,136,804,817,471,555,
617,94,674,28,482,709,733,14,68,155,289,420,457,648,124,708,759,798,181,270,515,704,741,745,75,138,282,307,313,345,148,455,490,518,696,745,33,374,419,538,628,645,711,7,47,175,178,255,256,268,285,388,449,494,563,710,105,18,346,706,714,349,509,639,345,429,701,710,711,258,82,640,771,308,318,443,604,791,31,100,102,158,168,349,386,558,650,139,282,431,522,391,500,603,684,704,707,811,35,43,97,219,512,616,267,107,156,407,422,443,491,35,567,691,151,218,282,373,635,143,254,676,762,37,119,209,223,250,480,87,172,460,472,624,496,479,601,801,352,381,551,707,720,81,208,11,33,194,270,0,494,690,799,491,680,110,204,427,545,611,743,89,382,506,533,692,432,405,195,23,573,40,432,487,24,75,258,58,318,398,144,603,660,813,158,206,304,116,560,629,59,125,290,344,365,42,633,154,738,799,62,564,739,808,18,9,297,304,561,295,334,351,436,80,82,239,409,688,744,33,107,213,218,253,272,306,469,492,617,65,117,261,457,561,127,782,806,231,338,377,505,115,675,773,46,347,133,614,171,250,262,265,287,291,347,477,536,181,718,86,456,653,745,784,463,663,700,718,752,361,795,740,179,181,209,252,366,440,61,243,165,442,451,545,757,770,771,786,131,207,215,303,378,385,535,718,
144,90,426,2,12,67,490,
789,188,359,125,1,26,27,115,242,584,805,123,124,687,382,816,3,455,485,712,40,133,285,342,344,375,403,483,576,587,690,99,806,666,360,398,681,3,332,727,227,
800,666,244,280,467,293,528,697,816,310,715,370,222,375,508,614,178,111,292,355,704,765,692,79,190,193,671,677,619,242,
736,760,222,16,121,126,157,305,478,665,
383,124,301,45,391,406,551,583,664,
563,122,0,34,41,245,321,144,542,544,563,570,115,118,226,410,433,458,489,492,13,539,540,444,647,28,175,11,53,192,510,705,726,200,297,620,106,206,352,466,632,147,244,269,300,479,691,352,502,588,809,
720,350,56,136,2,63,47,513,521,661,34,480,492,650,482,483,515,707,714,89,604,170,203,274,283,293,13,530,555,733,427,179,254,79,532,250,515,608,655,720,786,431,588,611,779,43,142,172,281,411,506,530,575,734,136,151,245,457,42,4,319,621,742,68,186,235,236,628,710,5,107,140,218,239,287,458,810,410,594,54,169,262,361,620,73,540,649,767,266,305,358,362,377,31,817,818,63,133,177,226,152,485,712,717,743,208,455,580,592,745,755,792,74,451,597,695,809,75,12,498,521,527,750,117,155,351,435,436,586,689,104,109,141,193,352,387,597,803,807,133,65,127,129,480,718,136,210,332,659,681,1,209,435,592,613,
744,160,73,193,172,169,316,405,478,175,234,475,486,130,780,164,517,199,385,507,371,587,603,641,683,41,572,813,67,215,305,327,437,623,677,702,772,248,717,184,439,581,284,789,162,173,376,525,535,553,16,158,275,291,87,679,740,82,100,125,318,352,727,568,15,702,774,204,660,706,134,790,164,2,375,663,129,305,22,127,90,131,589,423,456,615,635,145,387,101,514,170,177,268,121,499,513,524,525,799,410,593,3,170,304,348,440,799,31,415,431,519,152,432,646,243,424,529,594,611,617,638,671,163,218,227,380,429,433,528,648,732,793,801,790,186,352,472,668,682,738,773,25,55,241,167,212,264,381,712,84,140,54,440,677,703,234,324,453,455,576,601,810,173,193,254,519,525,716,83,589,594,699,767,3,78,138,317,104,386,490,496,573,728,785,351,64,95,251,322,474,797,112,496,100,95,381,618,635,662,130,305,364,179,215,358,402,413,652,694,745,782,470,230,241,251,297,317,524,29,679,799,62,194,303,377,3,556,206,393,413,532,548,615,654,691,58,200,429,650,289,739,757,
156,567,212,224,274,357,705,549,813,818,690,184,318,559,
663,92,172,183,322,339,341,799,
107,426,286,66,130,233,411,413,595,64,74,89,164,191,270,276,499,595,645,682,726,
353,172,76,698,728,733,185,452,520,780,790,268,289,600,628,206,345,467,501,640,749,37,125,130,400,410,616,
427,679,231,42,137,210,238,588,373,94,109,143,451,579,586,772,36,254,256,564,801,131,512,461,581,648,812,359,191,197,190,257,52,485,468,637,709,469,492,59,88,479,670,685,43,385,441,655,333,518,721,790,21,23,52,280,370,520,243,272,406,468,479,641,178,771,784,265,529,555,620,659,662,10,70,253,373,630,638,787,809,15,171,214,239,511,231,253,334,494,550,188,787,320,543,559,668,1,370,
705,156,193,238,439,640,674,
253,85,2,237,256,286,690,744,756,100,456,537,593,243,451,597,683,195,450,632,
293,567,260,190,210,395,416,563,766,799,41,138,269,780,228,803,318,730,
307,191,205,499,513,596,
573,209,186,413,90,16,95,114,336,491,740,800,59,145,325,420,641,652,264,433,529,554,563,609,364,426,433,613,684,235,86,55,23,336,342,396,455,650,714,260,380,26,207,484,258,
439,370,136,
122,709,150,
1,521,4,
97,532,429,470,
184,13,760,521,
337,760,758,
384,23,
643,813,
138,758,293,
292,800,
203,46,
637,432,
114,603,
565,4,95,
583,172,193,
584,647,90,
780,95,
470,46,521,
771,35,
484,23,470,
12,499,144,
588,563,534,
804,600,421,
406,521,383,
237,426,758,
373,520,756,
724,23,520,
637,637,269,
387,150,
63,709,
276,107,256,
450,502,253,
619,339,662,800,
513,380,307,
196,256,756,
788,67,190,
720,243,637,
148,204,
344,571,367,
341,663,
29,330,256,
211,52,421,
262,136,
