454,
384,856,638,673,414,299,219,570,223,573,109,946,620,
491,228,66,671,38,748,160,496,249,544,564,57,83,577,762,897,592,320,606,437,634,202,735,196,334,745,164,685,796,654,528,333,511,42,751,615,989,550,469,492,502,48,959,873,409,387,322,396,479,731,47,340,723,500,461,739,963,552,683,121,934,868,176,276,982,853,956,386,529,240,756,71,360,64,154,636,171,295,613,981,561,898,659,455,118,49,662,170,391,915,599,955,948,366,885,776,778,337,936,653,569,841,289,629,315,734,676,300,985,104,709,506,892,694,755,272,772,450,811,821,
466,
389,
607,
562,
59,
585,
31,
373,
6,
905,
94,
150,
684,
793,
530,
418,
503,
568,
181,
976,
939,
690,
822,
203,
287,
411,
226,
932,
660,
893,
105,
975,
381,
553,
899,
818,
988,
88,
280,
557,
889,
284,
970,
330,
279,
586,
399,
973,
44,
721,
86,
43,
338,
554,
621,
326,
971,
995,
1,
642,
344,
471,
271,
781,
281,
863,
179,
357,
211,
754,
269,
656,
584,
297,
318,
894,
187,
808,
626,
419,
829,
879,
58,
385,
718,
525,
316,
595,
82,
912,
368,
635,
765,
111,
229,
850,
251,
546,
726,
250,
637,
63,
110,
494,
847,
631,
518,
376,
145,
558,
624,
594,
750,
137,
20,
567,
332,
649,
438,
857,
933,
514,
871,
596,
17,
618,
446,
433,
710,
33,
210,
294,
516,
612,
508,
737,
361,
233,
9,
153,
208,
740,
398,
343,
699,
394,
120,
327,
795,
345,
247,
404,
22,
392,
603,
749,
21,
741,
644,
540,
921,
412,
39,
301,
746,
805,
303,
742,
304,
619,
382,
716,
53,
101,
241,
738,
782,
900,
855,
423,
87,
794,
803,
559,
206,
73,
682,
537,
133,
474,
846,
177,
482,
472,
5,
182,
953,
268,
681,
810,
342,
254,
843,
724,
943,
510,
321,
178,
267,
560,
717,
457,
922,
536,
314,
996,
768,
116,
401,
167,
144,
580,
159,
679,
563,
443,
575,
967,
114,
504,
605,
941,
358,
162,
547,
19,
197,
131,
677,
282,
91,
375,
328,
232,
80,
966,
572,
157,
74,
757,
324,
390,
36,
298,
979,
692,
490,
50,
467,
351,
96,
697,
28,
499,
925,
146,
859,
910,
744,
977,
556,
234,
651,
302,
983,
625,
432,
495,
484,
706,
647,
79,
880,
103,
691,
902,
132,
920,
655,
865,
336,
974,
824,
954,
393,
952,
261,
610,
574,
288,
93,
549,
149,
891,
869,
415,
733,
370,
719,
960,
667,
425,
462,
199,
766,
486,
