548,277,473,800,
13,439,436,169,414,623,300,607,656,10,46,144,789,
514,409,142,458,733,191,196,298,402,411,455,678,732,455,301,573,587,625,682,748,762,357,362,112,33,456,542,573,586,161,604,809,
637,74,15,117,156,159,380,501,559,637,776,111,122,269,370,397,703,333,690,215,285,308,352,171,220,280,238,415,498,755,49,334,390,406,461,619,136,161,302,330,450,502,687,395,514,803,148,4,361,434,537,574,668,737,646,678,742,766,807,619,741,744,31,480,124,386,283,285,302,517,658,526,678,
277,90,384,168,200,308,387,488,278,775,663,756,243,533,736,263,302,422,574,756,792,97,102,207,387,424,502,509,548,557,361,476,543,696,723,725,283,
511,534,229,69,186,260,302,609,714,818,
339,440,164,64,398,584,752,809,481,503,683,19,43,246,258,11,432,507,533,674,729,19,223,226,253,493,664,224,379,427,629,789,254,258,379,528,765,788,262,494,46,86,660,663,20,225,288,381,410,677,22,489,572,661,22,80,241,445,505,
181,702,0,104,326,420,278,503,551,603,744,208,197,420,532,573,402,416,598,769,800,804,
647,147,33,420,515,568,597,
406,374,157,393,658,448,236,533,589,730,733,746,103,570,177,304,360,499,526,691,6,300,473,796,602,290,586,615,674,707,815,
534,337,292,91,347,417,569,706,741,752,771,119,213,403,449,510,532,540,707,783,514,572,723,147,198,234,305,323,673,697,47,108,385,471,91,563,388,484,497,696,
775,277,429,195,417,465,548,654,683,687,684,388,149,67,682,220,263,643,749,801,
702,181,118,457,515,532,628,92,106,193,223,378,395,163,469,625,768,380,384,478,758,70,235,391,427,468,87,640,48,697,2,284,399,400,525,641,19,43,72,433,553,
736,394,355,141,387,577,650,716,130,786,267,352,357,440,111,637,751,815,614,632,248,107,137,201,73,455,526,604,651,790,426,65,209,57,377,394,639,428,559,684,687,688,484,514,654,758,120,297,449,557,56,197,426,677,761,92,237,312,566,645,
141,242,317,509,548,665,723,745,128,699,383,64,503,544,634,797,613,809,
121,347,169,469,6,664,30,364,136,158,717,77,402,601,713,798,247,424,559,51,722,803,259,458,474,520,127,260,365,613,124,734,808,262,300,428,609,282,338,473,628,629,402,566,
583,118,509,104,169,15,285,345,630,11,149,166,203,456,501,533,118,789,815,144,177,182,11,367,554,622,113,180,273,651,748,773,247,291,57,143,336,419,457,197,512,600,41,79,158,243,313,454,510,358,725,737,39,660,665,812,
628,702,31,124,254,461,380,516,617,645,731,49,175,390,570,195,643,398,492,531,782,
17,40,68,111,309,408,434,484,524,790,
118,0,452,142,271,366,448,527,536,644,659,736,799,43,84,477,520,713,2,52,331,
499,406,474,119,233,549,578,117,262,603,279,157,576,584,701,773,811,
533,99,339,185,137,533,139,149,215,223,713,93,128,211,389,727,801,338,752,804,
671,149,3,64,185,415,112,258,44,280,294,315,556,204,279,498,726,99,445,533,111,676,763,101,150,353,387,479,665,83,172,221,295,342,505,160,720,397,633,690,408,439,683,183,202,238,343,507,746,6,160,191,282,308,407,556,618,716,60,124,167,269,275,353,435,18,304,344,350,367,390,407,549,647,654,260,809,222,24,712,361,379,575,594,158,386,583,590,664,670,37,314,196,245,412,381,392,431,136,158,189,190,416,437,591,726,548,671,496,626,709,142,56,69,438,188,218,463,660,238,370,386,172,179,314,417,599,670,702,774,397,407,561,
470,292,16,579,113,202,270,365,237,602,735,472,680,703,714,754,766,70,305,402,416,695,725,796,276,380,433,634,90,758,694,328,347,363,407,739,756,17,91,295,541,581,801,137,353,504,702,679,758,811,755,
307,76,7,124,187,316,5,542,574,810,42,350,735,813,
533,292,533,81,226,128,322,519,639,682,749,797,161,354,364,395,593,
76,458,307,
157,406,600,108,355,260,565,280,51,722,809,428,513,756,471,241,68,136,486,514,518,58,391,675,758,525,702,499,168,280,353,480,481,602,623,662,
737,63,59,231,110,276,533,699,710,95,101,231,381,160,34,317,351,525,679,11,351,354,607,210,318,58,160,665,
595,185,269,761,88,31,184,247,268,271,530,567,691,808,235,324,360,72,628,389,479,565,705,
452,183,350,112,403,240,310,299,715,730,256,366,516,629,4,251,42,110,243,255,427,443,470,603,122,418,438,708,775,783,803,310,188,246,336,518,690,711,393,595,609,650,752,13,169,304,472,10,194,298,11,517,521,678,747,142,268,613,406,800,343,444,608,644,655,722,761,325,573,580,213,391,405,549,26,181,84,202,660,748,774,797,275,36,352,418,547,744,193,326,341,491,660,690,740,110,819,608,77,126,377,582,652,654,707,741,757,219,265,141,669,43,212,420,491,659,172,338,584,701,734,575,45,99,130,140,285,356,366,548,645,201,212,216,287,317,497,788,87,183,277,306,347,390,562,773,801,369,536,564,784,25,256,113,382,488,34,530,631,219,607,670,796,224,676,684,700,
478,171,702,320,7,64,168,206,422,668,784,107,490,678,756,
727,253,566,232,87,272,162,548,810,202,275,479,693,791,
384,23,10,160,277,371,479,494,580,658,720,259,503,623,796,138,569,572,672,148,157,324,496,585,612,729,211,258,485,754,48,129,136,38,440,541,780,240,701,728,96,313,334,438,364,620,686,443,468,793,
625,302,320,
439,370,136,110,336,489,132,56,729,413,429,710,317,412,127,716,725,147,361,753,213,309,13,213,288,376,572,719,721,60,232,300,376,434,455,814,107,165,335,530,641,
370,7,142,166,117,225,511,373,217,739,332,43,109,417,418,11,479,488,4,117,141,356,190,387,42,493,404,54,668,71,249,660,757,818,159,281,462,483,385,577,696,790,125,490,157,680,780,31,128,557,185,384,585,130,201,259,384,392,684,720,378,446,237,288,294,321,410,630,782,96,290,497,583,610,793,277,801,62,163,441,599,684,734,753,17,486,514,632,771,9,19,170,357,377,428,135,536,62,410,488,629,743,753,756,59,408,514,761,816,55,108,273,52,491,633,85,114,139,197,310,407,455,778,94,136,170,186,295,105,372,375,554,67,124,77,486,235,592,16,71,369,802,95,359,547,205,134,172,375,220,252,390,472,181,710,805,528,606,707,54,547,579,89,817,7,555,694,703,55,61,197,501,15,800,33,158,213,296,606,721,373,439,651,379,14,185,250,263,42,98,183,276,19,380,794,136,272,311,672,684,756,771,136,208,384,26,713,312,251,246,247,420,467,668,626,93,304,813,458,67,146,563,220,414,559,
361,159,782,83,103,408,460,71,376,299,284,695,708,92,418,466,545,204,755,81,316,438,522,690,700,94,102,115,122,272,634,693,768,776,
177,777,298,288,354,382,555,602,651,690,783,784,
307,178,96,134,235,295,654,666,203,350,499,543,621,67,773,788,798,494,507,668,721,
801,804,470,84,234,642,692,806,
744,160,73,193,172,169,316,405,478,175,234,475,486,130,780,164,517,199,385,507,371,587,603,641,683,41,572,813,67,215,305,327,437,623,677,702,772,248,717,184,439,581,284,789,162,173,376,525,535,553,16,158,275,291,87,679,740,82,100,125,318,352,727,568,15,702,774,204,660,706,134,790,164,2,375,663,129,305,22,127,90,131,589,423,456,615,635,145,387,101,514,170,177,268,121,499,513,524,525,799,410,593,3,170,304,348,440,799,31,415,431,519,152,432,646,243,424,529,594,611,617,638,671,163,218,227,380,429,433,528,648,732,793,801,790,186,352,472,668,682,738,260,25,55,241,167,212,264,381,712,84,140,54,440,677,703,234,324,453,455,576,601,810,173,193,254,519,525,716,83,589,594,699,767,3,78,138,317,104,386,490,496,573,728,785,351,64,95,251,322,474,797,112,496,100,30,381,618,635,662,130,305,364,179,215,358,402,413,652,694,745,782,32,230,241,251,297,317,524,29,679,799,62,194,303,377,3,556,206,393,413,532,548,615,654,691,58,200,429,650,289,739,757,102,154,228,309,315,370,406,445,503,555,634,762,795,270,382,438,618,9,413,40,709,48,70,529,738,783,635,656,726,193,248,270,485,714,778,785,576,722,18,23,56,76,125,162,373,463,13,478,485,744,46,57,94,407,681,782,
118,237,89,480,59,607,708,181,186,219,360,6,179,239,335,148,38,339,364,373,567,568,58,733,745,640,656,712,387,548,587,615,661,693,135,229,522,563,742,360,400,751,160,268,316,456,592,727,742,171,349,514,744,44,381,661,743,493,609,252,341,151,479,543,574,612,140,740,744,783,98,349,390,436,514,239,650,750,809,139,164,263,286,490,528,550,649,777,791,86,227,465,76,667,674,690,745,98,6,168,244,256,348,472,646,319,321,697,764,765,107,210,618,671,247,755,76,330,385,114,418,427,495,548,55,273,289,357,523,533,17,201,340,555,711,761,27,139,277,485,127,205,251,263,338,357,362,386,614,702,771,807,258,335,401,77,135,195,264,285,345,454,494,627,651,751,48,253,404,42,468,585,598,635,665,216,480,497,724,739,749,32,39,361,593,4,604,665,701,728,749,99,606,99,294,338,382,18,786,803,103,342,444,599,720,727,807,137,258,643,
403,111,408,5,104,138,305,329,463,730,780,249,301,309,396,255,438,730,754,372,409,660,24,129,160,366,382,498,695,738,221,256,279,293,319,423,348,358,0,505,749,798,192,749,114,236,283,326,450,690,92,282,341,612,784,780,151,450,469,547,552,171,637,650,221,257,329,589,94,207,308,369,389,255,78,163,189,245,37,761,796,771,794,459,336,343,454,732,528,597,747,98,100,261,272,406,711,96,260,348,578,591,60,335,220,492,214,641,670,673,93,159,169,3,463,601,618,686,716,383,388,540,560,813,69,92,136,248,295,440,472,478,518,544,692,755,
344,552,348,30,202,319,399,483,741,770,253,433,790,206,435,444,511,78,99,285,332,358,407,457,52,168,169,222,304,550,712,441,528,555,314,683,700,788,753,817,675,238,66,174,270,350,439,463,669,700,82,775,813,32,335,154,79,212,360,494,558,596,641,654,707,779,353,718,783,665,436,597,623,21,27,62,173,427,674,781,787,125,146,230,418,501,541,585,318,289,651,351,392,684,155,317,558,587,641,696,
804,434,378,285,414,193,738,739,800,394,152,47,801,251,164,694,774,280,449,556,570,
337,385,116,65,90,93,8,334,269,405,432,572,592,598,662,730,706,753,129,289,368,364,550,803,463,643,32,278,42,482,630,92,162,326,704,715,752,81,260,294,345,399,605,608,424,531,600,624,689,65,165,201,65,714,744,251,254,257,815,358,268,271,56,12,588,725,788,301,302,52,275,336,368,308,107,163,246,33,407,443,478,186,217,237,551,408,410,728,767,136,170,525,614,626,638,20,162,185,255,56,667,675,209,375,227,506,763,213,281,332,740,140,146,252,297,514,527,531,389,578,518,705,683,767,171,196,321,383,449,469,762,216,278,330,678,736,753,776,388,623,445,
269,127,5,153,135,207,77,378,409,465,289,644,371,460,36,201,263,637,380,407,499,523,468,16,248,476,500,573,708,813,815,73,125,218,290,576,73,237,269,530,251,343,801,417,507,595,202,652,816,445,485,504,7,173,217,100,299,725,186,465,483,653,463,137,374,532,682,
420,600,181,45,221,279,688,743,180,224,234,244,413,416,463,611,700,794,
777,794,5,177,398,423,649,738,88,214,297,63,427,540,567,703,87,160,459,516,597,672,697,
398,136,777,
122,709,185,27,235,173,73,125,166,643,197,228,331,411,711,80,32,462,687,691,100,113,114,185,212,297,422,500,563,654,816,151,691,721,778,237,273,520,706,187,351,785,91,217,627,
766,470,59,203,381,653,693,340,376,412,746,61,138,266,476,700,350,376,455,396,447,485,538,568,578,759,773,
709,55,437,180,340,394,603,620,638,721,122,585,609,101,246,254,259,223,479,534,592,624,751,767,401,535,541,674,797,541,560,183,432,559,574,701,163,205,690,2,205,331,515,791,23,128,204,284,2,324,408,207,657,590,642,88,501,625,634,687,158,473,793,10,239,
570,406,315,555,716,743,
817,424,7,606,723,5,76,272,346,439,448,646,
746,603,67,
776,674,156,150,317,487,585,654,48,401,572,744,149,307,442,705,722,
90,320,13,59,152,29,29,276,587,722,768,62,284,421,773,779,79,46,3,585,737,153,287,340,37,650,673,721,377,571,599,82,714,723,460,683,202,369,604,816,306,428,518,628,42,660,107,690,379,391,94,683,802,334,653,177,303,346,432,378,620,684,86,9,47,70,84,342,477,526,554,606,655,
347,310,534,12,110,374,418,689,787,32,150,224,511,710,22,68,136,156,507,625,694,716,
337,7,90,269,295,534,612,663,771,339,409,14,428,444,516,563,601,631,722,739,34,208,228,325,351,45,50,470,526,406,127,616,168,477,768,157,22,553,623,659,96,162,297,305,424,0,661,121,122,384,475,540,803,
794,370,637,147,177,65,594,727,220,290,234,273,359,534,655,777,781,104,312,431,541,10,231,599,664,730,784,658,34,784,
796,128,384,241,318,529,580,336,540,673,777,131,446,502,524,666,15,60,192,288,608,624,719,21,324,447,585,780,787,
690,549,11,81,79,484,477,762,335,350,392,631,727,333,741,182,29,172,275,443,650,486,199,287,616,620,775,727,15,77,277,430,435,632,660,778,465,510,130,555,637,216,328,517,759,7,95,257,642,703,321,460,474,253,653,749,120,168,548,204,728,178,237,293,598,654,748,452,608,782,34,134,
356,66,11,84,178,246,258,523,699,707,737,492,261,272,417,600,749,61,91,392,494,713,13,544,567,
384,212,352,62,28,252,671,150,743,781,160,313,623,64,168,267,238,636,225,133,340,369,373,394,464,290,465,797,585,614,761,546,644,659,185,338,370,534,542,690,262,662,685,796,0,195,212,331,500,559,604,210,289,311,482,746,766,116,215,64,90,114,337,566,631,453,505,670,100,30,305,540,13,629,492,282,359,288,620,523,686,714,787,
136,9,545,220,258,96,465,560,693,782,19,304,434,796,57,473,507,585,411,695,200,263,416,424,439,444,492,536,545,0,35,159,245,95,329,465,506,528,710,742,459,473,197,246,324,176,391,554,678,345,431,515,634,189,194,536,171,105,312,556,3,753,542,582,601,663,705,29,30,287,398,421,12,41,91,117,401,522,421,593,720,443,662,765,
673,796,403,36,199,226,346,387,503,770,
483,115,403,362,350,566,764,651,774,
452,600,5,30,32,58,67,118,594,624,742,786,8,54,111,642,675,677,128,219,385,390,456,489,606,642,664,670,784,0,141,280,383,459,468,171,482,616,105,273,694,461,771,
473,469,600,14,215,189,548,567,601,699,735,322,330,418,522,35,57,66,440,524,
148,637,
534,9,205,6,275,285,479,126,417,488,60,47,195,259,283,371,467,173,359,378,484,530,774,162,411,458,527,650,686,150,671,521,569,577,32,295,329,431,434,561,646,767,511,291,332,400,221,19,389,424,489,590,660,
797,228,37,360,364,397,425,438,551,6,269,627,668,705,283,779,11,361,118,128,356,456,473,520,
147,114,636,0,92,277,264,353,407,132,552,120,736,321,30,399,334,443,647,736,811,804,84,104,338,452,539,
679,151,194,331,391,735,18,71,112,80,136,410,570,572,635,727,241,454,590,212,218,268,539,551,613,801,
120,147,662,471,738,771,
6,52,581,9,20,157,268,230,574,562,741,779,9,11,173,281,367,446,634,817,36,706,145,303,341,353,507,531,639,132,236,57,487,728,37,185,205,694,813,288,363,378,527,661,228,30,568,714,33,181,241,361,686,534,30,396,661,762,249,451,88,205,208,381,546,635,77,348,429,509,40,682,692,735,96,329,349,364,500,744,409,38,576,606,699,719,725,795,100,123,107,576,154,324,488,708,813,108,110,226,289,300,410,639,816,162,378,478,516,609,646,654,756,
637,637,269,149,513,663,794,238,676,679,113,178,141,652,691,103,266,524,747,154,373,407,677,231,297,331,351,3,449,483,569,704,735,211,476,45,81,242,579,
12,127,173,4,153,428,80,525,358,593,87,190,230,377,411,442,606,631,4,176,178,211,319,376,500,818,86,123,345,784,342,564,602,743,193,291,149,409,560,624,258,694,
292,800,3,12,70,101,118,235,254,435,517,534,698,97,285,355,473,133,418,554,585,716,727,749,76,79,308,626,640,29,783,51,80,234,188,305,671,711,754,796,193,521,533,162,617,628,650,678,767,169,170,222,301,60,266,291,490,685,711,
67,653,90,132,94,23,257,407,409,496,269,626,648,651,113,40,137,186,335,812,639,78,27,425,320,453,509,519,525,540,221,800,235,275,337,351,464,501,616,630,692,588,361,40,590,599,629,365,18,559,592,350,413,501,541,681,208,690,263,300,399,467,473,559,626,656,796,453,47,362,380,492,494,664,766,804,771,402,196,372,600,784,816,429,479,252,256,265,430,579,626,641,58,104,315,80,516,65,757,777,568,751,162,178,185,196,341,405,425,73,375,377,187,560,657,765,222,277,239,256,315,455,583,763,174,404,430,637,180,297,543,629,690,709,127,129,285,333,503,602,810,146,400,540,588,644,746,772,790,133,228,367,461,475,576,664,800,
503,181,
813,242,191,508,27,62,124,163,398,405,464,633,217,233,680,818,9,13,205,615,205,327,458,310,333,348,792,690,696,118,762,60,139,245,252,82,463,507,634,733,734,60,782,456,5,228,577,715,746,810,130,175,294,421,29,668,577,698,776,706,
243,277,185,44,139,192,396,511,632,676,41,111,472,540,
229,310,161,414,511,528,550,810,444,60,
619,425,515,105,358,683,23,75,95,164,174,500,18,709,776,464,520,785,111,114,139,171,300,508,611,749,808,117,207,360,460,502,592,598,57,252,446,123,311,391,768,39,171,395,464,501,512,790,803,106,193,450,467,643,683,183,575,363,379,402,432,485,538,42,689,31,556,745,272,347,377,427,221,771,332,334,367,690,758,178,226,125,308,454,476,644,777,785,1,244,395,445,181,566,713,732,800,253,257,295,316,402,424,616,0,281,284,299,425,460,92,283,404,534,731,764,79,220,235,241,465,680,691,315,138,379,503,716,756,768,450,719,50,198,248,468,612,284,230,418,199,491,765,260,300,302,674,791,794,
156,776,63,349,385,
458,310,514,124,9,385,456,618,671,370,76,372,80,576,24,317,697,
253,520,118,134,530,97,727,751,155,215,316,500,594,617,775,21,185,231,814,239,681,701,780,
276,107,256,176,355,223,597,767,231,315,527,628,723,740,767,90,241,777,165,238,522,687,801,444,511,520,603,710,373,409,450,599,631,799,195,358,603,700,226,393,494,598,
524,508,637,249,419,427,370,82,278,410,434,335,681,772,552,578,604,739,743,813,473,
318,796,335,681,11,40,83,193,307,459,524,584,586,
469,210,121,35,66,79,86,225,239,286,480,528,675,727,803,28,137,203,13,763,469,404,434,593,794,473,710,170,181,369,685,726,775,124,399,472,758,148,377,421,622,668,784,793,81,222,395,770,
7,478,817,
800,66,244,280,467,293,528,697,816,310,715,370,222,375,508,614,178,111,292,355,704,765,692,79,190,193,671,677,242,109,12,461,521,659,93,351,623,143,157,237,575,625,749,790,792,3,316,476,600,702,45,171,223,710,786,802,191,39,704,798,51,260,343,422,443,470,606,200,733,751,800,524,532,102,550,576,616,637,784,548,97,132,160,285,309,517,576,637,703,758,772,436,351,157,462,
600,422,344,97,32,365,427,490,632,450,101,115,129,157,249,13,452,705,422,72,119,417,420,427,430,27,256,42,90,212,231,264,601,752,735,170,489,596,645,701,763,604,473,302,333,420,436,379,666,159,56,487,522,467,816,271,629,156,704,
549,798,149,412,415,718,554,291,519,264,333,545,526,773,164,294,324,334,356,389,409,461,786,411,444,468,505,552,16,150,29,283,757,788,339,442,467,656,817,
124,361,116,87,267,610,635,689,123,362,633,280,225,325,382,176,437,694,79,102,173,440,677,733,792,31,227,268,296,4,34,45,560,85,763,299,108,266,271,132,390,433,549,657,676,764,494,439,741,310,8,61,108,125,164,292,324,223,233,478,664,681,99,224,364,390,403,25,623,426,559,577,740,155,469,307,537,642,817,568,700,358,659,95,570,684,803,
503,64,619,74,335,369,35,113,275,424,561,
607,737,782,
705,436,98,
45,637,420,
60,72,338,195,271,442,570,818,817,448,491,637,750,668,
256,291,588,18,43,56,276,182,449,764,190,569,594,618,115,162,194,315,321,387,657,774,166,562,777,818,600,167,317,290,406,248,323,210,377,379,87,545,691,147,137,496,500,615,626,50,422,437,443,466,564,581,735,787,172,745,263,473,523,664,
260,219,339,287,604,581,112,291,318,64,495,744,585,55,104,693,44,580,718,728,165,316,351,420,642,122,710,10,283,314,376,467,477,626,635,312,187,424,78,681,705,770,158,177,239,133,491,630,669,675,778,290,742,19,119,173,372,386,504,634,779,287,86,485,349,462,
603,184,746,758,51,95,168,304,397,452,553,676,685,735,
242,813,674,21,180,233,298,413,653,0,351,96,569,151,289,293,327,472,702,484,539,636,176,205,269,508,540,558,573,652,57,777,156,167,415,750,18,255,370,377,436,452,765,322,417,434,191,273,288,304,447,685,414,471,571,682,728,786,815,
531,113,337,45,256,353,613,10,718,147,553,673,818,152,365,478,548,183,268,642,644,656,
782,342,49,448,150,517,98,607,656,408,417,505,558,644,774,
44,243,201,
818,60,601,677,
382,63,448,137,42,595,798,
321,436,147,463,468,719,66,76,129,530,721,732,768,
298,259,242,336,481,546,622,321,665,746,1,169,8,135,177,374,573,609,713,803,20,168,192,541,545,782,291,491,552,
429,281,350,167,103,193,162,241,421,656,662,744,155,87,112,140,171,200,202,78,174,679,618,685,700,446,650,79,363,193,517,518,544,620,748,124,55,520,540,717,246,152,192,359,635,478,545,706,709,755,6,462,818,526,794,346,163,381,87,123,206,563,656,776,17,148,192,81,398,402,594,607,194,196,276,483,637,205,781,279,342,402,412,704,712,742,143,176,54,65,163,304,316,503,609,709,164,275,366,381,402,613,183,67,541,563,588,725,84,380,460,468,578,775,777,306,262,678,39,406,577,770,59,389,396,471,540,700,483,420,67,659,197,221,398,449,489,510,672,
86,142,202,232,134,455,580,338,452,753,289,559,
566,281,113,26,281,357,389,534,545,548,720,60,155,276,468,559,624,392,517,521,594,647,15,88,403,671,700,739,805,179,217,266,270,286,341,388,30,740,49,93,76,219,243,293,294,429,482,612,655,813,415,581,162,635,681,818,177,796,110,446,82,491,690,77,756,54,194,248,423,597,779,285,616,686,90,120,176,218,490,19,790,61,69,101,173,286,397,156,197,11,524,779,78,83,107,221,231,29,454,663,557,628,716,727,5,12,90,272,168,261,376,385,691,708,28,550,593,28,51,225,776,
171,800,136,15,464,478,554,557,698,726,23,49,316,441,635,781,50,103,360,324,266,75,544,553,621,785,387,439,596,627,
448,385,387,156,261,348,382,548,150,113,449,652,121,149,185,280,343,446,620,566,196,240,359,466,520,73,554,
243,358,285,11,479,186,221,283,331,459,555,383,628,743,137,264,270,331,240,263,627,539,146,592,612,743,158,283,459,654,666,63,754,328,260,377,405,547,83,92,147,651,249,116,399,479,601,611,288,527,540,674,45,397,633,659,408,279,386,495,788,681,377,654,693,805,602,685,2,114,305,309,379,454,512,574,129,21,804,148,206,55,483,591,704,75,137,161,363,181,686,795,499,195,250,456,344,512,568,602,618,628,762,205,282,542,579,632,733,129,115,747,94,194,443,445,246,689,437,781,266,294,450,541,555,719,703,149,7,107,156,228,334,715,353,488,494,773,604,646,661,29,159,196,220,333,471,568,755,624,651,706,20,146,206,216,157,289,565,688,767,783,
23,113,194,384,746,77,164,256,375,162,742,197,220,279,9,357,6,148,22,101,235,260,453,618,686,714,266,290,311,114,449,458,504,606,698,223,293,359,163,705,742,261,629,675,29,796,181,221,215,593,749,235,243,21,404,749,121,129,178,331,361,428,431,506,690,749,
436,13,321,696,775,248,267,571,506,405,632,705,796,800,688,706,
662,328,162,240,364,381,493,272,22,652,656,104,403,391,807,169,511,616,673,687,769,790,795,377,403,451,145,537,665,429,379,360,500,612,641,642,176,215,312,507,691,750,816,227,718,744,760,816,120,337,532,710,815,261,228,455,304,323,499,507,42,79,24,428,583,28,104,711,732,
644,6,180,454,501,776,29,37,168,170,394,488,638,148,222,509,614,627,780,795,22,351,448,483,580,664,94,175,295,180,340,304,513,467,636,509,561,121,702,578,650,244,737,775,790,814,314,361,396,586,617,710,334,413,501,594,608,765,
310,458,199,127,182,451,491,512,591,597,177,786,227,243,266,299,49,627,644,694,714,758,45,336,193,690,721,519,320,616,102,181,227,10,321,403,483,515,703,187,387,516,270,49,619,649,740,742,762,469,752,108,116,455,652,10,490,81,505,816,512,591,261,445,474,508,3,398,512,553,701,734,780,162,314,373,413,440,459,156,289,108,765,124,249,269,497,516,679,289,291,361,629,712,229,347,409,563,207,484,685,229,237,293,503,518,520,521,679,732,120,217,222,561,593,13,741,214,399,52,609,45,125,230,241,384,519,767,
745,141,
387,312,448,476,709,107,306,480,493,606,21,336,500,517,522,652,759,476,752,783,48,236,276,430,452,97,507,611,82,17,181,222,253,70,400,537,788,115,433,525,745,567,764,786,
594,253,
107,187,111,66,130,233,411,413,595,64,74,41,89,164,191,270,276,499,595,645,682,726,574,654,668,673,127,203,342,361,407,97,442,797,427,99,113,363,384,766,190,323,10,138,423,454,555,57,220,474,795,247,536,588,21,159,365,764,210,283,431,741,759,798,
113,470,98,144,251,358,377,477,546,659,709,69,340,578,813,31,112,587,125,353,433,494,519,609,641,686,813,758,382,503,645,
789,188,359,125,1,26,27,115,242,584,805,123,124,687,382,816,3,455,485,712,40,133,285,342,344,375,403,483,576,587,690,99,784,238,360,398,681,86,3,332,727,227,101,352,615,723,332,24,237,158,170,59,432,33,137,763,236,251,570,613,40,697,761,124,265,579,625,651,659,732,773,795,26,508,7,124,432,569,788,798,412,225,211,357,587,791,30,423,434,497,601,608,766,785,
635,118,556,222,380,167,534,771,682,741,752,
302,41,201,197,241,358,312,35,402,564,601,625,19,312,351,365,366,544,576,595,140,637,634,757,83,253,279,295,515,
710,50,276,287,470,738,790,
201,452,386,44,32,266,362,661,595,74,677,
803,11,121,372,254,257,264,277,401,439,459,691,698,772,428,689,761,788,464,123,140,159,475,697,719,587,596,793,
98,113,12,271,705,736,743,551,557,590,719,
520,64,99,96,126,421,253,320,529,15,187,433,463,722,757,80,217,621,639,674,91,410,40,233,284,386,397,454,544,600,132,160,189,374,377,479,545,574,334,358,485,717,
714,310,383,473,481,224,528,221,554,660,752,226,286,333,515,553,571,83,117,465,468,477,582,523,674,677,804,13,44,46,49,112,139,359,423,533,577,210,225,232,324,429,447,592,6,65,163,234,668,678,697,704,765,37,94,95,255,339,528,762,221,377,533,557,602,790,247,296,391,221,580,710,741,27,451,455,616,812,161,74,121,138,174,258,165,556,735,756,400,513,686,756,804,805,4,617,653,234,204,580,39,394,468,499,500,704,538,758,764,
508,800,813,19,313,581,803,44,476,799,264,225,314,348,545,579,593,643,719,749,782,673,702,715,757,51,146,253,154,405,487,524,778,443,789,138,2,403,407,636,655,664,701,1,123,260,462,577,678,685,687,
185,67,384,179,224,407,595,771,273,82,408,120,217,243,374,194,248,491,138,559,645,696,201,362,500,629,74,409,722,496,541,
233,138,124,232,752,1,5,45,259,45,321,359,449,34,557,251,406,447,773,49,324,666,769,802,
358,302,481,493,707,806,
419,524,583,12,309,518,728,755,817,
674,189,322,19,105,144,571,706,439,243,491,552,764,32,252,314,376,447,336,78,703,770,792,480,552,591,628,653,707,747,17,431,692,742,19,292,739,93,294,506,552,760,317,337,386,582,621,721,44,67,134,265,327,522,555,18,63,123,155,189,242,285,408,432,445,476,726,268,383,255,536,573,593,816,521,575,729,87,172,58,628,369,445,180,395,545,747,566,281,220,355,532,663,705,778,21,180,284,486,601,666,776,143,743,102,130,210,248,444,642,767,224,259,389,278,463,606,687,690,491,606,
320,157,399,375,213,238,425,194,581,679,808,540,594,7,14,28,76,230,407,431,637,736,780,493,27,57,62,192,273,342,366,158,129,466,528,676,766,611,89,636,658,728,268,383,423,709,817,322,437,480,655,125,430,349,0,106,30,547,625,270,378,502,509,581,20,772,241,636,429,555,140,141,217,493,44,126,142,183,394,92,48,110,301,477,564,571,644,736,459,105,251,271,338,13,424,456,686,449,538,582,129,169,180,305,197,651,704,777,818,231,422,502,534,642,798,205,271,332,367,570,673,395,409,560,608,742,771,781,131,171,509,571,704,40,338,418,484,542,552,625,648,478,302,14,42,79,217,227,249,191,748,360,0,87,315,594,634,785,
232,12,233,727,82,28,30,77,219,256,183,717,2,
161,714,229,144,248,312,
746,
248,185,436,736,
563,534,370,
369,503,
621,171,307,
632,243,436,
14,473,
817,124,60,
568,766,647,
275,503,727,
110,347,
268,679,531,
811,499,470,
84,147,801,
234,801,420,
248,403,161,
84,90,118,
278,524,337,
288,177,384,
651,177,483,
597,777,647,
183,232,531,
385,534,156,
707,358,406,
771,120,452,
387,673,171,
304,603,242,
111,17,243,
24,662,458,
417,782,
490,478,292,
