781,56,264,21,132,421,734,54,109,215,321,542,592,628,260,526,578,680,802,413,469,32,562,657,673,787,60,208,229,320,508,550,118,682,488,582,810,216,353,379,386,465,487,501,638,703,79,158,191,433,347,148,103,696,734,795,382,405,420,322,323,381,478,528,97,805,806,811,564,628,730,125,722,818,225,246,362,89,247,318,398,548,667,712,56,349,387,436,437,613,784,97,239,252,370,553,327,368,399,545,653,23,252,279,
64,502,22,234,676,21,23,320,747,77,722,741,106,440,157,196,233,329,440,451,714,404,453,458,87,534,608,26,699,725,481,495,9,476,510,690,735,11,244,318,489,594,74,326,0,506,166,259,348,398,531,582,614,653,52,159,310,240,751,770,406,454,32,738,562,2,52,226,445,498,734,323,421,523,128,652,665,809,559,601,606,616,802,228,306,323,353,27,77,83,420,361,816,701,787,
696,603,320,
49,274,129,132,85,396,594,106,669,732,163,410,419,462,630,131,178,479,489,
249,255,178,79,554,305,274,698,754,559,578,274,708,728,745,286,347,442,479,658,774,162,262,555,
112,159,525,346,314,5,114,165,312,685,319,6,198,277,141,259,718,558,800,1,639,746,766,300,178,396,483,739,746,55,126,10,352,367,419,113,168,415,493,519,555,744,92,67,299,340,575,717,748,92,284,432,439,554,672,696,749,67,53,195,353,357,430,456,561,606,640,288,314,56,676,62,99,130,797,225,279,304,437,549,359,724,109,642,377,382,262,446,587,599,513,471,64,302,530,771,728,364,690,66,240,504,781,106,291,363,378,398,605,625,665,788,54,229,278,543,87,313,539,784,152,42,245,309,310,363,415,726,269,186,211,245,258,321,354,483,644,686,792,551,229,355,378,121,573,605,657,678,515,319,540,576,625,631,686,103,292,342,380,630,231,88,674,702,55,629,323,331,265,123,632,732,591,126,332,339,430,654,715,720,803,271,295,357,539,570,790,800,
207,584,667,181,245,380,706,745,796,176,210,376,559,
486,467,73,81,124,177,249,43,688,704,85,306,480,633,653,704,740,762,318,436,707,811,
680,577,20,28,123,289,308,
576,339,14,53,122,371,631,687,791,124,229,43,345,453,595,351,436,39,69,240,198,457,578,696,193,419,479,549,257,802,365,135,488,619,707,
281,120,22,374,466,518,719,758,77,82,151,252,550,609,711,772,774,100,229,304,563,689,23,68,248,303,345,680,
658,371,543,
469,43,106,
603,436,736,37,36,104,140,145,363,551,574,268,24,615,764,485,52,49,262,122,329,351,366,708,125,115,331,411,433,480,58,139,411,598,740,149,249,342,6,527,532,550,97,433,586,696,711,743,138,694,744,
591,354,230,232,243,280,32,542,444,464,4,40,139,279,514,619,819,676,10,130,141,158,10,358,404,103,464,152,499,420,491,504,578,603,312,341,399,493,707,762,110,685,253,222,397,498,568,594,607,776,260,299,329,366,595,628,800,550,661,719,748,19,198,340,516,577,605,122,80,795,223,452,466,752,322,614,617,733,509,
471,457,596,105,135,59,429,615,618,54,133,53,314,468,700,817,617,458,542,801,101,404,26,118,195,322,263,163,606,106,289,175,365,688,693,699,523,528,203,244,167,513,700,8,432,542,236,264,57,368,649,36,117,185,325,363,469,512,563,727,803,140,223,46,443,392,475,497,557,631,213,261,284,224,708,283,804,149,223,473,573,28,175,185,404,565,137,260,364,570,757,236,354,712,766,132,195,376,382,458,762,807,258,297,464,657,670,722,784,401,462,591,601,640,37,151,657,673,738,758,69,700,798,79,102,116,182,263,373,473,702,784,
596,613,11,139,478,718,205,146,197,412,687,192,27,340,662,695,798,808,225,348,402,788,
267,326,32,268,68,62,818,80,178,200,45,448,493,565,484,144,236,479,543,801,403,460,101,629,740,789,544,656,75,231,308,393,13,374,387,416,504,591,662,750,752,164,398,408,122,283,646,472,51,657,816,197,332,493,518,606,505,743,502,532,239,170,218,748,389,676,763,538,120,400,552,571,636,710,723,753,773,689,251,256,257,265,754,201,488,7,72,766,767,812,318,198,115,282,361,97,53,431,581,621,743,264,336,686,733,51,217,259,299,333,344,665,681,703,35,308,453,521,560,683,246,51,131,188,255,260,351,509,516,608,41,49,374,561,667,163,289,365,607,621,715,723,466,640,543,626,238,347,594,653,722,151,285,317,329,386,706,273,435,470,488,799,383,471,106,549,644,221,696,737,
603,591,469,126,279,211,19,377,55,723,789,814,149,158,215,282,368,362,590,449,98,20,809,129,276,279,723,52,137,175,435,0,472,516,535,209,354,506,664,799,72,106,137,304,440,546,
426,153,77,224,325,91,801,15,165,266,418,677,684,169,243,767,4,128,206,400,426,0,95,273,806,177,279,292,384,502,506,196,201,290,526,614,702,770,77,109,232,504,353,406,706,624,811,451,368,
577,566,12,140,260,351,558,808,468,792,
777,153,1,566,613,791,2,27,138,226,291,672,803,252,389,529,543,655,672,594,171,228,249,305,395,333,755,471,548,560,694,665,
39,133,311,166,401,737,8,781,810,637,112,175,80,261,36,50,363,23,555,128,256,331,519,569,671,183,165,786,568,640,733,85,35,115,198,271,59,311,753,322,82,572,702,213,355,312,434,479,573,714,255,540,562,702,121,174,291,296,58,195,323,469,613,636,675,782,518,176,719,61,151,310,326,347,359,540,625,626,645,674,683,
152,646,114,48,159,18,415,471,597,102,258,369,405,343,691,130,671,721,303,311,15,375,392,440,492,692,694,11,17,113,150,345,351,447,485,638,772,786,54,183,496,537,357,532,547,588,332,744,673,728,137,157,268,189,712,204,206,334,541,169,240,567,573,771,66,354,485,523,646,695,316,156,162,264,349,592,689,709,749,177,453,509,583,657,659,759,0,36,138,151,238,241,349,444,47,546,688,689,1,443,394,137,296,72,589,640,115,276,343,351,354,426,433,488,564,572,609,227,639,112,256,314,375,400,447,715,638,245,265,513,809,816,18,435,497,506,645,97,343,543,643,11,136,201,630,778,164,56,81,136,629,724,91,324,347,582,630,658,754,666,162,214,541,543,63,755,780,811,18,74,618,574,580,626,
742,469,163,157,796,151,297,136,526,570,674,354,23,84,133,356,280,191,471,191,608,654,112,67,237,361,390,661,808,199,220,233,319,17,716,19,80,15,796,697,92,294,63,435,470,816,322,175,55,499,596,619,743,8,190,214,217,319,420,545,111,796,
305,117,21,55,98,160,243,387,457,574,670,752,388,422,76,97,126,298,304,312,383,447,467,540,736,70,85,131,137,182,485,584,645,748,473,229,316,807,780,625,164,173,223,292,426,573,585,597,101,610,717,746,749,785,801,99,100,155,350,406,274,156,177,252,258,374,735,40,310,391,540,628,643,
715,112,525,
467,517,91,165,104,381,486,557,533,553,731,42,148,196,202,346,439,472,500,585,101,165,206,255,309,121,634,429,732,782,784,358,542,808,
343,329,782,120,257,464,548,584,145,158,351,476,548,
43,576,191,303,328,338,469,479,481,729,182,350,633,778,54,177,206,296,520,800,
782,412,726,64,150,456,222,231,343,493,579,677,687,122,136,188,223,555,188,688,747,801,529,555,76,610,638,660,734,225,297,
525,566,368,106,630,715,101,333,558,295,
20,226,451,611,34,57,110,135,37,282,651,675,84,95,319,277,396,417,557,650,688,771,690,738,763,10,133,208,226,680,707,724,767,305,177,295,408,438,663,
566,178,135,24,172,197,508,513,520,44,623,777,114,187,335,113,508,233,553,722,790,793,96,322,525,763,813,342,417,508,574,577,593,690,38,101,214,59,50,543,544,606,681,193,399,549,573,721,783,333,31,
797,273,153,284,30,386,433,479,581,601,379,289,346,91,204,266,273,479,611,619,678,694,771,291,308,418,239,514,558,247,279,343,572,612,654,30,294,280,182,519,54,141,458,653,661,708,473,625,804,148,112,244,307,555,85,189,200,201,322,523,595,663,309,651,33,318,370,448,550,688,354,542,559,627,590,665,295,577,653,670,776,338,355,519,544,785,123,
354,497,21,144,322,533,696,699,125,288,642,750,5,79,261,266,283,320,190,195,330,364,369,475,591,510,522,663,12,359,364,366,620,7,42,588,603,617,639,647,669,695,12,91,337,406,466,639,697,43,81,125,206,499,504,751,48,143,242,290,35,470,755,91,148,228,23,30,177,430,453,24,542,690,742,185,509,564,574,206,365,379,400,466,322,530,648,32,116,348,521,608,22,31,204,437,599,701,720,755,760,777,99,271,312,545,641,122,204,211,265,3,651,696,472,599,619,634,683,665,714,737,792,
36,603,6,180,353,553,625,646,748,195,276,426,435,472,479,491,498,538,693,817,42,114,231,288,361,459,488,714,54,272,304,465,691,4,740,226,256,345,409,83,760,9,33,140,274,424,572,654,512,267,369,500,412,303,4,742,539,614,679,764,194,
106,186,65,134,297,154,186,267,321,338,87,748,307,344,359,370,453,471,242,231,492,549,579,588,369,521,143,525,434,469,812,814,153,245,370,412,464,554,662,732,771,136,
167,368,726,394,494,506,813,653,
738,368,471,
419,576,744,
642,636,177,258,400,753,777,35,218,264,165,459,567,557,306,322,593,765,195,401,433,457,464,507,650,724,819,140,695,284,428,442,12,67,128,185,391,
351,331,576,346,593,678,
93,452,22,42,553,119,141,319,394,477,512,581,
255,42,56,71,119,283,156,571,670,128,134,180,235,282,351,591,659,276,431,721,9,55,230,249,320,439,447,736,400,535,610,41,78,642,751,179,402,414,468,472,714,814,73,125,544,683,784,276,783,120,156,184,522,746,
126,183,0,240,307,314,315,561,632,737,595,127,84,650,651,711,718,155,122,226,270,342,477,552,555,572,676,
791,576,777,15,260,283,93,116,197,250,256,335,385,450,618,261,412,424,31,426,527,
153,382,90,95,643,136,96,161,208,271,344,743,745,797,414,579,583,628,443,251,329,399,3,483,494,539,664,780,257,401,666,187,447,607,810,330,127,773,283,97,426,273,243,527,683,730,27,60,340,347,369,378,536,604,685,127,412,281,51,61,138,332,352,308,455,557,709,476,515,770,367,390,85,89,275,615,674,342,389,542,123,199,302,284,410,502,744,412,450,
397,591,647,341,107,142,143,595,616,200,24,308,310,568,78,115,179,50,437,537,
508,566,53,239,145,39,619,714,805,310,345,539,719,5,406,418,447,495,769,33,93,183,125,446,155,157,179,372,536,582,173,648,805,291,315,543,709,
667,102,144,392,412,185,688,215,19,186,197,395,394,400,112,658,22,736,209,471,62,717,250,305,379,22,473,488,619,699,770,183,353,445,461,788,124,207,398,469,470,505,732,789,137,158,594,684,183,243,350,353,529,712,734,241,334,245,590,602,138,342,467,537,
39,3,91,353,366,567,655,177,25,216,252,289,555,659,667,745,2,291,405,498,740,25,314,324,374,162,728,812,231,253,277,399,527,
37,282,603,192,144,100,691,153,301,431,472,488,540,632,734,767,782,225,191,83,406,761,283,375,437,46,672,687,740,180,352,613,656,729,355,458,526,
543,95,155,478,521,602,66,169,693,696,754,136,216,423,494,658,661,694,276,396,692,175,194,297,450,490,570,
151,742,241,204,247,351,418,716,764,585,6,210,85,34,80,239,256,23,65,143,438,694,131,257,339,432,586,722,286,810,745,509,801,
143,744,670,353,466,184,202,287,
586,114,151,
320,148,687,320,334,451,631,696,730,135,274,565,573,590,751,
613,37,157,209,261,216,40,47,66,75,312,322,221,423,618,98,143,207,380,427,615,690,734,81,31,454,485,496,614,327,483,639,737,775,683,507,516,624,693,745,452,277,280,340,56,465,472,125,150,230,42,426,446,577,579,596,729,338,401,645,763,782,362,414,68,87,172,164,712,751,760,50,314,358,62,810,217,221,345,455,498,680,688,
369,83,306,74,9,332,365,732,69,703,730,3,779,310,337,488,504,526,580,773,192,637,277,279,353,394,547,611,789,171,191,389,669,793,384,819,214,330,367,509,804,159,291,423,27,558,755,175,388,238,86,346,415,503,676,483,23,643,674,774,36,88,172,190,208,313,333,373,382,22,244,256,270,486,643,766,13,25,42,387,189,229,164,285,653,102,793,796,442,571,644,670,717,67,97,135,137,238,387,632,333,461,381,636,744,506,
135,265,754,124,263,426,479,488,566,100,153,632,675,21,75,99,176,495,693,769,776,200,204,570,650,366,409,415,554,11,549,73,122,333,299,417,455,485,707,818,587,702,250,322,504,520,544,591,661,151,220,316,535,576,64,200,609,633,
585,150,143,406,489,93,420,442,444,41,58,373,135,334,464,543,548,694,129,235,355,52,523,139,318,414,420,506,103,566,232,498,767,76,439,176,398,446,535,3,771,811,517,607,281,378,621,752,
371,562,369,584,107,171,231,470,658,756,790,481,166,762,766,796,807,291,341,353,620,
269,139,177,187,206,121,537,777,209,555,811,368,13,74,252,561,64,691,714,30,406,32,349,353,452,610,658,782,803,176,282,563,812,640,129,120,290,313,379,519,370,504,652,801,137,73,241,452,634,647,743,790,812,365,350,540,605,636,46,148,696,741,99,328,426,543,545,577,668,683,44,55,149,195,263,357,423,510,516,398,601,618,12,127,793,625,141,487,495,662,680,60,236,566,595,608,470,26,66,77,122,139,299,28,439,557,609,688,112,167,282,354,372,497,715,818,24,540,173,753,44,138,407,435,611,145,244,312,337,93,645,702,715,816,135,216,420,608,15,689,177,190,380,481,753,323,281,695,784,
577,381,386,103,139,70,152,304,345,647,662,763,168,809,424,793,133,268,325,406,440,527,680,148,737,226,301,336,469,558,785,
300,126,353,262,340,489,651,360,16,46,68,314,477,631,639,675,209,212,394,463,611,617,682,216,290,294,524,592,289,681,778,394,417,467,537,619,693,744,369,413,260,606,626,696,297,587,764,33,129,215,442,529,641,17,53,211,354,219,496,502,547,578,750,493,498,776,460,644,654,181,324,362,417,525,624,178,256,307,327,127,213,243,705,797,105,230,466,721,98,128,204,201,246,333,575,653,767,537,549,705,733,553,706,777,28,99,374,193,542,563,638,805,111,359,459,0,749,72,284,310,563,663,801,
469,577,754,
565,160,103,228,296,419,448,610,618,645,783,636,729,
452,93,178,613,54,698,725,780,85,23,92,344,779,807,107,109,134,224,265,281,314,341,660,662,99,222,291,316,438,480,550,152,771,2,565,596,603,136,297,533,539,634,644,498,713,781,814,274,698,784,
386,22,88,17,546,302,306,748,781,689,726,56,129,239,266,24,35,173,439,613,786,153,426,543,94,655,745,112,83,428,755,34,54,78,410,423,488,528,191,562,73,355,437,585,772,62,1,611,708,769,68,92,150,255,279,412,577,611,789,27,50,208,308,346,457,612,800,808,128,413,315,409,31,529,611,714,176,470,552,588,706,87,206,327,341,425,83,607,36,227,234,437,584,191,357,592,620,712,
584,305,636,371,207,420,623,758,27,700,168,98,549,396,325,343,364,430,562,692,760,774,789,226,335,453,529,
32,354,7,124,167,408,511,812,730,784,40,64,97,233,507,573,772,17,178,349,540,671,721,
658,234,274,152,48,141,214,223,352,198,681,724,405,784,384,433,586,322,435,548,701,736,
73,190,75,358,369,479,597,725,743,50,135,378,392,407,422,657,123,355,426,463,158,242,130,368,685,690,752,816,296,388,432,531,9,283,187,441,583,727,733,798,21,508,125,287,183,591,509,434,350,450,486,513,614,781,538,550,561,590,624,747,280,344,312,687,737,739,304,452,561,639,641,332,385,496,775,127,350,547,615,618,637,708,793,185,213,81,421,481,486,8,556,140,219,522,103,129,342,447,560,713,771,268,188,345,394,568,145,214,326,386,448,471,475,511,669,
724,20,658,134,237,282,289,300,302,785,72,
726,261,224,282,611,129,782,96,747,329,152,7,302,408,167,518,146,38,168,286,287,310,690,694,38,78,155,345,373,533,736,815,302,451,499,764,31,37,311,500,533,583,647,111,729,122,482,561,602,660,509,
488,208,135,287,344,201,254,272,185,447,715,467,503,818,161,610,699,812,322,338,622,728,815,17,53,115,117,514,48,742,789,274,406,590,
119,134,100,26,45,239,307,340,261,421,505,534,614,437,521,690,736,32,474,542,37,73,509,613,639,667,679,714,106,475,537,573,596,227,522,625,94,10,527,435,597,802,34,122,142,395,499,604,21,309,519,758,346,357,364,390,452,456,717,63,629,240,354,362,373,433,685,696,264,519,630,115,191,240,10,311,454,775,258,310,345,461,172,735,529,603,476,
373,612,229,733,75,378,444,541,555,594,20,121,333,62,68,241,320,329,378,481,520,629,688,
650,135,183,162,546,554,665,149,193,502,25,181,191,249,319,749,781,173,187,206,537,637,683,696,
329,201,178,726,266,415,469,470,496,661,676,687,700,725,727,742,789,7,429,652,717,343,415,465,604,653,655,690,745,576,139,646,317,740,584,737,772,675,727,77,171,305,609,649,
647,143,121,113,323,469,28,706,68,340,341,646,657,713,32,193,452,819,74,752,240,183,357,736,311,218,478,144,273,302,362,652,273,428,442,491,608,618,683,794,361,397,445,536,220,657,464,468,469,77,159,297,458,510,724,753,139,186,322,80,734,552,591,145,215,492,805,362,518,47,776,346,492,654,
178,20,11,229,514,564,764,169,208,228,475,520,471,452,66,646,239,19,511,566,666,272,469,739,118,162,302,351,70,175,249,367,409,522,597,346,202,155,599,663,746,319,458,111,722,361,387,290,775,633,671,706,
566,212,150,39,570,572,148,202,109,411,489,572,593,663,703,793,532,617,704,725,794,305,380,584,648,94,404,618,783,
754,74,269,241,239,102,421,330,546,601,619,447,25,583,459,555,35,78,128,135,201,538,205,647,726,743,490,630,666,11,206,358,605,631,760,766,811,32,147,459,743,356,178,721,813,87,456,69,220,436,284,423,41,669,706,6,54,94,161,207,90,472,583,658,778,801,364,373,424,277,112,364,665,790,808,152,459,567,578,40,48,70,74,84,548,472,546,606,455,468,471,469,498,
280,13,636,148,284,308,319,402,706,775,68,94,189,601,727,131,133,329,453,
469,647,79,295,494,542,545,567,640,665,742,760,68,122,249,450,237,286,576,603,632,210,315,319,755,768,819,156,224,231,329,429,557,652,774,0,26,142,178,69,105,434,447,458,550,670,676,729,732,170,183,725,612,251,717,739,388,590,716,779,495,591,599,195,80,145,207,70,428,453,724,764,239,340,375,398,430,554,660,396,431,556,587,670,729,772,
37,612,20,56,66,50,352,372,437,749,64,93,324,387,540,34,769,99,104,179,228,271,603,
67,162,369,277,152,352,685,335,678,
151,95,49,636,188,708,22,20,483,754,161,173,292,409,615,684,814,424,464,654,695,82,203,407,431,544,599,771,817,103,154,156,546,
143,155,585,176,325,711,50,68,306,612,623,656,353,628,729,226,525,565,250,108,675,390,396,617,63,180,319,354,694,711,725,794,6,404,517,557,
562,517,781,368,255,737,20,86,141,304,331,379,313,713,318,480,504,551,564,611,1,35,46,247,509,655,679,115,237,16,268,609,8,792,795,309,520,534,595,687,713,718,6,779,26,311,536,209,495,519,277,371,398,488,538,555,562,679,696,287,482,533,572,687,474,337,179,251,317,336,430,108,201,788,492,619,696,749,260,360,562,248,490,549,567,
670,17,255,161,272,377,437,593,640,668,36,207,438,511,512,517,141,610,689,513,571,20,122,143,258,283,76,668,44,129,166,373,488,603,416,442,444,448,613,17,261,277,294,311,429,561,681,101,301,331,469,552,653,744,
451,726,312,426,
107,229,397,444,554,588,99,154,187,290,298,316,629,67,
114,36,566,43,659,582,113,87,93,410,55,572,586,155,556,40,176,270,332,528,628,797,
91,354,797,93,242,474,648,21,70,36,112,227,276,385,56,138,173,240,391,491,39,701,815,510,775,809,455,470,716,742,411,803,408,171,395,429,609,745,177,489,677,685,810,15,86,717,726,
745,287,218,10,13,598,90,176,43,345,434,464,772,796,425,479,582,64,160,207,354,124,63,773,513,685,769,315,324,501,507,554,634,640,665,167,301,423,249,18,101,518,557,564,697,128,65,151,202,456,469,522,702,
177,16,35,348,689,265,390,541,603,609,677,739,573,509,626,771,793,206,25,335,443,620,640,772,172,276,433,494,584,586,795,712,750,72,233,269,413,461,800,37,156,166,477,654,140,384,409,598,799,74,50,407,551,299,358,332,451,314,778,780,151,373,417,529,579,591,172,692,544,216,382,531,567,637,622,163,256,262,387,407,430,468,640,335,725,159,299,536,555,790,91,312,422,269,402,718,84,292,343,383,560,20,676,
150,458,585,299,184,566,712,327,395,365,489,630,78,663,792,394,473,665,788,205,468,570,605,620,783,355,378,37,589,658,123,28,294,385,664,760,231,353,382,476,649,771,
336,562,15,246,262,318,350,390,528,544,704,813,
679,54,20,441,100,643,305,802,90,106,110,304,60,775,787,175,369,377,379,435,467,478,143,572,816,610,540,147,712,788,332,479,551,21,77,138,140,147,585,276,615,658,783,32,111,442,511,548,361,290,309,488,599,659,776,784,93,501,558,73,214,432,618,634,144,180,289,522,280,249,573,577,643,707,76,290,389,453,454,702,722,70,69,342,401,798,175,285,322,432,499,52,89,142,371,475,574,583,619,150,764,67,442,11,568,780,187,69,213,333,800,158,332,621,5,37,229,394,468,520,675,804,156,182,94,641,720,216,296,316,466,655,669,712,771,
744,160,73,143,172,169,316,405,478,175,234,475,486,419,780,164,517,199,385,507,371,587,603,641,683,572,813,
312,346,368,438,488,451,452,68,98,214,331,443,515,642,726,155,199,205,228,376,559,619,787,
311,615,81,636,50,151,223,290,323,114,740,618,162,280,303,338,353,398,480,717,779,188,177,285,444,656,299,194,55,488,560,589,633,77,489,81,405,432,646,726,786,140,689,715,746,430,150,758,291,294,367,58,422,477,685,739,180,802,321,473,95,417,498,577,641,711,802,99,41,614,702,30,178,367,411,642,41,464,592,680,286,171,528,777,32,11,284,435,463,526,533,642,651,151,222,333,515,559,287,387,53,50,683,755,122,239,715,813,363,442,463,492,623,625,68,74,295,679,37,351,524,606,806,220,281,214,449,540,158,166,38,261,148,181,586,647,24,114,610,674,592,496,638,764,779,481,504,516,536,591,661,170,184,394,424,488,659,779,75,80,79,161,190,321,339,408,441,582,169,464,397,424,448,518,538,545,667,128,187,199,11,321,438,646,507,21,115,160,172,486,656,717,487,38,179,205,211,621,814,507,208,170,298,315,687,
582,152,687,114,281,291,439,539,578,672,794,245,113,129,190,252,297,766,589,
625,126,112,305,274,364,422,539,629,628,136,127,44,191,341,15,221,335,597,61,237,281,574,646,655,603,
451,35,17,168,517,554,748,121,300,462,537,542,606,774,214,474,488,520,528,633,188,423,461,567,110,199,474,579,773,435,711,733,100,691,725,810,363,736,281,364,98,573,740,73,367,476,730,264,270,313,162,79,436,553,606,804,224,390,446,611,374,37,585,700,87,89,471,622,407,177,132,330,542,555,590,594,76,786,287,292,401,518,554,565,736,164,20,444,628,766,789,41,177,85,335,446,616,720,179,317,660,675,707,773,805,321,455,541,188,265,476,495,326,468,557,713,9,89,200,613,713,778,805,148,458,481,814,
274,97,49,72,28,438,93,185,186,251,658,752,237,251,363,402,424,770,368,352,413,429,508,197,561,577,609,305,350,208,263,714,743,790,283,452,443,489,557,624,679,758,540,511,
814,311,106,
278,386,361,748,82,559,606,613,799,142,318,515,654,182,76,398,587,279,
61,39,613,625,
687,329,576,582,657,52,136,160,230,320,418,444,674,36,190,378,593,130,356,425,603,734,54,263,542,660,
182,679,43,278,
599,592,178,152,578,581,
595,228,576,454,774,255,328,742,24,474,546,607,168,725,754,782,186,199,246,394,674,687,
0,183,199,232,338,559,607,614,137,742,215,35,368,524,527,78,751,251,770,430,635,40,34,461,502,812,48,119,234,338,406,454,575,714,750,
517,123,467,299,325,
99,47,305,123,300,482,488,666,750,
421,64,73,86,234,32,434,679,812,51,165,350,399,547,638,689,719,754,41,803,269,402,429,456,706,
180,275,255,203,361,235,420,503,594,677,510,230,747,414,453,525,528,17,93,198,89,498,8,679,704,754,809,172,263,402,451,577,46,252,425,
592,781,300,36,95,202,343,527,689,714,799,154,404,604,78,202,459,611,655,100,704,168,774,800,375,115,122,234,517,711,48,277,307,375,496,439,656,667,700,311,177,355,608,127,233,247,403,548,629,172,648,659,215,607,790,79,71,509,546,683,235,244,253,510,599,707,45,197,386,211,228,141,64,356,397,549,375,
158,495,250,29,13,424,477,752,638,737,278,416,489,532,587,666,30,740,113,362,32,76,522,559,486,685,694,799,131,216,231,10,335,375,619,593,419,425,437,487,492,688,525,20,61,49,413,549,792,807,197,104,288,315,528,620,621,199,211,722,236,369,458,465,640,719,543,454,
796,371,207,742,
221,617,743,52,274,373,397,799,26,192,440,654,694,790,
613,47,213,89,50,324,327,508,540,561,610,658,279,818,382,481,542,144,260,345,382,426,427,536,165,675,692,71,604,659,691,331,690,45,246,676,563,802,239,460,128,303,315,593,600,33,174,267,392,486,493,80,110,312,448,61,584,91,108,527,536,795,44,127,138,182,242,342,540,581,595,63,476,534,622,96,344,536,565,568,636,0,704,738,813,592,
464,490,135,513,259,64,119,238,242,447,244,439,172,288,371,402,416,126,292,596,591,618,141,374,613,322,631,709,114,803,503,596,611,737,6,172,231,794,127,382,72,327,542,311,61,289,407,461,463,583,725,726,762,783,315,402,466,89,239,123,238,517,593,650,734,764,232,295,332,417,647,679,691,96,135,171,576,602,
22,93,281,
636,294,39,76,387,425,677,320,451,512,86,503,780,413,151,453,456,702,780,450,772,242,497,584,630,640,814,254,151,62,409,34,153,182,387,434,472,498,73,246,273,280,410,403,298,381,488,570,565,151,653,287,326,417,685,
617,354,674,28,482,709,733,14,68,155,289,420,457,648,124,708,759,798,181,270,515,704,741,745,75,138,282,307,313,345,148,455,490,518,696,745,33,374,419,538,628,645,711,7,47,175,178,255,256,268,285,388,449,494,563,710,105,221,346,706,714,349,509,639,345,429,701,710,711,258,82,640,771,308,318,443,604,791,31,100,102,158,168,349,386,558,650,
6,114,84,52,137,268,269,357,398,643,783,818,21,435,532,796,208,308,18,623,655,729,753,417,429,565,818,657,152,225,413,746,54,242,243,14,367,533,599,610,757,116,146,722,745,146,235,85,382,412,480,598,602,808,142,465,604,642,18,45,125,182,190,365,477,745,143,425,578,
283,670,77,94,135,186,203,208,221,279,728,772,561,646,808,
813,15,174,474,27,200,107,269,270,785,426,260,740,91,41,195,303,486,476,717,90,244,380,556,118,129,133,43,396,744,809,577,113,225,303,329,413,541,325,519,597,629,702,789,686,700,214,230,367,719,729,816,29,202,207,285,354,265,98,606,745,774,212,27,292,340,691,770,26,633,613,177,506,567,746,574,
368,603,33,106,626,167,342,390,525,804,274,312,250,279,370,719,761,205,358,738,806,364,102,281,576,13,155,265,435,511,543,589,733,217,69,426,
119,49,41,126,351,587,791,
612,797,411,99,723,747,424,464,716,769,57,49,171,547,620,745,203,262,373,461,696,723,776,279,288,319,469,37,421,577,77,229,237,323,161,116,317,331,660,708,71,326,362,373,547,53,150,371,381,484,650,698,
183,174,73,0,311,335,507,570,694,75,126,130,227,393,475,650,674,706,59,133,182,677,66,76,94,114,189,243,291,401,496,800,178,276,75,83,415,130,164,601,13,59,65,182,277,311,325,643,
93,114,508,
472,603,
229,281,107,
50,613,37,
165,642,421,
123,153,464,517,797,
500,467,
746,255,813,
309,
318,336,486,
98,584,312,
113,582,114,
198,658,
562,562,584,
537,397,
576,368,
694,221,603,
315,311,508,
335,584,67,
319,742,93,
28,680,150,
49,119,151,
111,726,742,
559,207,312,
476,150,343,119,
772,32,283,
526,37,
322,658,591,
202,745,143,
378,373,585,
704,336,
509,151,726,591,
194,543,36,
637,650,
555,126,249,
758,274,
41,119,421,
348,596,
173,650,508,
187,650,107,
643,183,305,
350,336,
629,107,373,
