98,349,140,367,
238,93,247,214,253,53,333,345,211,312,400,531,518,74,302,317,73,451,167,203,450,355,10,531,343,187,210,438,82,437,147,
460,55,127,
67,292,73,302,235,518,418,94,426,391,38,541,
424,462,378,143,182,374,386,394,533,165,336,341,
494,325,184,501,269,463,423,169,380,546,2,96,285,383,395,533,
107,301,170,132,135,270,436,119,524,398,433,463,
14,448,408,96,73,153,428,463,34,126,155,208,296,344,412,8,28,406,413,361,468,
280,359,375,417,270,295,19,144,300,285,61,298,44,231,404,93,
153,315,26,143,479,211,474,184,202,97,308,455,509,430,
3,278,33,209,93,493,322,109,524,73,337,524,61,303,304,41,158,299,508,482,80,493,9,2,263,203,456,97,135,440,503,224,320,537,158,235,266,332,
15,63,295,464,12,138,225,376,326,130,548,134,60,274,304,73,319,531,320,
527,519,267,
188,537,105,273,363,153,183,259,417,158,190,148,228,257,105,330,181,
18,174,391,27,155,328,15,119,496,
96,14,358,195,230,
519,213,398,136,161,163,490,523,121,266,301,522,257,527,
125,237,
89,362,215,291,183,108,199,531,545,246,392,394,206,231,384,
480,255,145,159,340,
406,21,188,38,77,426,127,397,467,512,
183,177,89,
482,277,153,79,174,285,229,240,137,353,210,271,86,378,
398,264,398,221,323,448,491,76,281,
225,470,185,284,546,
118,97,
175,32,59,396,188,22,325,135,472,121,250,473,112,170,228,200,503,
263,294,56,499,295,
400,105,325,
79,23,105,500,124,361,367,402,514,294,250,65,291,109,125,389,548,151,528,
172,145,321,47,293,201,265,236,460,328,314,
344,28,268,440,376,459,29,378,35,361,104,449,494,468,95,306,6,195,110,232,251,
182,424,163,166,315,102,200,267,463,163,440,423,155,546,372,408,452,486,
510,15,
235,326,56,75,36,393,32,456,338,421,490,515,24,154,252,401,53,473,477,325,331,401,29,230,
99,398,401,354,357,497,
323,366,398,
444,286,188,180,186,161,301,123,303,277,147,187,289,376,351,351,
398,3,336,321,177,278,414,50,315,387,317,99,519,57,214,302,487,506,458,215,202,363,509,398,96,466,74,97,389,373,509,
274,376,408,60,259,480,413,489,48,282,365,22,138,133,233,504,460,50,348,147,139,380,134,
240,440,83,441,524,53,334,173,205,125,390,512,214,272,400,
519,357,112,54,82,195,110,167,472,265,179,47,417,375,
514,384,261,345,277,264,345,159,129,200,
303,263,508,549,400,
403,312,70,531,297,326,100,322,82,203,521,18,68,136,194,39,479,281,499,297,190,304,426,535,64,74,236,431,416,94,292,196,495,324,356,470,74,45,238,328,197,143,512,295,361,146,239,
524,240,385,3,160,545,72,123,144,177,
361,68,378,6,391,98,364,
5,538,337,294,
195,325,15,183,217,129,352,237,
292,448,403,414,67,305,289,126,460,484,243,211,284,423,45,
89,218,230,224,133,150,326,259,273,383,375,
352,56,155,471,96,134,154,6,111,215,171,1,404,252,450,266,502,33,511,
373,285,532,473,100,135,257,280,318,406,438,31,326,
409,202,302,389,104,186,364,448,467,
449,271,121,423,548,
137,490,
228,230,
425,365,160,360,316,370,544,152,293,244,455,102,155,495,155,531,318,406,196,220,
264,334,278,178,353,424,526,64,123,398,52,82,145,427,233,287,472,122,37,323,523,
366,365,229,453,207,32,346,153,82,124,223,287,523,544,323,256,270,398,508,544,
456,406,17,538,81,99,278,100,532,336,319,238,157,317,543,546,139,174,358,193,468,290,435,473,59,539,426,396,52,212,353,65,9,291,350,418,201,45,164,311,53,197,538,231,296,366,374,42,94,372,346,246,1,98,
55,77,65,267,144,153,74,415,193,184,186,34,6,372,110,37,294,450,271,156,444,
402,49,517,207,328,253,449,55,118,131,225,485,451,287,289,411,526,
296,247,456,212,379,385,525,256,324,137,156,
278,158,296,264,50,53,193,69,98,186,211,213,165,367,473,74,386,531,422,
97,398,426,
114,426,456,
448,72,292,398,
426,91,319,327,114,335,440,492,54,225,265,402,479,545,334,423,468,460,268,312,97,123,67,123,274,323,97,
320,378,378,291,163,169,297,
77,491,180,242,143,314,89,480,447,55,245,549,470,1,197,449,384,249,215,538,159,83,451,171,107,157,305,382,188,
406,65,134,296,220,344,92,78,512,122,145,430,470,350,458,183,157,446,502,130,472,327,253,442,530,523,547,
391,18,145,460,206,313,408,127,451,419,38,211,253,281,321,402,391,155,449,503,
243,487,261,333,
38,159,325,66,131,51,327,77,83,365,533,81,114,391,343,414,406,249,2,67,349,
119,30,470,174,227,3,60,302,414,416,288,425,481,107,259,428,487,49,394,425,
270,280,132,347,439,
2,494,140,156,351,413,92,121,174,
42,440,32,73,235,495,
538,77,5,154,379,472,337,143,
416,403,119,
62,476,181,351,124,393,
424,182,286,450,135,396,478,154,338,506,29,531,414,173,233,549,447,407,470,492,405,203,13,147,269,
145,264,30,152,188,230,267,
237,145,144,
32,92,45,137,245,388,371,164,235,251,512,80,102,276,361,41,155,384,178,108,289,542,480,378,366,505,507,158,39,247,42,175,155,397,333,76,480,503,192,298,319,
387,500,206,355,
475,40,18,229,2,129,342,462,536,215,455,287,429,26,319,433,388,128,289,470,489,389,74,55,493,275,33,223,455,190,378,456,175,406,
269,90,494,
244,150,386,10,200,189,510,318,261,456,141,190,227,255,9,79,465,370,321,521,249,432,
346,548,19,119,176,486,474,150,389,
188,69,217,444,161,406,450,518,465,201,90,144,501,
211,234,99,282,266,359,153,546,301,434,292,69,327,
327,20,215,549,456,55,160,346,420,439,348,130,317,465,473,392,172,417,176,275,402,36,377,313,347,549,69,38,97,32,205,541,
517,216,369,107,225,69,486,105,152,529,504,514,80,126,400,197,312,384,402,484,306,63,531,73,493,260,368,
490,49,15,137,300,182,254,414,471,
277,499,516,333,41,267,369,303,482,124,514,161,41,169,353,501,402,492,492,182,
548,431,144,
327,264,46,149,420,324,492,106,487,67,211,227,388,
153,14,482,65,355,367,237,437,400,249,292,
157,452,177,23,297,158,247,280,332,97,151,350,49,493,14,315,125,491,517,12,485,399,502,131,509,37,180,280,294,133,329,
448,343,192,265,287,42,530,8,305,14,17,470,44,160,267,438,447,548,156,477,542,45,298,168,210,166,269,543,
507,261,127,6,14,168,409,439,
536,64,145,132,168,332,
177,404,36,222,327,227,431,484,34,282,317,137,183,99,196,308,542,305,375,39,459,150,105,177,281,377,324,41,62,143,83,487,158,238,438,449,252,335,71,487,89,108,130,232,491,170,
196,184,437,12,
174,127,482,378,110,18,365,23,325,202,546,81,341,119,480,548,541,2,474,
380,533,451,28,231,367,171,129,212,421,274,
525,230,296,
392,42,267,512,266,428,547,217,261,487,176,48,196,446,350,160,360,364,351,56,396,
256,110,149,350,229,307,288,166,155,202,269,372,113,238,50,472,450,75,428,75,450,167,77,91,344,536,61,536,445,375,299,295,200,138,535,541,278,420,255,328,418,154,140,169,243,305,344,496,
348,133,274,270,
184,196,494,47,329,203,222,153,343,435,151,274,329,526,
505,549,295,87,27,31,175,437,465,49,78,156,304,266,168,94,329,442,307,261,201,479,232,464,
73,12,104,398,416,443,461,517,19,218,385,427,425,432,
440,426,114,344,147,296,292,42,520,209,231,316,320,425,177,90,225,332,379,426,10,80,335,60,165,407,465,182,192,548,25,422,487,127,318,364,493,389,422,21,
537,335,123,484,188,407,104,526,541,369,539,39,173,
266,254,392,320,325,77,213,251,350,196,450,454,
15,69,495,410,
185,119,246,337,422,158,251,349,264,284,533,16,171,
470,448,77,119,158,225,203,472,403,365,24,424,266,23,294,333,523,41,168,140,
132,262,124,333,462,282,343,538,317,350,370,48,91,403,107,352,361,455,59,50,127,370,507,478,
170,107,177,462,
23,79,470,513,548,337,301,
70,310,287,82,373,427,464,413,18,294,27,
421,77,221,242,24,31,37,110,508,123,59,360,268,12,146,284,526,156,405,525,
97,76,233,378,31,422,70,492,426,
83,77,500,246,147,303,60,118,334,
314,414,14,75,81,172,49,333,
63,49,517,425,313,270,
168,97,155,89,396,512,49,73,87,354,34,79,37,298,168,461,238,485,470,7,136,467,486,
246,78,536,57,375,398,172,227,232,285,185,402,
141,89,515,38,266,322,89,177,512,332,378,497,284,
296,162,201,123,30,319,12,406,288,23,422,107,181,52,400,503,514,462,465,512,528,118,505,544,533,9,170,297,84,480,479,499,50,455,518,218,131,367,499,142,462,15,259,391,111,159,299,97,180,466,45,163,242,401,420,289,501,22,91,402,136,68,286,424,517,522,425,55,68,385,327,373,281,445,548,
359,393,337,278,370,398,477,9,268,218,356,427,467,501,6,29,226,16,105,298,302,159,56,153,514,258,381,262,107,442,508,
479,365,16,46,288,15,5,42,152,372,302,372,86,289,167,155,68,181,350,347,285,163,436,12,383,408,61,172,1,174,473,
394,414,
24,28,144,28,241,251,382,182,445,469,291,308,329,372,28,123,391,
493,3,475,129,427,238,517,43,160,364,511,63,427,36,301,411,
321,238,300,421,398,172,317,33,202,245,267,71,129,51,337,541,
215,17,475,308,374,89,99,401,232,30,198,36,70,170,276,205,200,164,175,
325,235,400,228,
325,9,127,46,175,315,330,471,60,29,510,66,478,100,143,292,253,234,150,197,20,53,123,38,195,362,59,102,243,286,285,494,
69,278,357,
104,19,233,13,47,158,130,340,400,293,169,249,422,95,522,
447,56,20,238,437,453,140,40,107,298,219,459,53,334,294,144,398,468,86,92,352,27,37,491,522,
440,55,337,212,305,409,
491,47,496,364,144,253,277,440,77,79,274,331,398,536,106,192,406,445,
349,153,262,72,478,275,213,38,
324,300,327,249,
294,368,196,119,420,512,267,5,66,298,263,
225,484,186,212,432,481,129,351,407,268,295,285,94,178,68,177,486,127,11,380,414,59,433,399,118,481,25,443,44,193,503,92,197,289,528,
373,523,516,199,420,
170,175,271,
131,280,45,105,12,342,225,488,164,357,259,88,56,212,59,196,277,132,96,170,191,449,44,337,440,490,382,80,394,513,38,235,3,12,395,
163,182,503,475,131,511,241,372,26,
456,114,365,97,352,504,3,168,
538,284,242,8,22,104,153,64,275,349,120,397,121,253,323,305,541,131,227,144,274,107,283,388,301,290,
498,378,202,252,317,539,126,218,334,443,158,258,481,494,21,197,73,319,344,428,173,514,535,
259,89,119,410,
294,70,470,337,
384,32,517,358,514,504,374,517,132,349,526,433,529,197,482,232,141,168,381,461,133,
123,131,450,276,3,426,161,278,280,24,268,
403,132,
183,475,449,252,428,17,252,216,264,384,248,176,293,491,406,155,528,158,420,440,515,270,
105,177,517,484,440,312,176,183,266,97,188,217,348,468,521,443,384,496,169,366,
510,300,244,47,260,393,500,55,421,303,292,177,81,372,97,288,509,
54,426,519,22,238,327,316,481,179,
261,155,291,354,389,273,394,180,386,229,545,12,51,220,484,514,408,354,80,525,243,166,238,360,316,315,110,507,433,548,458,525,549,291,
462,94,545,132,259,394,482,153,224,424,38,457,95,515,
264,295,144,
443,182,472,
495,99,425,124,347,432,200,135,
56,74,329,19,84,488,90,453,5,95,470,533,530,468,411,331,229,542,278,523,48,229,306,359,109,503,533,289,541,458,61,110,488,
42,479,14,64,42,392,153,6,154,455,416,517,457,495,
295,272,225,15,127,256,61,505,546,503,503,474,465,506,256,325,280,288,485,264,263,228,176,403,429,
97,396,278,29,118,387,271,293,395,300,383,78,547,436,455,528,168,338,278,90,186,259,42,171,61,311,389,41,56,52,198,
277,217,260,253,136,345,330,447,224,386,404,463,35,449,396,198,509,104,78,286,426,444,147,53,164,75,266,310,487,26,28,290,426,
549,424,74,518,335,488,231,243,207,479,526,320,408,539,543,
501,494,277,308,
255,15,404,308,21,142,379,204,527,227,335,123,155,165,465,496,334,404,428,279,480,165,494,521,256,70,198,200,322,262,464,
55,119,510,233,300,460,328,350,366,
59,548,225,132,
194,200,443,356,330,547,67,510,277,168,386,451,162,281,170,240,192,
523,519,373,
487,350,374,410,291,352,547,403,185,323,418,260,500,208,243,449,474,512,537,
127,485,33,96,174,175,27,148,299,222,376,501,507,435,173,189,225,359,460,167,288,403,
202,256,179,210,197,528,94,32,495,537,495,498,9,165,342,531,300,379,3,65,113,257,496,302,331,385,296,161,190,157,221,409,431,
344,464,500,410,
72,546,349,322,176,96,146,157,223,448,230,220,491,524,
300,163,60,327,344,233,420,438,106,202,445,96,500,427,293,448,344,324,305,466,530,74,32,488,292,305,328,77,102,107,246,490,
450,4,192,422,467,424,178,88,92,391,64,430,221,3,37,350,548,150,228,25,55,252,419,266,390,420,456,349,488,
378,48,265,131,538,386,338,18,295,328,545,174,199,256,89,1,165,320,161,361,243,335,368,271,352,
536,462,475,371,314,246,515,472,141,302,289,380,502,51,68,337,351,483,539,230,491,7,181,337,
533,38,546,38,355,413,420,436,
491,269,189,72,66,498,195,77,157,315,434,106,351,155,417,435,274,369,442,58,85,309,77,388,492,302,271,197,488,369,284,465,369,407,536,188,389,214,284,153,212,41,434,438,180,529,28,149,256,306,122,492,362,207,397,444,67,
358,428,6,236,349,49,57,182,96,206,385,163,297,318,162,531,144,208,
516,277,282,23,149,393,455,186,332,342,373,322,500,348,472,6,180,222,300,371,518,6,444,287,369,
176,181,295,72,193,333,254,
521,451,352,289,311,161,280,28,79,169,342,184,425,233,134,536,258,487,442,444,344,89,542,91,419,306,365,231,360,431,110,174,350,485,15,
278,150,56,317,277,438,507,329,410,
224,414,89,
538,178,456,132,128,505,346,390,172,91,396,
249,369,77,81,450,498,176,304,49,229,244,38,501,
294,79,284,36,
379,538,296,86,
515,295,60,233,250,269,374,141,326,258,234,353,337,428,489,425,344,394,462,
158,157,407,383,330,90,405,481,269,196,427,409,97,487,539,445,544,188,93,65,199,358,3,452,496,
323,487,172,287,291,
59,6,325,312,65,
485,296,157,163,469,256,151,417,511,221,255,275,431,
148,127,196,289,458,
233,300,55,420,187,308,97,284,2,13,136,147,373,262,295,99,55,129,203,21,473,546,122,343,455,545,
261,3,505,111,
518,67,188,57,247,528,166,208,
302,359,202,398,170,361,537,
431,548,74,
307,47,226,266,
546,72,545,300,415,437,543,41,256,355,533,299,152,517,188,459,211,179,28,292,453,
127,118,295,267,177,507,378,52,51,37,422,522,201,94,159,405,5,241,440,105,30,241,442,485,
451,77,391,209,197,454,533,
333,160,344,199,176,64,243,255,
381,347,52,116,192,545,
145,294,416,149,288,268,204,240,195,393,27,391,172,74,463,234,42,380,128,212,414,119,341,45,226,347,413,515,510,
267,277,527,127,216,392,52,457,466,473,543,122,250,151,484,455,369,521,430,
230,374,412,377,535,540,525,403,280,51,89,167,475,320,26,448,346,228,433,532,72,139,282,
414,292,180,241,382,531,324,143,314,135,279,522,224,423,132,235,205,394,267,
144,26,548,436,275,526,40,237,281,173,207,
271,491,55,77,170,122,165,466,511,214,404,
504,251,248,371,428,288,
347,67,495,253,278,281,325,478,170,523,
240,487,482,500,
396,424,29,168,375,277,220,371,231,5,175,79,371,503,168,198,472,204,306,524,381,538,181,
15,109,62,153,168,237,502,334,195,526,302,402,385,504,510,370,490,105,188,241,12,312,449,157,346,510,521,
418,253,487,500,
521,29,292,105,31,35,123,319,
548,507,74,220,95,400,455,20,209,188,350,463,128,176,187,293,383,513,221,29,166,41,346,130,65,181,306,27,31,66,59,174,79,339,
347,381,
365,24,88,25,426,27,177,193,288,293,302,522,141,456,470,94,374,7,76,108,452,475,425,
286,43,381,32,241,505,349,450,379,23,154,444,39,247,17,287,84,295,183,455,253,256,305,55,
496,157,302,36,462,159,506,131,149,346,483,491,373,256,
181,188,62,
305,373,212,464,478,106,227,380,404,
47,172,104,487,491,505,307,218,60,75,486,195,
81,38,428,174,188,361,
19,346,142,81,184,
55,333,40,461,318,440,456,286,
373,233,38,42,426,337,496,83,462,
90,158,97,1,79,93,269,111,
134,389,15,67,198,274,
292,149,217,165,329,277,524,128,0,410,521,517,208,311,365,286,339,322,35,56,146,367,
473,456,278,366,7,218,484,515,135,13,284,416,185,110,128,350,170,175,103,355,27,212,223,278,161,203,497,503,547,258,
238,33,301,256,447,369,50,142,78,209,529,61,321,435,152,211,172,250,269,523,146,403,385,65,89,240,43,73,157,482,490,468,
55,520,9,86,211,257,271,427,234,348,377,402,225,293,384,60,207,172,351,233,429,97,150,189,490,107,272,337,
369,238,294,293,208,7,458,249,423,320,538,300,101,543,18,58,270,381,356,539,
487,187,327,141,
410,420,344,
205,327,
74,334,475,105,25,48,137,542,398,74,287,91,92,431,
302,67,119,130,143,409,475,141,414,460,
341,145,174,183,209,
26,144,153,163,
355,306,533,222,231,478,
306,517,491,
306,56,390,35,355,488,347,506,
202,174,398,81,256,
131,157,538,172,233,86,186,237,315,
440,131,105,171,127,20,121,240,19,122,362,346,416,81,312,19,58,421,169,
345,277,514,280,144,297,109,483,539,3,45,175,228,393,429,443,536,187,
147,185,274,42,236,27,47,246,26,394,83,370,389,499,240,
187,19,233,487,5,400,480,519,428,180,256,378,345,
484,72,157,284,250,328,78,258,539,30,40,542,52,193,232,253,157,369,96,225,228,540,105,30,417,64,397,359,365,507,60,112,380,
145,416,406,155,108,416,536,96,114,237,492,31,393,267,155,
500,418,510,83,143,500,329,387,512,386,280,344,343,464,495,
181,193,548,176,150,169,143,145,386,
464,297,70,344,
337,428,529,5,55,208,392,489,440,536,294,373,538,
37,450,369,517,127,35,225,404,531,499,160,172,239,402,
293,172,183,125,312,36,365,94,401,28,357,458,
428,491,242,358,114,377,399,337,188,282,511,81,144,276,40,309,333,152,240,256,355,403,512,
389,134,409,27,
369,484,277,357,54,37,132,252,258,441,280,467,326,47,370,485,405,7,542,161,182,192,290,339,
476,62,196,12,386,401,294,
104,204,388,160,248,122,265,297,53,209,85,156,62,447,339,3,113,179,257,514,208,132,337,
344,333,521,99,5,261,27,300,314,547,135,218,61,448,304,399,150,121,487,
49,358,63,490,302,
378,260,482,65,172,189,355,424,444,311,330,68,320,408,293,310,450,350,530,250,
196,403,148,160,
278,123,347,
313,63,
32,
253,491,391,418,
236,172,147,
353,515,482,
185,225,
321,
366,55,
290,369,277,538,
280,500,
45,345,
63,493,
156,2,296,
212,305,380,440,
511,271,485,163,
77,266,
155,391,425,
31,521,145,
6,516,59,56,
235,414,3,
328,300,256,18,
406,14,425,
343,38,448,
86,447,379,
500,508,500,
442,406,
524,396,107,
204,396,
237,125,131,
248,504,
420,373,450,410,
14,507,314,
74,238,549,
92,74,447,
478,347,305,
246,185,83,300,
500,240,
119,55,294,
545,462,524,
145,
331,235,491,
413,145,70,
533,424,
177,510,524,
460,172,302,
482,
16,185,
467,168,409,
545,381,233,546,
539,369,549,
400,303,240,
226,145,307,
27,447,70,389,
390,538,
295,286,515,
318,425,
165,271,424,
232,177,246,
28,277,24,
267,321,145,414,
464,500,305,
395,131,494,
30,145,119,
131,163,123,
512,406,240,
400,153,104,
413,2,14,
227,538,
513,23,
208,369,104,487,
267,145,294,
324,414,
49,249,402,
388,538,
94,127,67,
452,365,
105,400,15,
168,507,456,
107,359,
121,449,2,
486,182,168,
141,302,487,
468,238,14,
383,158,494,
291,323,261,
537,487,302,
355,428,387,
301,493,107,
499,263,
159,480,496,
264,327,183,
508,500,359,
119,18,
197,451,225,
375,89,519,
172,323,37,
143,424,181,
462,373,
284,294,141,
433,107,
56,263,392,6,
404,271,255,305,
502,157,
170,347,302,
208,358,518,
333,55,314,
340,480,104,
250,378,267,
7,536,168,
201,456,188,
386,194,181,
21,233,406,440,
503,175,391,
315,131,
410,278,259,
523,264,347,
474,487,174,
230,96,235,
430,153,267,
116,
517,384,
249,153,324,
106,305,491,
393,62,145,
111,261,90,
454,266,451,
320,549,15,
186,131,409,
478,132,355,
145,181,480,
442,359,127,
41,470,548,
357,69,293,
418,67,
28,24,293,
476,
188,145,77,
263,3,303,
504,456,517,
140,2,98,
508,366,303,
180,414,187,
81,314,
91,74,538,
228,175,345,
3,345,261,
127,132,406,
462,170,
507,132,278,484,
499,147,277,
285,246,494,
419,391,
503,473,225,
301,23,538,
530,378,406,
529,337,
123,426,524,
452,158,182,
209,3,341,
266,307,3,
37,264,447,
