255,654,110,205,397,193,251,340,452,
368,337,295,233,405,436,500,539,2,180,202,300,165,
528,92,337,281,433,
382,485,459,
676,13,503,335,21,338,439,67,70,148,137,496,185,293,309,41,165,169,252,403,
416,121,735,112,193,228,259,274,
407,495,469,
317,544,176,347,249,429,475,513,111,289,293,420,444,
542,359,654,488,
38,147,18,38,244,288,315,13,113,379,384,436,93,192,272,40,275,537,224,265,386,426,178,205,111,305,439,515,163,304,387,483,434,439,470,273,460,
409,45,522,291,104,162,431,306,478,322,504,435,444,
14,495,268,238,186,220,402,
459,573,33,224,319,44,439,487,68,187,198,212,316,168,382,207,426,494,510,318,356,116,510,230,238,255,428,359,454,
38,46,38,370,340,461,483,
279,109,381,384,448,96,63,514,528,75,548,
455,135,160,488,491,133,478,25,129,62,356,331,494,515,194,
391,723,54,81,529,171,241,247,293,304,342,487,515,533,75,137,13,105,230,178,61,456,33,61,260,262,441,525,171,209,210,213,
304,391,500,338,468,15,193,320,212,250,275,214,
915,290,301,386,192,5,41,77,181,213,218,482,495,496,515,153,466,107,247,366,448,519,202,
268,4,14,151,486,143,112,158,172,322,328,359,381,398,151,124,204,371,372,373,132,141,226,513,223,253,356,435,
325,240,389,145,261,507,429,503,
217,494,337,190,510,511,35,68,263,397,
42,66,103,177,293,14,237,203,254,330,478,34,301,67,502,246,413,
137,337,327,408,15,271,332,376,467,233,322,390,423,86,158,189,396,429,547,104,276,441,473,490,508,
324,654,16,390,64,225,91,105,111,318,
337,137,495,116,281,225,461,469,473,501,519,70,341,521,256,68,350,145,196,387,535,461,
469,32,195,362,407,105,259,294,486,176,
14,77,671,51,523,142,153,337,461,489,506,376,130,266,440,163,227,276,319,178,204,
294,483,599,73,489,220,366,143,158,180,228,340,386,170,46,137,129,115,168,244,248,262,309,328,6,487,183,252,145,376,478,486,
194,500,735,241,245,
369,778,378,227,214,166,147,216,141,374,
256,573,13,356,212,
544,671,778,
573,256,459,161,354,
288,49,38,184,317,
45,409,59,99,327,456,504,546,204,289,
230,176,544,300,377,423,12,26,321,445,
381,268,279,340,252,22,190,539,0,55,69,
530,735,310,33,671,1,133,256,119,429,490,528,
868,409,488,221,406,515,519,526,121,306,385,448,
592,122,409,59,313,418,494,511,50,56,356,104,156,370,260,491,
370,297,137,37,188,321,338,266,476,193,486,192,1,390,85,313,385,104,150,355,152,229,338,249,353,445,
723,280,391,176,193,204,258,454,470,76,219,231,423,440,92,328,467,105,156,143,30,346,396,507,26,487,
337,43,20,202,212,94,528,276,368,91,129,217,315,152,486,71,107,174,290,362,396,400,263,
425,544,599,25,70,24,120,223,282,322,109,111,249,115,362,339,231,318,338,387,400,515,532,56,360,
28,898,735,294,251,426,472,503,
131,157,217,397,478,422,180,201,344,367,294,261,326,371,414,507,465,490,
269,174,233,244,
671,14,302,303,270,124,530,519,238,18,314,286,544,496,175,211,539,428,491,205,293,303,339,301,116,88,203,396,430,495,543,
359,898,654,144,91,201,261,290,334,405,86,537,542,5,124,150,224,152,173,197,276,441,446,274,293,474,61,123,154,206,225,321,363,365,401,
654,153,177,359,27,255,510,209,193,324,119,129,0,12,456,542,20,298,326,417,358,461,505,467,539,500,
141,330,368,332,511,127,200,229,205,66,413,429,292,324,488,191,
18,38,80,394,399,406,422,423,83,112,346,
62,495,72,218,99,404,12,115,207,236,449,507,290,427,136,145,220,528,
176,178,723,129,204,228,253,270,475,233,378,511,
150,370,359,
392,898,233,33,
315,121,38,212,272,286,32,527,64,392,467,327,491,224,399,531,8,63,189,360,366,373,416,420,
290,915,498,47,399,68,228,230,119,275,483,5,141,286,155,235,532,
164,485,145,447,898,
359,778,268,76,177,445,183,
304,121,408,511,431,372,103,173,142,152,256,293,347,292,82,263,292,357,404,430,349,518,
109,778,129,11,80,79,66,279,305,330,433,154,348,373,58,315,347,403,7,22,30,272,376,462,5,
329,337,176,93,110,135,292,362,390,43,176,206,279,304,
485,69,778,164,317,382,416,264,416,118,83,468,65,339,535,548,213,
599,449,294,349,311,411,425,498,63,179,96,158,159,208,400,200,235,373,471,
306,165,868,394,2,17,41,136,154,171,371,385,
322,425,268,93,193,73,177,256,122,138,155,223,
500,132,160,80,233,254,66,304,347,473,515,536,231,194,341,353,406,31,429,654,132,
349,4,599,93,182,362,286,334,541,2,13,112,211,279,298,316,235,189,244,372,467,5,73,189,373,
356,592,459,256,489,538,
240,531,88,351,350,66,252,350,409,349,154,246,474,368,42,492,510,177,415,
503,172,676,178,186,208,258,259,408,532,
275,38,544,42,
70,544,735,232,133,64,147,176,59,232,535,
289,251,119,479,41,160,237,431,99,35,182,201,259,18,264,244,382,59,214,8,172,194,484,441,83,110,123,241,412,
495,121,337,29,62,14,379,498,153,151,165,224,323,477,407,442,231,257,303,305,327,350,226,125,446,189,377,
409,868,592,220,477,547,45,62,48,478,80,192,288,338,499,412,420,126,527,50,429,351,481,1,73,121,163,217,
303,255,671,18,69,79,208,
263,239,1,23,31,411,470,8,56,66,221,411,472,
129,337,294,
100,39,129,198,241,293,431,456,378,414,469,382,487,233,142,158,71,58,263,202,477,
544,211,170,334,482,70,71,275,229,230,317,4,425,339,481,18,293,457,22,22,166,229,366,373,507,163,65,157,79,192,221,246,28,219,1,456,516,401,489,
182,349,289,43,53,273,309,445,530,
7,56,46,75,309,154,197,499,525,272,268,355,434,541,352,
239,683,120,302,410,151,182,265,324,361,441,263,301,430,111,31,238,259,277,514,538,544,112,180,191,380,66,538,
778,109,485,125,233,30,485,369,388,424,182,48,216,544,306,315,478,250,359,502,112,
151,268,228,232,
218,915,266,273,275,532,119,129,283,
531,240,308,118,177,232,110,378,20,252,331,462,544,428,
461,121,337,169,352,370,
184,9,735,226,55,240,395,397,
176,14,329,165,227,447,432,178,88,145,108,379,541,230,317,307,380,21,543,66,76,157,186,204,356,541,
423,137,233,
735,482,338,74,327,88,49,90,261,207,239,194,530,28,70,184,38,289,487,416,177,197,249,318,26,546,205,189,363,480,71,473,498,141,324,511,
120,425,239,148,282,460,
92,17,450,146,231,352,125,528,500,219,226,356,203,363,487,478,
121,33,343,304,245,495,27,30,222,22,17,315,14,465,126,312,461,362,168,341,416,213,211,162,48,206,414,53,486,509,546,38,105,411,461,
240,325,173,2,338,507,16,44,199,227,274,317,
515,868,915,455,230,457,
261,735,308,307,313,322,523,528,240,282,
373,268,544,469,260,
46,297,482,494,7,38,42,129,201,229,64,167,518,302,351,129,408,192,286,448,490,
135,455,122,173,335,472,498,261,384,297,
233,500,778,63,269,231,392,189,247,260,281,423,134,6,15,43,0,232,247,305,388,500,519,245,
494,532,410,217,408,519,520,8,41,197,218,461,430,230,496,455,40,91,270,122,547,
4,544,268,142,346,24,30,54,23,276,380,481,485,498,130,138,370,412,530,
510,459,4,279,283,518,
22,275,544,
898,172,359,28,496,398,440,106,0,199,392,164,357,
177,531,735,
302,46,212,
350,495,337,
77,915,274,
286,671,
371,131,268,
275,22,438,27,72,123,410,274,450,
13,676,
48,121,
265,239,38,
537,38,
496,494,676,
228,290,
411,263,
494,459,592,
158,100,268,
327,315,45,
121,683,
13,391,349,
112,268,349,481,
479,289,
157,544,176,
125,495,92,
469,337,100,373,
338,735,676,
125,683,
392,315,
270,176,671,
294,28,131,
314,671,683,
515,500,391,
498,495,599,
168,121,294,
500,233,368,92,
224,
109,425,
306,409,
22,544,109,
467,315,
261,131,269,
190,217,381,
535,70,485,414,
471,599,
399,315,18,
430,671,
379,495,38,
193,723,
450,275,92,
487,100,459,
273,38,182,
183,294,359,
487,294,
231,495,92,
50,592,409,
473,337,500,67,
486,268,294,
441,137,289,
85,370,
31,263,239,
486,337,121,
544,239,531,
111,239,
56,263,425,
403,676,109,
411,121,263,
177,654,42,
192,683,634,
366,544,915,
487,735,391,
180,239,368,
359,459,
235,349,599,
56,7,592,
30,4,723,
129,176,46,
133,530,70,
481,409,4,112,
18,289,303,
426,459,38,
45,295,
74,735,
222,121,
448,46,915,868,
478,409,778,92,
507,62,723,
115,425,62,
137,391,
481,544,
378,369,176,
346,18,
309,182,
66,263,239,
216,778,369,
507,544,131,
293,304,671,
232,70,531,
318,459,735,
256,304,337,133,
511,217,304,
145,325,294,164,
523,261,14,
373,599,
286,290,
457,544,
449,62,599,
514,279,239,
156,723,166,
189,137,349,
358,654,
147,70,369,
528,279,
129,218,654,
490,530,
138,322,4,
263,217,337,
182,239,
397,217,184,
404,62,
18,544,671,
211,349,
72,275,62,
430,494,239,
352,92,
683,192,214,239,250,100,125,241,121,259,314,
498,735,4,
112,239,416,
1,530,263,
519,233,915,283,
244,38,
200,141,599,
349,240,304,
400,337,425,
527,409,315,
326,527,
315,337,
490,46,131,
446,359,495,
478,131,
440,723,
315,778,
235,290,
281,233,
178,38,176,
516,544,
219,544,92,
177,322,359,
429,317,141,
541,7,176,
20,
211,544,121,
467,137,723,
519,671,868,
238,239,14,
429,409,137,500,
309,676,
362,329,425,
153,14,495,
201,46,289,
488,868,455,
218,62,494,
322,137,
303,495,671,
116,885,337,
320,304,
112,778,18,
412,4,289,
518,510,304,
395,184,
532,503,494,
83,18,289,
1,409,544,
76,
208,503,303,
365,359,
340,38,255,
373,349,315,
511,176,735,
73,409,349,
5,109,349,
292,304,141,
252,531,676,
38,121,735,
530,4,182,
230,290,515,
110,289,255,
121,409,
152,337,370,
293,317,544,
223,268,322,
203,671,92,
460,120,38,
240,261,184,
272,38,7,
63,233,315,
141,735,369,
210,391,
528,530,62,
122,592,322,
279,510,329,
165,368,676,
295,45,393,453,39,80,159,203,389,465,136,109,433,470,368,8,
518,46,
373,202,
276,4,137,
53,121,
231,233,425,
543,671,
461,494,337,
290,62,337,
88,671,
151,268,495,
434,38,7,
355,520,7,
485,778,4,
397,255,
308,261,531,
504,45,409,
380,4,239,
255,459,303,
532,425,218,290,
166,172,410,468,156,243,283,273,
145,337,
396,137,723,
43,337,233,
535,337,
550,23,142,143,
305,38,495,
272,109,
505,
282,120,261,
489,356,544,
136,62,306,
370,461,4,
251,255,28,
452,255,
7,
445,182,230,
189,349,315,
428,459,531,
401,359,544,
503,28,325,
259,416,503,
105,121,324,
491,592,671,
228,151,416,
321,359,230,
352,7,461,
283,218,510,519,
488,141,542,
201,359,131,
214,369,289,
376,137,14,
126,409,
473,735,137,
548,279,485,
274,359,77,
356,92,176,
226,92,184,
288,
71,735,337,
539,381,654,
134,233,
510,217,240,
170,544,294,
423,18,230,
116,671,459,
24,4,
380,66,
341,500,337,
525,391,7,
90,735,
226,268,495,
405,368,
465,121,131,
65,485,544,
137,294,676,
462,109,531,
461,654,
182,778,
137,370,125,
5,359,915,290,
214,304,
55,381,184,
184,288,
2,240,306,
80,295,109,
313,370,592,
511,141,592,
537,359,
91,359,337,
300,368,230,
422,18,131,
204,176,176,
189,495,735,
23,263,
439,38,676,
59,45,70,
498,135,290,
521,202,337,
264,289,485,
367,131,
499,409,7,
20,531,654,
194,455,289,
110,531,329,
264,202,
249,735,425,
2,349,
213,2,915,
213,391,485,
143,723,550,
371,306,
61,359,391,
289,317,45,
154,306,359,
324,735,141,
241,194,289,
169,676,461,
410,494,239,
202,100,915,
23,4,
472,28,263,
339,425,485,
233,176,368,
301,671,
389,325,
231,500,
177,240,
17,306,92,
435,268,409,
104,592,137,
69,381,303,
35,217,
274,416,240,
242,
49,288,735,
408,503,137,
41,676,306,
457,515,
360,315,425,
