27,426,37,38,44,152,329,400,
286,14,149,
452,322,117,50,489,427,455,310,545,376,349,247,376,427,159,200,508,90,350,
313,147,1,227,526,277,14,431,380,290,
437,10,118,267,383,224,137,
164,456,245,172,234,249,521,
48,87,69,250,194,224,283,435,281,404,488,448,242,313,
193,111,15,80,214,100,176,122,211,348,412,33,268,417,427,531,533,546,
14,456,313,376,92,455,488,377,441,236,239,322,401,
309,91,491,59,204,312,
136,127,345,0,305,3,543,122,290,369,467,
4,114,332,125,214,263,424,447,475,170,281,548,441,
445,343,37,298,14,351,207,543,501,110,331,44,533,
445,165,
723,280,502,509,541,190,204,258,454,470,76,219,231,423,407,92,328,482,105,49,478,143,22,346,416,396,507,26,271,364,49,487,312,242,133,453,66,540,488,156,349,412,422,63,472,337,463,445,52,266,19,509,531,307,497,133,217,269,451,95,104,343,449,
526,515,313,55,123,465,310,463,471,
343,445,108,318,
509,198,297,497,198,
98,53,229,
212,220,450,82,226,272,7,89,143,442,
188,519,234,279,3,17,
321,327,227,466,7,185,254,403,47,
450,316,139,113,110,2,142,269,454,411,305,138,388,376,489,70,326,202,268,282,137,368,533,134,311,532,148,491,127,
445,196,179,169,64,152,178,41,336,403,3,389,306,277,376,156,255,538,353,192,
463,104,124,378,8,3,404,327,421,20,291,429,471,529,
47,38,263,22,37,109,112,144,184,204,342,381,461,58,41,119,91,155,50,259,501,64,128,146,375,11,539,203,414,466,92,399,400,473,100,109,306,364,
88,55,36,129,216,457,243,173,196,418,386,58,496,326,426,443,160,334,487,170,5,253,144,27,57,536,62,139,528,108,
312,515,151,
298,56,197,406,478,101,297,331,504,413,515,154,158,418,70,202,271,406,449,498,349,448,359,95,142,84,306,406,517,226,480,488,478,151,
114,466,58,348,30,500,475,
444,85,310,9,86,97,39,460,530,94,547,477,80,108,412,113,117,525,109,203,93,
356,27,204,221,301,423,239,95,356,470,485,15,172,68,192,383,139,489,506,113,467,399,319,250,252,63,141,156,305,475,89,135,164,451,468,306,381,509,
203,397,21,510,227,511,163,390,317,107,
403,445,507,531,297,326,100,
113,505,248,463,188,288,337,150,119,78,51,539,115,116,443,511,
505,517,16,18,247,279,490,104,137,494,471,71,170,354,441,474,507,7,181,211,378,386,465,521,326,251,
267,337,437,183,72,126,214,250,371,
263,42,406,537,138,83,120,527,
507,54,723,173,58,102,395,32,106,236,255,339,481,488,23,78,174,353,427,538,315,111,523,305,386,
32,251,509,
428,86,154,397,
129,81,491,117,200,534,545,173,483,248,530,
256,416,474,133,64,122,481,377,396,13,142,362,48,186,402,10,272,311,499,513,110,15,24,237,396,188,238,55,147,262,267,146,241,410,84,91,121,
129,108,91,301,
210,296,76,2,280,141,295,342,456,512,234,548,68,184,68,46,217,172,368,385,141,390,468,395,441,310,531,28,43,127,
251,14,120,217,225,327,352,511,46,276,40,111,137,173,467,394,484,45,27,54,142,288,498,32,99,19,145,231,476,226,149,308,505,
92,53,445,31,537,
35,456,95,404,164,222,452,334,454,515,281,
59,78,469,437,78,215,268,43,85,79,218,541,
227,313,354,259,399,208,1,425,534,101,192,40,
509,52,32,296,23,385,43,298,
450,212,176,
11,141,14,
549,127,124,86,304,42,324,59,200,495,58,280,440,474,508,
382,206,455,
205,104,46,517,542,43,172,358,435,253,198,285,301,412,239,44,393,426,520,521,348,249,426,537,304,134,482,274,0,148,258,302,
285,101,120,140,496,8,23,447,454,209,287,151,298,
285,426,448,443,270,467,
18,181,505,18,39,124,472,77,280,416,478,426,
344,70,297,64,101,211,265,
5,37,67,102,104,232,
165,215,180,15,150,524,445,21,398,531,240,279,377,299,194,455,534,
134,394,91,126,49,513,
447,49,4,
238,58,294,214,253,53,181,345,312,400,531,105,198,212,317,451,167,203,310,10,
225,169,219,
177,404,222,327,227,431,484,169,282,317,137,485,511,
474,466,171,
194,48,171,244,294,333,180,165,
376,149,14,401,469,487,383,548,533,28,102,243,218,263,444,446,473,
423,449,94,167,222,455,270,345,400,487,81,206,47,312,59,383,108,48,58,475,100,138,292,15,190,198,396,508,407,160,516,544,534,58,134,406,453,5,282,431,176,488,509,25,108,118,474,322,408,281,178,441,523,508,345,305,494,
149,510,376,543,286,535,236,107,
406,124,298,11,116,394,137,203,263,498,109,110,133,207,297,350,440,536,20,71,103,263,180,317,368,517,162,179,365,220,184,459,461,
325,529,69,468,94,55,331,301,105,232,297,523,
301,41,252,
529,397,534,325,344,342,82,339,237,237,450,110,318,81,82,121,357,420,521,
327,37,463,
202,51,12,473,450,108,15,284,196,
468,325,210,356,53,87,537,31,
382,30,43,136,299,219,427,207,415,245,482,129,72,471,181,276,245,432,6,191,234,453,125,97,158,172,334,401,216,256,278,476,129,431,273,
3,136,463,347,
545,150,3,252,335,341,100,242,520,
225,447,20,43,432,481,190,351,407,184,
383,437,376,221,231,330,273,
78,2,42,230,543,170,250,362,449,513,430,515,134,104,59,72,133,514,524,33,58,518,253,496,417,528,106,490,512,446,473,325,249,194,42,503,243,263,389,442,340,131,481,
342,47,248,400,524,279,415,224,397,416,454,473,
510,199,378,238,232,108,279,116,229,425,336,55,238,436,14,59,203,128,265,277,283,174,255,333,406,456,349,442,
21,203,176,506,232,234,367,371,
485,252,177,
456,150,14,538,81,99,35,100,164,336,319,238,317,543,546,139,174,358,193,468,290,435,473,59,331,426,
316,296,450,141,138,394,180,100,366,221,
521,294,108,289,543,325,164,
14,313,124,517,11,11,23,286,185,
48,301,139,98,457,259,91,21,44,249,474,236,386,271,522,327,385,60,514,108,485,351,464,502,36,359,481,53,64,524,308,159,277,280,267,356,414,417,26,89,47,212,259,417,529,407,503,545,
442,32,91,118,78,97,362,278,142,434,508,
469,507,376,286,
149,127,105,180,148,407,461,502,
144,47,520,177,182,406,497,39,437,375,127,405,363,55,381,393,181,341,318,466,513,85,351,518,55,324,335,519,
502,282,258,460,157,490,298,303,342,362,186,313,382,55,
270,282,478,407,409,411,546,348,349,466,486,466,244,346,406,432,486,482,72,114,436,3,80,
49,723,239,28,459,95,207,424,66,377,44,322,347,419,12,406,81,252,451,36,77,123,344,384,380,442,447,117,145,158,247,316,134,
515,450,412,44,190,12,162,216,220,88,94,255,520,109,388,453,95,127,149,115,106,13,452,31,80,89,106,532,549,396,484,526,533,530,173,50,350,357,512,189,255,83,125,138,159,369,449,453,285,149,250,412,512,447,
324,549,447,34,22,494,116,310,456,543,286,328,229,370,448,512,
533,53,141,376,32,190,356,
435,181,37,
56,414,132,298,99,136,138,21,377,473,39,327,297,305,125,383,235,219,104,517,173,27,217,221,538,322,232,156,384,81,533,271,385,177,124,253,326,334,466,483,530,
481,18,426,395,284,490,
53,47,48,112,362,533,98,351,365,108,202,350,98,135,429,193,288,485,515,541,
220,294,515,105,366,266,29,144,422,490,77,16,153,239,152,166,264,175,212,415,379,464,531,196,225,300,162,282,429,268,
339,300,294,214,458,253,325,247,99,382,60,540,144,455,156,111,474,373,431,95,426,153,403,479,390,364,375,312,543,
212,238,392,381,161,419,
507,105,113,510,59,76,420,165,503,156,12,412,334,153,273,75,139,209,209,333,50,364,446,443,283,224,544,266,282,427,403,520,3,249,469,118,163,344,387,
227,183,53,54,119,321,422,472,401,410,154,354,398,95,220,259,317,336,495,252,535,326,324,497,
116,119,510,488,
55,144,229,86,211,257,271,320,502,348,377,
28,376,355,
84,71,127,
199,198,
355,426,505,141,337,492,113,427,106,16,472,98,267,481,512,174,403,491,481,77,114,85,338,46,265,
16,505,355,288,330,
466,91,112,114,1,486,270,157,279,327,63,47,338,245,474,200,90,204,35,97,369,489,253,
81,231,238,218,63,509,2,324,48,485,11,265,170,525,541,129,350,488,526,468,18,45,207,273,189,241,110,278,319,518,372,318,519,192,215,318,389,
156,229,118,356,131,220,331,219,11,175,
509,81,318,392,
231,229,41,177,421,
174,94,491,22,427,220,264,28,66,89,135,510,47,
463,124,158,229,202,186,152,170,277,333,92,214,406,
326,86,127,514,
355,131,151,28,48,309,514,306,
252,49,227,340,368,294,131,301,503,461,526,79,34,80,141,369,485,520,
448,367,161,356,22,250,519,15,119,440,274,35,135,166,317,394,204,266,198,54,13,305,39,191,285,497,498,392,62,472,86,104,433,258,455,468,518,440,
392,212,448,
326,244,414,231,182,295,512,326,327,204,279,408,51,249,544,194,294,316,507,505,
119,116,227,72,36,493,14,158,245,441,496,534,463,533,290,523,257,389,451,
105,238,220,533,149,114,188,432,415,36,287,370,402,
106,515,537,38,308,
20,463,225,
221,108,105,439,492,214,273,539,49,292,
86,92,326,8,22,50,465,200,324,326,494,277,287,298,144,224,229,274,481,220,339,415,339,55,549,129,179,149,186,197,319,196,521,157,428,496,92,398,416,346,334,
171,348,330,2,260,473,139,166,348,531,170,272,474,399,122,443,304,396,436,4,109,194,232,431,548,45,533,22,107,131,503,
540,480,198,116,313,
519,234,113,254,159,188,415,7,172,356,442,382,394,
247,534,49,
178,165,540,327,378,41,82,84,205,443,184,75,304,231,391,120,381,233,357,405,505,317,322,399,416,85,90,103,451,142,172,326,348,544,477,
376,445,243,135,
497,144,118,189,70,122,311,382,62,227,540,509,111,320,
296,162,201,123,30,319,12,406,288,316,422,107,181,52,400,503,514,462,465,512,528,118,505,544,
406,155,279,63,72,385,365,197,217,421,452,364,44,182,500,108,431,507,361,469,46,432,223,422,244,317,483,
196,421,86,
214,232,4,31,12,15,226,221,398,25,324,
332,261,58,75,230,311,454,158,469,548,220,349,123,418,534,338,427,389,489,475,303,97,445,
122,459,412,544,311,87,197,245,538,316,
459,122,269,103,163,203,224,390,493,
140,112,185,59,182,326,282,460,548,281,370,300,318,82,490,198,488,269,451,
320,326,151,539,215,
515,168,216,312,328,325,
397,491,246,267,277,358,29,56,43,529,183,203,84,118,59,300,445,133,332,368,10,211,357,484,428,325,
38,395,119,249,252,270,45,129,44,91,138,209,435,191,200,282,195,295,451,187,47,277,544,2,184,37,
161,448,475,
278,294,141,
509,229,534,283,463,
127,266,537,507,89,139,243,281,365,231,
53,227,92,393,72,
430,79,244,
173,129,251,101,311,337,129,23,53,427,254,434,471,508,544,
131,280,300,113,472,342,355,488,164,357,36,463,467,212,18,
220,156,91,64,
346,244,86,511,89,198,357,532,
256,536,37,350,192,
351,144,54,
129,88,44,229,35,525,542,344,62,182,36,93,438,170,311,173,451,373,546,83,179,442,545,149,270,326,506,444,114,12,306,406,219,545,7,125,212,317,202,283,383,
36,49,100,388,137,297,
491,269,189,72,66,498,174,195,157,397,434,106,351,155,417,435,274,184,442,129,85,309,181,388,492,302,309,517,488,369,541,
206,297,412,43,230,257,279,389,399,400,490,63,299,102,133,363,433,382,496,193,245,442,349,266,
301,127,325,129,
434,426,415,431,298,484,
154,295,298,271,461,202,56,125,164,207,391,428,482,
118,342,107,82,420,230,480,497,437,210,499,333,486,178,198,212,385,
141,210,533,240,141,87,10,278,406,11,521,528,536,
517,533,491,14,
294,483,238,73,489,220,366,143,158,180,228,340,386,306,46,265,64,115,220,244,248,262,309,328,6,487,256,252,36,376,478,413,4,306,80,95,103,139,359,288,339,354,364,42,109,92,115,455,129,414,449,100,253,372,326,268,52,300,439,171,379,513,24,41,355,319,278,252,369,477,521,525,
445,92,117,55,300,227,89,132,206,445,
82,80,178,124,233,274,68,113,505,135,261,104,383,399,505,546,14,526,102,503,37,426,206,306,
198,234,71,268,289,253,
203,171,457,221,446,473,536,448,290,
451,120,358,357,427,481,76,379,94,205,390,525,521,466,131,527,
282,502,450,220,81,
137,12,324,33,394,412,491,56,
533,37,515,105,178,48,181,393,419,362,466,476,415,517,
298,537,445,327,489,106,338,163,268,102,142,307,541,158,509,
97,537,177,332,387,
32,490,263,442,434,405,184,512,42,208,229,169,5,443,496,360,140,261,376,366,435,84,216,415,514,
394,406,181,134,68,231,36,382,60,49,476,510,500,128,435,
541,244,68,284,235,265,327,344,407,458,166,182,275,280,8,526,68,491,
229,134,124,156,232,493,231,439,349,422,
261,274,269,121,166,223,262,266,290,236,274,346,523,159,182,223,108,381,55,459,319,332,349,34,216,315,370,372,474,376,422,141,135,79,410,332,107,504,409,153,471,307,97,298,548,62,
135,448,500,0,246,462,269,253,77,190,436,19,212,214,82,
513,294,205,95,123,361,56,268,2,35,71,266,335,
359,294,278,347,521,477,
150,541,98,101,311,330,542,145,14,121,24,353,99,163,247,453,525,66,453,306,314,401,428,172,277,315,91,258,51,379,434,459,511,42,337,456,91,545,193,79,66,213,323,60,104,218,71,158,151,45,524,
244,79,375,101,173,225,424,211,326,229,289,541,213,346,452,493,103,507,530,294,109,26,192,202,194,143,299,441,453,457,47,197,278,372,
199,510,385,530,387,33,261,339,87,221,435,306,
537,444,348,350,117,339,141,202,223,375,448,298,444,299,503,148,195,379,188,451,97,237,388,363,451,459,483,518,302,
192,227,256,
106,127,507,480,86,454,
337,113,89,24,267,60,287,239,25,510,353,401,482,
63,466,232,432,219,
545,16,49,320,491,543,318,
91,529,109,48,153,420,477,442,476,448,517,412,171,369,466,209,129,1,266,541,164,313,309,508,14,134,220,75,212,15,259,344,446,521,16,175,353,511,
41,445,294,173,512,101,112,455,301,541,288,103,337,
426,137,124,539,115,204,303,327,127,381,221,254,50,82,104,355,187,304,340,98,27,97,285,341,434,481,548,46,349,487,70,456,389,77,171,62,453,80,248,381,393,407,466,509,
503,252,
181,238,283,527,472,394,57,488,251,18,454,264,523,544,106,295,436,471,339,
457,88,28,336,406,445,7,247,454,203,511,171,211,69,529,111,335,415,476,
95,513,49,
534,513,104,296,319,441,529,89,509,91,383,468,173,140,80,413,37,247,205,18,194,381,
15,500,298,122,75,467,76,298,425,519,202,
243,310,88,189,25,529,34,231,488,536,312,342,25,295,89,28,66,379,501,253,22,350,297,440,180,265,355,378,502,
455,14,41,146,456,258,484,
521,177,86,456,328,
46,205,237,541,162,443,202,90,124,111,170,82,386,502,39,406,333,101,426,
254,405,519,473,328,
124,549,486,490,490,45,221,188,12,104,120,479,467,406,14,143,146,229,448,523,463,463,10,133,276,528,242,405,406,458,163,232,255,463,273,400,434,337,223,
232,214,63,21,
151,93,475,168,320,355,365,476,2,8,178,312,334,28,136,365,
15,193,214,128,271,
445,241,457,226,199,255,282,528,1,118,544,397,12,458,140,
181,482,382,223,529,278,173,494,17,47,267,312,501,169,335,416,66,459,65,234,435,506,303,346,435,277,20,56,529,536,548,533,221,9,90,151,
82,426,118,17,434,250,320,180,320,110,47,83,95,493,508,
112,41,53,
447,450,49,363,166,515,225,324,447,95,237,272,315,341,494,
113,356,519,526,169,41,107,141,392,
259,227,48,
70,298,301,51,202,344,211,
54,266,0,494,548,294,351,266,305,257,271,288,
349,270,177,510,
472,131,448,148,488,283,219,
382,143,25,138,146,403,259,268,291,534,
332,397,140,406,318,371,477,
349,177,108,77,60,223,322,396,479,96,128,331,355,365,198,356,464,251,204,381,450,251,371,500,520,412,485,546,
318,529,332,343,331,545,
229,510,509,463,177,11,19,55,412,461,98,536,168,171,72,222,500,
127,195,154,301,106,84,136,287,434,464,192,416,292,536,231,333,117,450,
198,540,238,151,199,408,26,509,33,234,273,404,
38,255,480,370,13,461,483,30,129,186,361,406,446,540,47,356,453,5,17,45,382,478,147,203,253,5,288,397,81,39,387,384,463,306,503,432,227,465,201,356,359,361,154,220,423,455,536,237,275,337,277,107,56,449,70,451,
543,136,445,
12,124,115,137,274,518,96,209,299,202,41,308,523,203,524,
108,436,510,444,449,301,343,272,176,151,447,129,162,521,452,100,494,
37,327,118,224,445,533,27,172,109,5,459,62,534,192,256,435,5,403,469,534,286,465,30,
498,298,319,465,535,136,317,361,444,
35,15,448,272,359,135,36,40,247,129,6,359,95,356,502,494,276,248,506,529,286,226,77,548,115,
177,347,51,50,349,144,67,320,229,208,406,466,1,521,97,403,457,211,375,
466,144,321,
283,12,195,54,162,394,181,171,69,537,79,30,111,507,523,125,136,211,51,86,456,469,256,535,123,169,192,472,229,
176,37,423,413,251,378,224,21,201,482,159,450,120,324,
300,397,131,287,402,
297,344,92,152,537,218,14,43,401,389,43,509,85,312,467,32,141,430,354,
234,265,33,69,216,248,159,292,544,77,519,415,59,67,246,188,271,537,91,31,228,198,302,132,292,
533,450,119,
46,426,
341,
234,198,49,
295,38,
356,48,349,
255,124,445,
189,497,515,
290,313,
507,127,505,
108,202,221,
298,502,15,505,
49,234,
415,105,434,
64,344,294,220,
506,21,
190,225,533,
494,447,
503,38,
463,526,131,509,
416,18,86,
351,520,
385,56,210,
62,37,
513,144,534,
0,136,
306,199,445,398,
491,137,355,
487,376,426,
50,62,515,209,330,
266,127,54,206,
459,
172,164,
203,459,12,
305,136,54,
443,285,113,
458,
284,481,202,
157,502,
385,509,118,
339,181,199,
122,15,136,
286,37,324,
72,229,270,267,
436,135,510,
140,534,
406,177,270,510,
342,502,118,
140,332,445,
461,252,406,
56,513,181,
53,468,
178,151,118,
119,38,113,
181,491,144,
407,5,142,317,459,
211,70,193,
535,149,
169,177,283,
331,318,456,
169,225,
455,294,165,382,
263,376,
127,210,326,
67,5,177,
325,521,515,
103,41,
281,4,127,35,
113,355,131,
114,355,
441,14,
458,445,
333,127,463,
34,252,
310,238,210,
266,54,513,
14,297,91,
521,91,359,
146,455,382,
389,445,426,
277,463,445,
259,91,
328,515,324,
239,14,337,
398,165,86,
36,119,131,
205,534,
338,355,
541,298,41,
31,214,
58,549,238,
473,456,203,47,
376,32,452,
493,229,459,
348,55,
31,92,468,
186,463,
486,118,124,509,
331,445,325,
200,549,38,
113,450,
43,225,206,
303,502,332,
23,14,285,
312,297,
372,81,
237,46,447,
486,466,270,
89,337,356,
406,332,463,
356,448,533,
421,463,231,196,
18,131,481,
143,212,382,
137,437,36,
467,285,136,
400,27,
49,545,221,
475,114,161,
484,434,455,
543,149,521,
320,55,497,
466,451,56,
93,151,
467,131,
330,50,383,
222,229,35,
369,466,252,
46,355,210,
537,468,127,
158,298,463,
236,14,149,
231,383,127,127,
351,225,445,
419,533,212,
170,463,4,
313,540,502,
11,229,14,
471,526,463,
490,32,140,
440,549,243,
85,144,444,
41,231,113,
362,442,533,
507,326,
466,533,426,
482,154,337,
184,491,225,
308,251,106,
488,181,116,
353,91,337,
288,16,54,
548,376,54,
142,442,
436,270,108,
25,382,337,
234,210,
454,285,
324,214,176,
511,91,177,
204,448,309,
405,124,
164,35,
243,127,376,
369,491,136,
536,256,141,
232,5,325,
30,37,114,
500,229,15,
80,270,426,
465,86,505,
87,141,199,
291,382,463,
214,463,267,
347,359,3,
401,337,14,
444,498,376,
175,156,91,
371,267,21,
25,214,
338,298,
523,325,
257,119,54,
104,5,
43,210,509,
355,243,
370,324,105,
534,382,165,
402,300,105,
271,54,15,
365,151,127,
219,472,225,
