462,207,111,60,204,239,426,102,105,629,721,752,756,354,431,537,538,605,410,464,67,41,149,243,401,9,649,783,129,161,625,690,116,323,368,458,501,751,754,799,503,613,673,128,227,368,522,736,
309,249,442,655,
504,230,570,26,78,292,606,678,725,818,550,793,120,242,406,625,78,789,210,454,691,760,762,71,86,206,403,683,
140,194,327,319,56,109,308,274,138,459,471,101,273,659,2,4,115,181,401,434,483,524,780,258,302,239,247,265,324,330,552,1,281,376,762,777,795,289,317,418,435,535,661,738,779,803,806,361,331,625,786,182,230,242,267,492,804,173,400,447,577,88,101,226,266,337,663,799,819,174,322,172,693,737,769,47,344,475,30,797,769,289,383,812,817,100,327,378,431,570,
49,95,164,414,101,114,346,613,184,289,370,204,233,216,284,434,486,191,210,605,614,698,150,248,270,369,410,489,545,97,17,136,289,372,431,4,435,465,542,96,201,215,299,289,716,15,58,84,433,561,128,
641,694,91,141,461,128,176,283,392,547,38,79,163,128,331,109,212,620,656,389,394,420,644,793,300,33,132,196,249,279,620,537,490,109,273,372,615,629,777,136,168,559,483,55,142,227,276,298,319,389,403,130,424,72,696,733,282,363,572,774,248,615,686,251,304,398,592,604,623,86,675,684,768,217,246,382,433,
5,199,290,
273,421,788,88,284,398,120,530,563,745,576,237,514,583,642,779,334,437,453,573,310,393,531,642,666,688,619,622,216,648,753,143,458,519,531,735,357,178,194,195,351,436,457,548,571,629,750,
570,8,230,545,254,318,242,122,294,424,504,669,45,508,569,623,805,182,292,541,722,735,567,447,133,373,645,218,380,16,239,435,140,629,
357,69,161,521,400,87,662,666,742,384,443,725,12,121,183,243,273,14,813,8,273,156,408,429,519,693,777,
262,214,8,337,219,302,330,391,737,751,809,229,255,319,392,534,561,701,731,776,54,62,108,504,614,631,667,438,720,136,439,246,213,233,244,393,249,527,270,257,219,272,275,344,391,450,616,653,270,471,568,502,74,354,422,533,675,786,657,144,27,635,109,
420,655,99,59,440,496,590,746,213,63,252,722,274,403,
438,750,213,688,605,213,328,391,483,796,397,344,35,
220,38,103,152,153,21,149,313,481,537,541,791,486,655,770,27,83,202,230,604,676,723,216,816,287,500,642,648,712,368,773,18,205,309,425,656,676,745,94,410,425,450,588,631,765,
16,810,379,276,277,742,782,249,284,737,399,769,244,583,584,410,522,330,107,660,719,762,107,10,715,657,127,294,381,225,33,184,604,684,720,756,293,328,258,544,574,656,185,742,779,342,566,
567,280,522,535,57,444,149,219,479,500,618,793,693,99,20,227,307,410,535,603,804,228,367,519,554,609,745,802,818,15,251,452,120,222,276,350,574,622,176,435,520,538,604,663,805,815,695,570,61,116,628,12,144,255,458,159,179,354,659,9,
310,273,150,63,151,379,542,545,584,614,642,785,47,87,300,468,674,
344,255,488,24,155,163,205,273,599,645,123,56,219,261,309,340,488,542,633,650,16,66,98,289,647,737,53,310,336,658,271,331,527,63,9,89,617,683,696,737,58,241,252,346,354,372,424,544,585,606,729,200,554,646,728,17,428,462,511,611,810,464,508,163,670,167,353,35,363,554,361,272,97,751,401,785,104,439,490,537,665,528,546,197,327,577,679,232,120,787,411,453,454,514,741,157,412,568,692,409,68,193,271,272,374,475,613,615,617,720,549,610,754,770,799,683,61,108,126,398,502,562,261,749,181,282,305,489,741,331,719,398,709,748,
592,750,67,101,279,337,141,613,
268,30,61,229,3,658,660,290,772,737,584,778,6,291,323,446,532,543,1,20,92,363,454,494,339,688,731,740,68,596,807,
204,62,45,222,363,453,534,676,69,566,750,
390,132,64,105,586,625,771,428,460,526,664,57,121,290,215,423,525,217,177,420,8,234,471,670,681,204,269,313,491,113,453,468,172,717,774,442,553,29,541,553,601,608,192,65,249,398,685,18,586,678,541,737,
311,640,53,123,124,130,521,577,722,41,113,137,276,355,374,422,536,561,35,145,159,226,304,364,374,389,403,429,
309,344,662,212,41,798,57,228,386,398,366,539,540,813,594,
545,46,298,136,222,269,301,239,90,442,229,384,12,133,244,287,490,568,737,762,776,218,19,324,235,630,751,249,283,358,565,573,696,570,64,143,159,352,554,447,465,490,595,426,470,490,574,643,214,208,328,425,601,611,787,150,114,239,360,380,727,751,403,382,467,731,800,588,693,755,786,
203,244,63,818,244,334,603,754,181,78,145,197,274,384,391,431,519,766,5,291,311,319,524,229,
226,289,82,
8,468,390,236,185,637,754,257,423,525,733,152,235,275,227,706,560,365,517,595,610,709,782,811,3,194,340,467,650,722,357,174,210,325,
717,750,638,204,258,285,316,322,448,502,714,
82,520,72,117,135,292,184,362,432,434,596,105,586,808,18,62,226,478,529,735,813,705,142,221,365,679,18,202,616,756,762,
280,167,0,121,435,456,636,679,700,75,116,279,420,608,697,178,344,280,465,242,582,756,778,240,222,341,486,599,630,689,773,800,49,55,53,335,728,278,245,7,92,567,699,744,275,596,766,807,10,471,83,450,477,560,707,99,76,189,214,708,743,396,214,648,52,814,142,242,321,131,633,651,731,266,374,418,530,550,84,678,768,300,427,455,522,667,711,716,719,245,647,669,811,151,229,709,797,235,279,348,633,722,762,799,
772,429,210,222,262,683,791,803,416,96,211,653,375,362,405,522,607,657,676,819,384,355,356,454,619,624,605,311,333,367,513,527,534,563,585,726,788,809,45,148,106,17,774,50,107,465,538,750,272,486,571,721,792,2,88,19,17,441,722,801,181,189,505,416,101,128,136,63,241,592,652,674,711,716,107,182,201,327,445,573,673,697,251,287,355,366,587,646,358,517,282,343,401,497,580,686,694,699,126,167,182,443,469,
510,572,215,709,13,293,331,582,687,786,60,
249,642,37,283,79,293,380,501,589,652,32,116,151,173,242,389,404,250,388,447,646,24,131,232,321,385,424,573,628,77,778,809,138,264,797,309,399,520,528,353,131,313,355,568,652,763,
590,468,68,605,163,395,639,368,374,387,764,
468,605,7,8,238,289,280,599,255,482,651,692,494,589,182,44,87,260,126,365,716,194,40,535,590,769,490,510,702,373,261,625,698,90,118,121,151,413,428,516,536,624,753,
400,455,445,5,62,81,126,237,509,558,256,675,220,421,569,711,241,357,161,294,440,69,466,565,795,257,462,444,553,563,60,535,735,747,
737,362,21,143,330,519,313,270,568,478,268,372,71,530,594,645,716,213,300,323,678,84,129,132,442,633,638,665,134,167,419,420,424,445,514,558,658,706,812,
431,662,519,10,272,432,615,667,672,492,515,11,159,163,234,270,382,397,623,660,708,165,467,571,685,644,
249,304,641,545,289,356,366,371,499,133,690,737,319,71,738,798,97,153,478,553,725,262,36,308,616,687,740,42,90,306,173,475,512,555,653,793,677,704,746,786,314,384,419,431,713,771,779,642,759,
414,126,30,551,571,758,297,491,573,661,742,417,77,27,58,348,403,484,559,807,307,230,393,648,213,124,195,239,327,576,579,605,780,301,122,229,351,446,676,698,766,264,50,222,389,400,518,246,627,49,525,259,319,408,203,133,208,503,687,224,450,470,96,642,669,689,3,769,662,158,340,353,484,557,62,69,16,311,465,492,606,667,502,96,113,230,143,213,314,397,400,178,651,603,369,442,457,674,750,497,
578,108,696,90,321,364,610,730,774,207,305,370,393,512,539,703,739,809,772,502,187,743,766,223,452,817,372,494,585,631,637,698,100,234,127,14,372,464,617,715,150,538,552,7,311,16,40,445,717,59,95,409,386,759,387,437,574,165,486,794,130,206,221,672,742,454,736,385,525,759,181,210,357,491,699,752,277,279,360,391,482,669,331,413,414,452,543,709,789,351,476,506,724,
662,239,344,260,431,614,431,84,125,223,426,458,264,23,233,431,530,
176,213,201,356,180,51,451,459,467,558,792,5,264,211,218,147,334,354,388,460,470,780,785,799,618,634,691,718,253,289,436,481,611,633,637,753,797,
788,772,18,46,273,399,418,522,817,698,159,248,298,344,445,24,484,483,498,392,536,69,494,815,402,471,486,682,8,64,119,257,407,755,244,801,170,289,359,790,16,394,428,470,492,767,
313,168,390,230,257,128,355,431,522,223,260,400,458,136,57,612,255,322,592,654,109,805,249,270,527,546,798,
192,14,566,357,216,441,755,765,115,342,560,712,35,344,390,141,503,734,78,156,284,519,612,756,725,
8,429,201,85,367,719,121,570,607,761,769,33,301,256,282,382,411,769,235,626,190,270,400,408,185,649,694,775,445,450,58,562,153,201,213,166,439,538,71,39,606,657,705,640,163,231,340,356,470,530,210,672,279,328,252,565,
230,159,33,58,183,341,448,539,545,596,313,103,308,26,516,603,425,108,228,377,502,632,156,316,372,374,494,651,774,3,526,143,384,783,
103,27,106,116,128,350,566,627,109,738,629,146,161,221,347,355,200,273,274,582,461,488,508,655,772,98,8,756,400,765,308,243,516,442,109,747,422,587,700,783,787,617,507,628,652,705,745,7,49,154,322,748,88,93,106,110,146,216,249,55,640,793,256,280,328,472,633,780,120,148,153,261,615,30,32,257,388,220,464,549,602,790,692,58,338,73,693,726,728,259,26,542,649,696,117,418,45,430,536,610,209,190,270,448,48,655,726,751,48,85,386,417,427,503,513,622,296,4,135,330,560,813,221,247,641,246,284,331,360,
30,1,805,289,163,154,273,796,17,800,145,119,155,259,468,573,708,714,740,806,170,437,444,454,485,111,328,391,498,813,30,37,148,425,541,342,559,675,741,32,177,108,145,207,268,416,431,666,697,105,766,286,387,410,609,239,395,397,583,739,70,342,354,5,41,138,365,395,718,730,739,512,43,78,4,306,370,464,484,515,600,619,168,264,313,381,818,
60,195,137,338,107,71,449,663,151,251,300,684,766,798,587,44,328,392,685,270,127,21,305,253,154,215,545,608,783,116,248,323,457,480,554,688,407,476,667,767,50,322,541,669,725,43,306,399,468,474,504,683,791,338,423,492,519,565,785,29,123,146,461,481,66,559,691,449,72,729,360,601,666,678,679,818,602,52,376,413,432,444,152,627,401,276,170,589,700,412,800,2,173,338,376,587,121,611,778,428,501,529,577,631,665,757,198,461,103,671,733,817,413,655,713,742,263,632,647,197,95,98,132,255,504,740,145,338,370,667,693,13,461,565,63,290,129,130,222,420,557,689,20,765,16,305,409,567,582,18,150,171,324,380,492,304,174,546,627,66,543,685,112,280,682,799,817,65,185,450,510,698,720,43,324,533,437,77,193,260,280,365,438,726,63,391,96,179,182,265,382,422,475,700,786,436,53,261,288,337,540,628,611,743,760,769,733,3,348,544,585,611,182,371,641,524,588,661,716,792,384,479,782,313,21,400,45,148,209,702,510,
132,44,128,151,220,312,401,106,558,658,715,143,259,13,185,439,510,204,275,449,565,707,763,264,383,478,561,626,225,414,25,425,747,32,64,129,244,277,54,364,387,392,509,510,538,615,657,688,73,405,97,142,173,263,47,503,152,53,111,134,230,385,506,665,448,561,588,83,88,245,479,510,745,485,12,73,192,215,228,262,384,563,75,159,328,342,389,424,444,472,599,672,761,246,288,460,465,13,591,613,16,22,66,94,95,225,429,760,23,333,380,485,611,678,26,595,779,309,329,373,610,725,777,614,684,774,255,237,416,518,559,593,633,400,369,313,531,27,71,270,433,478,485,584,608,650,160,385,481,646,768,632,14,588,660,703,588,66,69,232,422,116,227,140,270,306,385,525,635,792,813,323,442,498,529,686,516,743,814,
798,356,576,
211,176,
333,30,418,247,770,534,612,810,121,632,634,111,163,333,412,15,67,231,248,298,616,627,695,713,810,109,197,419,
652,758,120,549,235,388,577,771,809,128,336,458,546,773,774,423,646,6,684,391,487,178,328,580,1,697,754,795,682,716,69,145,396,594,236,425,452,593,43,723,765,187,73,96,160,434,630,446,604,751,766,791,489,504,660,696,461,690,809,123,246,322,494,687,720,749,3,14,196,508,648,735,320,401,424,537,572,751,
425,545,113,230,
442,55,545,716,222,108,410,437,562,617,317,450,37,656,683,486,531,560,96,305,4,705,713,79,48,549,675,708,770,84,447,144,193,116,286,354,385,50,417,516,524,365,506,600,168,309,324,454,694,67,241,47,377,536,785,62,131,366,387,402,494,778,
562,356,638,
68,406,168,88,22,131,215,396,415,622,564,590,625,749,787,791,187,209,588,684,109,194,388,474,536,291,192,701,
149,220,213,185,408,471,544,576,163,310,349,407,539,665,354,407,609,730,139,341,354,565,692,739,422,467,734,71,
535,376,272,80,205,258,283,431,649,222,505,526,580,567,308,127,448,570,259,531,591,416,791,104,159,284,576,581,629,709,736,163,225,280,626,104,577,100,733,552,729,212,142,747,160,354,422,541,565,721,770,113,205,251,427,436,616,239,464,742,797,125,196,229,
805,483,400,15,100,338,512,810,525,482,303,139,59,131,220,301,24,436,496,548,552,624,438,638,664,704,172,361,481,487,526,576,3,50,66,240,311,412,447,275,290,119,177,217,312,367,509,202,553,590,782,419,678,771,554,377,644,
199,433,221,655,750,100,132,176,5,321,334,674,248,134,439,499,501,799,99,184,252,355,435,80,538,590,600,797,128,307,337,343,648,797,52,105,286,719,327,408,241,597,693,725,764,781,425,488,688,217,9,812,
183,810,344,
662,313,323,757,354,87,129,277,718,160,323,325,328,290,546,624,676,776,203,295,309,367,430,454,45,750,342,211,265,679,40,226,576,698,152,139,409,419,498,686,694,648,22,353,322,586,32,690,167,502,
6,810,
719,280,62,344,134,137,799,
356,249,199,83,176,533,72,201,218,265,476,434,617,296,346,330,533,562,798,354,
128,313,62,475,729,
725,357,443,470,678,706,729,226,192,
438,1,740,262,805,113,127,178,257,328,357,611,649,692,815,51,264,389,573,676,728,5,147,162,328,408,425,435,474,480,546,
466,400,200,497,616,
87,150,468,357,291,425,574,594,648,654,774,165,181,304,543,
655,220,103,309,57,808,364,289,550,626,407,480,534,
642,6,249,90,806,146,177,327,550,671,677,57,337,411,598,638,688,759,224,503,557,611,693,701,722,724,770,70,579,258,224,362,645,417,467,492,608,646,25,207,229,377,384,386,451,691,711,764,775,780,142,399,315,692,369,432,639,683,
356,8,737,
226,497,662,290,116,208,153,741,122,687,770,207,
449,785,275,60,435,341,317,580,1,594,53,421,447,478,650,775,394,228,143,315,485,277,354,611,786,27,31,168,311,321,254,522,604,716,476,50,167,104,539,565,680,738,163,418,35,284,585,515,541,585,793,813,214,279,318,388,433,452,463,48,804,66,454,105,306,611,741,777,34,287,463,508,578,613,720,796,45,249,61,237,262,356,599,363,544,624,14,224,102,480,483,612,701,742,802,289,335,624,161,58,106,111,126,621,666,757,792,793,77,83,344,382,446,76,754,495,246,295,393,451,754,547,285,638,745,767,62,163,589,721,135,340,421,498,544,553,589,631,775,27,584,715,219,471,351,446,532,770,265,205,212,749,33,769,788,711,626,652,191,255,320,386,387,
257,316,244,324,134,140,372,474,541,561,591,600,37,65,313,317,449,720,750,800,301,463,466,492,684,26,80,181,323,357,487,517,743,404,413,313,262,27,61,275,372,436,512,65,709,795,343,461,531,51,315,411,449,518,563,613,631,659,
742,601,357,327,393,391,9,16,535,541,749,
737,12,249,104,384,137,347,487,250,787,806,815,88,340,425,486,572,627,709,356,490,633,248,366,461,521,62,71,170,192,291,398,714,
524,60,50,
418,203,19,110,162,335,39,763,55,104,307,353,500,10,21,37,38,317,164,244,351,359,381,450,501,68,242,358,467,522,535,155,260,310,649,706,747,31,34,48,67,98,304,123,309,526,728,333,424,630,140,177,193,355,772,3,103,37,409,436,561,616,628,301,336,551,663,71,330,570,745,797,395,678,94,809,306,471,556,724,767,809,277,340,351,386,411,484,518,562,51,141,170,401,526,207,221,222,299,395,477,627,755,784,
222,442,132,213,148,158,168,422,531,19,84,567,42,342,26,604,606,698,758,556,175,418,624,588,265,356,465,535,567,204,395,239,331,600,700,804,290,59,136,327,805,
812,176,280,204,320,733,51,276,333,393,279,732,795,217,304,481,542,239,613,701,486,648,781,120,195,448,557,668,234,247,180,314,116,458,593,721,754,612,681,698,722,749,16,446,541,769,421,436,788,807,244,325,388,444,445,510,648,811,233,553,614,810,503,
407,788,422,646,35,291,410,763,655,548,610,625,
626,535,27,8,576,204,260,302,385,443,477,580,592,646,148,160,478,241,332,624,649,708,766,785,791,277,179,407,635,653,707,215,276,494,548,787,396,814,603,
50,250,144,701,117,462,501,524,4,248,410,627,362,411,476,658,736,148,
638,403,109,50,80,332,566,717,215,426,603,800,205,346,562,581,804,132,151,341,503,752,
655,60,103,383,12,96,103,303,326,415,625,802,205,12,188,279,308,684,787,30,540,69,470,774,465,334,210,549,593,676,750,519,54,94,135,182,203,575,646,486,274,199,239,115,791,48,422,629,806,234,483,288,346,502,544,31,769,596,307,578,677,158,762,330,354,425,451,87,427,593,813,20,166,364,397,55,429,207,742,173,433,623,684,381,363,373,420,536,627,30,389,672,704,392,58,805,233,432,469,522,767,
62,400,262,82,115,128,204,306,452,719,475,508,350,434,159,816,382,368,113,268,285,393,413,646,
658,268,344,172,500,624,116,187,568,210,235,396,494,617,
178,57,438,65,405,521,601,23,87,506,748,
323,737,462,
458,462,313,662,567,300,333,743,
189,195,95,657,26,740,259,648,284,448,542,583,229,
46,463,545,482,89,124,203,360,108,457,666,381,436,784,244,8,93,254,273,293,473,564,724,110,28,192,512,700,352,553,632,656,660,667,297,521,525,347,363,650,142,249,417,
363,204,46,
223,313,
492,414,810,431,420,575,582,701,
103,333,101,37,311,148,222,614,489,445,558,591,628,82,724,66,35,538,753,168,207,217,464,472,484,534,174,191,268,610,652,724,
274,492,203,420,95,
805,23,175,30,502,83,282,303,337,457,106,759,317,321,331,334,377,500,618,393,351,713,244,466,582,765,285,104,138,159,186,380,518,633,666,142,245,271,613,788,116,154,55,582,796,103,370,48,208,235,330,375,387,540,566,765,208,307,408,528,538,703,744,94,108,393,469,145,280,553,706,758,64,23,90,411,610,728,743,596,125,173,191,372,518,779,790,748,143,206,409,639,
658,224,132,163,191,209,267,278,403,26,762,784,41,85,130,150,160,202,268,782,814,40,72,74,370,578,194,333,352,489,735,124,213,218,349,423,477,518,536,543,580,487,585,384,398,571,633,684,56,58,81,155,182,199,235,258,618,714,53,101,190,193,251,26,358,443,455,531,566,577,682,730,754,789,456,697,751,58,345,416,523,32,282,584,96,770,773,61,194,268,455,568,70,300,435,31,659,751,794,65,326,468,585,118,425,433,468,660,672,719,188,320,426,753,788,131,63,465,490,563,658,722,760,2,455,556,582,609,639,762,387,49,227,292,424,449,704,57,90,184,732,787,815,478,297,320,141,813,167,276,289,329,641,22,116,296,373,576,636,32,126,161,331,391,392,652,687,691,757,9,335,355,365,570,88,148,299,316,388,468,543,
213,75,238,17,176,151,287,149,327,250,373,241,364,438,747,125,248,420,532,565,276,363,542,727,177,385,42,35,819,137,215,311,350,370,575,577,734,737,769,
236,652,145,149,432,261,786,51,134,145,498,604,642,409,611,614,672,747,
575,89,575,231,577,617,152,160,9,462,800,80,128,302,307,621,641,710,134,147,211,422,54,644,344,383,492,312,473,115,208,565,375,397,0,736,38,279,420,447,489,544,613,321,341,451,479,594,607,703,156,240,312,328,571,528,182,756,277,305,370,397,534,562,577,702,
545,310,321,
447,805,791,570,150,331,491,
810,333,344,37,76,108,154,101,375,183,492,588,610,758,6,543,679,217,264,323,381,696,701,759,
679,810,82,733,
785,288,106,204,621,4,19,139,351,393,437,672,706,717,201,386,428,669,399,416,491,387,177,669,19,409,423,625,81,347,449,619,744,461,575,171,397,72,95,240,254,525,580,12,701,368,241,411,533,723,249,509,732,112,237,293,300,392,636,748,133,355,476,71,542,613,492,678,53,160,167,350,371,437,449,480,507,639,39,199,284,298,374,762,173,183,305,301,302,442,817,204,51,381,496,45,566,626,262,391,442,586,632,642,695,295,333,596,653,268,518,408,459,71,453,554,687,50,302,589,695,115,392,432,594,635,677,155,442,662,737,757,159,92,111,413,817,356,358,429,482,498,27,417,455,632,650,684,273,295,445,515,624,667,218,558,667,756,96,403,407,592,774,176,392,514,60,722,196,339,688,718,583,696,738,766,
740,736,213,142,121,147,207,258,274,455,482,486,597,747,815,198,438,648,753,772,258,333,693,763,775,787,798,266,48,65,76,133,173,214,435,619,119,435,523,649,138,353,137,386,570,189,246,469,700,730,74,187,194,234,341,403,637,665,154,624,703,797,141,
605,733,399,712,363,510,581,587,686,283,748,29,12,233,108,179,485,538,690,403,362,610,288,523,459,57,386,424,461,623,782,83,812,522,233,674,691,19,510,611,622,747,768,510,66,216,697,314,442,468,604,802,325,561,87,281,747,156,425,404,458,600,462,688,720,775,778,802,573,9,472,517,244,289,314,365,379,590,252,357,407,432,515,703,45,438,277,725,799,422,510,477,637,766,
657,182,189,16,29,21,26,121,168,273,296,316,379,164,262,186,225,305,450,537,558,562,
640,60,303,53,45,289,290,372,675,705,66,816,27,284,302,630,735,184,480,511,565,643,771,811,816,87,311,349,409,596,787,76,456,239,638,665,761,246,264,493,508,685,767,309,310,355,499,500,4,26,103,127,244,426,670,209,101,717,311,528,554,721,729,20,284,306,470,375,698,478,8,17,156,249,253,38,590,69,514,584,722,746,749,43,222,362,385,563,703,
733,115,741,169,108,135,690,57,328,394,349,233,23,286,289,542,545,692,735,120,578,11,34,76,141,195,387,420,576,310,806,815,496,2,544,563,725,487,232,359,366,779,513,292,710,729,89,155,545,522,605,655,433,548,613,630,650,586,372,177,383,716,566,42,44,165,126,227,245,325,639,229,758,353,133,157,210,553,806,302,250,252,135,580,158,339,422,521,637,316,284,76,676,803,169,230,462,814,191,27,70,130,159,68,402,87,713,762,56,91,753,187,238,294,337,598,705,250,20,238,81,47,539,631,730,729,60,305,367,422,471,630,103,596,491,710,729,673,75,662,36,716,729,400,411,553,601,676,740,804,370,452,554,571,807,679,132,375,
37,465,232,72,108,22,492,439,249,309,358,597,259,737,126,294,301,599,645,278,541,548,340,48,152,491,704,173,346,557,471,524,525,539,65,129,210,155,642,27,544,575,799,118,226,323,386,391,770,
557,204,37,260,289,304,648,100,132,162,518,523,652,218,225,377,721,779,
475,140,249,62,128,43,66,358,404,594,778,
384,24,200,94,386,399,498,529,492,17,55,63,105,139,564,801,91,180,305,387,640,764,152,551,279,404,504,617,636,649,228,425,310,389,706,738,739,772,529,122,175,211,590,793,292,550,82,202,209,60,490,567,615,459,772,247,521,523,215,587,37,71,128,409,181,202,499,51,104,264,41,484,545,615,545,340,796,125,342,536,569,326,26,802,455,224,276,528,570,579,663,694,121,211,281,304,353,504,553,780,506,737,123,165,178,277,397,466,674,779,808,11,69,245,323,428,60,202,492,770,773,357,738,192,197,243,361,448,185,612,223,402,448,514,615,765,805,
229,279,252,71,363,504,596,619,645,660,738,446,79,572,702,780,306,142,169,260,306,366,729,283,363,607,637,96,144,349,453,513,521,664,781,782,144,81,380,395,460,493,514,625,48,98,100,361,612,122,804,819,164,492,530,203,189,
204,49,462,177,183,119,422,589,708,135,5,440,458,470,659,766,769,166,239,272,441,557,617,59,295,792,47,414,63,209,380,394,408,539,378,366,703,625,255,360,778,
163,3,542,314,324,441,60,566,611,703,739,779,332,218,503,271,630,413,557,750,8,77,143,147,176,242,245,265,186,350,444,91,518,590,597,766,779,818,
786,236,249,545,
290,268,662,807,5,82,144,160,239,388,479,508,515,226,805,143,577,721,60,527,403,616,222,221,
603,638,203,414,626,
576,301,273,626,202,39,569,228,345,440,730,395,62,64,40,254,454,657,679,779,807,22,250,351,361,363,382,64,98,370,460,496,698,798,614,627,683,752,
230,81,200,23,375,81,524,91,54,150,208,280,352,769,42,89,121,475,286,612,786,719,111,438,98,710,22,444,145,320,515,622,269,17,576,675,33,570,613,618,796,13,45,125,260,769,198,372,381,400,765,593,422,95,128,504,38,643,19,279,455,504,590,625,814,59,360,453,556,675,715,37,144,290,516,540,125,172,179,291,384,811,178,377,
575,142,313,104,192,551,609,673,213,93,301,447,494,747,233,493,798,68,71,109,270,85,555,70,175,178,287,341,426,532,728,73,123,58,426,486,587,307,517,22,725,301,59,789,112,666,575,635,135,302,412,573,735,144,429,110,698,796,625,206,358,550,785,786,813,176,369,716,802,814,151,352,505,733,11,326,120,272,575,782,1,301,397,438,699,96,369,731,46,199,214,461,603,749,616,33,12,235,279,458,692,53,78,450,480,493,512,794,399,596,641,694,815,31,121,502,
289,49,693,230,538,599,403,741,405,519,577,652,603,39,472,340,783,226,406,641,705,156,539,738,789,398,13,66,532,581,142,348,417,617,751,
791,138,14,53,406,109,209,574,676,112,37,447,449,785,373,469,642,53,81,137,170,290,335,745,793,
321,249,575,690,187,196,545,769,
494,652,268,95,
95,33,60,213,470,553,293,478,138,563,612,631,472,786,139,679,143,724,198,242,315,461,509,537,229,190,295,489,377,794,35,86,194,490,497,603,161,692,473,475,627,276,448,449,381,505,539,614,728,156,38,201,443,369,33,175,189,306,71,402,438,751,105,135,170,64,494,131,153,155,239,386,571,660,760,306,350,394,635,783,
403,226,137,250,627,628,638,715,800,352,161,601,759,23,445,679,191,239,264,719,9,22,433,382,489,532,742,768,420,
502,344,230,414,262,633,662,
750,36,257,264,438,500,769,154,114,401,578,592,628,794,83,267,323,428,450,526,683,717,744,376,233,498,201,241,528,639,695,739,625,646,685,724,204,
344,575,788,242,51,308,354,388,635,658,662,309,570,208,675,700,810,630,212,309,346,370,361,265,183,20,298,514,528,539,789,45,66,100,244,709,438,
57,605,88,87,94,303,625,650,750,216,308,145,563,591,640,212,106,332,437,536,567,684,776,97,83,148,206,537,434,699,712,734,528,537,726,240,278,808,5,24,562,328,68,36,807,178,382,528,313,403,451,684,655,483,523,662,766,410,445,777,784,
519,737,212,17,284,440,431,526,402,781,592,492,504,644,509,629,596,401,740,793,803,695,719,764,
808,14,384,128,761,655,749,279,389,442,444,481,678,
492,58,274,462,472,497,646,708,762,648,
22,68,662,
141,418,192,740,
51,236,
218,176,570,
168,103,657,
21,657,60,
379,310,657,
718,176,785,
331,510,578,344,
701,492,810,68,
391,742,37,
711,280,449,
370,213,575,796,
285,717,62,
63,203,420,
43,640,475,
683,642,576,504,
770,226,37,
13,510,289,
521,178,737,
614,310,812,
526,418,230,
672,655,431,
796,370,438,
322,662,717,
583,189,785,
66,475,344,
534,575,655,
342,16,
755,545,418,
377,805,557,230,
300,310,458,
200,466,
566,16,204,
433,403,641,
