425,365,406,160,360,316,370,544,152,293,244,455,102,155,221,531,318,406,196,220,517,385,369,513,79,494,476,40,384,284,
370,118,
456,172,54,467,475,7,25,273,322,303,
510,47,42,206,418,508,287,97,0,464,346,360,512,237,
511,91,421,315,197,36,496,81,167,
548,507,74,220,95,400,455,20,209,188,350,463,128,176,187,293,383,513,221,29,166,41,346,130,65,96,306,27,31,66,412,340,21,339,6,30,43,224,270,470,414,482,
141,89,452,379,38,266,322,89,177,512,332,378,497,310,305,404,192,302,420,385,393,463,380,71,
113,450,420,99,519,192,438,536,
395,100,119,304,173,539,
446,42,6,51,54,111,67,236,389,42,233,325,415,494,
537,487,54,264,258,500,394,491,491,118,121,140,304,351,521,24,
120,267,161,
439,545,186,103,502,511,
202,176,117,81,256,126,198,263,375,549,45,114,416,470,477,278,288,401,81,378,393,397,424,474,
483,531,392,52,528,167,231,
307,271,246,84,226,266,413,351,404,190,245,272,235,306,
212,444,13,172,60,61,320,
375,3,137,202,133,
33,335,10,11,357,541,155,251,401,
168,40,131,184,527,
537,335,123,484,421,407,104,526,541,369,539,39,173,374,228,460,223,279,478,352,431,489,541,389,239,101,
477,128,48,125,178,377,404,490,517,
119,55,34,355,320,373,395,305,418,256,434,59,255,272,372,427,519,
23,400,267,
509,152,113,246,442,66,161,83,302,432,
137,97,193,34,375,88,225,124,74,209,
442,14,509,68,310,464,30,113,101,
338,519,277,306,2,271,
65,414,152,540,
378,48,265,131,538,386,338,18,295,328,545,66,199,256,89,1,165,103,161,243,335,368,271,352,387,344,159,230,395,66,175,342,116,483,249,184,127,
344,168,422,39,129,
549,55,175,
170,163,271,542,354,513,57,347,10,337,15,51,364,80,524,211,545,364,178,357,
159,14,323,89,222,518,531,
406,425,486,463,136,463,362,328,69,104,248,
498,378,202,252,317,539,126,218,334,443,158,258,481,494,21,197,73,319,344,428,173,514,535,253,466,89,189,30,404,337,251,485,125,260,344,491,442,400,
432,113,400,228,213,16,86,151,525,386,481,
313,428,87,337,35,495,205,488,435,541,521,534,
540,54,168,14,478,65,86,
36,491,314,39,41,310,
410,187,230,420,23,451,196,260,422,515,84,132,74,389,171,302,332,139,505,323,
25,390,456,
267,394,478,110,58,332,120,528,237,126,
189,314,295,382,397,
88,500,349,
253,491,6,215,136,419,260,450,143,233,265,509,263,
173,141,261,110,157,197,545,
62,136,132,
288,83,83,32,38,23,247,209,318,122,200,449,549,155,
515,410,188,226,489,440,470,144,378,24,247,407,
494,531,184,184,501,515,463,423,169,380,546,390,96,273,383,395,533,257,301,344,355,73,169,441,128,166,522,
395,484,378,531,268,434,436,134,460,
403,400,6,140,132,70,171,271,266,
37,484,30,269,247,367,535,79,258,132,265,511,300,311,382,494,505,
441,264,494,32,233,115,30,96,433,511,421,28,340,
501,494,277,308,262,176,208,237,531,542,466,476,8,167,121,522,245,6,166,
54,540,44,356,456,331,50,545,63,271,
92,74,246,45,48,78,204,211,18,425,168,226,420,525,338,273,461,531,111,325,327,510,540,
280,359,375,417,34,295,19,144,300,285,61,298,44,231,404,93,373,441,210,161,249,217,317,284,108,128,325,482,16,42,
208,248,298,487,311,531,158,47,50,55,166,459,
413,59,55,261,
62,307,533,181,351,124,496,436,140,109,257,89,366,149,265,399,457,327,350,
204,50,151,482,325,331,154,26,145,148,
545,381,95,174,48,224,504,376,247,202,411,81,20,54,
414,317,42,180,184,332,65,125,185,204,257,
489,59,515,70,425,70,
377,96,510,316,349,
105,115,10,484,206,312,176,183,266,97,217,348,468,531,443,384,496,169,366,102,104,205,421,153,352,349,420,77,169,310,335,337,316,323,32,
486,264,168,479,406,536,361,211,21,26,491,
448,71,171,263,536,127,538,324,531,368,533,346,437,313,440,
311,448,418,146,
428,491,242,358,83,114,377,399,337,188,282,511,81,144,276,40,309,333,152,240,256,76,403,512,432,537,224,313,326,450,154,342,426,329,533,152,456,528,490,71,182,279,420,500,226,
102,62,440,489,261,302,334,337,
32,92,45,137,245,388,371,164,235,251,512,80,102,276,361,41,155,384,178,108,289,542,480,378,366,505,507,158,39,247,42,83,155,397,333,76,480,503,192,298,319,69,141,346,125,453,143,57,19,58,262,442,44,128,178,105,524,526,
479,527,50,140,227,319,455,103,183,504,
420,226,92,105,117,246,326,138,181,382,419,131,
223,121,289,56,
334,30,6,
253,235,504,121,
307,340,62,96,22,193,368,14,343,267,
71,448,323,45,338,
323,487,172,287,255,161,390,282,308,6,280,351,518,298,146,434,159,533,22,59,196,465,99,525,128,452,410,332,
204,92,208,132,3,393,452,480,263,374,394,102,277,
30,271,66,134,141,334,105,334,515,502,265,337,321,360,339,
478,524,249,77,267,326,193,184,
450,113,121,
266,442,349,
538,284,242,8,22,104,153,64,275,349,120,397,121,253,323,305,541,454,144,274,107,144,283,388,42,143,445,186,282,496,15,369,460,152,341,542,356,444,
104,365,241,
519,69,113,
381,455,52,116,192,542,545,545,72,76,342,128,228,197,368,530,536,473,541,374,389,
246,78,5,57,375,398,172,227,546,154,185,402,138,146,140,158,179,310,395,168,195,281,468,389,184,
280,283,482,298,121,159,223,282,544,507,47,56,324,495,509,7,356,441,
153,123,51,436,201,501,17,42,350,298,432,195,
79,3,0,511,
548,
267,126,211,397,513,111,205,23,
121,172,415,280,528,99,282,236,514,223,300,501,179,450,253,337,253,42,547,
536,482,286,486,12,540,331,503,
63,420,484,127,161,172,118,123,197,343,21,168,
76,428,487,343,72,469,186,
504,251,127,371,428,288,175,385,171,320,195,521,253,14,202,246,423,
15,519,389,98,204,330,184,289,446,533,126,452,
495,455,431,168,94,263,8,313,55,333,
531,421,126,24,295,483,254,448,446,208,192,44,71,276,182,104,327,21,244,
149,545,17,192,545,487,516,
467,421,448,11,76,337,525,430,
125,370,392,241,371,182,192,179,361,544,470,222,372,477,448,
176,202,389,132,331,3,401,537,110,314,
349,105,88,7,191,439,
55,65,267,144,153,74,415,193,184,186,34,6,372,110,37,294,346,271,156,549,444,413,153,528,455,27,146,186,260,200,351,398,495,103,104,355,173,506,184,
182,274,125,
482,294,225,315,393,541,204,107,494,180,336,536,64,134,382,103,510,534,340,
539,235,192,237,409,70,395,
399,62,62,118,260,483,
487,187,327,141,78,5,48,542,76,5,109,214,389,478,362,473,140,151,260,124,179,505,
134,95,389,15,67,511,198,274,460,473,246,482,283,109,286,379,185,282,432,168,302,467,
211,92,516,89,277,502,31,102,261,416,479,526,494,
172,323,37,457,247,357,43,398,40,459,121,179,
487,350,374,410,291,352,547,403,185,323,159,260,500,208,44,449,95,474,512,537,147,225,38,229,420,439,300,286,514,407,239,348,
64,305,482,
491,487,496,364,144,253,277,440,77,79,274,190,212,477,53,192,406,445,172,206,113,1,503,5,132,36,195,366,249,459,232,0,408,498,486,
180,523,414,65,371,529,335,518,
386,169,71,14,14,303,499,168,521,396,512,
422,263,410,
523,519,435,293,180,335,392,431,
235,208,3,164,170,308,326,90,473,253,514,62,364,485,
344,118,496,16,262,483,141,448,
77,96,451,135,
435,15,402,313,
327,57,264,46,149,420,19,492,106,487,67,211,227,388,184,474,13,178,352,162,411,347,1,427,531,401,
264,327,73,396,194,441,486,513,441,376,444,518,0,321,471,253,516,
392,7,500,512,84,428,547,217,261,487,176,48,196,446,350,160,360,32,364,351,56,396,358,330,300,483,445,39,211,237,
306,376,338,425,171,
0,264,167,327,
3,278,33,228,93,493,322,109,524,73,337,524,61,303,304,41,158,299,508,482,80,83,9,2,94,203,456,97,135,440,503,224,320,537,50,235,266,332,64,362,325,359,390,125,224,228,430,286,99,369,456,176,135,266,
263,343,56,499,295,203,509,16,89,108,237,422,491,155,447,385,
62,46,444,45,102,242,454,125,391,286,484,
32,172,441,
55,119,97,535,300,237,328,350,366,126,365,420,413,442,168,491,192,205,213,549,
271,210,130,55,77,170,122,8,466,274,214,16,30,167,352,8,529,79,177,181,176,486,336,199,338,416,287,
56,263,392,6,118,362,15,376,315,439,
14,199,314,118,172,355,23,206,255,270,442,211,420,440,34,405,540,83,
421,537,485,171,92,266,
175,504,81,199,55,139,398,472,277,
98,477,15,
305,484,21,389,64,92,117,336,423,
247,37,172,1,16,19,35,309,
185,56,93,179,53,414,122,380,430,503,
468,202,88,127,270,162,
448,172,180,192,265,287,42,463,530,8,305,17,311,44,160,267,438,447,548,156,477,542,45,298,168,210,166,269,543,467,170,269,520,171,232,453,505,279,113,290,325,406,310,472,294,
6,362,59,56,427,330,506,90,104,403,494,526,321,334,395,24,66,151,403,510,244,
249,490,491,478,490,
496,157,302,36,462,150,506,131,149,346,483,491,107,112,274,270,13,36,139,524,416,143,443,397,544,344,340,362,
172,32,145,64,181,59,201,265,212,304,460,328,314,191,315,415,288,423,366,543,443,84,123,298,272,346,154,
295,272,15,447,256,61,335,546,503,503,474,465,506,531,325,280,288,485,264,263,228,402,183,429,69,360,244,300,465,72,69,180,531,132,436,412,19,303,331,
104,6,25,54,296,408,342,323,449,472,
302,345,113,254,76,108,91,295,202,547,
184,414,545,478,45,425,443,
349,153,28,262,266,478,275,213,316,350,13,413,131,340,349,10,176,359,524,89,487,127,
491,537,226,42,150,337,55,356,
37,279,217,517,166,35,225,404,531,499,160,172,239,402,416,544,32,430,248,410,355,468,543,131,350,517,486,
384,32,517,358,504,374,517,132,349,526,433,529,197,482,232,141,168,381,461,133,92,24,463,113,267,440,306,108,169,464,452,64,411,
84,307,180,
0,202,371,491,452,469,251,467,522,
402,327,225,344,59,207,328,253,449,435,118,131,225,485,451,287,289,411,526,380,181,503,222,444,401,473,307,451,549,297,318,95,403,428,479,
486,271,37,
145,357,325,249,273,497,525,369,286,331,
23,397,392,425,307,548,337,16,259,516,16,161,327,341,492,149,192,315,251,47,331,407,454,
321,170,445,
244,150,386,10,200,189,362,318,261,456,141,190,227,255,9,79,465,370,321,521,454,432,179,457,337,466,521,56,153,306,531,206,209,305,318,434,6,
171,448,410,421,34,328,284,377,306,
118,56,537,
237,55,539,267,
241,123,104,162,
96,358,195,230,8,323,391,294,307,77,60,114,377,116,506,221,240,253,262,231,298,352,404,330,
396,366,264,103,90,373,
264,377,295,144,537,515,472,129,103,243,236,
482,277,230,79,312,285,229,335,137,163,45,210,271,24,86,290,280,292,444,182,249,341,535,304,352,14,
400,359,484,23,495,69,419,428,529,
242,62,124,530,68,20,263,299,271,345,360,306,
14,386,253,83,527,332,482,
434,395,119,167,514,472,244,
83,273,490,14,303,60,118,334,288,361,451,447,257,72,16,376,537,424,
99,96,401,354,357,497,172,241,46,62,194,230,337,180,496,140,236,323,167,445,482,3,
406,247,425,288,152,528,296,332,406,21,415,128,172,189,376,
86,432,125,480,487,540,
533,14,448,211,57,199,228,357,380,252,303,15,122,442,478,83,
340,120,128,61,456,437,250,123,176,203,52,183,
187,19,155,397,487,5,400,480,519,428,141,256,378,345,150,512,279,433,242,410,202,273,88,332,393,397,
263,242,495,79,407,545,
19,461,3,125,547,460,281,416,
323,71,366,334,16,532,184,490,258,421,234,280,406,515,380,485,286,177,324,481,
477,132,491,98,121,434,202,128,398,509,92,180,
266,211,420,43,335,443,448,197,438,535,182,403,
311,19,345,484,303,
337,491,483,
286,62,358,323,
345,138,63,280,144,297,109,483,539,3,45,175,228,393,429,443,536,187,161,287,363,373,72,314,26,302,390,439,467,8,117,311,427,31,402,57,83,99,237,323,472,46,
79,425,271,459,325,37,520,192,263,55,82,16,57,545,319,423,
294,12,172,337,482,62,14,75,383,131,21,102,448,451,115,252,331,498,113,
314,189,20,14,75,36,172,49,417,338,341,157,354,279,536,120,398,429,
500,224,356,359,15,229,295,169,59,88,
444,402,212,245,409,340,408,
274,376,408,60,259,480,413,489,48,282,365,22,138,133,233,504,460,50,15,323,139,248,134,182,340,310,230,368,178,306,370,
28,491,394,
90,97,235,396,69,493,51,516,536,
145,294,416,149,288,268,204,240,195,393,27,116,172,74,463,234,42,380,128,212,414,119,186,45,226,347,515,510,446,152,287,427,450,246,420,255,
315,511,23,
104,365,105,15,250,408,62,516,332,329,475,137,280,377,457,518,531,65,262,311,312,
118,352,14,461,485,370,442,399,449,
286,43,381,181,32,241,505,349,146,450,379,23,317,154,441,39,247,17,287,84,183,455,253,256,305,419,476,78,536,146,424,
483,378,283,337,125,142,300,337,509,
442,73,145,62,118,272,300,406,
358,428,6,236,349,244,57,182,96,206,385,163,297,218,318,162,531,144,117,191,266,146,408,486,502,344,528,252,366,284,287,286,420,237,465,
479,365,178,16,46,288,15,5,152,372,302,372,86,289,167,155,68,181,350,347,285,163,436,12,383,408,61,172,22,1,384,174,473,314,193,486,294,344,349,490,514,287,84,318,186,358,484,
202,375,179,210,197,528,94,32,495,537,495,498,9,165,342,531,379,3,65,113,257,496,518,331,385,296,161,190,157,221,389,525,431,484,456,334,468,549,0,204,209,227,
14,294,141,279,197,326,
334,30,337,323,102,241,498,
343,231,63,217,307,301,
347,281,170,62,
490,451,249,59,389,268,445,222,91,113,5,71,288,543,168,
190,145,307,197,
420,219,124,410,16,496,45,66,113,261,266,207,356,472,489,63,
226,145,307,390,134,345,420,317,440,277,365,481,491,297,30,208,232,507,535,42,444,428,
365,24,88,25,426,27,177,193,288,101,302,522,482,141,145,357,94,374,7,76,108,111,55,475,425,441,235,460,68,104,171,
97,380,507,251,102,351,549,510,137,279,25,90,283,139,249,260,110,504,
155,498,171,530,60,
421,77,221,242,24,31,37,110,508,123,59,360,268,12,146,284,526,156,405,525,376,495,531,467,452,477,302,327,339,511,
400,62,233,195,337,544,429,432,523,403,494,
161,345,323,226,206,390,485,529,120,206,339,375,536,
239,427,62,82,168,320,
21,211,311,294,305,385,499,425,531,148,469,
81,428,288,188,361,272,175,24,353,462,162,469,545,101,258,
510,329,238,260,277,206,377,217,449,269,349,
102,294,211,259,498,
141,87,487,141,32,330,391,5,14,40,44,173,526,157,107,276,480,391,344,157,241,411,211,
168,92,313,182,495,186,60,418,344,51,170,540,117,316,68,338,443,399,
123,167,450,276,3,426,161,345,280,241,268,153,223,519,275,364,281,542,375,479,543,196,28,63,82,150,
196,117,21,154,160,372,208,283,410,100,513,473,285,
459,244,168,79,11,99,514,114,272,
455,381,55,72,328,247,
113,442,432,
389,74,134,177,72,380,202,101,165,66,91,500,15,87,176,280,410,490,541,305,537,200,381,
184,494,463,47,329,203,222,8,11,343,435,151,274,329,526,532,309,169,168,72,1,401,
277,499,18,333,41,467,132,303,363,482,124,338,161,41,169,353,501,402,492,492,182,182,473,293,422,434,538,352,138,148,434,545,61,279,
14,307,357,159,346,62,214,283,
519,213,290,390,136,161,163,325,490,523,121,287,266,301,522,257,84,338,395,494,15,294,162,325,495,277,288,176,302,117,445,442,
337,467,15,121,
251,498,42,9,16,118,467,
450,253,145,114,209,239,327,412,80,156,210,389,202,386,465,
236,121,99,79,437,
346,41,117,548,337,95,119,176,486,474,150,389,249,428,322,439,18,177,181,328,355,451,66,489,
3,345,261,273,15,363,165,87,116,222,375,136,196,43,187,249,445,349,360,378,79,95,118,278,311,
486,8,168,159,47,156,535,
127,63,468,389,390,489,
211,261,234,99,282,266,359,236,185,1,301,434,488,69,327,343,456,458,533,271,494,33,245,101,89,170,25,205,266,267,59,541,
373,437,305,510,117,310,155,28,445,357,
545,184,78,149,520,441,366,439,511,79,19,89,127,152,397,408,
445,99,526,3,267,138,321,119,406,127,253,
136,253,62,196,337,168,522,15,47,66,160,445,
286,427,145,
352,56,155,471,96,134,154,6,111,215,125,171,1,404,252,450,266,502,33,71,511,118,40,98,236,43,21,541,344,356,283,307,113,
437,448,373,351,109,92,231,408,
197,451,314,61,339,391,63,306,338,433,0,190,174,
283,97,134,233,368,441,
442,170,103,32,82,266,27,43,209,155,
74,334,45,105,25,48,137,542,486,74,287,479,92,27,136,259,203,444,410,6,249,16,348,529,368,309,
15,64,69,495,410,241,54,109,182,203,242,411,70,494,236,135,191,343,215,
338,271,197,
132,262,124,333,204,282,343,375,317,350,370,48,91,55,270,304,352,361,455,436,50,403,370,507,312,266,192,491,477,410,3,212,373,295,386,176,57,62,333,
206,14,181,363,533,94,200,211,19,109,531,536,181,287,
186,394,241,24,188,245,145,197,439,265,415,394,490,76,
174,0,197,
310,373,442,448,36,
493,380,337,291,500,
366,365,229,453,207,32,346,153,82,124,223,287,523,544,323,256,270,398,377,544,285,311,115,481,381,396,476,426,337,428,471,457,
83,428,288,
309,184,429,111,201,154,290,450,527,
451,468,209,197,454,533,302,447,490,410,502,163,77,175,395,399,187,212,297,65,312,
337,227,544,244,170,148,334,136,130,139,
422,395,277,344,243,510,244,290,343,511,
0,356,125,174,79,182,351,456,
342,119,428,472,299,363,261,437,529,549,
59,73,119,55,149,178,
69,228,68,167,318,50,532,294,412,223,94,519,106,310,412,
181,225,62,41,111,542,206,282,399,111,
13,496,349,212,313,465,86,233,
170,235,442,168,442,321,39,103,
484,72,157,284,250,328,78,258,539,30,40,542,52,193,232,253,157,6,96,225,228,540,105,30,417,64,397,359,365,507,60,112,380,330,42,37,202,63,395,236,400,62,362,508,16,305,5,
59,32,6,457,312,65,130,268,373,187,458,164,516,18,413,473,70,340,431,
261,3,342,240,326,10,177,190,244,245,205,51,439,504,538,173,
545,381,380,40,375,302,28,42,329,227,465,
337,428,529,313,323,208,392,489,196,294,49,419,253,391,99,493,249,263,286,498,391,463,131,480,248,426,301,66,366,30,483,339,529,102,474,
42,32,187,73,235,495,99,266,424,468,446,270,288,376,414,180,267,251,488,321,446,185,121,239,460,
154,204,427,
181,177,354,271,475,406,206,
15,63,295,464,12,138,225,376,326,130,548,134,60,274,304,73,319,531,320,275,288,449,465,104,178,290,354,545,81,337,212,171,446,495,435,345,394,56,35,103,165,
268,395,490,
62,222,239,397,399,126,384,548,326,359,404,
10,349,21,33,122,248,442,297,327,508,184,
167,271,69,169,370,8,368,433,5,238,399,
201,150,125,14,118,124,257,277,230,479,493,153,
533,428,323,206,207,106,512,
389,446,127,
119,445,342,
390,519,261,431,489,20,25,288,290,208,285,406,
145,186,190,116,259,414,
73,264,138,114,72,28,245,408,534,416,260,444,
463,406,
500,537,310,389,273,155,
73,480,12,104,398,416,443,461,88,19,218,385,427,425,432,243,311,18,315,442,510,93,59,48,235,
442,170,10,519,
168,186,155,89,396,512,49,73,87,354,34,79,37,298,168,461,238,485,258,486,136,75,486,253,392,526,95,446,214,414,300,518,
184,327,494,6,68,165,134,210,535,55,
231,96,437,
135,15,
168,329,108,296,246,1,113,278,494,217,208,385,393,
427,345,6,239,286,503,106,361,327,154,266,
340,548,
43,352,172,
531,206,494,
209,137,450,
227,202,545,
7,349,392,
528,483,267,
278,3,480,
311,3,21,
168,459,63,490,
455,479,495,
235,73,539,
213,164,350,546,
16,263,79,251,
271,242,338,
247,288,406,122,
58,267,
121,537,
25,211,104,
30,226,
197,173,14,
314,176,197,
394,28,267,
8,495,
512,533,510,
291,493,
310,69,141,
398,477,175,
498,294,102,
266,211,421,
472,345,175,
222,125,62,
354,181,314,
118,201,344,
322,456,
117,420,358,
68,184,365,
208,226,501,
480,278,337,
465,545,
1,184,
130,337,
498,155,334,
326,14,62,
333,495,132,
467,0,251,134,
178,59,477,
155,288,33,442,
208,390,168,
40,168,545,
118,63,
184,378,15,
34,119,14,171,
541,352,33,
469,0,76,
459,172,208,
227,479,337,
83,14,3,509,533,
211,486,141,
41,346,36,
335,33,180,
416,73,19,
188,515,186,
70,403,489,
195,153,491,
514,459,434,
106,427,69,
103,482,479,
117,373,168,
228,432,533,
485,235,421,
456,0,
46,62,345,
149,59,23,
48,73,477,
478,540,533,
479,402,201,
357,373,145,14,
401,33,327,
273,83,500,
117,305,519,
154,334,172,
517,37,477,
437,236,342,
503,185,536,
356,280,491,
502,439,30,
211,392,
206,244,161,
300,37,442,
16,280,247,
125,201,86,
175,549,378,
128,477,406,
547,302,121,
432,509,
404,477,62,
283,483,
241,141,334,
541,211,313,
215,15,
272,442,459,
487,149,86,
350,37,153,
45,184,71,
183,479,340,
70,59,489,
66,389,346,
260,73,399,
189,406,
429,309,314,
505,37,487,
549,342,55,
79,236,
331,536,295,
231,343,483,
380,493,185,
340,482,441,
526,32,445,
393,168,
339,30,161,
262,32,104,
349,377,510,
444,73,226,
527,168,309,
511,422,439,79,
72,76,455,
82,239,123,
126,15,267,
207,334,533,
504,97,479,
