331,536,158,119,406,73,219,310,405,53,
126,15,267,
69,228,68,318,50,532,294,412,223,94,548,165,156,412,36,534,220,239,264,
278,3,86,269,346,453,175,
325,30,10,11,183,275,335,
468,111,424,88,270,162,309,547,384,260,515,481,166,
403,400,533,140,132,70,171,271,266,75,167,303,391,533,
360,104,323,14,
311,154,418,146,272,77,11,135,490,133,190,232,391,422,
62,155,153,397,399,126,384,548,326,359,4,28,172,444,275,538,103,344,256,
482,277,230,79,312,285,229,335,137,163,45,210,271,24,86,290,32,292,444,182,249,341,535,304,352,210,173,521,49,76,
113,450,420,99,192,438,199,536,495,421,529,480,169,
410,187,230,420,23,451,159,260,422,502,84,132,302,332,139,505,323,22,303,491,150,
324,62,145,485,
463,406,114,223,140,144,4,358,212,454,
132,262,124,333,204,282,343,375,317,350,370,48,91,55,270,304,352,361,455,436,50,403,370,507,312,266,192,24,477,410,3,212,373,273,386,57,62,333,255,283,425,194,231,168,548,
539,310,192,237,409,70,395,63,81,208,343,421,298,254,
92,246,45,48,78,204,211,18,425,548,226,420,525,338,273,461,531,111,325,327,510,540,152,140,175,489,
300,442,239,436,459,208,184,232,390,
503,118,536,340,50,430,
119,55,34,355,320,373,395,305,418,256,204,432,255,253,272,372,427,519,344,170,
490,451,186,18,59,208,172,445,222,91,113,5,71,288,543,142,299,311,517,14,267,483,326,
130,219,337,413,125,265,376,421,
395,484,24,531,8,436,134,460,45,546,27,95,129,538,317,60,508,538,
83,422,3,509,262,320,366,513,
349,153,28,262,65,478,275,213,316,350,13,413,131,340,349,10,176,359,524,89,487,127,433,527,198,493,317,326,543,
494,188,501,515,463,423,169,380,546,390,96,273,383,395,533,257,301,344,355,73,169,362,128,166,522,122,273,10,403,416,472,
181,63,84,314,18,403,
169,113,289,
14,199,314,118,172,355,23,255,270,222,211,420,440,34,405,83,340,171,178,425,529,419,510,461,513,360,
456,172,474,467,475,7,4,273,322,303,58,113,536,297,
308,253,121,
459,244,424,79,11,99,13,137,114,272,51,129,357,1,421,358,
500,224,356,359,15,229,295,169,59,88,58,35,290,208,5,29,172,
504,62,88,246,417,
46,72,463,384,384,
202,71,10,66,
515,56,118,447,
123,340,168,
291,319,493,423,228,351,
310,0,473,193,36,65,315,112,471,268,398,522,222,277,413,
118,352,14,461,485,370,442,399,449,264,523,527,464,231,251,
0,264,167,327,373,218,68,441,298,318,10,
168,186,155,89,396,512,49,73,87,354,34,79,37,298,168,461,238,485,258,136,75,486,253,392,526,95,446,214,414,203,8,300,518,330,535,334,32,54,178,19,278,298,498,497,
486,8,168,159,47,156,535,340,456,
531,421,126,24,254,448,446,256,192,44,71,276,182,104,327,21,34,212,306,511,20,141,456,
344,400,118,496,16,262,483,316,448,244,444,466,119,108,486,513,
174,313,244,197,400,367,267,477,192,292,
487,187,327,327,78,5,48,542,171,5,109,214,389,478,362,473,140,151,260,124,179,505,99,256,394,529,169,
118,274,134,39,515,313,
153,451,330,
427,279,503,305,361,293,327,154,266,31,446,
486,234,52,102,28,357,
64,305,48,184,71,108,293,142,544,423,424,
323,71,84,334,16,532,184,490,258,421,234,280,406,515,380,485,410,177,324,481,150,170,368,97,434,470,326,
305,213,465,
253,3,448,547,170,211,
523,37,435,293,163,335,392,431,203,60,194,326,431,481,520,
428,491,242,272,137,114,377,399,337,188,282,511,26,144,276,40,309,333,152,240,256,526,403,512,432,537,224,313,326,450,154,342,426,329,93,152,456,528,490,71,182,279,420,500,340,280,369,
513,442,187,130,234,251,440,461,175,423,
70,403,489,254,416,500,540,
334,30,217,249,
472,54,175,0,104,367,542,295,526,10,451,326,
361,460,468,
421,537,485,162,92,17,205,367,437,525,319,335,425,539,88,
327,57,264,46,149,420,19,492,106,487,67,211,227,388,256,474,13,178,352,162,411,347,1,427,531,478,170,167,312,525,545,191,477,222,
414,317,405,408,184,184,332,65,125,185,204,257,478,500,300,
337,24,483,309,335,472,323,
487,149,131,22,508,152,
65,405,414,152,119,269,330,486,234,
249,334,
15,64,69,495,410,241,54,109,182,203,242,411,70,494,236,517,191,343,215,78,113,527,263,296,362,
0,159,371,127,452,469,251,326,522,58,145,472,6,338,517,
330,153,65,
547,3,468,283,67,382,486,547,214,470,509,
102,194,62,440,489,261,302,334,337,184,176,486,277,388,445,
56,545,15,192,226,234,328,519,
314,380,20,14,75,36,49,417,338,341,249,157,372,279,536,120,227,398,181,465,321,5,388,
498,294,102,335,172,255,161,482,
267,120,38,110,220,332,120,528,237,126,71,394,472,499,174,527,149,363,339,358,
422,395,277,344,243,510,244,290,343,511,68,99,320,57,408,66,316,434,508,
501,494,277,308,262,176,208,237,531,542,466,476,8,167,121,522,245,6,166,36,85,309,333,441,370,257,208,
370,368,118,123,226,121,84,159,296,144,381,501,290,323,491,
274,376,408,60,259,480,413,489,48,282,365,22,138,133,233,504,460,50,15,323,139,248,134,182,340,310,230,368,178,306,370,196,232,362,270,478,472,528,536,
289,169,197,232,488,105,293,325,520,
239,300,10,
444,127,245,409,340,408,45,120,344,456,459,80,
145,144,325,249,273,497,525,369,331,156,191,294,344,453,
423,21,97,
384,517,358,504,374,517,132,349,526,433,529,197,482,232,141,168,381,461,133,92,24,463,110,113,267,440,306,108,169,464,452,64,411,495,42,394,223,387,390,126,
134,95,511,67,511,198,274,460,473,246,128,283,109,286,379,185,282,432,168,302,493,311,328,372,456,60,216,468,
7,147,392,54,78,311,
305,484,21,544,64,92,142,336,423,446,99,326,202,293,
406,247,425,288,152,528,296,332,406,21,415,172,189,4,376,336,338,11,441,526,
172,323,216,457,247,357,221,398,40,194,121,179,279,312,313,282,133,447,
246,78,5,57,375,398,172,227,546,154,185,402,138,146,140,158,179,310,395,168,195,281,468,389,184,171,280,403,528,538,365,439,182,113,498,156,
231,435,283,58,69,474,41,
472,267,337,135,451,
247,191,406,122,30,127,251,544,179,334,472,475,
13,496,349,40,313,465,86,233,61,219,549,108,535,63,487,540,
299,104,490,
88,500,504,204,
263,343,10,499,193,203,509,16,89,108,237,422,491,155,447,385,412,226,416,97,214,318,535,163,531,
159,14,323,89,222,518,531,172,410,52,542,
314,154,197,33,160,177,260,466,485,181,
294,12,172,337,75,62,14,75,383,131,21,102,353,451,115,252,331,498,113,283,104,345,412,437,456,431,465,463,
84,381,43,180,17,74,131,181,337,55,411,
408,55,83,
99,96,365,401,354,357,497,172,241,46,62,194,230,257,337,180,496,140,236,323,167,445,482,3,413,136,305,435,270,477,40,
481,213,38,549,
154,204,427,123,51,71,67,
326,14,62,112,506,504,386,540,
3,134,10,273,15,363,165,87,116,222,375,136,196,43,187,249,445,349,360,378,96,95,118,278,311,131,253,292,319,444,547,331,495,
421,77,221,242,24,31,37,110,508,123,59,360,268,12,146,284,526,156,405,525,376,495,531,3,452,477,302,327,339,113,511,92,545,318,489,
40,18,49,186,125,281,
340,548,503,
102,294,211,259,498,107,114,161,257,455,486,548,199,158,329,398,
512,547,311,173,383,473,542,442,230,299,399,
153,51,436,501,17,42,350,298,432,195,210,217,483,488,
498,378,363,252,317,539,126,218,334,443,158,258,481,494,21,197,73,319,344,428,173,514,535,253,466,89,189,30,404,337,251,485,125,260,344,41,442,400,159,308,525,
121,172,415,171,528,99,282,236,514,221,300,501,179,450,253,41,253,171,294,85,547,539,400,386,370,358,
33,335,10,11,357,541,155,251,64,239,372,542,25,307,441,537,303,479,530,549,442,313,435,530,
435,231,313,256,187,385,404,34,132,293,15,228,366,456,506,
505,487,404,
296,406,390,210,384,482,
277,499,18,333,41,467,132,303,363,482,124,338,161,41,169,353,501,402,492,492,182,182,473,293,422,434,538,352,138,148,434,545,169,12,61,279,187,30,60,68,128,136,531,142,
286,43,381,181,32,241,505,349,146,450,379,23,317,154,441,39,247,17,287,84,152,183,455,253,256,305,419,476,78,536,146,424,260,363,510,160,191,486,199,
545,184,78,149,520,441,366,511,79,19,89,127,152,397,408,157,389,56,500,109,189,341,327,312,
386,169,71,14,303,499,168,521,396,512,132,349,478,460,
187,489,277,435,192,24,51,524,
184,414,545,300,45,425,443,121,521,210,
197,451,314,61,339,391,63,306,117,433,0,190,289,174,229,239,493,
337,428,529,313,323,208,392,489,298,196,0,294,49,419,253,391,99,493,249,263,286,498,391,463,131,67,248,426,301,66,309,30,483,339,529,102,474,212,367,479,317,16,186,97,
334,30,337,323,102,498,236,277,322,46,182,266,278,117,231,
292,3,549,
545,81,95,174,48,224,504,376,247,202,411,99,373,20,299,468,40,445,530,
55,119,97,535,300,237,328,350,366,126,365,420,413,442,178,168,59,192,205,213,194,549,235,531,
231,96,437,15,132,38,8,166,449,456,
451,503,468,209,197,454,533,302,447,490,410,502,163,77,175,395,399,187,212,297,65,312,74,324,91,308,68,380,153,455,
19,461,3,125,547,460,281,416,371,52,208,521,420,489,286,164,524,
62,296,533,351,124,496,436,140,109,257,89,366,149,265,399,457,327,350,210,248,422,76,
63,420,484,161,172,181,118,123,197,21,312,483,170,
500,310,225,273,155,416,521,422,
386,396,352,317,
342,400,549,191,207,422,
549,175,417,82,342,522,201,463,
186,394,241,24,188,245,145,421,197,229,265,415,394,490,40,388,531,88,33,187,315,436,337,
187,19,155,397,487,5,400,480,519,428,141,256,378,77,150,512,279,433,242,410,202,273,88,128,332,393,397,278,325,485,513,169,289,520,71,90,124,389,152,181,201,480,
97,380,507,251,102,14,351,549,337,67,279,25,90,283,291,48,139,249,260,110,504,423,486,
161,271,547,175,328,329,
394,271,102,377,
504,97,141,278,401,
113,515,15,
15,71,231,211,
337,74,544,318,170,148,334,136,130,139,8,251,223,129,302,
413,59,55,261,412,24,212,40,163,204,390,435,506,
548,507,74,220,95,400,455,20,209,188,350,463,128,176,187,293,383,513,221,29,166,41,92,130,65,96,306,27,31,66,412,340,21,70,339,6,30,43,224,270,470,414,482,19,21,440,69,396,48,180,257,
136,74,62,196,337,168,522,15,47,66,160,445,545,450,294,259,271,
377,96,134,316,349,164,385,446,
477,132,82,121,434,479,128,509,92,180,72,152,236,268,382,269,
344,92,422,39,129,112,158,359,485,371,472,
362,274,406,79,131,188,353,
58,500,456,231,
455,329,55,259,72,440,328,247,217,
353,549,323,
399,62,62,118,260,235,483,87,533,388,351,
212,531,313,463,108,507,
278,168,504,
406,362,425,463,136,463,362,328,69,104,248,388,289,411,
537,335,123,484,421,407,104,526,541,369,539,39,173,374,228,460,223,279,478,352,431,489,541,131,239,410,101,216,60,170,
493,65,380,337,291,500,178,100,89,498,
194,442,102,
338,406,277,412,2,271,21,272,479,10,150,
204,92,208,132,3,393,452,480,263,374,394,102,277,63,227,111,545,34,8,136,167,
211,261,234,99,282,266,359,236,185,1,301,434,488,69,327,343,456,458,169,271,494,33,245,101,89,170,15,298,205,513,269,59,536,210,
496,157,302,36,462,150,506,131,149,346,483,160,107,112,274,270,13,36,139,524,416,143,443,397,544,344,340,362,415,121,174,
485,421,324,344,321,144,0,
24,132,413,
390,359,261,431,489,20,87,288,290,208,285,406,296,433,499,95,142,251,446,506,416,
45,184,71,127,125,34,104,423,159,
23,327,168,60,147,157,192,81,
528,267,130,166,61,274,
145,67,324,186,190,116,259,414,335,78,114,
55,408,65,267,144,153,74,415,193,184,186,34,6,372,110,37,294,346,81,156,549,444,413,153,528,455,27,146,186,260,200,351,398,543,103,104,355,173,506,309,426,
365,24,88,25,426,27,177,193,288,101,302,522,482,141,145,357,94,374,7,76,108,111,55,475,425,441,235,460,395,93,171,206,497,78,467,473,349,491,78,
272,448,428,
241,211,162,265,141,230,370,156,377,373,438,548,
204,50,151,338,325,331,154,26,145,148,58,404,271,118,497,
3,278,33,228,93,493,322,109,524,73,337,524,61,303,304,41,158,299,508,482,80,83,9,2,94,203,456,97,135,440,503,224,320,537,50,429,266,332,64,362,325,359,390,125,224,228,430,286,99,369,456,424,135,266,116,247,531,515,526,536,
214,263,103,167,197,
213,164,305,350,546,481,340,343,174,474,337,
422,263,410,149,52,315,372,530,71,176,311,10,
493,134,349,
217,334,455,
125,370,392,241,371,182,192,179,361,544,470,424,372,448,86,4,477,297,545,
265,511,241,78,536,
96,63,152,195,230,8,323,391,294,131,77,60,114,377,116,506,221,240,253,262,231,298,352,404,330,340,169,191,147,292,406,
489,59,70,425,179,11,187,238,93,446,474,546,81,316,
79,346,236,351,144,362,180,401,
329,104,455,430,
149,545,17,192,545,487,516,334,401,86,110,360,524,533,
208,153,501,
296,247,62,370,253,
342,119,428,472,299,363,48,437,529,549,39,291,322,541,168,391,289,225,337,
59,32,302,457,312,65,130,268,373,187,458,164,516,18,413,473,510,340,431,
190,145,271,197,114,538,44,549,
34,119,14,371,435,531,440,51,507,
120,267,161,140,68,104,253,79,398,53,290,430,
509,152,113,246,316,66,161,83,302,432,266,57,543,422,215,400,
502,428,30,410,62,279,415,369,
175,219,86,199,55,139,472,277,549,147,514,543,191,175,229,236,
16,181,263,79,179,251,515,6,234,296,380,456,337,1,282,
375,3,300,240,191,133,371,490,183,390,258,
211,92,159,516,89,277,502,31,102,261,416,479,526,494,333,51,76,395,313,545,253,126,449,
10,349,21,33,122,248,297,327,508,184,6,202,383,542,239,442,373,410,423,422,
323,466,172,287,255,161,390,282,308,6,280,351,518,298,146,434,159,246,22,59,196,465,99,525,128,452,410,332,317,353,405,524,487,360,
170,161,126,206,39,103,113,253,
303,410,253,441,
271,242,338,161,53,394,453,505,215,240,136,340,
148,483,62,168,547,250,391,549,
90,97,396,69,493,51,516,536,520,248,8,26,353,487,531,172,
104,542,299,54,296,408,342,323,449,472,294,91,201,516,
77,96,451,240,135,317,463,534,316,
134,3,377,75,468,
155,490,33,264,396,470,
448,71,171,179,263,536,127,538,324,531,368,272,346,437,313,440,253,306,417,378,453,353,479,380,
442,513,145,62,194,118,272,300,406,172,488,512,33,
183,375,325,
386,121,326,24,244,377,395,488,504,211,
313,428,87,337,35,82,205,137,488,435,521,534,212,526,452,9,163,417,524,493,
388,186,406,399,400,454,
420,192,92,119,117,246,326,138,288,181,382,419,131,85,195,247,
266,211,420,43,335,443,448,197,438,535,182,403,199,395,267,463,477,
385,435,377,
263,15,214,
335,404,33,498,513,522,351,453,120,
170,163,14,542,354,513,57,500,10,337,15,51,364,80,524,211,545,364,178,357,76,531,392,432,38,371,201,93,
395,100,119,304,173,468,539,439,508,
317,77,395,475,
184,293,15,278,522,313,
437,448,16,351,109,92,231,408,166,235,271,363,
483,170,283,337,125,142,300,337,509,407,72,148,4,265,
197,255,14,142,375,507,26,376,406,214,
141,234,271,538,325,332,384,
178,55,14,38,309,
236,121,99,79,437,217,294,149,434,
340,96,123,
352,56,155,471,96,134,154,6,111,215,125,171,1,404,252,450,266,502,33,71,511,118,40,98,236,200,21,541,344,356,283,307,113,251,260,391,410,530,169,346,386,
242,62,124,530,68,20,236,299,271,345,360,306,432,509,196,115,
182,274,125,101,369,215,357,545,3,
511,91,421,197,36,496,81,167,265,497,153,455,232,268,
168,329,108,296,246,1,113,278,494,217,208,385,393,300,475,228,14,148,16,132,256,258,68,32,123,
420,219,124,410,16,473,496,45,66,113,261,266,207,356,472,489,63,530,416,530,477,19,57,
184,102,414,429,132,
227,509,179,434,165,76,62,264,395,
531,186,90,142,55,232,
169,277,96,211,
273,83,500,450,14,132,262,549,
396,386,264,103,90,373,143,182,289,465,32,24,
183,236,71,95,367,511,
400,62,233,195,337,544,429,523,403,494,29,393,92,486,518,342,
121,11,131,143,308,483,417,441,496,37,491,
208,390,168,313,62,154,205,398,501,
368,323,370,53,166,259,183,193,247,258,11,
253,120,119,296,
71,448,323,45,338,311,542,80,15,202,187,366,102,100,166,371,
536,61,286,12,540,331,503,65,417,190,159,314,286,211,274,270,
283,97,134,231,233,368,441,48,547,87,441,475,
251,498,421,9,16,118,275,
30,62,485,66,134,141,334,105,334,515,502,265,337,321,360,68,13,247,346,544,514,
36,443,314,39,41,279,310,207,500,
237,55,539,267,229,238,457,281,494,278,
547,282,121,445,161,148,547,514,381,253,212,527,512,
119,445,342,52,126,337,416,72,149,332,200,
231,295,264,151,
309,135,95,111,201,154,290,450,470,413,538,
450,113,121,104,173,317,263,274,336,471,452,
484,72,157,284,250,328,78,258,539,30,40,542,52,193,232,253,157,6,96,225,228,540,49,30,417,64,397,359,365,507,60,112,380,330,42,497,63,395,236,507,62,362,508,16,305,5,60,450,494,495,117,
104,365,233,250,408,62,516,332,329,475,137,280,377,457,518,531,65,262,311,312,108,360,259,472,329,434,485,
14,294,38,279,197,326,219,456,168,312,489,383,453,
311,3,21,334,73,452,
247,172,1,16,19,35,274,309,296,215,
445,99,526,3,267,138,316,119,406,127,253,79,188,413,547,205,345,40,324,53,
79,425,369,459,325,520,192,450,55,82,16,57,545,319,423,137,143,204,248,440,508,120,58,247,
62,226,444,45,102,242,454,125,391,192,484,148,504,80,202,390,538,514,
425,365,406,160,360,316,370,544,152,293,244,455,102,155,1,221,531,318,406,196,220,517,385,369,513,79,494,476,40,384,284,101,314,523,539,317,
264,327,108,396,194,490,513,441,376,444,518,0,321,471,253,516,11,206,231,309,6,271,549,265,139,
477,99,125,327,420,
199,113,266,102,286,
549,342,55,161,
118,344,503,215,169,250,334,403,465,
21,211,311,294,305,385,499,425,531,148,469,388,545,423,441,308,216,503,485,
514,175,547,
253,183,115,121,153,303,421,439,263,308,230,193,358,
549,292,55,451,353,205,489,481,
181,177,3,121,475,406,543,76,103,485,
14,235,534,123,159,346,62,214,283,171,319,347,490,
41,36,
272,442,459,181,340,490,
118,480,63,129,29,95,487,
161,323,226,206,390,485,529,120,206,351,375,536,29,467,467,
83,273,490,14,303,60,118,334,361,451,447,257,72,16,376,537,424,408,335,119,99,411,
62,136,324,132,92,404,
114,190,102,113,155,4,89,133,392,
132,386,435,184,
392,7,500,512,84,428,547,217,261,487,176,48,196,446,350,160,360,32,364,351,65,396,358,330,300,445,39,211,237,163,180,70,266,28,270,
541,352,33,170,
15,492,204,330,184,289,446,57,126,452,13,56,435,
201,104,170,
80,71,62,444,
367,472,183,
140,463,120,
60,23,277,
68,277,0,
470,309,
147,175,23,
371,375,19,34,
404,435,204,
508,487,79,395,297,
38,170,267,
478,414,386,
260,314,468,
468,361,545,
313,118,211,
453,278,335,
244,386,174,
117,420,484,
95,390,183,
121,181,184,
117,334,197,392,
16,437,168,
32,168,482,168,396,
173,512,
178,493,168,
38,231,14,
130,528,513,
153,511,253,
439,246,
81,539,489,
254,539,70,
515,3,113,
517,282,411,
274,450,
326,523,490,0,472,
422,83,62,509,
380,448,16,314,
295,231,472,
406,296,331,
533,399,403,
93,365,428,170,
37,121,523,
488,386,289,153,
52,159,486,
170,119,541,
149,267,119,
463,212,46,
315,186,310,
10,338,263,
346,278,79,
286,536,
507,197,484,
115,253,242,
548,241,132,
282,16,517,
246,504,
422,342,500,
159,45,
222,310,327,
423,45,64,
429,3,184,
317,425,349,386,
264,69,155,
430,329,503,120,
456,231,435,531,
38,481,178,
103,62,214,
463,294,549,
540,13,326,
513,83,344,
465,294,396,118,
278,184,237,
175,513,161,
78,7,
167,403,327,
215,271,118,
53,368,271,331,
522,310,184,
142,390,197,531,
129,337,118,
63,96,13,
144,463,485,79,
234,486,513,
28,491,
206,264,365,
93,489,
258,168,
353,362,294,
302,337,59,
520,289,523,
391,148,311,
156,69,246,
542,159,104,
334,247,118,
120,267,335,
258,368,375,
297,456,125,508,
452,450,311,
108,212,344,
14,97,273,
475,247,283,317,
489,549,421,
509,227,547,
451,472,472,
212,547,463,
442,10,
390,300,413,
310,539,331,
73,311,331,
491,410,370,
329,102,161,
376,197,130,
538,309,395,
490,155,272,
229,186,
207,342,36,
10,472,0,
309,178,
438,241,
511,349,
449,211,231,
401,504,79,
192,174,56,
69,231,
204,88,413,
265,130,483,264,
41,121,498,231,
210,211,184,
325,289,
320,83,
95,309,118,
256,62,
50,503,
500,170,36,
89,114,493,
219,175,331,
405,331,
524,187,19,
400,388,509,
153,62,208,
68,168,451,
