490,233,83,93,670,584,349,518,613,738,
325,649,26,82,167,582,278,341,686,725,802,94,396,
61,230,177,347,165,284,435,77,684,37,22,70,124,156,297,716,760,767,796,357,630,503,733,32,365,483,538,544,819,40,334,76,386,474,759,787,260,470,501,742,786,809,8,416,509,527,687,80,139,479,555,653,198,265,337,361,447,630,666,731,758,
397,182,467,140,29,298,664,700,718,
256,501,418,585,370,395,659,
165,642,421,242,46,491,252,392,501,554,582,678,744,330,384,25,82,4,574,587,146,72,136,207,243,308,383,440,455,503,592,610,372,580,17,632,807,21,85,61,465,711,123,198,400,124,167,435,539,659,688,
520,370,451,638,
306,182,307,375,226,790,264,273,732,725,118,168,207,328,316,417,429,530,653,417,683,806,806,
280,13,0,148,284,308,319,402,706,775,68,94,189,601,727,131,133,400,329,453,338,441,89,657,605,636,126,289,790,248,60,148,672,296,410,495,620,24,54,225,441,728,78,101,135,224,120,320,526,52,699,203,256,701,773,25,45,154,25,498,663,732,520,599,772,302,
375,97,306,110,170,236,325,348,557,633,685,715,310,383,
472,57,25,118,314,445,448,542,646,784,118,249,252,342,360,649,41,246,297,298,499,672,718,549,616,697,198,687,101,611,730,739,815,719,170,158,528,620,730,237,349,92,493,549,579,598,706,750,164,539,569,649,773,780,
813,15,174,474,27,200,107,269,270,785,426,260,740,91,41,195,303,486,476,717,90,244,380,556,118,129,133,43,396,744,809,577,113,225,303,329,413,541,325,519,597,629,702,789,686,700,214,230,367,719,729,816,29,202,207,285,354,265,98,606,745,774,212,27,292,340,691,770,26,633,33,177,506,567,458,574,0,811,80,486,633,529,55,180,187,394,264,588,812,101,113,223,307,371,662,195,210,293,483,562,659,721,55,40,42,94,113,216,224,290,159,379,426,487,523,204,17,361,437,612,642,649,705,707,781,559,609,740,743,412,128,207,
25,233,371,280,
475,
283,135,77,94,135,186,203,208,221,279,728,541,0,561,646,808,124,277,711,17,34,353,106,335,274,563,664,122,678,97,731,761,259,400,410,726,172,202,354,16,809,313,698,715,156,218,31,299,312,29,516,547,810,98,113,159,214,226,273,4,640,691,116,196,305,456,616,644,170,362,366,654,
506,584,788,258,312,813,
434,559,257,
112,159,525,346,314,5,114,165,312,685,319,6,198,277,141,259,718,558,800,1,639,746,766,300,178,396,483,739,746,55,126,10,352,367,419,113,168,415,493,519,555,744,92,67,299,340,575,717,748,92,284,432,439,554,672,696,749,67,53,195,353,357,430,456,561,606,640,288,314,56,676,62,99,130,797,225,279,304,437,549,359,724,109,642,377,382,262,446,587,599,513,471,64,302,530,771,728,90,364,690,66,240,504,781,106,291,363,378,398,605,625,665,788,54,229,278,543,87,313,539,784,468,42,245,309,310,363,415,726,269,186,211,245,258,321,354,483,644,686,792,551,229,355,378,121,573,605,657,678,515,319,540,576,351,631,686,103,292,342,380,630,231,88,674,702,55,629,323,331,265,123,632,732,591,126,332,339,430,654,720,803,271,295,357,539,570,790,800,307,190,635,467,13,812,50,499,183,501,504,625,658,144,313,456,544,545,35,708,606,708,299,351,139,198,237,289,326,359,442,520,711,32,309,473,167,197,240,334,312,21,126,291,413,560,724,368,44,88,106,364,370,496,
307,476,306,100,190,309,650,134,747,559,
20,226,320,611,34,57,110,135,195,282,651,675,84,95,319,277,396,417,557,650,688,771,690,738,763,10,133,208,226,680,707,146,767,305,177,295,408,438,663,105,546,663,8,798,10,40,297,496,582,659,711,528,66,236,644,676,690,769,197,246,700,26,354,515,675,52,237,158,360,534,720,799,504,711,725,129,358,587,
221,8,124,429,448,494,593,620,729,57,75,453,472,484,503,609,804,819,568,76,597,122,197,5,278,337,690,749,53,71,186,388,438,559,
433,2,70,294,324,58,547,555,788,646,705,164,349,597,814,
257,517,110,324,434,402,94,742,755,745,809,148,375,378,811,
586,114,257,206,235,42,525,562,288,585,155,746,384,433,645,675,383,622,645,717,128,689,11,314,717,84,284,350,550,568,754,27,97,313,620,756,782,151,254,277,391,411,629,642,
680,177,20,324,123,289,308,69,103,139,282,326,492,493,533,4,647,685,781,797,92,140,180,308,342,660,126,434,696,171,502,311,326,366,633,702,796,311,251,294,422,536,637,689,289,697,722,805,
93,114,241,11,235,481,96,207,426,624,312,289,474,520,96,756,495,793,10,439,691,18,182,299,683,795,94,171,377,388,510,15,237,585,117,795,352,436,613,617,627,21,153,572,
326,338,445,290,242,295,477,816,506,643,731,346,740,
318,298,190,273,695,114,150,339,342,471,656,708,254,298,648,784,395,410,533,674,815,
597,311,777,273,467,221,146,198,237,273,334,289,352,402,447,
244,248,64,467,477,641,370,
657,281,42,21,144,160,318,321,427,498,654,761,351,108,127,326,381,406,407,443,512,555,688,
42,559,55,125,238,256,42,657,486,189,292,387,177,449,745,612,44,103,296,332,638,672,760,
576,339,14,53,122,371,631,189,330,124,229,20,345,453,249,351,436,39,69,240,198,457,578,696,193,11,479,549,257,802,365,17,488,619,707,150,177,76,501,520,576,592,712,342,59,20,431,137,798,816,211,231,351,416,500,728,330,662,812,21,150,268,562,699,163,456,213,144,482,660,680,387,435,660,711,793,804,818,
230,162,760,367,662,606,312,10,184,403,480,591,518,577,76,658,695,757,301,330,334,567,694,
658,234,509,48,141,214,223,352,198,681,2,405,784,384,433,586,282,435,548,701,736,49,106,226,348,449,523,648,547,188,784,505,263,330,382,394,263,509,226,101,102,555,760,5,115,229,320,330,383,390,343,591,397,451,472,565,311,397,598,615,129,130,165,202,736,764,805,153,176,229,257,572,611,644,736,
439,476,296,41,57,310,394,751,
662,311,230,117,126,128,206,510,554,644,702,739,768,
357,363,322,657,30,112,398,621,41,436,706,257,336,343,610,87,637,37,166,324,381,558,685,779,641,289,462,615,654,701,
382,658,7,586,719,720,78,125,218,353,740,791,216,69,296,418,473,504,606,635,700,336,71,160,227,267,789,1,68,126,526,589,741,
603,777,274,185,304,667,293,370,575,617,54,704,77,112,519,625,755,95,102,298,335,686,157,264,67,391,477,624,525,
398,37,474,
177,16,35,348,689,265,390,541,603,609,677,739,573,509,626,771,793,206,25,335,443,620,640,772,172,276,433,494,584,586,795,712,750,72,233,269,413,461,800,37,156,166,477,654,140,384,409,598,799,74,50,407,551,299,358,332,168,314,778,780,151,373,417,529,579,591,172,692,544,216,382,531,567,637,622,163,256,262,387,407,430,468,640,335,725,159,299,536,555,790,190,312,422,269,402,718,35,84,292,343,383,560,20,676,194,208,300,564,756,780,182,320,413,580,777,129,170,684,713,4,381,442,4,483,51,153,160,226,458,370,370,169,125,352,590,625,673,679,707,528,701,719,268,223,312,80,694,539,290,419,456,588,698,118,288,506,757,
421,64,259,86,234,32,434,679,812,51,165,350,399,547,638,689,719,754,41,803,269,402,429,456,706,159,128,390,431,394,668,380,681,104,355,680,804,289,309,386,671,766,65,217,229,451,570,592,648,677,728,76,85,282,422,93,314,15,726,107,275,622,742,221,274,402,599,695,
296,439,591,280,743,155,458,633,660,0,231,298,330,659,791,43,253,443,498,722,767,
370,7,166,117,225,273,373,451,739,788,43,109,417,418,11,479,488,4,117,141,356,190,387,42,493,520,54,668,579,249,660,757,818,159,
642,636,72,177,258,400,753,777,35,218,264,165,459,567,557,306,322,593,765,195,401,433,457,464,507,650,724,819,140,695,284,428,442,12,67,128,185,391,73,142,383,479,780,14,56,413,518,592,679,139,201,232,292,303,353,384,504,537,642,363,320,472,495,236,601,628,668,690,712,96,201,558,714,767,330,36,500,608,735,32,214,227,101,437,708,789,131,224,755,
273,318,306,142,247,327,640,753,32,53,397,602,678,755,
451,421,370,501,139,165,271,329,518,762,776,795,453,464,637,676,717,
170,322,375,
649,744,472,35,125,625,629,325,607,623,7,430,539,645,672,316,351,404,549,591,489,654,259,668,672,
288,6,401,140,302,381,476,175,643,229,247,359,361,510,602,663,278,
330,87,31,92,127,8,264,293,367,397,184,64,211,330,522,612,50,436,457,543,566,604,708,736,786,
390,658,254,420,22,440,118,598,714,757,322,336,701,
173,165,119,177,549,576,756,767,300,274,784,307,348,752,
476,51,233,119,593,45,100,669,141,476,247,78,361,395,575,39,767,816,307,479,482,521,439,339,677,769,681,218,256,270,353,454,489,621,788,114,202,235,54,556,643,683,724,771,139,253,794,
181,451,104,137,318,552,745,691,399,567,
248,167,30,180,211,408,568,628,671,158,287,295,303,318,355,473,482,500,525,748,99,247,54,301,658,7,763,65,244,478,534,636,784,801,479,578,622,707,759,407,702,773,
118,276,324,
311,615,81,636,50,151,223,290,323,114,740,618,162,280,303,338,353,398,480,717,779,188,177,285,444,656,299,194,55,488,560,589,633,77,489,81,405,432,646,726,786,140,689,715,746,430,150,758,291,294,367,58,422,477,685,739,180,802,321,473,95,417,498,577,641,711,802,99,41,614,702,30,178,367,411,642,41,464,592,680,286,171,528,777,32,11,284,435,463,526,533,642,651,151,222,333,515,559,287,387,53,50,683,755,122,239,715,813,363,442,463,492,623,625,68,74,295,679,37,351,524,606,806,220,281,214,449,540,158,166,38,261,148,181,586,647,24,114,610,674,592,496,638,764,779,481,504,516,536,591,661,170,184,394,424,488,659,779,75,80,79,161,190,321,339,408,441,582,169,111,397,424,448,518,538,545,667,128,187,199,11,321,438,646,507,21,115,160,172,486,656,717,487,38,179,205,211,621,283,507,208,170,298,400,376,687,322,443,684,699,749,752,794,705,413,768,216,239,244,429,2,564,710,130,359,618,729,791,380,57,533,189,280,293,597,623,662,797,812,467,626,656,815,159,264,491,722,749,126,106,112,259,387,462,501,
278,304,501,325,157,220,459,517,641,323,649,288,366,
273,360,370,597,292,57,721,166,286,494,812,96,109,187,211,355,667,676,699,789,410,
562,576,190,9,212,352,421,454,575,674,810,
371,557,813,69,115,119,228,39,690,713,770,62,195,446,476,610,696,697,62,71,399,768,777,793,
412,322,584,7,183,78,172,595,734,190,207,259,459,586,694,813,233,349,611,
591,97,230,232,243,280,32,542,444,464,4,40,139,279,514,619,819,676,10,130,141,158,10,358,404,103,443,152,499,420,491,504,578,49,312,341,399,493,707,762,110,685,253,222,20,498,568,594,607,776,260,299,329,366,595,628,800,550,661,719,748,19,198,340,516,577,605,122,80,795,223,452,466,752,199,614,617,733,509,69,197,435,657,66,361,594,738,749,176,318,239,312,333,609,760,808,112,145,184,296,70,490,708,658,100,228,349,485,506,724,743,46,340,403,455,153,467,23,52,212,466,489,543,569,672,799,62,67,219,339,396,549,568,569,718,329,
788,278,94,370,506,172,445,562,593,700,
351,331,576,346,593,678,149,461,421,35,623,809,106,218,232,312,335,619,694,705,121,302,199,336,451,589,677,706,124,220,298,443,809,391,423,112,119,304,388,530,535,724,749,40,110,269,453,247,668,722,657,
647,143,121,113,323,33,28,706,68,340,341,646,657,713,32,193,452,819,74,752,240,183,357,736,311,218,478,144,273,302,362,652,273,428,442,491,608,618,683,794,361,58,445,536,220,657,464,468,469,77,159,297,458,510,724,753,139,186,322,80,734,552,591,145,215,492,805,362,518,47,776,346,492,31,654,277,249,514,529,611,695,766,150,252,353,397,724,298,304,486,719,817,153,163,170,176,219,64,378,628,630,201,217,428,454,275,697,402,553,142,683,207,270,339,340,433,126,512,371,545,212,765,566,
392,672,49,21,44,213,314,361,220,393,183,609,689,711,806,441,632,668,683,
583,744,25,66,322,576,640,329,542,597,604,374,473,549,765,
477,584,326,41,292,406,663,198,
198,658,339,701,269,21,51,793,798,472,8,140,300,363,481,629,15,382,550,609,404,437,555,576,686,688,795,97,110,560,625,744,61,244,306,605,806,738,477,
302,351,202,218,265,301,429,171,48,425,602,642,691,713,715,748,750,791,577,225,81,378,109,15,241,341,542,553,732,753,129,159,
110,257,93,81,102,236,291,613,690,719,745,418,438,473,526,626,805,
322,94,311,132,51,184,357,430,454,503,602,401,95,154,412,415,472,665,706,714,727,787,59,311,49,657,75,84,131,276,464,549,18,323,425,611,170,393,541,159,172,729,156,
37,282,29,192,144,100,691,153,301,431,472,488,540,632,734,767,782,225,191,83,406,761,283,375,437,46,672,687,740,180,352,613,656,729,355,458,526,23,138,190,274,338,427,819,315,349,482,539,646,246,66,414,468,708,746,677,723,102,261,390,2,20,133,315,403,691,714,171,544,634,12,93,98,360,294,398,697,734,696,707,787,790,292,534,558,
167,368,729,394,494,506,813,653,395,457,53,212,322,205,248,316,556,578,606,687,39,201,218,328,41,140,16,500,507,741,770,502,735,263,337,459,486,504,596,644,585,580,617,651,809,
467,72,91,165,104,381,154,557,533,553,731,42,148,196,202,346,439,472,639,585,101,165,206,255,309,121,634,429,732,782,784,358,90,542,808,181,22,258,567,695,9,112,180,190,378,498,527,616,778,399,405,465,643,332,809,566,138,23,112,218,356,481,560,337,483,490,584,819,215,0,397,606,584,662,221,45,132,294,597,591,361,6,259,402,267,348,587,592,769,813,491,
240,112,593,719,96,198,373,682,
720,382,2,50,57,180,189,282,330,469,555,697,
190,112,37,30,53,252,318,405,469,514,586,607,670,738,115,144,312,99,124,211,552,632,688,729,77,146,200,561,562,618,653,690,585,755,338,471,665,378,453,689,767,
104,143,181,88,156,163,258,457,507,
93,97,262,4,42,553,119,141,395,394,477,512,581,4,316,323,442,146,671,767,789,340,442,688,35,340,490,655,679,733,767,235,276,380,440,192,684,752,773,202,308,175,503,27,37,110,311,326,430,668,733,221,269,400,471,548,581,19,458,765,164,231,339,393,413,638,
744,160,73,143,172,169,316,405,478,175,234,475,486,130,780,164,517,199,385,507,371,587,603,641,683,41,572,813,67,215,305,327,437,623,677,702,772,248,717,184,439,581,649,789,162,173,376,525,535,553,16,158,275,291,583,679,740,82,100,125,318,352,727,568,15,702,774,204,660,706,134,790,164,2,579,663,198,255,22,127,
269,139,177,187,206,121,537,777,209,555,811,368,13,74,252,561,64,691,714,30,406,32,349,353,452,610,658,782,803,176,282,563,812,640,129,120,290,313,379,519,370,504,652,801,137,73,241,452,634,647,743,790,812,365,350,540,605,636,46,148,696,741,99,328,426,543,545,577,668,683,44,55,149,195,263,357,423,510,516,398,601,618,12,127,793,625,141,487,495,662,680,60,236,566,595,608,470,26,66,77,122,139,299,28,439,557,609,688,112,167,282,354,372,497,715,818,24,540,173,753,44,138,407,435,611,145,244,312,337,93,645,702,715,816,135,216,420,608,15,689,177,190,380,481,753,323,281,695,784,222,324,334,601,99,135,233,172,6,761,205,295,307,186,414,136,677,678,312,330,337,132,568,30,198,206,339,418,457,461,500,542,199,698,147,223,286,422,465,530,549,616,251,329,382,411,643,710,722,618,658,131,520,628,
274,126,37,368,366,215,296,380,603,663,456,492,641,724,745,812,107,115,117,359,545,447,803,96,347,390,759,796,260,27,461,463,664,173,388,628,664,810,
324,433,257,118,175,333,343,494,645,785,360,576,601,689,
586,382,76,287,439,526,629,759,202,657,
143,744,576,538,353,466,184,202,287,150,676,708,768,80,109,224,325,57,745,99,360,405,222,383,131,678,50,169,212,597,723,738,761,58,89,499,104,302,710,488,107,537,556,497,644,769,609,
745,287,218,10,13,390,598,90,176,43,345,434,464,772,796,425,479,582,64,160,207,354,124,63,773,513,685,769,315,324,501,507,554,634,640,665,167,301,423,249,18,101,518,557,564,697,128,65,534,202,456,469,193,522,702,532,244,293,735,748,176,461,661,437,342,471,806,124,58,141,687,166,232,268,289,335,656,787,229,251,268,338,351,529,206,223,247,326,48,414,43,486,530,560,597,209,282,117,558,812,43,641,
49,129,132,85,396,594,106,669,732,163,410,419,462,630,109,131,178,479,489,413,251,315,400,550,695,766,33,418,539,92,220,744,138,224,387,291,568,748,429,392,568,586,740,554,675,777,1,192,277,347,425,81,623,634,693,712,718,797,302,401,466,682,358,559,580,739,
501,114,21,32,256,278,326,547,72,46,338,376,606,784,803,451,154,368,410,537,605,718,183,219,521,605,708,458,501,507,
488,42,143,137,267,315,465,632,
182,366,306,239,395,433,497,280,742,179,474,529,737,745,200,480,353,468,544,614,767,119,95,152,201,271,40,142,181,277,370,397,688,694,719,127,286,417,446,485,534,134,272,392,754,791,467,534,776,818,45,73,84,149,197,269,326,521,753,
546,27,105,119,221,223,465,525,600,
281,120,57,374,466,518,719,758,77,82,151,252,550,609,711,772,774,100,24,304,563,689,23,68,248,303,345,680,6,34,153,203,407,642,561,785,319,495,218,361,534,752,776,117,376,385,750,723,140,229,345,405,424,523,552,589,642,657,122,151,203,519,691,17,128,214,325,335,795,7,218,222,296,374,588,811,
638,126,255,193,770,800,329,443,529,660,520,178,179,780,
57,143,273,58,69,119,807,481,
190,412,307,
719,382,407,255,460,619,634,600,114,118,217,344,461,468,240,19,83,98,304,300,219,264,762,796,
55,7,276,813,6,459,617,735,189,247,640,139,163,176,537,604,741,749,
249,144,597,79,554,305,274,698,754,559,578,274,708,728,745,286,347,442,479,658,774,162,262,464,90,190,3,692,59,67,499,556,659,740,111,167,530,750,73,579,601,623,133,233,237,597,769,117,376,455,676,125,737,756,762,764,784,
202,745,143,807,69,287,302,382,25,156,159,200,427,625,657,54,119,684,702,40,100,109,48,405,464,691,162,206,329,549,706,180,237,328,411,648,665,702,169,392,597,784,
374,540,585,48,49,131,454,494,579,641,648,742,578,9,624,645,694,
119,134,100,26,45,239,307,340,261,421,505,534,614,437,521,690,736,32,474,542,37,73,509,613,639,667,679,714,106,475,537,573,596,227,522,625,94,10,527,435,597,802,34,122,142,395,499,604,21,309,519,758,346,357,364,390,452,456,717,63,629,240,354,362,373,433,685,696,264,519,630,115,191,240,10,311,454,775,258,310,345,461,172,735,529,603,42,476,396,518,527,566,657,683,816,742,260,249,138,531,255,292,336,340,712,746,430,451,457,499,671,182,127,386,395,457,523,555,153,528,231,344,364,339,473,562,663,667,351,173,33,259,575,621,778,146,311,399,493,580,581,
596,93,76,11,139,478,718,205,146,197,412,687,192,27,340,662,695,798,808,225,348,402,788,316,153,524,642,305,397,509,758,281,350,494,539,173,178,465,585,77,166,184,436,97,511,560,55,220,237,476,489,40,491,103,222,554,
390,274,140,170,197,683,
566,212,370,39,570,572,148,202,109,411,489,572,593,663,703,793,532,617,704,725,794,305,380,584,648,94,404,618,783,94,101,208,436,449,560,782,4,625,714,67,89,109,180,184,710,9,188,262,358,400,589,704,743,198,532,593,284,329,465,78,648,6,376,688,697,117,536,698,769,630,694,731,
211,576,248,15,132,37,230,566,624,632,689,761,175,219,504,636,693,22,46,231,286,415,731,58,98,139,223,589,
155,41,165,249,308,560,643,796,146,301,262,557,348,483,666,709,282,400,519,650,735,410,627,648,655,689,755,807,225,413,337,519,592,678,
114,345,315,43,659,96,554,87,93,410,55,572,586,155,556,40,176,270,332,528,628,281,797,332,347,742,811,376,618,623,629,688,726,47,99,240,290,301,374,391,247,522,804,53,418,309,488,195,42,775,354,510,580,585,740,760,642,711,777,348,724,736,291,92,
593,88,476,238,320,665,386,496,563,222,396,426,544,803,29,219,240,392,416,497,519,801,415,584,731,169,205,645,
525,368,726,630,101,333,558,295,310,384,551,733,52,148,166,215,622,411,629,59,718,75,153,385,99,443,113,811,791,773,457,153,115,141,355,436,529,609,636,658,745,770,780,148,137,402,764,85,347,395,511,535,574,105,720,365,413,645,749,794,603,
559,189,584,135,406,343,352,156,393,441,542,3,31,112,217,382,414,420,434,529,618,690,799,36,192,223,275,399,568,593,702,761,690,730,753,307,
474,182,93,24,96,145,257,27,290,340,622,35,128,189,453,593,618,663,705,732,76,125,129,398,432,527,548,617,805,13,42,45,129,442,674,706,785,24,393,551,568,614,639,760,
775,451,
559,503,224,230,259,537,640,816,16,275,345,559,629,763,122,99,186,246,329,673,708,774,801,235,707,789,90,337,529,610,659,324,600,605,727,
584,472,435,371,98,420,623,758,27,700,168,177,549,396,325,343,364,430,207,692,760,774,789,226,453,529,120,193,226,412,474,493,499,527,813,418,494,562,585,691,90,257,309,432,563,566,39,722,356,432,668,542,727,729,412,307,652,187,348,419,463,73,467,559,268,477,478,697,97,72,731,60,36,401,506,490,545,98,280,336,497,
592,358,189,36,95,202,343,527,689,714,799,154,404,604,78,202,459,611,655,100,704,168,774,800,375,115,122,234,517,711,48,277,307,375,496,439,656,667,700,311,177,355,608,127,233,247,403,548,629,172,648,659,215,607,790,79,71,509,546,683,235,244,253,510,131,707,45,197,386,47,211,228,141,64,356,397,549,375,103,182,230,524,656,104,314,242,154,796,465,44,695,712,807,140,340,264,363,443,601,49,57,249,458,493,615,689,346,393,421,512,617,32,141,534,198,209,224,290,298,332,603,626,782,36,304,25,454,328,355,629,799,
165,140,61,36,71,90,298,86,717,791,64,810,60,336,419,513,121,64,97,26,233,353,368,423,439,468,633,773,157,173,320,519,558,595,776,246,250,517,780,184,240,422,469,604,658,705,149,329,708,
585,56,1,406,56,489,93,420,442,444,41,58,373,135,334,464,543,548,694,129,235,355,52,523,139,318,414,420,506,103,566,232,498,767,76,439,176,398,446,535,3,771,811,517,607,281,0,621,752,142,222,300,166,401,733,180,266,300,755,80,160,211,300,307,490,593,731,419,31,74,157,171,374,464,810,402,488,616,624,626,724,51,358,440,506,4,277,419,600,68,812,327,547,582,790,60,74,211,273,328,372,612,629,650,719,418,481,546,575,796,801,
233,269,476,87,322,497,693,363,490,786,25,197,254,322,509,102,668,701,725,596,671,814,7,212,233,299,552,580,207,744,775,360,614,
672,280,472,1,247,392,694,704,69,205,216,259,504,577,650,44,45,165,500,671,46,358,84,457,467,504,32,720,241,274,323,486,
140,592,680,222,390,423,654,28,171,225,395,598,777,783,33,43,147,478,682,791,798,269,272,283,373,518,598,799,
447,249,
658,371,86,70,144,27,18,143,200,426,735,160,420,451,566,613,619,796,812,70,187,474,572,664,680,62,293,318,687,377,250,319,380,585,625,734,452,476,601,807,58,64,532,453,708,3,269,36,592,605,670,674,679,762,45,179,265,469,486,593,779,
153,382,90,95,643,136,96,161,208,271,344,743,745,154,414,579,583,628,76,443,251,329,399,3,483,494,539,664,780,257,401,666,187,447,607,810,330,127,773,283,97,273,243,527,683,730,27,60,340,347,369,378,536,604,685,127,412,281,51,61,138,332,352,308,455,557,709,476,515,770,367,390,85,89,275,615,674,342,389,542,538,199,302,284,410,502,744,412,450,305,326,234,234,218,78,329,355,410,676,3,343,356,56,701,706,805,551,316,569,724,387,61,408,436,649,811,334,502,742,767,803,153,305,328,180,134,351,429,574,370,419,198,359,479,769,
352,93,597,
249,155,263,412,447,615,695,797,109,191,487,750,322,332,448,682,779,
777,153,1,267,613,413,2,27,138,226,291,672,803,252,389,529,543,655,672,594,171,228,249,305,395,333,755,471,548,560,694,665,607,258,360,387,498,618,737,177,572,603,491,522,580,584,460,474,783,802,21,24,48,235,305,347,210,537,597,758,327,334,330,61,22,625,641,519,727,
451,520,154,29,188,709,732,812,148,361,541,13,613,647,147,181,281,354,814,302,441,104,710,39,223,425,491,529,391,618,580,656,666,771,775,783,150,155,3,382,612,691,790,198,252,275,343,492,360,534,651,744,749,109,356,
641,278,777,357,
267,326,32,268,68,62,818,80,178,200,45,448,493,565,484,144,236,479,543,801,403,460,101,629,740,789,544,656,75,231,308,393,13,374,387,416,504,591,662,750,752,164,398,408,122,283,646,472,51,657,816,197,332,493,518,606,505,743,502,532,239,170,218,748,389,676,763,538,120,400,552,571,636,710,723,753,773,689,251,256,257,265,754,201,488,7,72,766,767,812,318,198,115,282,361,97,53,431,581,621,743,264,336,686,733,51,217,259,299,333,344,665,681,703,35,308,453,521,560,683,246,51,131,188,255,260,351,509,516,608,41,49,374,561,667,163,289,365,607,621,715,723,466,640,543,626,238,347,594,653,722,151,285,317,329,386,706,273,435,470,488,799,383,471,106,549,644,221,696,737,155,158,284,83,136,216,155,33,487,491,554,628,178,171,437,484,560,618,404,655,684,224,262,496,801,414,61,739,741,211,300,342,367,511,641,200,272,478,72,74,260,384,424,791,197,226,287,293,377,742,2,124,343,546,585,707,711,
264,330,306,551,808,
557,371,88,72,170,187,293,500,698,76,126,313,402,406,366,554,692,95,128,238,255,330,581,202,23,48,62,116,128,154,553,664,441,448,533,626,752,765,
617,94,674,28,482,709,733,14,68,155,289,420,457,648,124,708,759,798,181,270,515,704,741,745,75,138,282,307,313,345,148,455,490,518,696,745,33,374,419,538,628,645,711,7,47,175,178,255,256,268,285,388,449,494,563,710,105,18,346,706,714,349,509,639,345,429,701,710,711,258,82,640,771,308,318,443,604,791,31,100,102,158,168,349,386,558,650,139,282,431,522,391,500,603,684,704,707,811,35,43,97,219,512,616,267,107,156,407,422,443,491,35,567,691,151,218,282,373,635,143,254,676,762,37,119,209,223,250,480,87,172,460,472,624,496,601,801,
347,682,61,256,334,351,70,773,56,153,199,488,644,742,56,356,376,418,430,437,471,486,498,818,717,750,794,
255,557,638,744,134,158,375,394,804,
368,89,33,106,626,167,342,390,525,804,49,250,279,370,719,761,205,358,74,806,364,102,281,24,13,155,265,435,511,543,589,733,217,69,439,178,321,136,274,495,529,716,441,113,738,117,219,474,476,585,650,150,50,456,462,791,305,443,469,540,692,725,352,372,482,585,18,658,788,127,214,376,54,545,557,802,112,236,362,363,667,
371,62,369,584,107,171,231,470,658,756,790,481,166,762,766,433,807,291,341,353,620,47,156,247,371,703,58,135,228,301,763,559,741,763,66,220,363,365,168,482,698,709,594,651,669,809,118,358,393,417,801,25,484,733,770,27,41,150,368,39,558,573,610,641,63,151,271,281,318,704,108,467,
126,250,749,0,240,307,314,315,561,632,737,595,88,127,84,650,651,711,718,155,122,226,270,342,477,552,304,572,676,261,274,409,522,529,692,461,718,603,638,72,251,689,722,803,345,380,461,638,678,721,734,494,684,92,154,184,238,393,421,509,612,653,663,95,191,312,130,443,482,672,679,311,410,
401,116,88,322,636,260,288,436,501,719,730,307,322,26,488,804,352,182,289,400,543,689,31,105,295,376,627,653,705,790,704,187,244,249,307,421,657,732,789,
682,271,410,347,557,274,31,671,700,537,552,554,94,170,231,246,378,730,277,335,440,691,745,
276,322,55,41,84,118,123,211,374,442,576,382,642,738,808,
255,719,
467,672,182,
762,658,451,719,265,
735,642,55,
114,719,318,
547,501,
302,49,288,280,
580,167,233,
721,273,
153,347,153,591,
671,672,233,
577,230,
579,472,744,370,
40,596,351,
491,467,
202,557,586,
137,181,488,
791,140,296,
526,586,
794,476,347,525,
410,126,318,273,
41,439,477,
298,318,397,
521,182,
700,788,397,
118,177,390,
537,143,55,
467,371,244,
57,439,720,
751,439,
814,433,
93,596,490,
689,324,190,
777,371,
348,467,173,
206,662,
