191,480,177,188,486,602,240,28,689,46,156,490,536,590,718,175,429,484,718,69,215,306,452,488,782,728,395,457,565,643,697,217,282,559,566,603,626,348,513,623,658,667,818,278,397,627,54,61,472,387,33,753,39,389,197,208,596,677,722,818,406,67,200,338,349,362,452,537,
724,23,130,283,317,379,797,154,205,253,309,426,689,690,158,288,305,446,604,642,311,372,430,537,543,631,692,695,
430,218,152,181,204,205,644,268,15,319,57,590,653,97,120,196,177,21,387,225,514,675,730,739,761,768,263,384,221,86,226,278,306,317,331,351,392,434,492,589,734,773,281,454,506,596,71,213,619,112,235,393,485,486,575,731,819,334,92,515,661,693,734,226,369,438,774,250,332,524,715,726,739,753,54,228,244,139,347,122,819,619,780,104,161,172,694,110,333,411,522,570,592,596,656,661,
644,6,205,180,454,501,776,29,37,168,170,394,488,638,148,222,509,614,627,780,795,22,351,448,483,580,656,94,175,295,340,513,
90,320,13,59,152,29,29,276,587,722,768,62,284,421,773,779,79,46,3,585,737,153,287,340,37,650,673,721,377,571,599,82,714,723,460,683,202,369,604,816,306,428,518,628,42,660,107,690,379,391,94,683,802,
118,237,89,480,59,607,708,181,186,219,360,6,179,239,335,148,38,339,364,373,567,568,58,733,745,640,656,712,387,548,587,615,661,693,135,229,522,563,742,360,400,751,160,268,316,456,592,727,742,171,349,514,744,44,381,661,743,493,609,252,341,151,479,543,574,612,140,740,744,783,98,349,390,436,514,239,650,750,809,139,164,263,286,490,528,550,649,777,791,86,227,465,76,667,674,690,745,98,6,168,244,256,348,472,646,319,321,697,764,765,107,210,618,671,247,755,76,330,385,114,418,427,495,548,55,273,289,357,523,533,17,201,340,555,711,761,27,139,277,485,127,205,251,263,338,357,362,386,614,702,771,807,258,335,401,77,135,195,264,285,345,454,494,627,651,751,48,253,404,42,468,585,598,635,665,216,480,497,724,739,749,
74,470,
508,565,637,34,358,379,39,648,706,726,
387,312,448,476,709,107,306,480,591,606,21,336,500,517,522,652,759,
534,337,292,347,368,417,569,706,741,752,771,
222,614,255,530,395,505,600,121,145,26,468,529,532,582,36,183,348,436,532,105,349,467,533,579,786,800,193,233,391,141,787,795,355,598,697,46,66,11,583,590,623,648,200,756,231,276,289,329,507,804,
797,724,
4,6,80,59,166,445,281,706,212,548,703,716,800,122,268,295,439,526,46,655,669,674,749,765,209,340,371,759,769,207,403,546,2,170,185,464,474,102,102,241,105,572,100,476,585,691,45,169,253,357,373,447,62,387,376,638,0,326,343,411,594,749,146,329,504,515,57,726,120,110,592,637,706,729,30,451,474,506,638,691,118,340,578,643,336,494,149,640,349,491,565,588,24,307,495,647,366,685,92,784,58,546,550,556,468,675,689,153,736,807,158,261,277,312,529,703,809,104,306,653,761,803,51,87,211,319,593,741,
804,66,499,
662,328,162,240,364,381,493,499,22,652,656,104,403,391,807,169,511,616,673,687,769,790,795,377,403,451,145,537,619,665,429,379,360,500,612,641,642,176,215,312,507,691,750,816,227,718,744,760,816,
276,107,256,176,355,223,597,767,231,340,527,628,723,740,767,113,241,777,
384,212,352,62,28,252,671,150,743,781,160,313,623,64,168,267,238,636,225,133,340,369,373,394,464,290,465,797,585,614,761,546,644,659,185,338,370,534,542,690,262,662,685,796,0,195,212,331,500,559,604,210,289,311,482,746,766,116,215,
204,193,709,65,115,151,193,343,385,500,717,799,161,215,297,595,182,324,367,368,523,667,732,796,16,65,356,638,686,325,373,566,714,717,762,176,436,480,
736,394,355,141,387,577,650,716,130,786,267,352,357,440,111,637,751,815,614,632,24,107,137,201,371,455,526,604,651,790,426,65,209,57,377,394,639,428,559,684,687,688,
309,508,724,
419,714,330,155,32,152,209,377,760,449,
766,470,
702,181,118,457,515,532,628,
714,310,473,481,224,528,221,554,660,752,226,286,333,515,553,571,83,117,465,468,477,582,523,674,677,804,13,44,46,49,112,139,359,423,533,577,210,225,232,324,429,447,592,6,65,163,234,668,678,697,704,765,37,94,95,255,339,528,762,221,377,533,557,602,790,247,296,391,419,580,710,741,27,451,455,616,812,330,74,121,138,174,556,735,756,
813,328,671,271,610,620,753,341,460,138,726,806,118,197,295,541,568,500,684,804,809,9,20,520,653,18,285,310,438,488,339,268,294,324,355,398,493,586,666,520,49,213,288,301,425,459,515,669,127,795,819,95,115,165,307,476,528,728,379,500,557,643,669,170,226,303,435,637,8,115,279,290,737,444,99,306,55,136,373,580,651,107,291,521,638,803,
506,171,169,258,312,441,813,482,633,383,387,438,13,663,208,5,85,352,367,509,248,675,297,705,729,758,802,282,371,385,547,51,163,551,614,675,302,305,750,420,446,451,767,808,67,170,177,58,742,793,154,117,575,173,96,269,571,725,82,727,204,247,390,495,571,49,172,177,414,474,392,412,109,245,571,307,407,432,606,666,775,741,247,112,150,191,303,272,376,430,163,144,2,185,258,528,538,602,661,666,792,808,59,9,50,352,370,443,508,809,24,236,272,538,95,705,580,702,196,312,404,553,239,316,522,281,254,418,784,324,346,550,652,61,729,83,154,22,483,596,237,268,402,580,801,502,562,92,95,462,596,677,
400,659,6,374,457,520,536,617,2,50,228,297,689,209,338,537,547,674,736,781,50,132,213,267,316,493,505,512,801,122,186,346,435,517,776,79,377,413,612,638,713,80,291,294,375,436,446,466,483,655,101,152,194,246,571,628,698,736,
452,183,350,112,403,240,310,299,715,730,256,366,516,629,4,251,42,110,243,255,427,443,470,603,122,418,438,708,775,783,803,310,188,246,336,518,690,711,393,595,609,650,752,13,169,304,472,10,194,298,11,517,521,678,747,142,268,613,406,800,343,444,608,644,655,722,761,325,573,580,213,391,405,549,26,181,84,202,660,748,774,797,275,36,352,418,547,744,193,326,341,491,660,690,740,110,819,608,77,126,377,582,652,654,707,741,757,219,265,39,669,43,212,420,491,659,172,338,584,701,734,575,45,99,130,140,285,356,366,548,645,201,212,216,287,317,497,788,
29,330,256,10,19,52,122,441,521,573,677,685,8,183,235,451,235,243,569,751,
124,361,116,87,267,610,635,689,123,362,633,280,225,325,382,176,437,694,79,102,173,440,677,733,792,31,227,268,296,4,34,45,560,85,763,108,266,271,132,390,433,549,657,676,764,494,439,741,310,8,61,108,125,164,292,324,223,233,478,664,681,99,224,364,390,403,623,152,
549,798,149,412,415,718,554,291,519,264,333,545,526,773,
637,637,269,508,513,663,794,238,676,679,113,178,652,691,103,266,524,747,
313,789,339,26,293,402,436,509,674,104,122,223,382,770,794,
789,188,359,125,1,26,27,115,242,584,805,123,124,687,382,816,3,455,485,712,40,133,285,342,344,375,403,483,576,587,690,99,360,398,681,86,3,332,727,227,101,352,615,723,332,24,237,158,170,313,432,33,137,763,236,251,570,613,40,697,761,124,265,579,625,651,659,732,773,
450,502,179,185,328,355,387,429,603,632,695,417,506,684,727,
298,259,242,336,481,546,622,
534,9,205,6,275,285,479,126,417,488,2,47,195,259,283,371,467,173,359,378,484,530,774,162,411,458,527,650,686,671,
737,813,89,110,276,533,699,710,
39,429,452,131,564,679,797,157,334,
121,347,222,469,495,664,30,136,158,717,77,402,601,713,798,247,424,559,722,803,259,458,474,
1,40,226,348,603,726,110,328,134,628,656,135,140,269,290,474,508,534,703,765,
65,204,
23,113,194,384,746,77,164,256,375,724,742,197,220,279,9,357,6,148,22,101,235,260,453,618,686,714,266,290,311,449,458,504,606,698,
610,508,
737,499,583,54,113,518,780,
344,189,60,132,344,259,361,626,669,124,95,56,678,767,211,230,362,798,
344,552,205,348,30,202,319,399,483,741,770,253,433,790,206,435,444,511,78,99,285,332,358,407,457,52,168,169,222,304,550,712,441,528,555,314,683,700,788,753,817,675,238,66,174,270,350,439,463,669,700,82,775,813,32,335,154,79,212,360,494,558,596,641,654,707,779,353,705,783,89,436,597,623,
619,339,662,800,442,
566,281,113,26,281,357,389,534,545,548,720,60,155,276,468,559,624,392,517,521,594,647,15,88,403,671,700,739,805,179,217,266,270,286,341,388,30,740,49,93,76,219,243,293,294,429,482,612,655,813,415,581,162,635,681,818,177,796,110,446,82,491,690,77,756,54,194,248,423,597,779,285,616,686,90,120,176,218,490,19,790,61,69,101,173,286,397,156,197,11,524,779,78,83,107,221,231,
673,275,331,637,646,
337,385,116,65,90,93,8,334,269,405,432,572,592,598,662,730,706,753,129,289,368,364,550,803,463,643,32,278,42,482,630,92,162,326,704,715,752,81,260,294,345,399,605,608,424,531,600,624,689,65,165,201,65,714,744,251,254,257,815,358,268,271,56,12,588,725,788,301,302,52,275,336,368,308,107,163,246,33,407,443,478,186,217,237,551,408,410,728,767,136,170,525,614,626,638,20,162,185,255,56,667,675,209,375,227,506,763,213,281,332,740,140,146,252,297,514,527,531,758,
361,344,83,103,408,460,
561,524,228,604,700,771,795,84,101,152,248,429,479,676,229,268,494,636,769,798,259,641,239,739,750,83,198,429,602,590,810,102,131,162,166,694,791,353,429,
796,193,384,
356,204,
794,370,637,147,177,65,594,727,
448,387,156,261,348,382,548,
190,349,287,565,570,18,183,347,607,299,658,475,85,660,697,787,149,478,516,656,127,372,607,702,717,795,256,354,578,588,684,769,65,82,389,620,658,128,359,184,183,463,621,654,672,714,715,788,604,613,645,678,212,28,641,711,799,178,126,449,108,573,647,239,65,583,723,796,167,372,444,484,533,608,654,748,755,
233,124,
2,24,534,73,679,736,
744,160,73,193,172,169,316,405,478,175,234,475,486,130,780,164,517,199,385,507,371,587,603,641,683,41,572,813,67,215,305,327,437,623,677,702,772,248,717,184,439,581,284,789,162,173,376,525,535,553,16,158,275,291,87,679,740,82,100,125,318,352,727,568,15,702,774,204,660,706,134,790,164,2,375,663,129,305,22,127,90,131,589,423,456,615,635,145,387,101,514,170,177,268,121,499,513,524,525,799,410,593,3,170,304,348,440,799,31,415,431,519,152,432,646,243,424,529,594,611,617,638,671,163,218,227,380,429,433,528,648,732,793,801,790,186,352,472,668,682,738,773,25,55,241,167,212,264,381,712,84,140,54,440,677,703,234,324,453,455,576,601,810,173,193,254,519,525,716,83,589,594,699,767,3,78,138,317,104,386,490,496,573,728,785,351,64,95,251,322,474,797,112,496,100,30,381,618,635,662,130,305,364,179,215,358,402,413,652,694,745,782,32,230,241,251,297,317,524,29,679,799,62,194,303,377,3,556,206,393,413,532,548,615,654,691,58,200,429,650,289,739,757,102,154,228,309,315,370,406,445,503,555,634,762,795,270,382,438,618,9,413,40,709,48,70,529,738,783,635,656,726,
330,254,243,329,493,29,651,356,443,90,110,473,573,11,24,135,271,419,747,37,437,492,123,622,720,139,76,738,818,714,24,239,156,390,571,
603,244,212,480,588,770,118,64,324,377,444,602,708,158,246,273,369,625,152,294,383,4,704,721,740,77,157,329,375,142,8,536,812,20,138,139,275,355,595,619,692,
659,97,671,106,260,651,732,12,57,686,4,512,758,806,379,444,495,323,572,580,629,657,624,40,101,167,236,250,400,464,607,105,202,235,300,322,503,515,46,641,659,667,794,329,681,754,232,236,307,406,756,378,440,504,187,273,275,402,435,520,642,4,308,331,402,441,307,164,612,656,816,215,435,558,331,470,759,764,319,405,470,518,680,714,
122,709,185,27,143,235,173,73,125,166,643,197,228,331,411,711,80,462,687,691,
403,111,4,5,104,138,305,329,463,730,780,249,301,309,396,255,438,730,754,372,409,660,24,129,160,366,382,498,695,738,221,256,279,293,319,423,348,358,0,505,749,798,192,749,114,236,283,326,450,690,92,282,341,612,784,780,151,450,469,547,552,171,637,650,221,257,329,589,94,207,308,369,389,255,78,163,189,245,37,761,796,771,794,459,336,343,454,732,528,597,747,98,100,261,272,406,711,96,260,348,578,591,
13,295,0,370,30,169,282,196,405,307,407,28,671,679,90,181,256,187,212,262,317,651,29,115,102,523,570,803,251,330,599,228,431,560,563,755,
499,66,662,12,104,192,212,575,701,783,246,328,344,469,619,791,804,270,297,132,418,505,520,815,530,737,122,777,615,692,703,
758,49,43,113,233,337,523,131,721,141,159,69,241,490,26,790,47,73,111,202,238,362,783,151,162,190,477,493,511,564,583,587,634,126,715,235,281,28,475,603,635,680,33,579,730,337,
800,244,280,467,293,528,697,816,310,715,370,222,375,508,614,178,111,292,355,704,765,692,79,190,193,671,677,619,242,109,12,461,521,659,93,351,623,143,157,300,575,625,749,790,792,316,476,600,702,45,171,223,710,786,802,
760,188,66,225,80,96,528,204,609,501,85,627,734,103,803,30,213,376,663,23,179,453,512,549,107,728,186,322,447,485,610,744,772,193,586,782,198,2,133,402,507,508,134,767,782,216,326,390,575,766,816,585,229,337,435,470,526,607,203,229,264,301,506,535,542,658,703,733,174,490,523,657,763,797,294,658,755,760,29,99,126,426,492,688,705,98,522,421,323,674,670,
674,683,322,19,105,144,571,706,439,243,491,552,764,32,252,314,376,447,336,78,703,770,792,480,552,591,628,653,707,747,17,431,692,742,19,292,739,93,294,506,552,760,317,337,386,582,621,721,44,67,134,265,327,522,555,18,63,123,155,189,242,285,408,432,445,476,726,268,383,255,536,573,593,816,521,575,729,87,172,58,628,369,445,180,395,545,747,566,281,220,355,532,663,705,778,
320,157,399,375,213,238,425,194,581,679,808,540,594,7,14,28,76,230,407,431,637,736,780,493,27,57,62,192,273,342,366,158,129,466,528,676,766,611,89,636,658,728,268,383,423,709,817,322,437,480,655,125,430,349,0,106,30,547,625,270,378,502,509,581,20,772,241,636,429,555,140,141,217,493,44,126,142,183,394,92,48,110,301,477,564,571,644,736,459,105,251,271,338,13,424,456,686,449,538,582,129,169,180,305,197,651,704,777,818,231,422,502,534,642,798,205,271,332,367,570,673,395,409,560,608,742,771,781,
502,455,115,177,57,165,271,450,155,40,576,787,546,296,334,373,467,269,289,553,570,72,795,809,5,494,80,125,183,406,316,356,366,268,389,495,604,806,543,655,721,
565,4,147,126,181,382,508,555,744,199,224,37,302,427,574,752,271,298,534,572,640,334,353,434,445,457,498,521,747,751,
683,303,399,32,179,9,24,337,438,574,761,211,558,585,675,815,58,456,61,20,232,260,365,378,252,777,135,192,324,340,67,94,42,289,153,139,436,721,814,461,527,658,675,680,729,255,590,40,806,813,78,400,508,632,640,658,666,273,283,343,699,60,152,552,573,627,659,754,552,15,350,358,391,545,554,619,674,785,130,189,208,350,665,37,87,367,379,418,479,495,687,95,102,171,245,585,611,201,243,629,640,179,118,769,194,268,106,208,406,12,797,179,82,676,88,273,287,350,545,594,623,792,56,162,428,454,26,563,633,286,90,323,364,66,529,134,261,227,363,382,454,478,582,654,323,443,620,696,156,234,452,632,653,694,60,95,141,187,149,526,37,195,222,274,316,106,484,172,295,324,394,521,551,789,581,514,559,596,688,
292,800,3,12,70,101,118,235,254,435,517,534,698,97,285,355,473,133,418,554,585,716,727,749,76,79,308,626,640,783,
429,281,467,103,193,162,241,421,656,662,744,155,87,112,140,171,200,202,78,174,679,618,685,700,446,650,79,363,193,517,518,544,620,748,124,55,520,540,717,246,152,192,359,635,478,545,706,709,755,6,462,818,526,794,346,163,381,87,123,206,563,656,776,17,148,192,39,398,402,594,607,194,196,276,483,637,205,781,279,342,402,412,704,712,742,143,176,54,65,163,304,316,503,609,709,164,275,366,381,402,85,613,183,67,541,563,588,725,84,380,460,468,578,775,777,678,
269,127,5,153,135,207,77,378,409,465,289,644,371,460,36,201,263,637,380,407,499,523,169,16,248,476,500,573,708,813,815,73,125,218,290,576,73,237,269,530,251,343,801,417,507,595,202,652,816,445,485,504,
339,440,64,398,584,619,752,809,481,503,683,19,43,85,246,258,313,432,507,533,674,729,19,223,226,253,493,664,224,379,427,629,789,254,258,379,528,765,788,
452,600,5,30,32,58,67,118,594,624,742,786,8,54,111,642,675,677,
406,374,157,393,658,142,236,533,589,730,733,746,570,
788,67,190,147,138,397,592,734,815,261,333,443,613,680,683,13,44,104,243,247,600,722,758,791,
337,760,758,90,269,295,534,612,663,771,339,409,14,428,444,516,563,601,631,722,739,34,208,228,325,351,45,50,470,526,
205,337,344,626,644,783,305,554,800,70,132,259,576,719,721,297,347,494,595,649,671,686,759,49,578,693,429,454,139,158,297,434,539,727,316,368,403,591,782,
520,64,659,96,126,421,253,320,529,623,187,433,463,722,757,
370,7,142,166,117,225,511,373,217,739,332,43,109,417,418,11,479,488,4,117,141,356,190,387,42,493,404,54,668,71,249,660,757,818,159,281,462,483,385,577,696,790,125,490,157,680,780,31,128,557,185,384,585,130,201,259,384,392,684,720,378,446,237,288,294,321,410,630,782,96,290,497,583,610,793,277,801,62,163,441,599,684,734,753,17,486,514,632,771,9,19,170,357,377,428,135,536,62,410,488,629,743,753,756,59,408,514,761,816,55,108,273,52,491,633,85,114,139,197,310,407,455,778,94,136,170,186,295,105,372,375,554,67,124,77,486,235,592,16,71,369,802,95,359,547,205,134,172,375,220,252,390,472,181,710,805,528,606,707,54,547,579,89,817,7,555,694,703,55,61,197,501,15,800,33,158,213,296,606,721,373,13,439,651,379,14,185,250,263,42,98,183,276,19,380,794,136,272,311,672,684,756,771,136,208,384,713,312,
619,425,515,105,358,683,23,75,95,164,174,500,18,709,776,464,520,785,111,114,139,171,300,508,611,749,808,117,207,360,460,502,592,598,57,252,446,123,311,391,768,39,171,395,464,501,512,790,803,106,193,450,467,643,683,183,575,363,379,402,432,485,538,42,689,31,556,745,272,347,377,427,221,771,332,334,367,690,758,178,226,125,308,454,476,644,777,785,1,244,395,445,181,566,713,732,800,253,257,295,316,402,424,616,0,281,284,299,425,460,92,283,404,534,731,764,79,220,235,241,465,680,691,
256,588,18,43,29,276,182,449,764,190,569,594,618,115,162,194,315,321,387,657,774,166,562,777,818,600,167,317,406,
147,565,788,
470,292,16,74,113,202,270,365,237,602,735,472,680,703,714,754,766,70,305,402,416,695,725,796,380,433,634,758,
242,813,674,21,180,233,298,413,653,0,351,96,569,151,289,293,327,472,580,702,484,539,636,176,205,269,508,540,558,573,652,777,
600,353,344,97,32,365,427,490,632,450,101,115,129,157,249,13,452,705,422,72,119,417,420,427,430,27,256,42,90,212,264,601,752,735,
532,563,673,601,260,399,474,679,812,637,647,723,781,523,663,768,711,66,306,339,659,680,714,21,33,722,563,284,420,183,586,698,8,108,271,314,22,470,484,644,662,92,485,498,626,697,283,381,416,497,511,563,685,109,524,640,745,265,291,662,
157,406,600,108,355,260,565,623,705,722,809,428,513,756,
637,74,15,117,156,159,380,501,559,637,776,111,122,269,370,397,703,720,690,215,285,308,352,171,220,280,415,498,755,49,334,390,406,461,619,136,161,302,330,450,502,687,395,514,803,
439,370,136,110,336,489,132,56,729,413,429,710,317,412,127,716,725,147,361,753,
467,190,72,57,153,172,267,732,194,349,352,97,256,303,361,452,794,131,31,175,432,719,806,32,236,35,372,813,36,70,433,536,543,179,613,294,352,463,749,208,309,390,515,176,730,279,601,618,429,41,578,26,394,448,502,606,611,622,169,372,565,604,660,25,101,521,558,36,169,220,243,298,380,56,171,368,422,621,791,1,176,348,468,522,588,325,789,809,303,266,286,46,64,202,146,243,554,770,33,449,79,232,267,316,397,407,629,632,367,750,782,475,483,806,67,111,276,392,460,470,542,703,730,787,18,151,327,613,619,702,116,171,232,368,373,455,623,120,813,194,441,688,716,227,234,275,98,265,337,457,470,488,21,70,193,230,306,392,11,62,254,280,290,342,394,457,594,694,754,51,140,168,277,246,578,714,
508,800,813,19,313,581,803,44,476,799,264,309,314,348,545,579,610,643,719,749,782,673,702,715,757,51,146,253,405,487,524,778,
107,187,111,66,130,233,411,413,595,64,74,41,89,164,191,270,276,499,595,645,682,726,574,654,668,673,127,203,342,361,407,97,442,797,427,99,113,363,384,766,190,323,
371,736,
310,199,127,182,451,491,512,591,597,177,786,227,243,266,299,49,627,644,694,714,758,45,336,193,690,721,519,320,616,102,181,227,10,321,403,483,515,703,187,387,516,270,49,619,649,740,742,762,469,752,108,116,455,652,10,490,81,505,816,512,591,261,445,474,508,3,398,512,553,701,734,780,162,314,373,413,440,459,156,289,108,765,124,249,269,497,516,679,289,291,361,629,712,229,347,409,563,
67,653,90,132,94,23,257,407,409,496,269,626,648,651,113,40,137,186,335,812,639,78,27,425,320,453,509,519,525,540,221,800,235,275,337,351,464,501,616,630,692,588,361,40,590,599,629,365,18,559,592,350,413,501,541,681,208,690,263,300,399,467,473,559,626,656,796,453,47,362,380,492,494,664,766,804,771,402,196,372,600,784,816,429,479,252,256,265,430,579,626,641,58,104,315,80,516,65,757,777,788,751,162,178,185,196,341,405,425,73,375,377,187,560,657,765,222,277,239,256,315,455,583,763,174,404,430,637,
6,4,581,9,20,157,268,230,574,562,741,779,9,11,173,281,367,446,634,817,36,706,145,303,341,353,507,531,639,132,236,57,487,728,37,185,205,694,813,288,363,378,527,661,228,30,568,714,33,181,241,361,686,534,30,396,661,762,249,451,88,205,208,381,546,635,77,348,429,509,40,682,692,735,96,329,349,364,500,744,409,
773,372,744,473,706,27,166,279,372,544,601,634,29,275,103,609,661,817,818,502,717,796,228,474,46,94,232,554,148,655,700,819,76,103,104,270,358,372,569,765,662,782,413,547,720,747,801,133,209,221,297,363,374,2,673,715,12,339,466,540,668,127,649,721,736,157,285,315,336,405,485,530,77,718,749,74,214,227,364,410,684,434,769,375,452,720,810,548,573,362,0,431,52,218,329,74,400,427,58,97,486,586,596,642,63,201,215,384,426,597,662,780,
300,800,
591,277,387,
85,339,429,20,282,487,625,786,
260,219,532,287,604,581,112,291,318,64,495,744,585,55,104,693,44,580,718,728,165,316,351,420,642,122,710,10,283,314,376,467,477,626,635,312,187,424,78,681,705,770,
169,269,13,330,422,575,616,21,746,39,227,584,783,28,688,704,52,155,297,615,730,735,0,44,208,648,678,679,729,
647,143,121,113,323,33,28,706,68,340,341,646,657,713,32,193,452,819,74,752,240,183,357,736,304,218,478,144,273,302,362,652,273,428,442,491,608,618,683,794,361,58,445,536,220,657,464,468,469,77,159,297,458,510,724,753,139,186,322,80,734,552,591,145,215,492,805,362,518,47,776,346,492,31,654,277,249,514,529,611,695,766,150,252,353,397,724,298,304,486,719,817,153,163,170,176,219,64,378,628,630,201,217,428,454,275,697,402,553,142,683,207,270,339,340,433,126,512,371,545,212,765,566,12,104,333,378,18,618,651,707,735,135,344,374,620,812,317,207,639,736,141,155,347,354,22,140,235,332,374,91,382,484,4,692,294,329,458,470,115,133,147,176,179,208,360,403,448,119,650,124,211,433,706,24,104,143,152,316,483,717,7,169,184,286,310,357,51,457,555,582,631,693,738,58,234,333,520,622,693,751,78,351,727,239,12,669,682,221,288,68,353,457,48,752,31,231,299,390,562,788,288,312,451,520,628,714,56,318,352,521,111,277,543,573,130,727,730,763,801,119,218,250,736,71,242,109,352,411,604,623,725,755,180,278,146,445,178,290,286,565,734,668,217,321,449,534,553,592,794,248,99,520,385,85,480,638,180,203,220,291,399,607,627,390,144,467,618,714,727,400,92,639,199,254,261,287,429,449,517,724,749,
709,55,204,180,340,394,603,620,638,721,122,585,609,101,246,254,259,223,479,534,592,624,751,767,401,535,541,674,797,541,560,183,432,559,574,701,163,205,690,205,331,515,791,
143,122,135,592,721,
277,90,384,168,200,308,387,488,591,775,663,756,
813,242,508,27,62,124,163,398,405,464,633,217,233,680,818,9,13,205,615,205,327,458,310,333,348,792,690,696,762,60,139,245,252,463,507,634,733,734,782,
514,720,
66,537,481,360,147,393,409,111,563,221,642,591,800,11,78,314,364,435,476,757,790,651,551,760,785,64,376,720,432,603,457,484,693,219,741,776,70,160,374,377,413,64,463,479,535,676,419,469,708,710,233,376,439,749,265,302,455,614,519,103,226,317,346,453,599,705,10,34,105,575,86,275,361,499,721,767,807,508,659,685,809,101,395,357,385,397,448,474,477,576,593,683,736,632,322,519,536,632,770,804,254,489,670,787,25,136,235,442,551,581,628,45,68,317,28,412,474,606,665,742,757,485,519,612,690,
720,243,637,251,391,514,667,33,650,49,121,573,655,730,
302,565,
185,67,384,179,224,407,595,771,273,408,
583,193,104,169,15,285,345,630,11,149,166,203,456,501,533,737,789,815,144,177,182,11,367,554,622,180,273,651,748,773,
690,549,11,81,79,484,477,762,335,350,392,631,727,333,741,182,29,172,275,443,650,486,199,287,616,620,775,727,15,77,277,430,435,632,660,778,465,510,130,555,637,216,328,517,759,7,95,257,642,703,321,460,474,253,653,749,
12,499,173,4,153,428,496,525,358,593,87,190,230,377,411,442,606,631,
469,499,121,35,66,79,86,225,239,286,480,528,675,727,803,28,137,203,13,763,404,434,593,794,
671,149,3,64,185,415,813,258,44,280,294,315,556,204,279,498,726,99,445,533,659,676,763,101,150,353,387,479,665,83,172,221,295,342,505,160,720,397,633,690,408,439,683,183,202,238,343,507,746,6,160,191,282,308,407,556,618,716,60,124,167,269,275,353,435,18,304,344,350,367,390,407,549,647,654,260,809,222,24,712,361,379,575,594,158,386,583,590,664,670,37,314,196,245,412,381,392,431,136,158,189,190,416,437,591,726,548,671,496,626,709,
353,193,76,698,728,733,185,452,68,780,790,268,289,600,628,206,345,467,501,640,749,37,35,125,130,400,410,616,394,501,564,597,614,658,806,56,66,140,328,406,15,640,678,683,689,744,703,23,379,393,591,614,315,245,330,460,528,
580,242,506,
136,9,545,220,258,96,465,560,693,782,19,304,434,796,57,473,507,585,411,695,200,263,416,424,439,444,492,536,545,0,35,159,245,95,329,465,506,528,710,742,459,473,197,246,324,176,391,554,678,345,431,515,634,189,194,536,171,312,556,753,
588,
243,358,285,11,479,186,221,283,331,459,555,383,628,743,137,264,270,331,240,263,627,539,146,592,612,743,158,283,459,654,666,63,754,328,260,377,405,547,83,92,147,651,249,116,399,479,601,611,288,527,540,674,45,397,633,659,279,386,495,788,681,377,654,693,805,602,685,2,114,305,309,379,454,512,574,129,21,804,148,206,55,483,591,704,75,137,161,363,181,686,795,499,195,250,330,344,512,568,602,618,628,762,205,282,542,579,632,733,129,115,747,94,194,443,445,246,689,720,781,266,294,450,541,555,719,703,149,7,107,156,228,334,715,353,488,494,773,604,646,661,
113,470,758,
193,760,21,204,510,596,650,229,166,286,182,358,385,581,583,258,403,434,573,638,127,157,136,598,165,770,700,802,814,691,796,52,133,55,227,255,377,679,338,479,559,565,742,781,
384,23,10,160,277,371,479,494,580,658,720,259,503,623,796,138,569,572,672,148,157,324,496,585,612,729,
496,12,361,514,636,181,258,531,654,718,
155,148,502,419,249,675,691,187,486,494,584,731,163,734,739,80,201,
141,222,
253,520,118,
623,157,520,
803,4,121,
705,344,157,
60,344,
436,400,313,
533,339,
24,2,736,330,
595,185,269,
656,644,1,
340,276,
775,277,429,
443,788,
495,121,
113,276,737,
320,520,
142,406,603,
307,659,
118,452,
519,66,
181,702,496,
628,400,702,
679,2,169,
635,118,758,
649,
603,1,
171,800,136,
89,737,344,
199,647,
703,1,
524,508,637,
570,406,430,
368,534,205,
531,496,337,
152,419,400,124,
506,450,
642,452,
780,773,737,
201,452,773,155,
80,122,155,
382,313,448,
229,310,193,
347,310,534,
742,320,193,
