178,20,11,229,514,564,764,169,208,228,475,520,471,452,66,646,239,19,511,566,666,272,469,739,118,162,302,351,70,175,249,367,409,522,597,346,
566,231,150,
143,155,585,487,325,711,50,106,306,623,656,
562,517,781,368,255,737,20,86,304,331,379,313,713,318,480,504,551,564,611,1,35,46,247,509,655,679,115,237,16,268,609,8,792,795,309,520,534,595,687,713,718,6,779,26,311,536,209,495,519,277,371,398,488,538,555,562,679,696,
110,627,585,71,159,205,207,270,309,412,
267,326,32,268,68,62,818,80,178,200,45,448,493,565,484,144,236,479,543,801,403,460,101,629,740,789,544,656,75,231,308,393,13,374,387,416,504,591,662,750,752,164,398,408,122,283,646,472,51,657,816,197,332,493,518,606,505,743,502,532,239,170,218,748,389,676,763,538,120,400,552,571,636,710,723,753,773,689,251,256,257,265,754,201,488,7,72,766,767,812,318,198,115,282,361,97,53,431,581,621,743,264,336,686,733,51,217,259,299,333,344,665,681,703,35,308,453,521,560,683,246,51,131,188,255,260,351,509,516,608,41,49,374,561,667,163,289,365,607,621,715,723,466,640,543,626,
39,91,353,366,567,655,
446,369,471,591,113,214,229,270,579,401,70,331,167,209,393,393,422,254,507,541,759,637,307,815,447,463,610,664,736,
110,201,42,183,22,168,65,329,246,310,518,569,118,704,17,195,348,392,580,660,112,407,454,610,611,104,208,512,41,814,155,202,260,794,797,124,306,432,655,385,615,88,207,515,624,656,756,632,36,406,453,634,142,654,241,17,187,160,740,749,110,146,681,308,335,349,667,198,589,404,387,72,145,209,293,368,522,692,50,292,51,121,131,383,559,627,633,109,93,123,194,195,552,555,684,760,43,78,268,332,477,668,473,794,5,207,241,283,464,669,749,85,132,298,635,750,801,230,315,503,564,78,476,521,541,666,799,156,318,679,688,195,208,795,406,417,665,524,623,656,802,10,165,703,110,383,447,623,200,239,546,354,426,13,91,201,414,32,106,329,436,525,817,81,530,466,503,518,709,375,81,154,155,213,231,281,282,284,567,647,658,687,
79,575,170,323,397,612,551,119,217,320,435,500,526,532,156,224,284,353,73,520,749,224,248,268,727,13,214,323,340,239,487,206,28,287,393,66,195,277,363,441,483,742,811,458,74,311,27,33,422,279,293,703,384,675,693,57,692,299,411,574,732,752,97,38,92,131,161,402,558,604,725,177,240,324,381,422,465,467,523,654,12,695,301,381,476,546,611,178,203,292,593,705,
756,104,5,121,152,193,197,641,728,412,665,123,180,206,255,708,2,250,254,383,417,813,192,327,444,662,73,457,149,42,451,779,489,9,98,745,135,273,576,677,122,146,201,407,496,740,
311,615,81,636,50,151,223,290,323,114,740,618,162,280,303,338,353,398,480,717,779,188,177,285,444,656,299,194,55,488,560,589,633,77,489,81,405,432,646,726,786,140,689,715,746,430,150,758,291,294,367,58,422,477,685,739,180,802,321,473,95,417,498,577,641,711,802,99,41,614,702,30,178,367,411,642,41,464,592,680,286,171,528,777,32,11,284,435,463,526,533,642,651,151,222,333,515,559,287,387,53,50,683,755,122,239,715,813,363,442,463,492,623,625,68,74,295,679,37,351,524,606,806,220,281,214,449,540,158,79,38,261,148,181,586,647,24,114,610,674,592,496,638,764,779,481,504,516,536,591,661,170,184,394,424,488,659,779,75,80,79,161,190,321,339,408,441,582,464,397,424,448,518,538,545,667,128,
488,135,287,344,254,272,447,715,
255,756,672,71,119,283,156,571,670,128,134,180,235,282,351,591,659,276,431,721,9,55,230,249,320,439,447,736,400,535,610,
543,639,752,
426,153,77,224,304,91,801,110,165,266,418,677,684,169,243,767,800,128,206,400,426,0,95,806,
625,112,305,
152,646,114,48,159,18,415,471,597,102,258,369,405,343,691,130,671,721,303,311,15,375,392,440,492,692,694,11,17,113,150,345,351,447,485,638,772,786,54,183,496,537,357,532,547,588,332,744,673,728,137,157,268,189,712,204,206,334,541,169,240,567,573,771,66,354,485,523,646,695,316,508,162,264,349,592,689,709,749,177,453,509,583,657,659,759,0,36,138,151,238,241,349,444,47,170,546,688,689,1,443,394,137,296,72,589,640,115,276,343,351,354,426,433,553,564,572,609,227,639,112,256,314,375,400,447,715,638,245,265,513,809,816,18,435,497,506,645,97,343,543,643,11,136,201,630,778,164,56,81,136,629,724,
75,797,339,150,398,550,607,197,140,320,394,531,695,744,784,349,375,497,507,604,643,686,727,
331,231,65,145,28,118,178,99,395,429,528,233,710,294,120,483,486,549,534,67,121,335,365,445,446,584,40,561,599,149,110,151,611,546,17,770,93,154,168,337,766,790,26,453,26,251,320,290,300,526,696,39,113,135,259,448,536,286,641,651,730,202,807,387,406,805,8,144,71,313,344,567,647,17,366,369,413,537,599,633,132,358,410,457,517,704,787,78,35,127,61,312,424,463,464,817,70,89,29,173,521,576,697,709,770,191,386,68,564,319,359,438,556,645,747,49,773,70,110,508,516,762,775,133,279,465,618,126,179,2,507,595,636,645,26,130,535,638,98,723,346,609,447,670,98,208,490,693,45,254,372,588,609,343,590,675,151,237,325,527,729,195,353,638,784,801,205,233,384,558,725,497,121,294,302,457,480,515,661,752,
20,627,451,487,34,70,110,135,282,651,675,
617,354,674,28,482,709,733,14,68,155,289,420,457,648,124,708,759,798,181,270,515,704,741,745,75,138,282,307,313,345,148,455,490,518,696,745,33,374,419,538,628,645,711,7,47,175,178,255,256,268,285,388,449,494,563,710,105,221,346,706,714,
119,79,170,26,45,239,307,340,261,421,505,534,614,437,521,690,736,32,474,542,37,73,509,613,639,667,679,714,106,475,537,573,596,227,522,625,94,10,527,435,597,802,34,122,142,395,499,604,21,309,519,758,346,357,364,390,452,456,717,104,629,240,354,362,373,433,685,696,
6,114,84,52,137,268,269,357,398,643,783,818,21,435,532,796,208,308,18,623,655,729,753,417,429,565,818,657,152,225,413,746,54,242,243,14,367,533,599,610,757,116,146,722,745,
744,75,55,
117,386,233,275,762,21,470,294,244,226,41,549,643,723,816,249,399,418,676,781,36,201,247,264,460,643,717,312,373,698,262,344,563,792,
526,72,752,745,0,300,508,509,579,592,501,782,306,356,362,32,504,579,782,83,122,199,304,506,64,768,459,522,805,75,453,169,533,650,435,521,738,171,364,559,655,674,693,
37,180,603,553,144,536,691,
613,37,157,209,261,216,40,47,66,75,312,322,221,423,618,98,143,207,380,427,615,690,734,81,31,454,485,496,614,327,483,639,737,775,683,507,516,624,693,745,452,277,280,340,56,465,472,125,150,230,42,426,446,577,579,596,729,338,401,645,763,782,
270,446,64,36,736,77,441,476,556,579,631,718,
566,178,135,24,172,197,508,513,520,44,623,777,114,187,335,508,233,553,722,790,793,703,
612,797,411,99,723,747,424,464,716,769,57,49,171,547,620,745,203,262,373,461,696,723,776,279,288,319,469,
703,244,55,555,596,228,755,386,584,806,566,
603,436,65,37,36,104,140,145,363,551,574,268,24,615,764,485,52,262,122,329,351,366,708,125,115,331,411,433,480,
777,566,418,613,791,2,27,138,226,291,672,803,
639,10,128,127,142,241,256,434,594,773,699,45,75,246,566,748,64,328,429,609,738,810,26,60,317,406,490,557,29,415,139,220,360,378,417,504,675,704,165,188,303,437,552,729,197,176,377,424,784,797,318,522,760,775,205,651,733,533,689,162,472,245,533,539,677,802,194,258,559,620,256,182,213,589,795,255,334,516,581,584,753,104,173,219,472,486,559,583,35,127,219,236,687,193,639,504,596,647,760,620,772,183,520,172,364,556,29,623,730,777,448,526,598,94,5,85,137,255,485,549,597,118,164,223,463,577,609,21,96,124,203,313,426,162,505,664,207,305,331,90,561,676,731,246,288,349,689,767,610,469,626,652,749,543,318,
471,457,596,105,135,59,429,615,618,54,133,53,314,468,700,817,617,458,542,801,101,404,26,118,195,322,263,163,606,106,289,175,365,688,693,699,523,528,203,244,167,513,700,8,432,542,236,264,57,368,649,36,117,185,325,363,469,512,563,727,803,140,223,46,443,446,475,497,557,631,213,261,284,224,708,283,804,149,223,473,573,28,175,185,404,565,137,260,364,570,757,236,354,712,766,132,195,376,382,458,762,807,
612,529,205,3,219,507,483,23,13,165,183,781,787,421,317,168,329,0,381,506,538,552,441,684,542,202,218,311,459,793,4,92,131,205,627,538,559,260,778,816,129,246,11,439,683,718,813,224,554,678,731,189,392,618,132,771,
469,647,774,79,295,494,542,545,567,640,665,742,760,68,122,249,450,237,286,576,603,632,210,315,319,755,768,819,156,224,231,329,429,557,652,774,0,26,142,178,254,105,434,447,458,550,670,676,729,732,170,183,725,612,717,739,388,590,716,779,
39,133,311,166,401,737,8,781,810,637,112,175,80,261,36,50,363,23,555,128,256,331,519,569,671,183,165,786,568,640,733,85,35,115,198,271,59,311,753,322,82,572,702,213,355,312,434,479,573,714,255,540,562,702,121,174,291,296,
647,41,121,113,323,469,28,706,68,340,341,646,657,713,32,193,452,819,74,752,240,183,357,736,311,218,478,144,273,302,362,652,273,428,442,491,608,618,683,794,361,397,445,536,220,657,464,468,469,77,159,297,458,510,724,753,
774,73,141,40,42,136,210,255,371,450,469,550,750,113,13,206,264,229,421,464,489,0,304,407,88,123,385,115,362,793,467,572,215,650,695,735,372,307,782,111,317,618,637,641,756,772,193,214,249,554,754,29,100,208,592,679,
576,55,14,53,122,371,631,687,791,124,229,345,453,595,
800,114,426,
329,201,178,726,266,415,469,470,496,661,676,687,700,725,727,742,789,7,429,652,717,
205,152,224,445,700,260,292,305,340,806,66,148,506,525,658,382,456,546,671,752,9,163,316,419,778,37,243,388,417,626,669,103,159,406,225,782,801,464,615,642,770,779,814,34,230,6,698,713,418,780,333,150,218,400,403,552,608,676,714,726,
135,265,754,124,263,426,479,488,566,100,153,632,675,21,75,99,176,495,693,769,776,200,204,570,650,366,409,415,554,549,
112,159,525,346,314,5,114,165,312,685,319,6,198,277,141,259,718,558,800,1,639,746,766,300,178,396,483,739,746,55,126,10,352,367,419,113,168,415,493,519,555,744,92,67,299,340,575,717,748,92,284,432,439,554,672,696,749,67,53,195,353,357,430,456,561,606,640,288,314,56,676,62,99,130,797,225,279,304,437,549,359,724,109,642,377,382,262,446,587,599,513,471,64,302,530,771,728,792,364,690,66,240,504,781,106,291,363,378,398,605,625,665,788,54,229,278,543,87,313,539,784,152,42,245,309,310,363,415,726,269,186,211,245,258,321,354,483,644,686,792,551,229,355,378,121,573,605,657,678,319,540,576,625,631,686,103,292,342,380,630,357,
679,54,20,441,100,643,305,802,90,106,110,304,60,775,787,175,369,377,379,435,467,478,143,572,816,610,540,147,712,788,332,479,551,21,77,138,140,147,585,276,615,658,783,32,111,442,511,548,361,290,309,488,599,659,776,784,93,501,558,73,214,432,618,634,144,180,289,522,280,249,573,577,643,707,76,290,389,453,454,702,722,70,69,342,401,798,175,285,322,432,499,52,89,142,371,475,574,583,619,150,764,67,442,568,780,
672,2,41,185,255,371,430,627,651,12,241,138,236,641,118,385,453,785,89,158,195,277,489,382,627,264,479,616,214,688,430,574,235,327,440,481,521,170,
487,90,337,219,340,79,102,0,209,135,376,48,301,214,432,446,489,560,677,704,135,305,405,323,516,545,561,67,702,801,313,196,574,666,702,778,199,202,24,63,223,338,456,475,202,399,819,1,150,154,273,276,308,444,450,728,733,769,120,402,703,799,22,287,486,761,247,463,532,724,82,457,759,812,2,152,275,93,704,79,134,144,198,450,624,720,817,96,423,453,106,137,310,344,187,624,756,783,303,139,613,755,758,808,817,54,813,153,271,369,815,2,207,360,521,636,778,811,688,143,238,289,479,183,767,92,16,802,49,184,251,97,534,554,570,590,20,102,201,317,418,639,700,
91,354,797,93,242,474,648,21,70,36,112,227,276,385,56,138,173,240,391,491,39,701,815,510,775,809,455,470,716,742,411,803,
451,35,17,517,554,748,121,300,462,537,542,606,774,214,474,488,520,528,633,188,423,461,567,110,199,474,579,773,435,711,733,100,691,725,810,363,736,281,364,98,573,740,73,367,476,730,264,270,313,162,79,436,553,606,804,224,390,446,611,374,37,585,700,87,89,471,622,407,177,132,330,542,555,590,594,786,287,292,401,518,554,565,736,164,20,444,628,766,789,41,177,85,335,446,616,720,179,317,660,675,707,773,805,
65,164,565,16,523,704,145,403,713,271,809,353,78,414,786,707,348,414,11,23,100,570,576,622,695,506,404,306,341,520,536,596,302,124,767,327,371,407,218,558,597,728,786,117,169,314,424,564,733,736,26,103,205,266,303,356,458,490,567,728,260,796,811,305,512,537,555,621,738,171,221,688,779,
816,752,7,18,160,173,267,495,550,567,628,115,179,402,548,608,694,
37,7,192,302,308,782,71,285,342,101,784,187,24,461,466,567,586,369,793,337,567,625,191,353,529,155,232,457,472,508,534,553,578,187,364,368,424,656,96,220,451,636,656,670,744,343,451,507,701,738,762,111,151,122,706,733,811,22,282,562,752,133,152,496,623,629,757,
791,576,777,
688,153,680,283,445,428,192,671,397,680,692,256,464,671,2,29,72,107,123,216,228,27,94,490,651,12,292,301,376,473,487,502,553,637,677,108,11,408,549,589,792,343,706,776,98,195,289,318,
603,591,469,126,279,211,19,377,55,723,789,814,149,158,215,282,368,362,590,449,809,
412,183,585,126,240,315,442,571,639,649,799,
281,464,
153,382,90,95,643,136,96,161,208,271,344,743,745,797,414,579,583,628,688,443,251,329,399,3,483,494,539,664,780,257,401,666,187,447,607,810,330,127,773,283,97,426,273,243,527,683,730,27,60,340,347,369,378,536,604,685,127,412,51,61,138,332,352,418,455,557,709,476,515,770,
670,37,255,161,272,377,437,593,640,668,36,207,438,511,512,517,141,610,689,513,571,
304,526,426,23,37,106,281,522,599,30,129,211,267,290,529,
680,231,738,10,513,519,544,638,688,798,815,530,317,433,726,547,207,281,371,386,459,706,33,67,135,153,336,184,632,519,156,53,350,280,306,60,48,545,566,596,712,721,755,365,513,72,33,224,417,231,380,394,579,
785,115,176,180,220,361,418,766,775,54,585,634,667,754,69,249,316,593,110,748,226,625,17,46,152,336,649,54,686,138,44,207,237,367,383,141,307,344,363,523,324,340,543,583,801,534,773,36,290,668,
248,193,428,294,372,668,735,758,809,306,147,210,54,678,69,582,119,368,32,274,411,713,759,812,72,401,345,254,465,76,87,269,296,356,432,454,517,575,51,588,650,791,102,444,651,785,215,394,20,731,356,376,92,712,769,797,222,171,378,421,577,202,250,342,401,719,257,781,14,169,204,220,257,588,624,654,396,20,207,246,490,525,685,814,6,124,154,12,71,203,271,741,164,277,450,673,13,70,36,132,250,453,464,16,85,10,308,354,524,593,119,352,408,476,260,273,334,548,694,790,192,341,58,88,300,485,673,134,148,318,334,547,89,109,128,180,639,
341,491,495,30,102,124,321,356,376,428,537,146,184,440,574,422,688,435,69,447,547,88,152,402,439,475,608,28,211,214,220,405,547,654,665,143,398,215,549,486,805,785,93,362,619,724,258,314,528,661,110,154,183,196,254,500,593,802,53,282,307,402,460,584,646,784,395,482,550,575,188,282,320,618,725,788,370,431,212,593,701,458,118,270,22,377,381,550,142,441,533,818,48,161,435,520,605,366,384,529,662,664,736,355,186,247,286,324,316,166,685,533,416,434,507,561,687,741,784,815,481,560,0,235,243,375,439,687,697,717,175,262,330,357,453,520,523,747,559,568,622,654,771,67,138,
688,449,436,45,640,104,132,754,220,319,402,358,606,765,632,65,246,424,437,599,633,512,599,624,739,815,139,258,34,169,239,381,217,24,686,712,793,803,634,318,46,39,124,153,463,559,135,695,314,382,492,493,661,200,38,218,272,483,551,598,648,63,698,792,39,696,794,87,449,670,592,
700,369,152,182,189,239,274,322,577,622,807,28,270,508,664,472,107,506,568,631,
41,484,209,0,169,219,275,321,376,318,400,504,558,579,647,699,744,70,442,568,618,672,702,158,315,407,493,669,413,92,170,776,786,476,34,727,813,555,778,84,772,324,396,482,3,554,564,817,440,39,251,29,308,309,334,553,148,337,630,
340,79,205,79,221,206,304,122,402,88,165,309,590,593,615,735,374,427,512,677,100,306,41,657,779,496,336,413,609,713,70,742,210,348,381,694,699,712,799,
508,43,216,335,348,668,76,149,37,359,427,437,516,782,152,136,268,406,637,668,761,801,810,40,40,290,417,549,691,728,41,126,167,293,414,624,649,774,189,371,457,605,85,652,719,177,235,250,203,273,403,626,249,328,182,57,228,474,807,184,287,705,707,143,498,642,130,781,375,260,336,356,458,561,673,785,25,273,345,379,386,494,105,127,335,753,
742,469,79,157,796,151,297,136,526,570,674,354,23,84,133,356,280,191,471,191,608,654,112,67,237,361,390,661,808,340,220,233,319,390,716,
592,781,300,36,95,202,343,527,689,714,799,154,404,604,78,202,459,611,655,100,704,168,774,800,375,115,122,234,517,711,48,277,307,375,496,439,656,667,700,311,177,355,608,104,233,247,403,548,629,172,648,659,215,607,790,688,
269,139,177,187,206,121,537,777,209,811,368,13,74,252,561,64,691,714,30,406,458,349,353,452,610,658,782,803,176,282,563,812,640,129,120,290,313,379,519,370,504,652,801,170,73,241,452,634,647,743,790,812,365,350,540,605,636,46,148,696,741,99,328,426,543,545,577,668,683,44,55,149,195,263,357,423,510,516,398,601,618,12,127,793,625,141,487,495,662,680,60,236,566,595,608,470,26,66,77,122,139,299,28,439,557,609,688,112,167,282,354,372,497,715,818,24,540,173,753,44,138,407,435,611,145,244,312,337,645,702,715,
215,614,43,591,460,233,415,531,262,567,65,703,13,65,340,503,559,452,35,297,116,162,251,209,475,552,174,158,686,124,285,386,429,734,
64,502,22,234,676,21,23,320,747,77,722,741,106,440,157,196,233,329,440,451,714,404,453,458,87,534,608,26,699,725,481,495,9,476,510,690,735,11,244,318,489,594,74,326,0,506,166,259,348,398,531,582,614,653,270,159,310,240,751,770,406,454,32,738,562,2,52,226,445,498,734,
254,469,114,359,462,554,745,
434,289,129,22,55,141,160,190,195,248,345,735,20,746,390,76,91,227,191,525,176,371,581,585,639,718,77,518,529,716,735,50,93,131,443,519,619,761,60,341,467,514,672,765,634,666,14,127,226,411,454,2,48,152,233,545,696,798,188,481,512,591,155,52,791,225,521,619,674,90,130,519,622,73,809,163,56,364,699,792,233,415,733,
73,190,75,358,369,479,597,725,743,50,135,378,392,407,422,657,123,355,426,463,774,158,242,752,130,368,685,690,752,816,296,388,432,531,9,283,187,441,583,727,733,798,21,508,287,183,591,509,434,350,450,486,513,614,781,538,550,561,590,624,747,280,344,312,687,737,739,304,452,561,639,641,332,385,496,775,127,350,547,615,618,637,708,793,185,213,421,481,486,556,
180,114,37,2,205,208,258,397,508,357,439,493,525,528,274,43,116,228,270,278,742,751,
418,785,582,369,245,6,367,378,37,634,664,407,78,148,335,383,639,642,793,810,817,184,123,319,422,454,13,557,701,724,768,73,207,323,543,655,54,170,205,0,254,419,615,802,183,441,701,
464,490,110,513,259,64,119,238,242,447,244,439,172,288,371,402,416,126,292,596,591,618,141,374,613,322,631,709,114,803,503,596,611,737,6,172,231,794,281,382,72,327,542,311,61,289,407,461,463,583,725,726,762,783,
467,79,165,381,486,557,
300,126,353,262,340,489,651,360,16,46,68,314,477,631,639,675,209,212,394,463,611,617,682,216,290,294,524,592,289,681,778,394,417,467,537,619,693,744,369,413,260,606,626,696,297,587,764,33,129,215,442,529,641,17,53,211,354,219,496,502,547,578,750,493,498,776,460,644,654,181,324,362,417,525,624,178,256,307,327,127,213,243,705,797,105,230,466,721,98,128,204,246,333,575,653,767,537,549,705,733,
224,118,259,300,607,795,35,52,459,547,554,693,752,781,799,807,187,468,537,741,279,318,531,84,130,205,279,286,85,769,784,108,204,215,282,496,697,803,105,107,69,374,305,102,539,685,766,394,136,180,506,548,605,610,693,86,201,497,568,637,740,376,627,276,641,810,226,203,424,630,631,642,817,140,416,447,476,614,659,6,54,322,360,708,
333,627,121,421,548,594,
274,700,49,72,180,93,185,186,251,658,752,
205,180,612,
84,642,412,456,566,
627,20,672,19,93,110,333,43,157,564,577,621,752,59,279,413,434,545,575,599,614,619,136,
458,46,161,632,605,60,273,188,357,412,528,614,758,229,251,330,607,665,165,569,606,738,604,516,87,236,387,543,578,703,64,73,199,373,421,457,584,701,796,52,221,468,580,598,632,735,178,457,574,661,779,791,84,148,194,342,438,532,535,548,574,689,32,147,210,249,280,338,342,645,88,468,219,295,425,434,568,769,76,673,682,688,269,369,580,649,5,50,269,285,461,479,610,623,776,144,23,189,367,51,461,377,413,719,7,61,211,222,341,421,454,534,762,457,249,474,570,678,462,533,564,237,660,675,732,638,341,547,275,538,699,219,94,111,132,378,499,87,96,144,239,241,614,807,101,170,417,484,300,463,582,804,132,353,422,515,731,751,227,3,214,599,687,208,692,628,28,126,271,487,669,531,570,123,235,605,642,698,0,93,277,305,400,402,782,
65,135,688,423,425,529,603,758,114,160,402,539,217,353,384,710,796,587,619,630,702,749,772,215,10,563,596,628,673,690,799,218,250,368,402,461,628,195,716,258,374,568,169,300,312,330,456,656,211,357,625,
0,183,418,232,338,559,607,614,742,
577,700,386,103,139,152,304,345,647,662,763,
687,329,576,
177,16,35,348,689,265,390,541,603,609,677,739,573,509,626,771,793,206,25,335,443,620,640,772,172,276,433,494,584,586,795,712,750,72,233,269,413,461,800,37,156,166,477,654,140,384,409,598,799,74,50,407,551,299,358,332,451,314,778,780,151,373,417,529,579,591,172,692,544,79,382,531,567,637,622,163,256,262,387,407,430,468,640,335,725,
452,178,613,54,698,725,780,85,23,92,344,779,807,107,109,134,224,265,281,314,341,660,662,
36,117,745,114,
368,603,106,626,
753,
667,785,144,392,412,185,688,215,19,186,197,395,394,400,658,22,736,209,471,62,717,250,305,379,22,473,488,619,699,770,183,353,445,461,788,
36,603,6,180,353,553,625,646,748,195,276,426,435,472,479,491,498,538,693,817,42,114,231,288,361,459,488,714,54,272,304,465,691,740,
508,566,700,180,145,619,714,805,
745,287,10,13,36,598,90,176,43,345,434,464,772,796,425,479,582,64,160,207,354,773,
114,65,140,180,297,369,8,712,254,33,357,373,464,490,515,600,605,533,784,800,22,110,80,530,674,97,186,208,280,605,699,723,757,
781,56,264,21,132,421,734,54,109,215,321,542,592,628,260,526,578,680,802,413,469,32,562,657,673,787,60,208,229,320,508,550,118,682,488,582,810,216,353,379,386,465,487,501,638,703,79,158,191,433,347,148,103,696,734,795,382,405,420,322,323,381,478,528,97,805,806,811,564,628,730,125,722,818,225,246,362,89,247,318,398,548,667,712,
792,252,159,112,317,368,46,106,195,198,497,599,791,55,137,153,263,106,632,633,159,326,283,470,538,186,595,813,421,471,497,512,577,20,790,126,506,600,812,198,214,620,785,310,428,150,187,166,530,589,622,658,382,
293,
591,354,230,243,280,32,542,444,464,4,40,139,279,514,619,819,215,676,10,130,141,158,10,358,404,103,464,446,499,420,491,504,578,603,312,341,399,493,707,762,110,685,15,222,397,498,568,594,607,776,260,299,329,366,595,628,800,550,661,719,748,
797,273,153,284,30,386,433,479,581,601,379,289,346,91,204,266,273,479,611,619,678,694,771,291,308,418,75,514,558,247,279,343,572,612,654,30,294,280,182,519,54,141,458,653,661,708,473,625,804,148,112,244,307,555,85,189,200,201,322,523,595,663,309,651,
549,5,341,22,171,418,436,13,590,713,726,13,79,459,518,633,795,774,618,101,484,597,602,721,469,514,581,706,795,470,492,52,715,435,57,787,812,113,126,40,227,43,64,273,335,352,383,276,713,26,292,307,368,667,166,715,755,773,374,475,477,553,581,638,80,121,387,409,486,615,652,670,767,39,42,122,198,259,383,521,102,547,1,181,246,305,364,498,548,646,651,744,750,10,750,773,110,386,552,718,
613,47,213,89,50,324,327,508,540,561,610,658,279,818,382,481,542,144,260,345,382,426,427,536,165,675,692,71,604,659,691,183,331,690,45,246,676,563,802,239,460,128,303,315,593,600,33,174,267,392,486,493,80,110,312,448,536,584,
158,495,41,29,13,424,477,553,638,737,278,416,489,532,587,666,30,740,113,362,32,76,522,559,486,685,694,799,131,216,231,10,335,375,619,106,419,425,437,487,492,688,525,20,61,413,549,792,807,
151,742,331,204,247,351,418,716,764,585,6,210,390,
545,354,99,308,418,442,644,66,76,605,264,337,421,513,432,435,520,648,705,782,217,334,8,338,585,557,719,
386,22,331,17,546,302,306,748,781,689,726,56,129,239,266,24,35,173,439,613,786,117,153,426,543,94,655,745,112,83,428,755,34,54,78,410,423,488,528,191,562,73,355,437,585,772,62,1,611,708,769,68,92,150,255,279,412,577,611,789,27,50,208,308,346,457,612,800,808,128,315,409,
636,294,76,387,425,677,320,451,512,86,503,780,413,151,453,456,702,780,55,772,242,497,584,630,640,814,254,151,62,409,34,153,182,387,434,472,498,625,
813,174,474,27,200,107,269,270,785,426,260,740,756,41,195,303,486,476,717,90,244,380,556,118,129,133,43,396,744,809,612,113,225,303,329,413,541,325,519,597,629,702,789,686,700,
642,205,84,258,400,753,777,35,218,264,459,567,306,322,593,765,
183,174,73,0,311,335,507,570,694,75,126,130,227,393,475,650,674,706,59,133,182,677,
726,261,224,282,611,129,782,96,747,329,152,7,302,408,518,
752,119,73,405,526,183,326,341,26,817,206,222,511,253,286,602,77,121,191,497,626,756,51,232,352,393,446,469,599,658,445,430,294,398,579,643,793,816,819,57,320,481,777,18,61,73,239,388,503,543,611,700,129,157,160,288,563,583,656,748,
585,150,143,406,412,489,93,420,442,444,41,58,110,135,334,464,543,548,694,129,235,355,52,523,139,318,414,420,506,566,
150,458,585,299,184,566,712,327,395,365,489,630,663,792,394,473,665,788,
180,255,361,235,420,503,594,677,
584,305,636,371,
151,95,37,636,575,708,
369,83,306,74,9,332,365,732,69,703,730,3,779,310,337,488,504,526,580,773,192,637,277,279,353,394,547,611,789,171,191,389,669,793,384,819,214,330,367,509,804,159,291,423,446,558,755,175,388,700,86,346,415,503,676,483,23,643,674,774,36,88,172,190,208,313,333,373,382,22,244,256,270,486,643,766,13,25,42,387,189,229,164,285,653,102,793,796,442,571,599,670,717,
305,205,224,21,55,98,160,243,387,457,574,670,752,388,422,76,97,126,298,304,312,383,447,467,540,736,70,85,131,137,182,485,584,645,748,473,229,316,807,780,625,
55,792,744,186,11,270,299,576,703,636,135,306,385,488,554,772,497,613,622,712,112,240,280,294,510,537,
15,591,32,178,371,590,
170,549,184,528,409,234,728,214,221,161,787,102,416,497,621,671,683,707,771,73,246,400,588,724,810,815,0,239,267,313,421,614,643,80,405,422,504,769,777,119,266,345,593,725,126,284,90,611,328,707,429,704,742,183,68,419,465,585,600,79,700,373,471,367,713,732,483,434,481,482,223,650,691,538,387,301,24,32,269,123,310,347,435,450,48,290,388,407,543,705,219,108,319,622,769,140,787,138,154,382,572,713,595,624,152,162,276,51,730,757,278,477,517,37,590,424,114,116,356,550,626,64,74,181,366,422,463,572,734,150,331,496,747,771,805,418,59,214,249,277,345,492,748,622,249,285,503,664,707,764,672,
183,522,752,639,768,613,335,472,39,197,18,95,208,412,556,609,13,27,49,64,143,179,192,310,340,624,780,634,763,23,229,28,507,516,
782,545,726,64,150,456,
754,74,269,241,239,102,421,330,546,601,619,447,25,583,459,555,35,78,128,135,201,538,205,647,726,743,490,630,666,11,206,358,605,631,760,766,811,32,147,459,743,356,178,721,813,87,456,69,220,436,284,423,41,669,706,6,54,94,161,207,90,472,583,658,778,801,364,373,424,277,
106,792,65,134,297,154,186,267,321,338,87,748,307,344,357,359,370,453,471,
231,166,84,61,85,104,219,479,736,14,97,402,193,241,475,564,718,556,539,673,110,209,438,90,444,486,643,129,677,695,812,212,173,257,300,542,815,781,117,310,657,148,714,784,136,330,424,431,566,785,94,358,395,442,508,559,575,665,49,106,154,220,398,418,688,736,
343,166,298,114,279,228,118,574,588,762,223,225,233,150,666,785,189,283,333,473,762,781,270,505,278,811,332,415,557,81,251,264,297,234,506,566,150,183,441,574,120,754,133,157,275,280,437,94,663,93,732,775,294,432,205,2,70,334,415,546,810,256,370,153,516,129,762,318,620,412,73,673,393,565,644,228,488,640,35,51,210,254,326,72,710,716,135,780,244,379,193,266,440,538,587,727,237,143,353,394,535,553,705,752,764,62,94,280,518,549,552,570,590,110,711,5,169,327,425,459,594,638,802,291,217,776,361,400,435,520,642,53,241,375,691,726,47,379,396,53,571,633,782,51,237,300,116,523,706,175,251,420,582,617,623,760,782,125,183,320,542,677,125,136,148,164,254,366,414,550,562,
712,680,114,310,182,30,474,510,553,568,471,472,
553,158,152,422,62,587,623,9,760,202,468,314,221,118,455,143,372,534,555,609,617,371,428,794,815,37,374,488,543,592,
354,497,21,144,322,533,696,699,125,288,642,750,5,79,261,266,283,320,190,195,330,364,369,475,591,510,522,663,12,359,364,366,620,7,545,588,603,617,639,647,669,695,12,91,337,406,466,639,697,43,81,125,206,499,504,751,48,143,242,290,35,470,755,91,148,228,23,30,177,430,453,24,542,690,742,185,509,564,574,206,365,379,400,466,322,530,648,32,116,348,521,608,
106,158,304,
418,153,777,
312,117,65,
373,117,612,599,
397,591,647,180,
281,304,
575,151,627,
126,412,183,
650,135,183,
752,37,627,
596,613,703,
30,712,304,
536,37,613,
278,180,
32,354,15,
249,255,178,170,
114,36,566,36,
412,84,110,
371,562,15,584,
70,340,20,
599,369,627,373,
421,333,73,
390,742,151,
595,576,
658,110,274,
104,756,592,119,
799,412,340,
79,311,
49,274,231,
357,65,106,112,
106,231,143,
623,143,37,
221,617,65,
486,467,73,
625,65,636,
462,254,
121,39,333,
