232,37,175,258,288,423,469,125,367,400,724,142,509,418,288,55,754,356,389,397,171,262,59,563,580,621,810,18,433,547,
323,187,372,374,59,76,338,360,55,749,55,117,209,288,339,470,424,460,494,404,6,781,64,332,500,504,589,602,604,418,709,356,256,560,717,772,205,250,326,187,637,700,734,186,391,426,435,439,482,775,433,528,111,634,592,252,385,416,796,525,35,242,349,277,104,306,403,444,223,113,136,318,409,537,557,689,733,215,376,387,578,588,255,106,364,493,529,630,763,769,720,
679,54,20,441,100,643,662,802,90,106,110,304,60,775,787,175,369,377,379,435,467,478,143,572,816,819,540,147,712,788,332,479,551,
483,549,37,153,250,307,355,625,443,465,818,
343,462,545,17,112,18,50,228,517,524,548,0,811,49,238,382,680,685,695,716,38,214,355,177,185,135,431,610,705,730,805,487,573,774,609,63,125,418,442,1,212,344,374,393,537,492,747,81,591,766,271,6,177,599,125,219,528,56,647,804,137,235,313,55,640,28,100,333,120,560,591,702,263,73,671,682,728,74,87,358,668,677,20,35,524,537,805,
487,62,791,739,340,79,102,0,209,373,376,549,301,214,432,446,489,560,677,704,135,305,405,323,516,545,561,679,702,801,313,196,574,666,702,778,199,202,24,63,223,338,456,475,202,399,819,364,150,154,273,276,308,444,450,728,733,769,
331,231,65,145,28,118,178,99,395,429,528,233,710,294,120,483,486,549,534,67,121,335,365,445,446,584,40,561,599,149,110,151,611,546,17,770,93,154,168,337,766,790,26,453,26,251,262,290,300,526,696,39,113,135,259,448,536,286,641,651,730,202,807,387,406,805,8,144,71,313,344,567,647,17,366,369,413,537,599,633,132,358,410,457,517,704,787,791,35,127,61,312,424,463,464,817,70,89,29,173,521,576,697,709,770,191,386,68,564,319,359,438,556,645,747,773,
579,514,111,0,52,76,108,502,788,138,818,19,4,519,551,606,754,123,469,701,723,813,556,769,142,239,640,644,686,76,185,230,372,544,580,642,682,49,139,432,29,533,650,722,768,45,301,312,446,517,627,741,27,278,321,540,35,371,436,449,575,617,731,734,737,757,
64,434,227,67,676,
579,26,55,311,96,45,195,323,400,490,275,77,79,51,628,316,509,608,770,814,260,395,411,572,583,771,281,316,325,233,370,406,494,533,585,618,670,735,390,643,289,425,501,692,711,819,396,658,124,202,286,613,670,739,776,19,94,193,295,349,465,490,611,4,135,625,316,608,
586,393,341,74,423,524,601,740,777,432,490,155,631,187,72,95,119,320,405,411,523,554,555,729,757,62,84,459,518,601,362,728,166,578,635,67,59,599,149,217,222,736,771,800,358,537,554,774,819,134,161,171,183,233,396,543,547,676,783,
801,519,213,110,96,36,245,300,428,506,703,111,503,664,757,770,4,281,429,598,722,350,582,604,619,634,119,150,157,202,371,520,649,40,222,293,379,540,231,588,592,658,384,415,544,817,122,263,452,
444,142,717,0,295,309,340,423,442,538,720,785,116,44,100,112,281,272,328,503,623,734,569,73,709,289,628,656,686,734,814,405,571,597,665,54,205,382,387,470,667,755,481,157,169,202,158,677,719,729,295,381,413,610,635,779,800,8,89,330,471,585,40,90,195,326,484,753,67,99,233,599,656,750,281,527,574,719,
79,589,170,
369,28,739,9,332,365,732,331,703,730,3,779,
341,491,495,30,102,124,321,356,376,428,586,146,184,440,574,422,688,435,69,447,547,88,402,439,475,608,28,211,214,220,405,547,654,665,719,398,215,549,486,805,785,93,362,619,724,258,314,528,661,110,154,183,196,254,500,593,802,53,282,307,
111,471,579,144,467,221,391,482,
521,729,469,434,437,448,502,531,127,153,160,286,499,
791,112,46,496,109,3,24,175,27,353,667,714,813,819,79,150,333,666,289,610,493,231,270,487,706,785,117,133,139,142,283,367,510,695,709,806,137,100,378,5,66,188,350,376,648,414,487,652,28,6,812,331,538,633,659,744,47,543,647,761,391,491,503,611,301,343,802,326,556,630,152,713,222,495,816,508,
725,379,443,470,678,706,729,226,146,10,180,544,551,558,706,46,121,43,89,96,262,307,313,388,751,87,644,706,201,215,508,808,639,59,534,661,224,255,302,378,558,332,571,765,133,82,438,645,707,708,66,86,282,341,661,232,732,800,667,514,535,602,717,175,144,170,672,95,639,672,619,512,115,25,479,806,93,286,698,38,64,154,233,294,418,531,604,767,374,149,465,557,83,107,270,281,314,462,52,169,532,536,813,48,150,395,434,592,127,61,110,167,265,372,422,438,11,568,678,772,142,258,332,463,517,142,26,455,163,383,782,575,661,773,795,798,24,442,744,759,818,
4,569,241,55,224,248,277,162,788,289,461,617,49,145,323,390,517,540,573,159,82,275,813,538,739,139,232,236,294,295,431,706,571,695,775,791,805,267,601,661,16,208,288,314,508,510,572,818,395,779,
549,341,22,171,418,436,483,590,713,726,13,79,459,518,633,795,774,618,101,
356,28,110,467,689,715,782,59,104,177,389,596,711,102,462,510,598,611,713,221,289,93,808,
731,719,486,383,493,694,630,
819,679,373,
386,449,331,
545,179,161,111,140,190,329,69,87,140,506,105,344,315,497,499,544,178,85,108,317,364,482,541,619,787,343,543,594,187,317,578,664,816,228,5,127,53,551,624,721,782,79,198,228,24,554,585,714,515,554,345,362,372,367,389,507,509,252,703,350,116,234,283,496,500,211,240,577,691,146,362,461,575,58,125,812,354,454,589,592,641,706,311,546,209,631,642,681,332,413,607,818,708,129,206,232,495,725,125,134,189,279,404,19,665,676,768,790,523,566,647,774,91,291,324,453,681,
311,615,81,636,50,151,223,290,323,114,740,618,162,280,303,338,353,398,480,717,779,579,285,444,656,299,194,488,560,589,633,77,489,81,405,432,646,726,786,140,689,715,746,430,150,758,291,294,367,58,422,477,685,739,180,802,730,473,545,417,498,577,641,711,802,298,41,614,702,764,178,367,411,642,41,464,592,680,286,171,528,777,32,11,284,435,463,526,533,642,651,151,222,333,515,559,
636,152,254,748,15,66,170,411,290,184,534,651,77,115,58,572,714,502,74,128,239,340,506,19,56,61,69,89,267,65,441,658,579,582,645,144,161,166,416,
28,369,329,
62,523,249,82,115,282,277,306,452,31,14,508,350,434,159,816,382,368,113,268,265,393,413,646,67,186,227,311,391,409,624,209,795,799,13,59,258,314,355,250,567,785,799,211,308,560,595,196,96,156,210,388,404,754,103,9,174,258,269,381,384,543,612,73,90,329,164,694,700,372,439,551,603,692,38,41,229,181,696,499,100,297,400,584,691,125,53,129,168,488,531,353,173,46,630,764,207,421,535,758,487,709,802,225,516,59,803,209,228,314,425,451,606,743,482,490,590,732,2,239,20,88,359,426,767,810,138,340,425,556,605,13,731,754,788,797,706,254,696,219,257,22,603,89,452,558,510,215,382,334,
39,76,68,27,93,101,191,281,367,402,505,683,299,70,425,427,67,108,204,278,329,334,369,349,537,643,813,420,270,577,427,646,70,136,299,657,315,376,591,675,694,749,718,278,436,476,537,634,664,388,280,219,495,606,711,808,657,397,607,705,51,166,215,50,385,504,549,449,562,618,760,
110,201,42,183,22,168,65,329,246,310,518,569,118,704,17,195,348,392,580,660,112,407,454,610,611,104,208,512,41,814,155,202,260,794,797,124,306,432,655,385,615,88,207,515,624,656,756,632,356,406,453,634,142,654,801,17,187,160,740,749,110,275,681,308,335,349,667,198,589,404,387,72,145,209,293,368,522,692,50,292,51,121,131,383,559,627,633,357,93,123,194,195,552,555,684,760,43,78,268,332,477,794,
63,639,295,18,275,48,757,549,226,280,315,124,118,755,516,603,619,688,515,29,261,342,401,412,58,226,422,429,595,607,628,53,719,810,307,214,657,666,803,195,270,278,757,241,665,806,63,142,206,406,26,489,500,518,782,728,60,108,225,342,362,398,539,669,783,45,163,249,118,148,137,467,280,317,423,541,5,558,700,8,16,53,217,529,598,224,253,26,649,792,476,733,765,792,81,579,60,500,629,134,383,532,564,23,252,785,388,567,626,743,
469,244,367,24,224,60,763,816,150,202,321,457,489,606,686,767,515,681,684,765,188,411,549,571,600,521,244,198,177,241,253,300,325,378,424,506,578,597,734,58,104,114,204,218,367,404,646,674,730,
134,23,276,38,60,403,108,641,761,280,436,443,514,547,599,768,410,503,711,
471,457,596,111,135,59,429,615,618,54,133,53,314,468,700,817,617,458,542,801,404,
519,212,17,284,440,21,526,402,781,592,492,504,644,509,629,596,401,740,793,803,695,719,764,302,350,453,511,57,811,243,101,99,183,249,281,538,545,530,57,132,633,766,43,246,254,342,435,587,775,190,237,343,345,684,718,753,789,59,301,366,463,467,712,127,232,267,344,373,795,332,560,675,166,762,59,377,393,409,177,228,195,506,580,809,111,493,620,51,183,358,435,561,810,635,760,160,195,373,651,1,801,64,80,205,654,52,92,132,475,568,801,344,159,180,196,198,239,467,517,286,108,167,279,736,592,323,35,663,713,362,442,681,128,134,211,301,243,448,217,128,746,755,394,459,28,72,181,538,569,
462,356,89,154,202,754,
45,170,413,427,463,632,252,672,270,382,495,615,74,723,136,497,618,579,797,696,706,740,452,760,400,455,565,634,683,475,768,582,632,392,429,620,807,223,280,284,310,2,451,510,626,63,127,146,489,504,605,632,262,345,480,541,775,17,232,43,234,432,560,767,794,454,304,267,395,438,508,578,630,662,184,206,624,38,55,83,624,628,716,706,797,800,806,624,
117,224,
230,215,228,632,724,109,189,259,479,735,15,41,115,127,191,306,707,816,
693,148,18,367,268,744,819,58,524,182,196,274,337,87,230,324,411,589,635,7,28,141,442,791,
452,654,183,218,463,
616,260,204,53,177,253,264,308,687,760,94,162,391,535,576,242,340,405,505,536,613,691,736,265,499,128,547,586,619,767,771,230,236,358,366,482,515,73,808,156,569,373,530,156,721,652,75,81,137,184,395,476,619,771,739,
182,693,93,414,436,524,
688,212,486,
354,719,21,144,322,533,696,699,
434,715,113,22,55,141,160,190,195,248,345,735,
329,26,788,74,135,240,390,170,549,49,787,452,12,773,781,739,24,28,127,130,187,592,100,67,581,429,434,139,226,263,413,701,765,
73,216,616,358,369,479,597,725,743,
298,28,151,311,289,500,702,72,214,292,307,377,479,554,557,131,242,664,772,805,13,249,484,723,738,810,240,605,682,699,
78,779,449,579,
589,386,693,
434,269,39,64,227,272,274,406,474,527,47,43,748,199,755,62,154,400,79,140,300,686,
352,729,629,282,357,440,312,588,632,664,789,559,138,230,458,513,546,721,80,436,541,539,644,686,416,362,170,775,
508,4,255,
480,155,14,21,29,53,91,300,424,465,470,647,733,474,520,791,792,477,106,577,146,489,587,593,706,96,500,610,691,310,489,179,209,278,447,56,578,246,325,471,474,319,569,705,726,119,277,292,374,55,500,793,357,434,530,581,592,450,612,337,144,525,668,104,
343,166,298,114,279,228,118,574,588,762,223,225,233,150,666,785,189,283,333,473,762,781,270,505,278,811,332,415,557,81,251,264,297,234,506,566,150,183,441,574,120,754,133,157,275,280,437,94,663,93,732,775,294,432,205,2,70,334,415,546,810,256,370,153,516,129,762,318,620,412,73,673,393,565,644,
654,452,729,67,363,426,685,814,
730,601,362,28,311,458,525,689,765,796,82,133,179,201,397,279,558,716,737,475,119,225,312,474,740,221,631,663,684,739,252,617,196,681,683,58,594,602,523,75,751,532,103,248,710,
486,311,371,68,439,456,731,752,806,607,208,437,688,817,586,519,608,678,754,244,
94,275,241,259,331,368,546,1,124,243,306,378,582,
362,730,566,8,15,549,381,515,676,573,15,68,340,68,806,441,508,714,352,500,675,747,
514,422,75,82,95,93,668,759,444,493,635,712,313,651,82,274,426,445,482,623,241,668,118,138,213,225,226,492,526,788,256,166,192,296,407,426,521,534,567,794,
181,319,178,4,74,94,169,340,384,500,573,777,335,351,487,557,640,740,113,320,494,638,391,456,108,699,717,127,492,604,320,599,664,37,85,260,41,56,493,646,313,319,205,261,437,467,564,582,609,
788,4,234,285,329,373,392,701,755,199,292,330,9,447,59,64,194,441,688,37,172,256,718,778,108,401,436,513,27,767,97,621,765,281,345,360,510,528,675,683,765,
717,463,58,204,258,345,316,322,448,502,714,146,262,306,390,424,451,164,324,599,680,681,787,335,172,574,580,645,381,767,65,150,223,257,315,368,515,532,543,600,639,801,110,354,391,432,0,312,8,145,233,315,514,66,534,616,645,797,148,407,158,201,208,444,477,562,635,736,53,312,367,386,469,486,672,674,729,381,528,592,612,779,182,197,233,390,50,381,434,531,110,204,290,346,517,741,15,100,209,263,154,444,698,465,709,783,76,80,107,681,37,61,350,373,487,220,762,250,538,544,606,646,686,106,759,212,532,723,278,332,475,637,661,693,703,0,584,
471,4,485,139,154,267,356,501,579,668,754,774,488,395,446,524,412,577,652,387,164,701,2,158,452,53,575,793,44,202,270,334,577,716,680,623,705,805,199,60,266,284,489,537,775,129,48,647,517,569,570,674,373,4,21,472,79,564,25,587,599,789,227,328,425,262,152,370,574,603,675,736,227,295,501,502,747,108,473,562,677,
451,62,255,517,554,748,121,300,462,537,542,606,774,214,474,488,520,528,633,188,423,461,567,110,199,474,579,773,435,711,733,
212,82,688,179,450,526,728,
28,167,196,150,110,141,349,424,743,779,796,712,39,271,580,674,802,219,224,278,41,321,514,528,562,187,191,315,401,517,639,733,436,310,732,6,77,145,223,147,286,330,547,697,639,163,241,339,412,450,589,668,675,765,148,781,65,204,44,310,391,400,680,731,291,324,285,25,156,255,682,770,730,500,298,673,269,174,187,222,302,330,127,317,363,609,814,336,63,151,52,279,293,297,334,615,742,343,453,533,650,777,149,285,691,74,294,471,251,50,367,447,521,598,605,780,356,
449,78,94,272,386,530,632,133,177,115,236,354,393,448,508,545,808,224,390,421,546,598,
269,139,262,28,206,434,537,777,209,255,811,368,13,74,252,561,64,691,714,30,406,458,349,353,452,610,658,782,803,176,282,563,812,640,129,120,290,313,379,519,
181,62,167,139,741,749,396,455,557,641,155,160,352,393,605,196,259,345,371,508,108,244,339,457,629,673,804,105,165,241,424,480,712,35,158,406,563,736,7,74,647,205,57,41,110,142,120,308,451,546,807,167,234,329,403,490,720,239,463,256,781,305,353,378,528,717,747,
324,166,450,28,157,13,126,315,465,475,570,610,677,532,532,220,309,348,390,62,316,650,819,313,727,139,64,546,774,51,202,260,82,361,506,585,597,810,161,729,311,201,355,577,644,671,725,
462,207,111,60,204,239,426,102,105,629,721,752,756,354,431,537,538,195,410,464,67,41,149,243,401,9,649,783,129,161,625,690,116,160,368,11,501,751,754,799,503,613,673,128,227,368,83,522,736,214,68,380,428,130,366,372,29,568,10,199,613,210,237,292,343,600,615,707,467,720,760,44,352,761,38,167,275,579,750,236,240,363,400,519,683,261,267,545,367,461,469,183,685,743,759,651,573,628,635,680,747,71,95,102,179,250,315,329,331,344,72,630,42,802,125,164,249,296,316,386,548,550,597,631,106,154,209,368,400,401,570,596,697,139,116,438,626,639,652,194,197,364,556,81,92,267,296,372,435,485,21,275,707,708,215,236,523,790,134,733,285,691,516,668,768,104,343,455,770,155,559,746,814,
267,326,55,68,62,818,80,178,200,45,448,493,565,484,144,236,479,543,801,403,460,101,629,740,789,544,656,75,231,308,393,13,374,387,416,504,591,662,750,752,164,398,408,122,283,646,472,51,657,816,197,332,493,518,606,505,743,502,532,170,218,748,389,676,763,538,120,400,552,571,636,710,723,753,773,
589,416,79,575,295,320,538,592,7,753,222,351,402,794,396,482,496,648,57,115,137,173,344,409,592,644,783,489,510,562,580,798,266,527,267,292,576,446,516,520,77,792,678,222,365,557,596,624,216,458,744,58,126,176,179,223,301,382,438,499,633,
560,519,108,45,425,568,595,158,241,174,702,219,134,441,523,534,543,661,709,728,126,369,411,577,802,432,433,445,161,215,85,538,108,259,274,431,463,555,592,651,759,772,798,179,315,150,456,53,815,146,270,284,350,528,585,591,521,330,534,738,759,364,
357,566,459,4,394,471,758,796,148,338,295,272,243,805,574,648,672,799,110,81,97,174,196,231,312,364,391,412,96,532,581,719,795,807,237,500,663,666,749,
380,38,215,764,90,112,
450,3,107,683,31,258,266,608,703,33,24,430,427,624,633,700,613,658,71,176,535,674,714,756,204,150,236,592,701,750,364,523,631,637,398,115,328,338,463,480,498,38,771,747,277,372,447,478,535,726,0,12,105,316,324,793,177,362,104,418,478,502,179,439,28,64,118,327,630,634,751,138,236,422,488,804,103,242,250,99,593,146,480,366,576,613,725,762,50,142,268,407,470,549,415,605,722,597,11,51,205,226,498,707,
113,11,244,104,136,179,597,287,195,407,443,475,604,301,559,11,191,288,422,564,586,596,727,774,301,434,503,639,12,370,371,623,6,177,249,284,383,442,494,806,167,515,540,
571,469,215,283,764,178,258,342,544,45,150,200,282,286,385,491,738,808,
527,248,434,219,541,695,355,472,476,496,533,714,762,
78,537,694,28,114,161,76,214,668,515,529,729,89,223,245,406,467,687,693,694,776,361,711,730,756,85,801,37,88,127,172,612,574,639,166,242,372,459,702,62,236,256,280,345,373,387,516,609,179,192,254,371,403,566,587,620,621,622,646,720,771,
322,688,717,748,80,219,301,389,403,432,616,120,23,266,282,399,713,99,116,138,431,425,478,516,660,80,709,456,497,696,747,801,11,245,288,308,544,610,475,786,58,448,212,585,684,744,289,311,345,623,164,322,487,572,652,665,343,424,507,521,545,762,337,818,174,533,333,340,426,529,696,61,227,245,301,192,148,157,744,749,41,378,86,507,565,711,691,414,481,495,613,722,798,660,744,778,779,532,588,657,64,183,253,293,363,447,489,629,506,686,262,465,
779,250,497,412,412,760,801,216,573,172,422,275,779,796,416,101,465,508,88,676,116,412,601,301,585,597,663,86,120,124,162,222,248,249,726,18,177,591,658,396,486,121,249,452,713,78,228,26,378,720,738,741,108,202,346,155,581,818,337,435,443,472,611,622,746,
566,395,249,357,362,528,368,317,507,627,669,799,7,134,176,530,595,156,369,465,500,39,580,726,13,249,9,63,84,198,209,233,357,486,522,717,406,480,508,705,741,
798,322,560,764,42,175,238,685,269,350,377,434,563,802,178,215,218,706,792,731,639,
781,819,
255,269,451,42,55,80,84,103,155,324,348,508,518,399,493,690,323,20,25,441,671,802,
275,110,4,18,44,93,191,416,495,562,725,38,94,113,342,632,762,39,94,103,181,217,785,16,272,557,321,139,642,652,733,351,452,506,717,
581,768,453,64,198,20,438,610,656,677,47,375,466,744,774,86,484,570,645,34,208,220,370,402,411,758,804,336,449,500,630,693,368,182,100,155,240,262,296,193,374,431,590,699,69,6,788,233,176,10,402,523,445,745,33,60,211,219,241,350,400,555,790,794,666,806,348,393,594,600,604,646,715,381,54,268,288,290,473,507,754,146,36,529,46,188,656,121,203,221,492,573,617,723,738,458,329,497,768,90,244,324,599,788,
227,261,244,363,445,130,419,534,672,737,772,48,64,336,432,453,537,615,49,677,463,549,573,774,36,121,562,714,806,
300,126,801,262,340,489,651,360,16,46,68,314,477,631,639,675,209,212,394,463,611,617,682,
74,364,636,376,177,195,231,506,553,
224,178,469,300,607,795,35,117,459,547,554,693,752,781,799,807,468,537,741,
535,
283,301,248,337,356,390,564,623,265,411,623,669,216,358,782,571,401,499,507,629,730,767,173,390,419,546,
764,6,311,798,380,439,491,517,10,683,781,794,571,364,407,638,740,766,790,9,104,140,55,257,337,683,788,791,
639,28,725,127,142,241,256,434,594,773,699,45,75,246,566,748,64,328,429,609,738,810,26,60,317,406,490,557,29,415,139,220,360,378,417,504,675,704,165,188,303,437,552,729,197,176,377,424,784,797,318,522,760,775,205,651,733,533,689,162,472,245,533,539,677,802,194,258,559,620,798,
515,519,
178,36,207,65,405,254,601,23,87,506,748,23,48,180,238,355,434,77,94,135,176,178,187,219,311,389,501,525,751,140,279,48,456,551,601,766,810,95,114,48,144,168,204,419,506,599,739,639,648,182,215,251,285,387,569,592,737,756,407,637,214,241,278,456,761,349,416,466,540,580,778,327,517,615,538,774,609,761,795,643,5,113,124,128,169,274,276,435,181,151,283,10,418,422,548,703,128,601,635,715,784,309,23,28,222,337,525,607,633,67,751,484,546,650,691,800,40,187,224,552,34,37,63,134,500,519,580,805,169,351,593,734,41,49,510,187,353,546,598,645,666,569,593,38,101,351,444,446,621,
215,311,640,94,230,316,329,380,256,438,461,568,623,743,327,354,377,584,431,440,143,571,722,815,596,25,768,156,201,34,491,639,
216,779,181,33,143,520,540,733,812,132,142,194,223,436,502,601,184,721,781,264,538,672,752,763,132,304,366,451,530,13,805,47,58,73,94,99,103,323,452,25,657,100,133,146,368,475,738,539,603,760,781,
514,725,28,218,87,294,465,276,579,644,387,51,430,805,364,435,464,564,695,731,742,246,380,411,458,604,146,176,418,456,483,241,815,600,663,142,189,339,426,439,474,592,436,46,126,317,492,623,107,194,307,523,633,709,712,770,8,167,421,600,702,33,268,131,289,188,22,403,433,639,
204,31,462,177,183,119,422,589,708,135,5,440,458,470,659,766,769,166,239,272,441,12,617,59,295,792,47,414,63,209,380,394,408,539,378,366,703,625,114,49,255,360,33,778,199,332,355,405,407,725,254,366,597,750,306,146,240,578,158,242,282,502,713,717,689,86,353,385,426,639,699,700,770,810,700,273,58,630,136,414,448,538,585,661,773,714,780,218,322,348,784,220,252,282,455,612,616,66,41,210,303,341,574,8,12,390,634,683,94,198,289,291,351,375,712,777,794,44,474,169,107,132,590,809,628,30,208,293,224,245,307,363,705,
248,193,428,294,372,668,735,758,809,306,147,210,54,678,69,582,119,368,32,274,411,713,759,812,72,401,345,254,465,76,87,269,296,356,432,454,517,575,51,588,650,791,102,444,651,785,215,394,20,731,356,376,527,712,769,797,222,171,378,421,577,202,250,342,401,719,257,781,
781,764,329,21,132,421,734,
739,642,170,487,206,369,480,159,289,565,760,170,317,486,166,809,445,329,748,423,457,500,799,39,251,273,313,630,686,692,616,
112,343,525,346,314,5,114,165,312,685,319,6,198,277,141,259,718,558,800,1,639,746,766,300,178,396,483,739,746,55,126,10,352,367,113,168,415,493,519,555,744,92,67,299,340,575,717,748,92,284,432,439,554,672,696,749,67,53,195,353,357,430,456,561,606,640,288,314,56,676,62,99,130,797,225,279,304,437,549,359,724,109,642,377,382,446,587,599,380,
262,331,45,264,269,142,426,563,192,413,460,626,721,166,271,286,346,349,166,492,762,776,210,297,598,223,296,325,349,435,554,725,94,115,229,466,484,59,72,125,133,141,357,649,85,157,266,427,537,19,102,798,800,44,233,254,294,565,
715,628,582,581,321,520,580,419,718,652,111,299,316,322,434,488,619,681,173,563,191,381,787,237,340,480,577,801,
679,487,719,385,422,439,487,695,102,246,379,468,575,769,777,806,
55,45,255,78,124,244,294,473,496,510,633,808,
153,729,483,
819,693,579,324,80,168,270,736,781,805,120,182,302,447,194,200,321,453,
569,252,137,4,805,238,326,438,659,714,74,228,251,384,475,518,544,625,738,786,271,283,255,483,522,524,183,327,341,350,488,533,98,719,738,241,576,706,798,105,580,589,319,216,663,680,738,810,267,120,22,688,797,56,66,138,269,330,591,632,311,348,616,705,184,284,293,507,521,548,760,
177,498,356,348,689,265,541,603,609,677,
194,788,89,78,98,208,321,383,515,147,273,179,332,348,361,369,539,135,788,194,195,300,384,422,445,491,58,640,644,119,252,316,459,701,
150,276,9,148,152,285,388,744,
549,291,179,45,132,371,294,316,167,380,169,452,582,70,726,60,473,293,492,495,173,595,717,185,567,650,666,59,314,668,723,209,290,323,574,681,218,654,21,148,430,437,458,734,789,57,61,141,212,584,767,32,52,522,558,658,691,709,735,487,0,12,40,207,502,135,398,534,668,454,789,548,232,311,368,173,569,590,750,803,471,577,410,800,587,713,801,777,783,
373,234,788,487,471,260,280,648,691,500,680,238,78,231,526,645,118,8,504,525,624,819,56,79,204,335,486,52,315,410,542,624,692,802,805,
170,549,184,725,409,234,728,214,221,161,787,102,416,497,621,671,683,707,771,73,246,400,588,724,810,815,0,239,267,313,421,614,643,80,405,422,504,769,777,739,266,345,593,725,666,284,90,611,328,707,429,704,742,68,419,465,585,600,79,700,373,471,367,713,732,483,434,481,482,223,650,691,538,
458,46,161,632,605,60,273,188,357,412,528,614,758,229,251,330,607,665,165,569,606,738,604,516,87,236,387,543,578,703,64,73,199,373,421,457,584,701,796,52,221,468,580,598,632,735,178,457,574,661,779,791,84,148,194,342,438,532,535,548,574,689,32,147,210,249,280,338,342,645,88,468,219,295,425,434,568,769,76,673,682,688,269,369,580,649,5,50,269,285,461,479,610,623,776,581,23,189,367,51,217,377,413,719,
94,46,181,445,74,216,220,449,537,599,816,387,492,561,658,516,691,780,463,479,559,212,249,283,323,586,767,774,593,37,157,313,444,493,803,43,74,217,270,309,391,580,787,
39,275,434,187,352,531,571,619,122,132,569,594,737,
498,7,351,296,37,67,258,358,478,253,295,695,264,332,552,776,256,73,114,227,249,421,722,296,655,250,783,174,74,75,24,234,590,787,814,387,601,749,801,457,474,507,753,320,414,704,811,290,682,688,146,352,396,439,464,70,812,83,111,84,516,531,311,296,403,464,761,570,234,595,117,177,306,395,538,70,258,312,468,803,143,357,364,411,673,39,183,419,535,720,
81,364,63,265,374,87,447,687,497,635,742,765,
515,469,616,112,256,716,771,458,525,391,
65,729,
729,310,78,352,595,128,212,408,423,521,562,65,398,555,744,253,444,32,329,470,493,600,654,324,36,73,153,25,298,418,487,788,52,330,526,527,553,
386,352,241,130,177,362,143,243,105,623,26,163,255,299,449,534,559,280,662,169,697,1,767,48,541,495,352,292,297,566,654,675,712,98,104,370,473,559,621,655,699,739,745,409,463,490,596,340,139,696,319,389,708,8,112,555,782,320,321,17,758,769,50,318,368,647,174,589,734,785,353,437,529,730,762,
166,123,262,137,307,516,630,722,723,11,181,369,542,780,
276,173,69,104,134,173,292,527,615,423,479,144,150,274,698,107,237,418,628,70,257,331,99,616,651,682,707,729,746,360,424,550,597,767,406,681,
321,469,715,157,342,538,631,817,43,204,221,512,593,721,352,447,787,100,119,120,128,407,721,
719,341,310,287,354,222,679,781,559,811,37,161,168,213,441,559,584,671,140,729,731,206,346,472,750,72,190,193,231,498,
519,178,127,504,515,772,287,338,374,542,558,586,629,658,705,355,503,
662,45,679,81,609,414,543,779,801,
364,514,339,291,217,503,541,612,104,349,652,705,738,75,81,269,459,471,304,390,787,74,138,178,202,369,775,778,764,245,328,22,147,183,218,114,269,373,393,472,81,690,742,73,487,270,309,696,763,444,560,
544,114,545,106,74,42,325,13,548,579,581,686,149,692,377,51,555,667,687,816,184,371,587,593,604,606,629,213,115,418,631,806,815,185,211,220,289,550,697,106,459,472,583,630,53,54,146,668,157,230,407,470,533,318,128,696,767,443,449,495,570,658,713,47,211,222,340,436,581,670,722,325,611,664,290,54,491,686,698,184,182,273,299,424,63,525,206,287,376,532,617,1,714,787,
152,646,114,48,159,18,415,471,597,258,369,405,636,691,130,671,721,303,311,15,375,392,440,492,692,694,11,17,113,150,345,351,447,485,638,772,786,54,183,496,537,357,532,547,588,332,744,673,728,137,157,268,189,712,204,334,541,
183,452,322,340,364,540,659,
739,579,193,322,495,659,663,
573,362,
177,449,113,
531,521,39,
544,571,801,
599,134,444,
331,94,369,
383,725,113,731,
641,134,
658,519,
630,791,166,731,
67,654,64,
39,566,
258,571,
231,801,357,
666,357,170,
37,94,483,
407,321,514,
55,232,267,
754,462,486,
794,110,514,
543,586,662,
694,731,
541,152,177,
355,519,527,
161,586,636,
3,369,
55,764,434,
363,204,654,
473,471,55,
217,458,94,
569,519,39,
204,373,321,
493,323,731,
237,715,357,
