60,132,89,201,415,
138,54,180,477,74,139,
456,70,280,42,296,428,
194,348,293,15,174,266,142,351,400,
515,25,234,
374,199,39,409,440,351,
227,0,246,
14,188,395,192,78,435,273,361,
371,19,187,267,360,62,107,125,277,234,
136,56,447,309,378,538,549,164,450,66,458,59,466,537,294,163,285,296,30,330,360,17,376,6,94,157,211,318,348,
367,249,459,117,126,23,349,133,168,302,31,442,362,125,412,389,310,403,141,523,45,141,29,221,357,120,
2,37,84,320,456,245,411,18,113,222,350,369,448,514,174,350,519,477,525,111,479,358,399,
25,63,139,156,68,202,515,333,
190,341,460,230,74,120,395,544,83,205,258,335,467,97,153,251,237,55,134,353,404,378,293,
232,488,179,429,522,106,119,132,493,72,190,280,314,435,518,225,316,
490,55,186,18,81,59,208,172,445,222,91,113,5,71,288,543,142,249,311,517,14,267,483,319,120,464,439,106,7,13,279,54,406,450,93,136,463,89,128,294,448,266,253,133,442,518,111,412,433,472,286,363,485,
423,233,243,78,195,207,353,276,90,84,289,141,266,438,463,
138,0,154,257,89,528,158,142,276,523,500,160,325,386,25,487,300,160,240,512,126,345,389,420,453,18,182,427,440,
312,199,120,157,
384,349,259,83,54,371,277,252,253,272,481,255,166,161,516,153,385,263,445,518,383,537,
177,262,308,106,514,40,151,401,548,
433,179,442,
148,240,506,440,
110,57,442,413,227,155,396,233,376,233,390,461,472,341,
538,437,262,381,387,152,423,462,
120,267,88,20,68,104,419,398,157,53,290,53,7,127,204,441,480,475,482,69,536,134,227,82,509,40,56,163,312,377,496,256,342,72,55,
183,37,456,74,33,189,255,59,32,86,467,170,152,
180,295,453,436,500,111,164,339,248,531,138,506,82,189,175,48,91,138,241,212,297,103,356,466,272,
214,537,257,205,131,216,305,49,282,357,517,34,78,364,122,324,344,461,525,135,352,217,508,452,217,
60,146,120,148,92,181,334,347,540,377,417,540,273,284,549,192,218,212,505,373,
520,533,205,
43,25,20,34,26,302,274,313,484,502,191,24,22,70,148,477,366,64,226,344,76,238,490,528,23,89,16,538,
165,234,387,66,88,142,394,316,533,409,
300,235,479,58,134,284,66,543,
334,249,412,248,308,67,113,12,275,360,538,388,
24,59,132,
284,402,300,162,43,401,
73,429,456,399,119,538,19,203,254,314,63,482,
463,5,278,402,
175,180,
236,436,60,10,73,96,275,467,352,479,
458,188,402,338,437,522,166,500,442,24,74,191,37,245,8,138,222,492,241,371,390,263,324,356,392,216,
482,457,346,
536,102,120,2,141,233,353,32,34,121,44,47,251,60,
202,216,263,66,492,198,419,506,55,263,91,36,474,203,465,492,147,247,247,360,523,313,174,431,365,136,336,
545,81,95,174,48,224,504,376,247,202,411,99,373,20,299,424,40,445,530,302,361,541,173,266,485,114,7,48,61,113,299,150,402,357,96,11,355,17,170,266,477,161,504,41,469,350,
227,509,179,434,165,76,62,264,395,371,456,119,245,13,177,174,191,122,166,215,383,358,400,243,237,156,288,428,106,1,304,391,524,
39,494,246,234,463,
56,120,136,135,399,499,
39,517,0,374,388,94,382,547,238,455,256,155,199,333,
4,452,278,134,
293,154,72,303,501,37,360,
159,79,132,272,97,246,488,411,461,243,250,
453,242,138,
334,179,319,386,176,116,477,518,454,218,16,411,517,4,122,21,345,203,359,410,524,38,238,257,537,159,163,283,443,524,
213,507,219,18,59,107,157,271,
249,121,446,411,227,307,334,448,201,150,367,486,67,248,129,180,449,509,209,381,456,516,
272,494,159,26,41,385,
199,244,129,54,505,347,352,456,121,376,135,317,234,340,366,461,403,46,315,374,495,87,309,418,432,312,505,215,345,275,84,445,
79,143,351,531,362,180,401,226,253,413,507,219,272,243,247,93,420,507,412,152,145,159,540,24,195,543,303,3,25,35,268,51,336,422,
123,490,519,497,
217,205,472,212,403,229,274,360,153,508,516,214,
312,267,112,20,96,112,486,5,526,78,
403,262,217,
479,89,348,300,17,418,491,95,193,337,491,2,28,35,510,
106,227,232,64,369,406,
145,144,236,325,249,273,497,525,369,3,331,156,191,294,344,161,453,412,9,36,123,160,125,15,101,351,536,101,150,439,491,32,397,480,513,185,131,409,123,395,365,484,119,395,
110,402,28,68,496,346,474,501,538,528,356,76,256,
44,121,73,
74,17,267,179,283,417,442,16,525,
134,272,179,269,520,349,259,509,
533,101,260,522,170,282,489,201,238,520,533,543,422,449,107,146,196,239,514,
319,428,334,481,0,130,242,202,60,65,147,444,381,266,242,256,543,
179,474,60,410,134,143,298,178,195,233,393,433,169,161,64,235,
488,387,232,163,188,23,
474,130,287,543,262,482,516,379,71,179,39,323,279,546,74,368,52,257,64,361,512,189,477,88,29,279,364,
302,43,88,
399,85,225,229,260,235,483,87,128,388,351,129,206,328,143,114,250,313,381,519,379,111,187,509,119,357,508,273,49,441,
440,549,431,188,346,131,501,97,114,158,
500,138,180,23,51,430,98,15,322,196,350,
429,342,293,504,193,350,361,421,172,178,145,481,7,173,403,91,93,177,379,349,387,34,65,91,118,266,324,433,546,31,189,291,439,535,226,263,304,
447,387,457,163,150,233,240,454,194,8,55,277,150,
457,358,13,191,
235,238,49,375,447,358,300,548,253,347,293,540,377,192,483,402,272,
205,378,190,182,217,392,457,355,258,520,41,248,356,399,410,15,
376,285,110,94,35,185,
0,321,167,327,373,218,92,441,298,318,293,39,106,231,337,536,528,490,171,318,285,227,18,257,357,367,143,318,37,88,145,496,273,86,184,455,150,312,373,429,152,409,
538,73,242,94,230,289,319,406,
234,364,500,170,28,212,194,402,4,213,
400,317,227,14,522,128,449,67,515,441,106,107,273,194,
205,441,214,374,41,223,254,230,
276,423,523,
193,429,101,130,261,535,228,388,400,
129,327,308,232,462,506,542,110,140,444,332,126,201,39,343,357,212,527,
486,8,133,159,47,156,535,340,456,541,316,105,278,373,315,187,115,45,532,360,249,327,500,218,252,156,472,314,365,40,
101,145,186,285,124,25,32,193,490,450,458,528,265,219,63,343,55,420,490,
319,335,513,502,381,404,39,38,194,545,143,221,
38,170,267,240,252,176,411,265,32,114,365,233,384,56,347,527,457,499,203,329,331,92,372,
120,60,38,54,324,375,410,548,329,79,237,360,
196,0,21,28,176,457,
507,407,79,471,142,377,495,61,145,469,179,381,445,213,421,361,103,198,400,442,
285,18,439,66,102,298,344,35,361,46,99,25,190,65,443,125,275,504,67,195,376,491,141,164,350,506,49,494,
336,173,219,116,475,377,475,261,318,128,237,283,
361,312,460,249,468,332,240,234,32,493,285,502,222,272,285,479,384,477,257,298,365,423,95,253,285,256,155,212,330,93,
458,437,173,428,427,191,52,29,63,455,322,466,218,317,
157,128,213,161,354,
456,374,199,183,413,249,285,107,84,277,116,463,
21,52,334,131,546,375,217,276,416,
89,262,37,60,50,537,164,
237,48,238,314,103,165,
314,483,98,66,418,56,46,55,317,335,514,281,377,485,
433,513,126,143,532,499,449,265,200,273,455,273,289,457,153,
335,49,129,366,161,194,192,329,28,26,87,242,73,420,314,538,25,277,157,
246,490,39,67,301,280,339,267,108,233,324,352,468,27,76,161,200,227,274,171,324,390,546,
374,280,12,210,329,534,225,
442,458,108,110,212,20,166,116,433,481,491,277,350,365,248,146,404,
523,79,138,386,17,52,291,315,24,265,276,355,537,42,192,57,199,420,
234,159,125,361,56,178,427,236,249,435,175,200,75,309,540,142,162,117,309,506,132,195,232,247,467,370,7,165,417,476,212,121,348,515,219,
491,442,479,13,476,
5,245,411,463,47,133,534,
132,24,109,84,100,159,444,132,439,28,122,467,518,40,182,381,148,316,438,318,0,
402,235,75,448,79,86,320,395,111,284,427,
15,64,69,495,410,241,54,109,182,203,242,411,70,494,236,517,191,343,215,78,266,527,64,296,362,397,424,104,494,310,379,383,10,441,270,358,547,320,29,193,99,543,469,499,368,57,502,133,163,314,90,171,205,478,407,76,343,
148,43,431,477,56,291,93,549,113,
219,295,336,213,206,400,468,490,531,
278,9,334,312,288,109,81,153,421,175,315,331,538,395,133,
317,426,113,264,75,266,400,532,133,441,439,201,314,366,492,494,400,218,187,64,84,476,79,474,
187,399,63,100,458,
115,21,169,98,301,416,102,239,412,468,
0,319,519,416,221,196,32,70,347,410,538,
2,172,212,177,345,315,350,362,330,
448,490,402,18,395,481,1,327,107,274,114,363,
1,549,
380,133,280,34,327,339,456,76,146,
24,196,482,93,38,316,387,242,203,72,303,403,508,203,192,362,339,468,336,125,187,328,42,138,496,304,504,92,307,500,130,
507,63,146,166,155,233,174,347,
451,539,399,247,509,63,190,319,85,320,420,55,504,184,119,255,373,389,65,245,380,518,
506,180,250,154,96,148,357,
533,212,533,236,518,
182,205,132,
412,367,251,252,334,183,205,418,500,3,23,
81,278,167,379,380,148,121,305,207,303,160,185,411,363,464,24,472,
528,4,267,305,118,166,61,482,201,259,400,0,267,448,338,520,83,193,275,533,224,330,322,421,339,333,212,22,241,530,192,520,
379,81,429,473,97,120,310,349,533,340,
12,375,475,397,200,529,449,138,514,
262,118,242,162,516,288,354,446,472,326,
191,18,458,6,371,381,78,210,367,222,340,287,458,
513,107,335,
513,541,36,192,234,251,440,461,309,423,278,131,146,65,268,510,433,319,299,320,170,253,131,292,327,534,34,249,80,172,213,290,534,410,544,
126,138,487,3,403,89,
543,444,218,180,206,54,462,476,482,127,239,411,79,333,472,486,189,120,238,201,
283,74,
335,35,235,332,19,139,322,171,133,423,54,513,263,377,510,453,257,
458,218,470,300,
293,429,60,202,434,445,194,140,79,201,362,517,364,157,341,470,
468,89,24,25,37,94,361,170,303,446,450,334,508,506,
315,324,278,411,514,
281,19,115,122,398,510,
469,507,
499,433,15,213,219,506,
487,22,43,301,63,430,69,126,139,365,69,388,182,
74,185,170,467,475,376,114,138,309,387,333,103,170,174,108,396,166,216,544,186,286,273,48,21,223,438,529,
337,74,544,318,170,148,515,151,348,139,8,251,223,129,185,45,65,142,271,345,1,531,80,156,30,484,115,485,92,133,154,190,231,282,333,328,202,265,143,431,497,425,334,
184,451,234,371,
397,89,469,12,406,407,414,168,385,525,184,418,423,
332,504,19,203,116,444,298,316,139,415,
456,2,73,88,105,321,111,365,411,71,492,494,266,282,427,286,345,447,166,486,380,270,20,377,433,469,357,
332,15,31,272,364,335,101,99,122,295,362,69,139,341,288,544,242,436,
15,492,256,239,204,330,136,289,446,57,230,452,13,220,185,318,2,90,464,431,509,137,448,229,98,230,407,148,36,395,535,27,227,450,502,79,103,147,359,402,347,179,300,443,482,537,
154,523,337,345,186,123,116,397,47,279,139,161,409,378,217,68,122,500,
27,15,
295,66,219,507,380,93,422,315,517,11,206,290,438,461,410,
511,91,185,281,197,36,496,81,167,4,497,150,455,232,268,130,207,416,173,531,517,7,475,487,474,245,306,364,287,296,286,169,533,137,153,313,269,355,512,253,8,452,154,254,475,
390,359,261,431,489,20,87,288,290,273,285,406,92,433,499,95,27,251,446,506,416,331,365,519,165,215,124,218,98,450,130,156,526,60,456,72,143,439,28,72,110,267,405,193,481,68,208,368,546,162,496,545,307,50,481,
475,120,43,139,74,475,510,53,232,310,39,134,12,118,274,262,20,67,199,323,377,421,
407,148,21,242,477,507,303,10,405,492,542,251,299,165,20,32,45,212,452,340,470,180,254,219,530,436,490,51,104,213,357,536,141,464,433,485,
88,0,120,506,484,302,479,303,141,494,
549,243,417,82,1,522,201,85,324,404,124,481,191,116,127,142,302,440,90,532,487,8,59,79,314,548,9,391,97,180,486,76,45,266,264,
275,334,251,199,
123,145,509,112,
37,219,2,371,
26,111,443,410,444,524,63,536,269,88,
262,272,30,451,538,177,210,475,28,227,403,475,304,385,
259,352,384,120,402,15,394,281,413,
441,15,317,205,352,55,360,545,143,483,163,373,162,57,
89,31,144,479,232,388,397,468,184,71,195,330,369,540,547,419,495,238,542,541,126,
56,38,539,234,57,93,237,451,283,112,405,155,212,224,441,77,445,169,476,388,485,514,86,159,466,451,531,
219,101,407,508,70,2,37,470,500,
251,407,60,493,183,461,275,136,
331,490,38,151,
457,155,383,186,116,320,429,172,186,324,447,150,94,341,517,300,131,302,330,73,452,482,138,473,148,
17,545,479,267,312,114,300,492,304,523,
200,433,12,14,340,252,333,
238,543,237,
262,53,112,89,371,378,412,
154,216,196,123,51,71,121,67,454,6,163,65,100,478,215,172,71,430,272,436,141,343,356,167,446,302,334,472,80,288,316,212,373,506,275,48,209,507,228,324,
397,154,326,3,
187,540,3,351,241,462,371,193,320,166,354,
404,319,35,296,316,
436,180,172,50,368,433,236,322,344,154,39,346,390,
7,234,511,451,211,362,414,451,
59,136,218,24,372,91,483,
280,117,159,380,331,374,456,195,134,456,217,322,410,47,
93,545,10,469,87,357,165,338,515,242,161,226,277,509,165,396,252,475,295,450,473,235,531,313,363,499,533,
520,359,368,
490,246,283,505,156,8,197,362,537,328,159,331,223,266,354,123,483,
112,291,277,148,312,543,42,242,195,126,178,262,418,244,220,482,26,370,123,
88,165,456,51,43,285,
402,15,48,299,343,349,371,
371,41,213,482,497,508,319,273,63,58,74,102,23,88,133,318,471,134,283,434,331,352,81,421,174,323,37,
381,538,132,404,106,38,529,
63,64,255,234,507,10,60,525,309,162,264,536,76,
13,467,200,40,313,465,86,233,61,219,549,108,535,63,457,487,540,330,307,509,327,302,457,182,228,120,236,327,330,140,195,266,472,237,
519,425,0,82,243,197,477,484,466,478,516,95,123,214,537,20,176,278,369,36,158,318,
410,187,230,179,23,225,26,260,405,84,263,93,302,332,139,505,318,22,328,241,486,150,155,395,254,449,538,225,437,394,481,35,472,476,88,0,239,64,295,513,442,
326,362,243,93,190,37,139,37,46,392,84,161,227,340,129,484,391,406,483,181,397,162,204,333,540,142,373,410,280,537,262,397,449,442,444,
218,182,334,373,508,543,17,46,369,59,436,181,357,458,314,400,233,91,
470,139,10,226,303,242,94,137,391,408,396,460,54,302,510,60,100,222,
49,235,129,339,209,163,225,351,329,115,224,
35,499,285,370,237,376,231,121,145,173,335,320,212,20,20,535,339,381,400,212,496,279,
504,545,451,
128,462,266,
234,426,513,544,43,431,361,199,23,403,350,340,494,429,318,329,375,522,90,539,28,425,333,151,414,
343,402,129,15,356,
54,127,384,358,14,532,114,239,478,138,374,400,485,31,
170,163,14,542,354,513,57,169,10,337,15,51,364,80,524,545,364,178,357,76,531,392,432,38,371,201,122,123,232,198,366,423,294,74,512,301,353,478,210,388,463,172,104,190,122,252,533,442,403,372,13,283,111,177,319,406,403,307,456,221,183,157,397,424,
430,487,500,176,65,123,19,457,508,
431,234,304,483,522,544,440,123,148,268,72,82,148,260,362,526,33,59,289,390,528,342,441,165,
41,161,522,330,531,479,
146,387,60,
70,219,0,
72,446,395,548,185,293,56,187,117,478,140,416,88,437,
137,234,470,514,295,412,140,268,520,525,
41,494,205,
181,218,326,60,501,
443,26,404,519,
485,314,
184,458,252,300,1,425,443,252,521,210,357,228,222,393,267,222,114,311,295,189,89,68,425,237,357,501,368,397,517,277,323,546,
349,384,429,54,71,86,205,428,521,55,209,134,42,184,
384,38,361,0,65,91,382,422,445,155,251,87,460,472,128,278,365,73,
271,521,188,144,545,392,431,445,46,80,95,182,102,245,327,358,369,62,186,378,162,44,
239,45,300,549,60,204,391,529,484,467,
151,414,234,530,
522,431,391,41,22,516,436,464,327,381,134,
277,335,442,447,46,51,66,296,356,
509,249,176,120,2,347,170,117,408,86,90,123,497,10,149,470,517,
188,271,225,363,14,26,66,335,18,148,183,395,478,
514,137,56,288,
242,262,319,
472,311,154,217,444,458,530,23,300,14,545,199,430,439,
494,456,317,272,41,39,375,160,44,145,152,492,
102,285,66,361,394,466,337,470,64,132,249,162,484,72,95,489,394,133,428,526,
272,159,134,181,340,262,21,122,254,154,261,545,185,200,306,350,390,297,341,403,146,537,407,413,475,458,473,151,540,233,135,170,176,254,487,180,
170,234,340,
148,549,407,317,479,250,263,549,41,2,242,210,6,425,429,158,268,440,475,481,125,268,26,234,457,364,
359,177,504,358,472,334,520,209,309,431,387,547,12,273,
352,214,259,
111,26,2,377,500,109,77,138,132,136,124,294,400,475,48,333,288,417,214,350,507,271,504,490,84,65,487,
227,452,326,349,487,67,338,130,
60,251,239,
243,423,
75,317,402,8,542,
496,110,390,24,102,145,430,
378,79,273,42,197,361,549,429,302,322,514,235,339,
38,325,422,56,85,368,259,166,494,453,459,466,487,295,348,344,149,120,191,242,28,61,403,416,381,283,
477,43,328,545,1,55,155,380,138,520,402,
10,236,212,509,
257,217,236,543,350,
139,326,500,25,442,470,50,75,233,533,38,238,19,63,232,321,388,262,421,116,
376,78,316,167,537,294,130,151,223,371,517,476,
91,59,180,
186,74,154,
420,451,138,
212,234,267,528,2,217,10,138,
405,410,66,109,375,
253,257,513,270,437,89,216,432,509,523,
16,181,196,67,179,449,515,6,234,296,392,456,401,1,24,383,19,342,347,290,503,338,327,462,330,332,487,102,495,502,26,313,352,441,91,
388,395,268,399,187,454,49,83,414,165,33,78,430,528,116,161,400,520,220,253,464,19,46,238,27,203,58,252,176,295,482,123,182,213,
267,120,38,110,220,332,120,528,90,90,71,394,291,499,505,527,174,363,414,339,358,184,371,79,392,403,126,271,190,67,83,179,278,356,312,53,66,515,95,37,116,23,212,319,366,372,17,526,233,59,519,
469,15,399,403,343,456,
212,361,407,129,
62,271,371,432,
402,110,467,517,
362,68,110,79,131,188,431,205,326,397,499,496,396,422,419,84,286,481,45,211,168,266,270,27,301,411,11,257,318,547,450,518,
20,159,442,312,267,334,370,414,
387,165,146,299,252,498,214,135,320,401,488,345,
84,456,423,
242,196,124,530,68,20,236,299,262,345,360,306,155,432,509,196,6,274,40,104,453,79,98,345,174,272,446,24,80,203,469,329,371,335,224,409,538,92,163,230,
504,332,47,195,213,514,473,88,123,132,123,392,
466,544,519,10,371,500,
467,236,
1,477,448,
6,191,136,
39,129,
203,202,38,
356,277,110,343,
283,334,
514,177,315,314,
460,
233,507,218,
116,336,
261,193,336,
32,536,0,
407,15,
476,317,56,410,
60,293,470,
497,371,509,123,213,
248,442,249,
534,513,374,
371,191,458,
329,374,234,
233,110,272,
450,468,93,362,472,
451,262,7,
157,335,136,312,
147,319,15,
119,145,451,
399,2,56,
313,202,
375,120,12,405,
501,293,440,
340,191,200,379,
519,443,267,
350,2,285,
60,236,63,536,
360,217,371,
313,93,16,
42,349,456,
106,381,400,
72,120,
308,177,
213,513,499,497,
51,79,88,
5,356,112,
345,2,199,
21,407,115,74,
257,361,253,
2,536,
19,73,332,
517,295,299,184,
311,472,
254,73,
188,440,
221,367,170,
288,514,262,
510,281,479,
440,138,148,
128,336,157,
371,184,402,
257,223,335,
544,466,513,
50,89,436,
63,187,73,
134,4,522,
201,60,543,
74,138,
385,262,272,
254,272,
458,191,187,
451,56,7,130,
36,519,
484,337,
350,500,257,545,
416,38,72,
316,132,332,
133,278,5,
303,468,293,
162,441,63,
174,194,371,
399,205,
470,509,458,
464,81,407,
123,504,430,
441,16,431,
299,402,
223,74,205,
412,490,137,
172,2,513,
31,54,429,
410,280,205,
68,154,25,
86,183,56,349,
206,219,295,
84,2,111,199,
69,487,332,
202,319,25,
364,293,234,
161,545,179,
162,326,271,
209,349,
42,523,
37,183,293,
456,249,469,
349,379,402,
114,448,440,
413,259,456,
482,15,73,
278,463,4,
228,154,193,
273,371,14,
100,187,
463,423,456,39,
533,93,379,
250,159,506,
138,12,180,
548,72,177,
412,262,115,
182,388,487,
176,196,272,
472,81,450,
520,528,137,
523,17,253,
252,387,200,
442,507,326,410,
24,81,523,
48,402,237,
18,191,138,
283,38,336,
109,405,
57,523,441,
318,519,132,
120,259,367,
184,349,
415,60,332,
518,533,362,
66,277,405,
285,88,
266,423,128,
406,538,106,
224,49,
151,177,331,
470,293,219,
55,120,101,
400,193,219,
377,314,456,
525,74,137,397,
212,56,533,
185,72,376,
336,202,79,
3,412,126,
549,148,
541,513,89,
438,423,74,
73,384,44,
432,62,253,
145,496,35,
146,507,533,380,
139,138,332,
388,193,334,
234,39,148,
