212,418,82,85,688,179,450,526,728,597,311,69,307,318,473,746,19,119,162,527,678,727,800,544,555,803,552,269,
434,289,113,22,55,141,160,190,195,248,345,735,20,746,81,76,91,227,191,525,176,371,581,585,639,718,516,518,529,716,735,
331,231,65,145,28,118,178,99,395,429,528,233,710,294,120,483,486,549,534,67,121,335,365,445,446,584,40,561,599,149,110,151,611,546,17,770,93,154,168,337,766,790,26,453,26,251,320,290,300,526,696,39,113,135,259,448,536,286,641,651,730,202,807,387,406,805,8,144,71,313,344,567,647,17,366,369,413,537,599,633,132,358,410,457,517,704,787,78,35,127,61,312,424,463,464,817,70,89,29,173,521,576,697,709,770,191,386,68,564,319,359,438,556,645,747,49,773,70,110,508,516,762,775,133,279,465,618,126,179,2,507,595,636,645,26,130,535,638,98,723,346,609,
350,630,589,371,472,808,11,309,384,439,658,685,780,30,481,
178,36,207,65,405,254,601,23,87,506,748,23,48,180,238,355,434,77,94,135,176,178,187,219,311,389,501,525,751,140,279,48,456,551,601,766,810,95,114,48,144,168,204,419,506,599,739,639,648,182,215,251,285,387,569,592,737,756,407,637,214,241,278,456,761,349,416,466,540,580,778,327,517,615,538,774,609,761,795,643,5,113,124,128,169,274,276,435,62,151,283,10,418,422,548,703,128,601,635,715,784,309,23,28,222,337,525,607,633,67,751,484,546,650,691,800,40,187,224,552,34,37,63,134,500,519,580,805,169,351,593,734,41,49,510,187,353,546,598,645,666,569,593,38,101,351,444,446,345,621,383,397,475,646,782,24,96,136,203,205,304,337,776,215,443,494,659,705,764,817,208,369,137,492,546,250,614,663,
515,519,599,710,3,215,574,266,234,770,774,269,320,531,559,616,695,726,73,107,279,493,523,560,599,651,766,807,293,585,668,
630,548,350,731,318,249,595,729,765,320,555,609,128,368,512,659,672,700,798,
705,215,231,
819,693,579,324,80,168,270,736,781,805,120,182,302,447,194,200,321,453,93,163,239,308,83,403,505,606,673,188,297,305,315,612,674,108,382,388,560,632,678,703,730,65,233,27,329,511,641,702,718,728,536,567,607,799,801,
177,498,35,348,689,265,390,541,603,609,677,739,573,509,626,771,793,206,25,335,443,620,640,772,172,276,433,494,584,586,795,712,750,72,233,269,413,461,800,
514,725,28,218,87,294,465,276,292,644,387,51,430,805,364,435,464,564,695,731,742,246,380,411,458,604,146,176,418,456,483,241,815,600,663,142,189,339,426,439,474,592,436,46,126,317,492,623,107,194,307,523,633,709,712,770,8,167,421,600,702,33,268,131,289,188,22,403,433,639,7,93,368,216,458,715,23,408,523,672,454,533,593,611,641,12,589,680,620,347,192,219,220,640,
552,200,28,246,301,556,212,406,659,755,641,
224,178,469,300,607,795,35,52,459,547,554,693,752,781,799,807,187,468,537,741,279,318,531,84,130,205,279,286,85,769,784,108,204,215,282,496,697,803,105,107,69,305,539,685,766,
231,801,357,61,85,104,219,479,736,14,97,402,193,241,475,564,718,539,673,705,209,370,444,486,643,
373,234,788,487,260,280,648,691,500,680,238,78,231,526,645,118,8,504,525,624,699,56,79,663,335,486,52,315,410,542,624,692,802,805,236,245,309,422,712,79,286,332,347,758,762,697,703,190,434,333,496,568,589,284,
134,23,276,38,60,403,108,641,761,280,436,443,514,547,599,768,410,503,711,164,211,421,534,612,623,60,128,607,275,413,480,602,687,344,510,786,138,168,201,277,766,
451,35,17,255,517,554,748,121,300,462,537,542,606,774,214,474,488,520,528,633,188,423,461,567,110,199,474,579,773,435,711,733,100,691,725,810,363,736,281,364,98,573,740,216,367,476,730,264,270,313,436,553,606,804,
469,244,367,24,224,60,763,816,150,202,321,457,489,606,686,767,515,681,684,765,188,411,549,571,600,29,244,198,177,241,253,300,325,378,424,506,578,597,734,58,104,114,204,218,367,404,646,674,730,209,273,528,47,331,359,401,458,493,739,86,456,502,507,620,633,668,37,211,213,556,610,814,66,512,545,
369,83,306,74,9,332,365,732,69,703,730,3,779,310,337,488,504,526,580,773,192,637,277,279,353,394,547,611,789,171,191,389,669,793,
816,155,483,336,451,471,204,148,536,540,352,208,362,540,636,691,
549,5,341,22,171,418,436,483,590,713,726,13,79,459,518,633,795,774,618,101,484,597,602,721,469,514,581,706,795,470,492,106,75,435,57,787,812,113,126,227,
781,263,819,400,587,165,606,134,42,144,529,721,301,338,414,672,814,818,30,122,280,418,446,
161,146,636,16,176,284,358,390,634,719,89,756,218,
676,363,612,
152,646,114,48,159,18,415,471,597,102,258,369,405,636,691,130,671,721,303,311,15,375,392,440,492,692,694,11,17,113,150,345,351,447,485,638,772,786,54,183,496,537,357,532,547,588,332,744,673,728,137,157,268,189,712,204,206,334,541,169,240,567,573,771,66,354,485,523,646,695,316,508,162,264,349,592,689,709,749,177,453,509,583,657,659,759,0,36,138,151,238,241,349,444,546,688,694,137,
386,352,241,130,177,362,143,243,105,623,26,163,255,299,449,534,559,280,662,169,697,1,767,48,541,495,352,292,297,566,654,675,712,98,104,370,473,559,621,655,699,739,745,409,463,490,596,340,139,696,319,389,708,8,112,555,782,320,321,17,758,769,50,318,368,647,174,589,131,734,785,353,437,529,730,762,173,181,276,287,288,509,573,655,705,709,21,74,472,474,625,665,706,8,408,554,575,17,56,58,297,478,112,178,201,380,682,
731,486,303,254,493,694,630,628,654,687,709,810,287,87,392,432,633,756,282,281,300,372,754,633,66,356,421,454,538,307,333,351,703,707,
544,571,801,63,389,89,107,209,228,314,339,464,504,403,287,360,675,88,373,423,524,755,
300,126,801,262,340,489,651,360,16,46,68,314,477,631,639,675,209,212,394,463,611,617,682,216,290,294,524,592,289,681,778,394,417,467,537,619,693,744,369,413,260,606,626,696,297,587,764,
357,566,459,4,394,471,758,796,148,338,295,272,243,805,574,648,672,799,110,81,97,174,196,231,312,364,391,412,96,532,581,719,795,807,237,500,663,749,239,268,326,350,379,516,227,426,242,158,193,234,310,537,550,645,803,356,366,564,748,20,112,355,358,426,625,
67,6,64,614,661,549,778,788,778,781,785,482,483,630,644,153,198,466,519,520,625,
599,134,127,143,557,690,714,739,792,36,512,542,772,5,143,462,583,647,76,264,
113,11,244,104,136,179,597,287,195,407,443,475,604,301,559,11,191,288,422,564,586,596,727,774,301,434,503,639,12,370,371,623,6,578,249,284,537,442,494,806,167,55,515,540,236,37,431,544,593,136,396,420,68,506,537,558,746,247,254,168,776,
777,364,343,269,
362,328,566,8,15,549,381,515,676,53,15,68,340,68,806,441,508,213,714,352,500,117,675,747,686,761,801,609,20,290,460,519,692,701,35,155,216,444,445,496,516,587,682,683,753,789,122,241,262,519,562,587,592,
662,45,679,81,609,414,543,779,801,350,390,400,710,31,160,351,427,574,179,217,258,276,280,383,612,286,342,804,672,796,
613,157,209,261,667,
779,250,497,412,412,760,801,216,573,172,422,275,779,796,416,101,465,508,88,676,116,412,601,301,585,597,663,86,120,124,162,222,248,249,726,18,177,591,658,396,486,121,249,452,713,601,228,26,378,720,738,741,108,202,346,155,581,818,337,435,443,472,147,611,622,14,746,340,587,719,752,549,589,592,726,106,314,330,394,398,322,538,20,158,788,677,799,490,
788,34,234,285,113,373,392,701,755,199,292,330,9,447,59,64,194,441,258,688,37,172,256,95,718,778,108,401,436,513,27,767,97,621,765,281,345,360,510,528,92,675,683,765,118,508,599,662,686,687,218,237,455,591,813,97,295,444,487,544,696,812,118,215,230,284,340,657,261,333,534,779,183,519,
255,269,451,42,55,80,84,103,155,324,337,348,508,518,399,493,690,44,20,25,441,671,802,370,395,471,542,701,727,60,134,192,233,315,519,184,795,119,576,800,197,121,263,72,265,417,543,
269,139,177,28,206,434,537,777,209,255,811,368,13,74,252,561,64,691,714,30,406,458,349,353,452,610,658,782,803,176,282,563,812,640,129,120,290,313,379,519,370,504,652,801,170,73,241,452,634,647,743,790,812,365,350,540,605,636,777,148,696,741,99,328,426,543,545,577,668,683,
275,110,134,18,44,93,191,416,495,562,725,38,94,113,342,632,762,166,414,103,181,217,785,16,272,557,321,139,642,652,733,351,256,452,506,717,403,704,712,743,198,203,303,549,714,737,180,220,268,344,495,496,512,633,254,759,27,432,439,478,543,691,32,118,166,337,513,561,774,
183,153,39,694,
731,79,774,
28,167,196,150,110,141,349,424,743,779,796,712,39,271,580,674,802,219,224,278,41,321,514,528,562,187,191,315,401,517,639,733,436,310,732,6,77,145,223,147,286,330,547,697,639,163,241,339,412,450,589,668,675,765,148,781,65,204,44,310,391,400,680,731,291,324,285,25,156,255,682,770,746,500,673,269,174,187,222,302,330,127,317,363,609,814,336,63,151,52,279,293,297,334,615,742,55,453,533,650,777,149,285,691,74,294,471,251,50,367,447,521,598,605,109,780,570,170,177,548,552,696,755,39,812,5,60,90,180,3,471,506,589,638,728,730,789,118,125,148,248,271,69,724,725,766,805,387,536,624,
527,248,434,219,541,695,133,472,476,496,533,106,714,762,11,409,722,756,177,288,332,663,781,37,372,487,706,769,14,144,404,479,562,663,812,817,
343,166,298,114,279,228,118,574,588,762,223,225,233,150,666,785,189,283,333,473,762,781,270,505,278,811,332,415,557,81,251,264,297,234,506,566,150,183,441,574,120,754,133,157,275,280,437,94,663,93,732,775,294,432,205,2,70,334,415,546,810,256,370,153,516,129,762,318,620,412,73,673,393,565,644,228,488,640,35,51,210,254,326,72,710,716,777,780,244,379,193,266,440,538,587,727,237,353,394,535,553,705,752,764,
569,252,137,455,805,238,326,438,659,714,74,228,251,384,475,518,544,625,738,786,271,283,255,483,522,524,183,327,341,350,488,533,98,719,738,241,576,706,798,105,580,589,319,216,663,680,738,810,267,120,22,688,797,56,66,138,269,330,591,632,311,348,616,705,184,284,293,507,521,548,760,58,80,669,105,125,129,171,251,354,732,525,659,26,46,156,432,597,348,493,558,604,
119,79,170,26,45,239,307,421,505,534,614,
639,28,725,127,142,241,256,434,594,773,699,45,75,246,566,748,64,328,429,609,738,810,26,60,317,406,490,557,29,415,139,220,360,378,417,504,675,704,165,188,303,437,552,729,197,176,377,424,784,797,318,522,760,775,205,651,733,533,689,162,472,245,533,539,677,802,194,258,559,620,798,182,213,589,795,255,334,516,581,584,753,104,173,219,472,486,559,583,35,127,219,236,687,193,504,596,647,760,620,
774,73,515,40,42,136,210,255,371,450,469,731,750,516,690,
205,178,224,445,700,260,292,305,340,806,
458,679,514,216,
11,170,350,
622,801,65,173,352,613,725,55,159,2,232,777,178,218,751,
562,519,781,
88,641,
364,514,339,291,217,503,541,612,104,349,652,705,738,75,81,269,459,471,304,390,787,152,138,178,202,369,775,778,245,328,22,147,183,218,114,269,373,393,472,81,690,742,73,487,270,309,696,763,46,444,82,115,135,273,62,517,762,809,680,550,777,267,35,392,814,446,536,660,73,157,192,285,
591,354,243,280,542,
216,779,181,33,143,520,540,733,812,132,142,194,223,436,502,601,184,721,781,264,538,672,752,763,132,304,366,451,530,13,805,47,58,73,94,99,103,323,452,25,657,100,133,146,368,475,738,539,603,760,781,5,96,184,509,643,807,208,118,285,307,782,279,329,371,509,516,600,451,187,805,32,218,438,518,
112,159,525,346,314,5,114,165,312,685,319,6,198,277,141,259,718,558,800,1,639,746,766,300,178,396,483,739,746,55,126,10,352,367,419,113,168,415,493,519,555,744,92,67,299,340,575,717,748,92,284,432,439,554,672,696,749,67,53,195,353,357,430,456,561,606,640,288,314,56,676,62,99,130,797,225,279,304,437,549,359,724,109,642,377,382,262,446,587,599,380,471,64,302,530,771,728,792,406,690,66,240,504,781,
363,86,4,137,417,123,396,452,464,759,764,135,328,431,532,676,176,499,
515,469,322,112,256,716,771,458,525,391,202,123,382,568,611,88,342,672,549,682,505,585,597,804,268,353,
62,178,194,
589,386,693,382,553,58,279,525,589,612,629,676,461,513,626,6,241,248,251,560,608,704,781,166,546,599,609,784,
434,269,3,64,227,272,274,406,474,527,47,43,748,199,755,62,154,400,79,140,300,686,105,142,262,790,37,482,691,741,154,264,335,365,536,58,167,223,227,298,704,137,398,746,
464,544,110,513,259,64,119,238,242,447,439,
150,276,9,148,152,285,388,744,20,61,70,473,680,53,113,278,456,585,651,36,128,436,640,115,317,370,379,82,88,128,130,250,294,468,581,640,
380,38,215,90,112,41,139,387,433,520,594,602,690,109,208,493,602,605,718,252,450,25,413,421,529,585,693,
752,119,73,405,526,
347,337,229,514,346,381,438,530,758,
39,133,566,166,401,737,8,781,810,637,107,175,183,261,36,50,555,
352,10,629,282,357,440,312,588,632,664,789,559,138,230,458,513,546,721,80,436,541,539,644,686,416,362,170,775,48,134,178,222,373,547,14,47,145,446,465,542,666,698,263,266,365,420,632,671,723,328,391,448,619,622,776,816,728,165,171,727,725,
458,46,161,632,605,60,273,188,357,412,528,614,758,229,251,330,607,665,165,569,606,738,604,516,87,236,387,543,578,703,64,73,199,373,421,457,584,701,796,52,221,468,580,598,632,735,178,457,574,661,779,791,84,148,194,342,438,532,535,548,574,689,32,147,210,249,280,338,342,645,88,468,219,295,425,434,568,769,76,673,682,688,269,369,580,649,5,50,269,285,461,479,610,623,776,144,23,189,367,51,461,377,413,719,7,61,211,222,341,421,454,534,762,457,249,474,570,678,462,533,564,237,660,675,732,638,341,547,275,538,699,219,
369,471,115,407,436,476,594,637,685,707,815,818,
37,483,302,308,782,71,285,342,101,784,187,461,466,567,586,
215,311,640,94,302,316,329,380,256,438,461,568,623,743,327,354,377,584,431,440,143,571,722,815,596,25,768,156,201,34,26,491,639,132,55,429,539,652,753,79,42,316,19,478,697,745,356,27,400,105,197,352,508,705,816,42,81,306,317,544,620,752,
498,7,351,296,37,67,258,358,478,253,295,695,264,332,552,776,256,73,114,227,249,421,722,296,655,250,783,174,74,75,24,234,590,787,814,387,601,749,801,457,474,507,753,320,414,704,811,290,682,688,146,352,396,439,464,70,812,83,111,84,516,531,311,296,403,464,761,570,234,595,117,177,306,395,538,70,258,312,468,803,143,357,364,411,673,39,31,183,419,535,720,477,527,546,568,756,92,151,305,451,643,789,66,142,143,256,360,377,413,750,57,184,214,637,
688,153,680,
519,178,429,127,504,515,772,287,338,374,542,558,586,629,127,705,150,503,131,535,602,691,416,713,732,536,562,224,17,778,233,308,444,448,645,663,679,519,328,366,408,520,697,
248,193,428,294,372,668,735,758,809,306,147,210,54,678,69,582,119,368,32,274,411,713,759,812,72,401,345,254,465,76,87,269,296,356,432,454,517,575,51,588,650,791,102,444,651,785,215,394,20,731,356,376,527,712,769,797,222,171,378,421,577,202,250,342,401,719,257,781,14,169,204,220,257,588,624,654,20,207,246,490,525,685,814,6,124,154,12,203,271,741,164,277,
612,819,589,3,219,500,511,676,13,165,183,781,787,421,
65,565,16,622,704,145,403,713,271,809,353,78,414,786,707,348,414,
680,150,579,364,513,519,544,638,688,815,530,317,433,547,
324,166,196,28,157,13,126,315,465,475,570,610,677,532,532,220,309,348,390,62,316,650,819,313,727,139,64,546,774,51,202,260,82,361,506,585,597,810,161,134,311,201,355,577,644,671,725,38,76,293,294,73,708,771,531,111,493,759,277,379,603,756,44,232,247,518,39,285,295,577,
797,45,153,284,386,433,479,581,601,636,
399,41,
107,700,39,
79,589,170,15,397,612,215,119,217,320,435,500,526,532,156,224,284,353,73,520,749,224,248,268,727,731,214,323,340,487,
694,690,731,706,13,330,757,
579,26,55,311,96,45,195,323,400,490,275,77,79,51,628,316,509,608,770,814,260,395,411,572,583,771,281,316,325,233,370,406,494,533,585,618,670,735,390,643,289,425,501,692,711,819,396,658,124,202,286,613,670,776,19,94,193,295,349,465,490,611,4,135,625,316,608,67,178,189,242,680,795,169,249,317,34,575,631,656,704,716,809,298,623,208,200,363,98,616,650,777,
717,463,58,204,258,345,316,235,448,502,714,146,262,306,390,424,451,164,324,599,680,681,787,335,172,574,580,645,381,767,65,150,223,257,315,368,515,532,543,600,639,801,110,354,391,432,0,312,8,145,233,315,514,66,534,616,645,797,148,407,158,201,208,63,477,562,635,736,53,312,367,386,469,486,672,674,729,381,528,592,612,779,182,197,233,390,50,381,434,531,110,204,290,346,517,741,15,100,209,263,154,444,37,698,465,709,783,76,80,107,681,37,61,350,373,487,220,762,250,538,544,606,646,686,106,759,212,532,723,278,332,475,637,661,693,703,0,584,432,533,782,287,314,388,432,442,648,123,144,195,207,276,369,520,543,42,367,399,530,295,650,807,315,559,607,800,
781,264,21,132,421,734,54,109,215,321,542,592,628,260,526,578,680,802,413,469,32,562,657,673,787,75,208,229,320,508,550,682,
183,508,707,6,187,213,468,788,
486,311,371,68,439,456,731,752,806,607,208,437,688,817,586,519,608,678,754,244,114,306,383,246,742,472,561,615,204,755,805,502,560,699,292,179,249,268,274,89,78,52,534,736,355,639,658,
500,15,612,
487,90,337,219,340,79,102,0,209,373,376,549,301,214,432,446,489,560,677,704,135,305,405,323,516,545,561,67,702,801,313,196,574,666,702,778,199,202,24,63,223,338,456,475,202,399,819,364,150,154,273,276,308,444,450,728,733,769,120,402,703,799,22,287,486,761,247,463,532,724,82,457,759,812,2,152,275,704,79,
81,270,364,493,265,718,374,87,447,687,497,635,742,765,434,485,416,350,437,468,517,704,592,200,220,295,340,353,383,442,487,289,610,714,803,445,462,495,496,683,688,694,
305,194,158,639,690,792,
589,416,79,575,295,320,538,592,7,753,222,351,402,794,396,482,496,648,57,115,137,173,344,409,592,644,783,489,510,562,580,798,266,527,267,292,576,446,516,520,77,792,678,222,365,557,596,624,216,458,744,58,126,176,179,223,301,382,438,499,633,111,96,322,335,5,351,515,539,191,350,197,444,526,592,712,319,516,664,640,795,
754,74,486,241,239,406,421,330,546,601,619,665,25,583,459,555,78,
194,788,89,78,98,208,321,383,515,147,273,179,332,348,361,369,539,135,788,194,195,300,384,422,445,491,58,640,644,119,252,316,459,701,336,477,681,6,22,26,66,84,179,245,390,421,685,44,62,305,44,687,724,297,503,523,586,638,781,64,212,313,408,447,712,817,
341,491,495,30,102,124,321,356,376,428,106,146,184,440,574,422,688,435,69,447,547,88,152,402,439,475,608,28,211,214,220,405,547,654,665,398,215,549,486,805,785,93,362,619,724,258,314,528,661,110,154,183,196,254,500,593,802,53,282,307,402,460,584,646,784,395,482,550,575,188,282,320,618,725,788,370,431,493,593,701,458,118,270,377,381,550,
276,36,173,69,104,134,173,292,527,615,423,479,144,150,274,698,107,237,418,628,70,257,331,99,616,651,682,707,729,746,360,424,550,597,767,406,681,69,533,623,233,294,398,502,44,514,618,669,191,259,657,787,257,383,435,39,173,227,236,
386,22,331,17,546,302,306,748,781,689,726,56,129,239,266,24,35,173,439,613,786,
514,422,75,82,95,93,668,759,444,493,635,712,313,651,82,274,426,445,482,623,241,668,118,138,213,225,226,492,526,788,256,166,192,296,140,426,521,534,567,794,149,281,310,527,310,327,419,792,136,15,16,112,202,308,357,264,286,292,24,505,540,730,535,703,
549,291,179,45,132,371,294,316,167,380,169,452,582,70,726,60,473,293,492,495,173,595,717,185,567,650,666,59,314,668,723,209,290,323,574,681,218,654,21,148,430,437,458,734,789,57,61,141,212,584,767,32,52,522,558,658,691,709,735,487,0,12,40,207,502,135,398,67,534,668,454,789,548,232,311,368,173,569,590,750,803,471,577,410,800,587,713,801,39,777,783,23,228,360,169,459,60,164,2,101,217,273,276,366,544,677,73,151,249,446,660,
351,566,662,227,34,265,779,
798,85,150,42,175,238,685,269,350,377,434,563,802,57,49,178,215,218,706,792,731,639,334,432,493,753,168,368,409,425,101,676,103,805,408,471,616,723,766,391,404,520,642,674,701,734,0,332,423,513,576,
545,179,161,111,140,190,329,69,87,140,506,105,344,315,497,499,433,178,85,108,317,364,482,541,619,787,129,543,594,187,317,578,664,816,228,5,127,53,551,624,721,782,79,198,228,24,554,585,714,515,554,345,362,372,367,389,507,509,252,703,350,116,234,283,496,500,211,240,577,691,146,362,461,575,58,125,812,354,454,589,592,641,706,311,546,209,631,642,681,332,413,607,818,708,129,206,232,495,725,125,134,189,279,80,404,19,665,676,768,790,523,566,647,774,91,291,324,453,681,299,378,210,642,368,626,67,128,227,456,457,490,142,492,636,
41,380,209,0,169,219,275,321,376,399,400,504,558,579,647,699,744,70,442,568,618,672,702,158,315,407,493,669,
55,45,255,78,124,244,294,297,496,510,633,808,269,389,392,435,589,752,779,216,228,363,384,50,614,179,261,389,478,526,268,377,243,462,626,332,793,
602,380,65,75,89,277,631,16,27,197,237,613,649,
725,379,443,470,678,706,729,226,146,10,180,544,551,558,706,46,121,43,89,96,262,307,313,388,751,87,644,706,201,215,508,808,639,59,534,661,224,255,302,378,558,332,571,765,133,82,438,645,707,708,66,86,282,341,661,232,732,800,667,514,535,602,717,175,144,170,672,95,639,672,619,512,115,25,479,806,93,286,698,38,64,154,233,294,418,531,604,767,374,149,465,557,83,107,270,281,314,462,52,169,532,536,813,48,150,395,434,592,127,61,110,167,265,372,422,438,11,568,678,772,142,258,332,463,517,142,26,455,163,725,782,575,661,773,795,798,24,442,92,744,759,818,100,223,341,308,520,578,624,701,91,446,285,622,522,647,613,40,154,249,505,592,746,815,352,64,806,
283,301,32,248,337,356,390,564,623,265,411,623,669,216,358,782,571,401,499,507,629,730,767,173,390,419,546,123,133,269,28,524,644,659,128,140,285,637,69,148,352,383,628,44,193,346,476,513,746,772,811,86,87,191,282,389,401,
153,382,483,95,643,700,96,161,208,271,344,743,745,797,414,579,583,628,688,183,251,329,399,3,483,494,539,664,780,257,401,666,
543,172,662,770,188,233,375,376,465,550,218,291,389,411,468,479,549,609,645,35,800,818,54,153,380,445,526,
508,43,255,216,335,348,668,76,149,183,359,427,437,516,782,152,136,268,406,637,668,761,801,810,40,40,290,417,549,691,728,41,126,167,293,414,624,649,774,
110,201,42,183,22,168,65,329,246,310,518,569,118,704,17,195,348,392,580,660,112,407,454,610,611,104,208,512,41,814,155,202,260,794,797,124,306,432,655,385,615,88,207,515,624,656,756,632,36,406,453,634,142,654,801,17,187,160,740,749,110,275,681,308,335,349,667,198,589,404,387,72,145,209,293,368,522,692,50,292,51,121,131,383,559,627,633,357,93,123,194,195,552,555,684,760,43,78,268,332,477,668,473,794,5,207,241,283,464,669,749,85,132,298,635,750,801,230,315,503,564,476,521,541,666,799,
801,519,213,110,96,36,245,300,428,506,703,111,503,664,757,770,4,281,429,598,722,350,582,604,619,634,119,150,157,202,371,520,649,40,222,293,379,540,231,588,592,658,384,415,544,817,122,263,452,26,99,206,267,619,622,218,316,15,658,802,238,392,501,18,150,204,273,287,395,620,706,795,212,486,490,538,599,697,777,
321,469,296,157,342,538,631,817,43,259,221,512,593,721,352,447,787,100,119,120,128,287,721,37,83,112,240,267,320,394,553,696,700,4,111,490,500,691,761,793,260,669,696,760,167,298,308,451,532,724,736,374,377,405,577,748,
636,279,152,254,748,15,66,170,411,290,184,534,651,77,115,58,572,714,502,255,128,239,340,506,19,56,61,69,89,267,65,441,658,579,582,645,144,161,166,416,52,375,715,271,429,439,442,454,660,680,759,814,28,213,263,485,627,746,806,218,458,584,92,784,786,634,287,387,
519,212,17,284,440,21,526,402,781,592,492,504,644,509,629,596,401,740,793,803,695,719,764,302,350,453,511,57,811,243,101,99,183,249,281,538,545,530,57,132,633,766,43,246,254,342,435,587,775,190,237,343,345,684,718,753,789,59,301,366,463,467,712,127,232,267,344,373,795,332,108,675,166,762,59,377,393,409,177,228,195,506,580,809,111,493,620,51,183,358,435,561,810,635,760,160,195,373,651,1,801,64,80,205,654,52,92,132,475,568,801,344,159,180,196,198,239,467,517,286,108,167,279,736,592,323,35,663,713,362,442,681,128,134,211,301,243,448,217,128,746,755,394,459,28,72,181,538,569,187,224,355,389,393,395,667,565,755,220,297,342,425,446,509,606,64,0,260,289,322,480,712,740,767,135,255,372,379,682,699,719,753,762,519,182,200,496,541,594,706,178,788,
693,148,18,367,268,744,819,58,524,89,196,274,337,87,230,324,411,589,635,7,28,141,442,27,791,42,182,299,505,197,211,254,274,380,12,473,557,629,725,238,687,339,425,447,86,455,495,538,756,357,810,723,219,531,
785,700,67,
679,54,20,441,100,643,662,802,90,106,110,304,60,775,787,175,369,377,379,435,467,478,143,572,816,610,540,147,712,788,332,479,551,21,77,138,140,147,458,276,615,658,783,32,111,442,511,548,361,290,309,488,599,659,776,784,
756,693,324,121,152,193,197,641,728,75,161,
170,549,184,725,409,234,728,214,221,161,787,102,416,497,621,671,683,707,771,73,246,400,588,724,810,815,0,239,267,313,421,614,643,80,405,422,504,769,777,119,266,345,593,725,284,90,611,328,707,429,704,742,183,68,419,465,585,600,79,700,373,471,367,713,732,483,434,481,482,223,650,691,538,203,301,24,32,269,123,310,347,435,450,48,290,388,407,543,705,11,108,319,622,769,140,787,
647,41,113,323,469,706,
592,781,300,36,95,202,343,527,689,714,799,154,404,604,
700,321,153,107,269,581,785,261,543,648,34,82,164,349,402,
354,21,144,322,533,696,699,125,288,642,750,5,79,261,266,283,320,190,195,330,364,369,475,591,510,522,663,12,364,366,620,
267,326,32,268,68,62,818,80,178,200,45,448,493,565,484,144,236,479,543,801,403,460,101,629,740,789,544,656,75,231,308,393,13,374,387,416,504,591,662,750,752,164,398,408,122,283,646,472,51,657,816,197,332,493,518,606,505,743,502,532,239,170,218,748,389,676,763,538,120,400,552,571,636,710,723,753,773,689,251,256,257,265,754,364,488,7,766,767,812,318,198,115,282,361,
15,3,79,185,375,476,490,528,806,663,257,786,423,490,500,216,53,526,
613,566,622,725,50,370,508,540,561,610,658,667,818,
64,434,22,67,676,21,23,320,747,77,722,741,106,440,157,196,233,329,440,451,714,404,453,458,87,534,608,26,699,725,481,495,
45,170,55,413,427,463,632,252,672,270,382,495,615,74,723,136,497,618,579,797,696,706,740,452,760,400,455,565,634,683,475,768,582,632,392,429,620,807,223,280,284,310,2,451,510,626,63,127,146,489,504,605,632,262,345,480,541,775,17,232,43,234,432,560,767,794,454,304,267,395,438,508,578,630,662,184,206,624,38,55,83,624,628,716,706,797,800,806,624,224,326,387,531,778,811,508,223,567,797,148,104,140,377,403,627,671,121,814,300,42,46,130,499,566,691,757,758,804,
471,457,596,105,135,59,429,615,618,54,133,53,314,468,700,817,617,458,542,801,101,404,26,118,195,322,369,163,606,106,289,175,365,688,693,699,523,528,203,244,167,513,700,805,432,542,
203,483,170,144,242,45,665,707,149,386,676,776,
792,599,514,112,317,368,
571,469,215,283,178,134,342,544,45,150,200,282,286,385,491,738,808,217,545,240,280,12,682,693,71,121,300,620,4,177,601,792,
185,15,688,
3,434,15,
511,612,819,
73,216,75,358,369,479,597,725,743,50,135,378,392,407,422,657,123,355,426,463,774,158,242,752,130,368,685,690,752,816,296,388,432,531,
566,395,249,357,362,528,368,317,507,627,669,799,7,134,176,530,595,156,369,465,500,39,580,726,13,249,9,63,84,198,209,233,357,486,522,717,406,480,508,705,61,741,204,99,351,542,715,339,454,613,817,113,535,631,673,689,792,220,700,
483,549,37,153,250,307,355,625,443,465,818,105,203,517,816,129,252,310,301,356,398,516,529,532,577,10,202,394,70,101,373,387,632,660,287,
311,615,81,636,50,151,223,290,323,114,740,618,162,280,303,338,353,398,480,717,779,579,177,285,444,656,299,194,55,488,560,589,633,77,489,81,405,432,646,726,786,140,689,715,746,430,150,758,291,294,367,58,422,477,685,739,180,802,321,473,545,417,498,577,641,711,802,41,614,702,178,367,411,642,41,464,592,680,286,171,528,777,32,11,284,435,463,526,533,642,651,151,222,333,515,559,287,387,53,50,683,755,212,239,715,813,363,442,463,492,623,625,68,74,295,679,37,351,524,606,806,
641,134,227,387,634,727,87,88,159,247,274,695,704,358,395,457,471,248,734,704,
688,212,486,45,640,104,132,754,185,220,319,402,358,606,765,632,65,
665,754,203,
672,781,41,
216,514,362,458,
65,602,819,688,
106,341,549,
384,350,
392,707,731,2,
81,215,
805,471,216,28,
493,341,515,
406,112,754,552,
176,161,
390,161,
667,613,613,
694,81,152,183,
690,305,774,
469,647,774,
6,67,183,
178,622,386,519,
305,205,224,
636,797,816,
75,549,781,756,
140,170,
95,592,
516,434,774,
402,700,
158,305,41,
340,79,205,
526,543,752,15,
370,613,231,
