394,406,181,134,
447,263,13,166,272,225,324,447,
140,468,445,486,
243,544,88,189,25,529,34,231,488,536,312,342,25,295,28,66,379,501,
268,263,113,470,285,310,82,412,486,10,118,291,136,108,154,212,105,129,222,268,261,53,548,411,
445,358,23,302,22,243,72,545,126,355,302,140,251,317,478,330,114,349,368,512,191,249,458,503,
349,108,77,60,223,322,396,479,96,128,331,355,198,356,464,251,294,381,
399,314,449,340,299,186,206,219,430,283,230,455,236,104,31,414,106,549,540,342,161,500,428,380,436,518,201,396,142,224,381,409,
178,238,512,
294,309,116,136,196,215,55,
507,54,723,173,58,102,395,32,106,236,255,339,481,488,
174,82,49,122,47,497,340,407,549,222,243,474,84,212,286,350,
534,263,104,296,319,350,529,89,343,357,383,468,105,140,413,37,77,
466,91,112,114,1,486,270,279,327,63,293,
366,38,209,531,61,196,285,293,136,100,180,73,387,
181,238,283,527,472,394,57,237,251,18,454,264,523,544,
261,274,269,121,166,223,262,266,290,236,274,346,523,159,182,223,108,381,55,459,319,332,349,34,216,315,370,372,474,376,422,141,268,79,410,332,107,504,409,
297,344,92,468,537,218,262,43,401,
139,263,445,501,513,
194,88,123,495,159,147,260,416,9,219,474,378,19,368,84,173,329,408,429,
478,11,25,143,89,515,156,182,74,115,541,272,385,371,499,119,309,291,331,495,503,437,13,35,280,364,92,299,112,
397,491,246,267,277,358,29,56,108,43,529,183,203,478,118,59,300,445,
223,510,115,303,343,432,478,384,62,106,432,
149,22,470,105,
537,444,348,350,117,339,141,137,223,375,448,298,444,299,503,148,195,544,188,451,
199,510,319,385,530,
337,113,548,89,
547,275,
41,445,294,357,512,101,112,455,
46,205,467,541,162,443,90,124,111,170,82,386,502,
37,118,260,445,533,27,172,468,237,453,459,62,534,192,256,435,
70,544,168,76,64,10,337,176,229,253,59,232,199,543,434,505,424,140,157,183,193,164,427,433,111,462,419,61,221,356,410,504,164,236,285,307,347,356,444,451,452,231,354,255,337,494,504,188,185,524,54,545,231,221,200,6,249,367,322,40,218,254,166,499,520,525,327,461,468,
539,263,290,138,545,225,345,276,
59,78,469,437,78,215,
263,38,218,398,230,
220,294,515,105,366,423,29,144,422,490,77,16,153,152,166,264,175,212,415,379,464,
87,158,723,36,177,197,381,10,190,196,377,149,343,538,533,
206,302,368,346,113,330,122,375,387,145,492,431,545,
463,129,124,378,
22,356,45,73,291,245,290,89,173,149,221,295,542,81,427,92,289,447,483,123,539,41,42,343,365,
35,15,448,272,359,135,36,40,247,129,6,359,95,356,502,494,
302,445,426,181,184,460,235,430,443,
158,140,87,186,54,343,508,
445,457,226,248,199,255,282,528,1,118,544,397,
296,162,201,123,30,319,12,406,288,316,422,181,52,400,503,514,462,465,512,528,
238,9,294,214,253,331,40,181,345,312,400,531,105,198,212,317,451,178,203,483,
137,276,12,324,
251,445,445,356,233,449,497,475,399,
463,124,129,229,
14,456,262,376,92,455,488,
545,150,
382,30,43,136,299,219,427,415,245,482,72,471,181,276,245,432,6,191,234,453,125,97,158,172,334,216,256,
163,32,298,
13,108,447,
82,80,178,124,233,274,68,113,505,135,261,
332,261,58,75,230,311,454,158,469,548,220,349,123,418,534,
298,56,197,406,478,297,331,504,413,515,154,158,418,70,202,271,406,449,498,349,350,359,163,142,84,306,406,517,
350,534,171,66,203,329,208,321,376,382,
355,426,141,337,492,113,10,106,16,472,98,267,481,512,174,403,481,
444,85,70,9,86,97,39,460,530,94,547,477,80,108,412,113,117,525,109,203,324,
9,194,313,18,326,494,547,
342,47,400,
318,279,448,234,255,459,12,129,416,272,355,113,38,325,445,359,437,255,351,
290,515,126,131,56,544,113,344,212,274,311,539,305,459,473,61,56,252,548,
339,294,90,214,458,253,325,247,99,382,60,540,144,455,156,111,474,373,431,426,
510,218,356,106,117,533,314,221,531,66,275,319,42,300,311,282,
320,457,178,
49,723,239,28,459,207,424,66,377,44,322,347,419,174,12,406,81,252,451,36,123,344,384,
468,31,309,140,200,339,262,334,15,188,40,193,
382,423,189,138,543,184,291,461,128,
112,263,9,20,509,290,468,478,496,502,467,398,529,
298,537,445,327,489,
48,87,69,194,
353,308,265,15,76,232,105,478,166,185,153,321,323,470,87,104,157,236,262,167,535,177,458,275,444,77,111,332,
229,134,124,156,232,231,
198,540,238,195,199,408,468,
459,290,318,122,269,
426,137,124,539,115,204,303,327,127,381,221,254,50,82,104,355,187,304,340,302,98,27,97,285,341,434,481,548,
227,544,53,54,119,321,422,472,401,410,154,283,398,95,220,259,317,336,495,252,535,326,528,
129,88,289,229,35,525,542,344,62,182,36,93,438,170,311,173,451,373,546,83,179,442,545,149,270,326,506,444,114,
173,129,251,101,311,337,
491,269,189,72,66,498,174,195,512,157,397,434,106,351,155,417,435,236,350,442,129,451,388,492,302,309,517,
507,544,113,510,59,76,420,165,503,156,12,153,273,75,139,209,209,333,50,364,446,443,283,224,544,266,282,438,10,403,520,3,249,
541,244,284,235,265,327,344,407,458,
91,529,109,48,420,477,442,476,448,517,412,171,369,466,209,129,1,266,541,313,309,508,157,134,
127,195,154,255,106,84,136,287,434,464,
210,296,76,2,280,141,295,342,456,512,182,548,184,68,100,272,368,385,141,
272,447,340,
251,476,14,120,217,225,327,352,511,46,276,40,111,137,173,467,394,484,45,27,54,142,288,498,
313,147,263,1,227,9,526,277,14,431,149,
154,268,298,271,461,487,
544,211,473,334,482,70,71,387,229,230,40,256,339,481,18,293,514,297,166,229,169,200,507,163,536,79,192,221,246,28,545,456,516,401,518,71,102,239,148,474,374,549,284,98,438,64,95,344,2,468,376,117,114,2,443,215,367,437,473,133,214,313,339,
150,541,98,101,311,330,542,145,14,121,24,353,99,163,247,453,525,66,453,306,314,401,428,172,277,315,91,258,51,379,434,459,511,42,337,456,91,545,79,66,213,323,60,104,218,
428,289,255,
376,149,14,
56,414,298,99,136,138,21,377,473,327,297,305,125,383,235,219,104,517,173,27,217,221,538,322,232,156,384,81,533,271,385,
270,479,230,520,209,119,83,154,445,397,227,371,94,263,205,529,219,
457,153,297,320,357,481,82,111,256,129,
366,176,108,510,202,
448,367,461,22,250,519,15,119,440,274,35,135,166,317,394,179,266,198,54,13,318,305,39,191,285,497,498,392,472,86,
406,155,63,385,365,197,217,421,452,364,44,182,500,108,431,507,293,469,
456,150,14,238,81,99,35,100,164,336,319,238,328,528,543,546,
255,318,2,13,287,428,127,226,363,214,425,
243,174,445,
343,223,534,10,111,248,
468,297,37,198,
325,318,529,
502,282,112,
118,268,53,420,230,497,437,210,453,499,
283,12,230,195,54,162,394,181,171,69,48,79,30,111,507,523,125,136,211,86,382,469,
108,467,510,449,301,366,272,77,447,129,162,521,
289,251,119,164,41,160,9,237,431,99,35,256,259,287,244,382,175,59,428,8,172,194,484,20,102,129,287,123,241,56,193,206,276,171,42,151,269,89,315,65,263,370,549,159,205,257,546,450,
445,270,256,169,64,152,302,41,336,403,3,445,306,295,376,
438,507,230,
356,27,204,221,301,423,22,95,356,470,485,15,510,68,192,383,489,506,113,467,399,251,238,252,141,156,305,475,89,
48,301,139,98,457,259,91,21,44,249,474,236,386,271,522,327,385,60,514,108,485,351,464,502,36,359,481,53,64,524,159,277,280,267,356,414,417,26,
263,231,48,523,15,124,26,268,495,242,81,176,322,445,75,308,313,425,549,112,299,436,534,69,436,236,376,437,489,518,278,447,539,195,238,292,418,465,
129,357,294,217,186,496,477,233,115,291,4,177,61,212,403,40,272,75,63,151,116,463,463,522,512,67,150,92,182,307,53,276,235,457,
32,199,341,121,73,421,44,456,467,296,524,324,95,177,197,
316,296,450,141,
88,194,36,129,216,457,243,173,196,418,386,49,496,326,426,443,160,334,487,170,249,253,144,27,536,
230,334,544,300,377,283,12,26,438,445,529,264,325,441,50,114,41,260,442,108,65,115,499,33,333,231,250,56,251,357,86,12,155,165,202,218,332,305,321,325,121,191,484,15,246,118,536,532,191,
229,510,544,463,177,281,19,32,55,412,461,
178,165,540,327,378,41,82,84,205,443,184,75,304,320,231,391,120,2,233,357,405,505,317,322,399,416,85,90,103,451,142,
31,9,294,468,113,223,117,420,300,82,455,506,529,
119,227,325,252,14,158,245,441,496,534,
47,38,263,22,37,109,112,144,184,204,342,381,461,58,41,119,91,155,50,25,501,64,128,146,375,11,539,203,414,390,
38,255,480,370,13,461,483,30,129,186,361,406,446,540,47,356,366,453,5,17,45,382,478,147,203,253,263,288,397,81,39,387,384,463,306,503,432,227,465,201,356,359,361,154,220,423,455,536,237,275,337,
52,78,370,53,353,101,176,349,390,530,
240,415,173,2,338,507,16,44,199,227,274,317,49,93,397,443,101,535,4,42,217,150,413,432,41,236,248,304,440,9,314,356,386,192,393,39,435,22,244,15,242,373,460,305,43,432,477,308,347,499,285,19,
526,515,313,55,123,391,
174,94,491,22,427,220,264,28,66,487,
98,177,
467,723,325,65,277,475,518,241,304,46,303,344,294,108,380,137,12,295,264,447,549,477,512,51,158,294,295,304,153,54,57,523,400,459,112,317,362,444,
108,268,397,13,43,229,59,74,
295,329,467,263,338,286,287,
426,309,176,394,291,405,
70,298,
171,350,2,260,473,139,166,176,531,170,272,399,122,443,304,396,436,4,109,194,232,431,548,
505,256,16,18,247,279,490,
544,99,23,154,290,422,225,543,203,31,308,167,51,273,229,295,301,40,401,548,28,180,199,226,222,290,227,241,469,359,466,518,69,198,48,240,243,445,205,276,140,248,284,498,511,210,496,47,148,525,168,427,546,
244,391,375,101,173,225,424,211,326,229,289,541,213,346,452,493,103,507,530,294,109,26,192,202,194,
294,483,238,73,489,220,366,143,158,180,228,340,386,306,46,265,129,115,220,244,248,262,309,328,6,487,256,252,36,376,478,413,4,306,80,95,103,139,359,288,339,354,364,42,109,92,115,31,129,414,449,100,253,372,467,268,52,300,439,171,379,513,24,41,355,340,252,405,477,521,525,
193,309,80,214,
509,256,112,
324,85,309,382,444,
510,199,378,232,108,223,279,229,425,336,423,238,436,14,59,203,128,265,
234,265,40,69,216,248,159,292,544,77,519,415,59,67,246,151,188,537,31,198,302,
340,294,174,83,272,217,
336,174,121,460,492,38,207,416,438,53,151,399,
40,238,234,70,60,122,473,107,116,164,21,115,167,263,
515,450,391,44,190,12,162,90,216,220,88,94,255,520,109,388,453,95,127,149,115,13,452,31,80,89,106,532,549,396,484,526,533,530,173,350,357,512,
519,234,254,159,188,415,
238,456,356,15,
176,171,263,45,165,77,192,225,426,96,204,209,410,49,60,109,
221,70,22,
82,426,434,250,320,180,508,47,
124,549,263,490,490,45,221,188,12,104,120,479,467,406,14,143,146,229,448,523,463,463,10,133,276,528,242,137,406,458,163,232,255,463,273,328,400,434,
497,144,118,
309,142,28,327,291,114,160,28,426,455,344,511,36,131,184,324,468,294,193,519,289,306,417,434,514,
181,482,382,223,529,278,173,494,17,47,267,312,501,169,335,416,66,459,65,234,435,506,303,346,435,
9,289,123,344,31,532,230,339,362,238,66,112,224,321,112,375,445,351,212,427,452,277,
445,139,37,298,243,14,437,207,390,501,
106,293,368,182,192,211,477,365,133,216,359,335,308,407,302,385,481,289,197,451,202,321,538,545,
205,46,517,542,43,172,358,435,253,198,285,301,412,239,44,77,426,520,521,348,249,426,537,304,482,
406,124,298,11,116,394,137,203,263,498,109,110,133,207,297,350,440,536,
210,272,544,10,64,295,535,443,499,377,46,124,73,
203,397,21,510,511,
141,210,533,240,213,248,
15,468,240,238,
86,92,326,8,22,50,318,200,324,326,494,277,287,298,144,224,229,274,481,220,339,415,230,339,55,549,129,179,149,186,197,319,196,521,
263,139,406,295,
452,322,70,50,489,427,275,455,310,545,376,349,247,
176,52,423,251,378,
144,47,520,177,182,406,497,39,437,375,405,363,55,381,393,
177,32,87,
457,88,28,336,406,445,247,454,203,511,223,529,
321,227,
326,244,414,231,182,295,512,326,327,204,279,408,
4,129,332,125,214,263,424,
270,478,407,409,411,546,348,223,466,486,466,346,406,432,486,
442,32,91,149,
326,423,256,
548,337,17,105,267,459,507,530,231,395,502,167,
437,263,118,
206,297,412,230,257,279,389,399,400,63,299,102,133,363,84,496,
529,397,534,325,364,82,318,339,237,450,
85,382,65,30,263,324,308,412,497,447,
12,230,124,115,137,274,518,96,209,299,202,357,41,
256,80,156,465,391,357,505,445,285,113,531,531,502,146,190,326,71,116,153,425,509,526,154,227,449,488,191,499,
122,206,459,
450,316,139,113,110,2,142,269,454,411,305,138,388,376,489,70,326,282,
451,70,358,357,427,481,76,379,205,
549,263,124,86,304,42,324,
512,503,491,53,37,433,183,178,415,451,197,107,236,401,511,
177,347,129,50,98,144,179,445,229,208,406,466,1,521,
218,64,279,510,55,263,342,281,356,131,230,58,236,452,125,50,338,469,70,328,
165,215,10,150,425,445,21,281,531,240,279,319,476,377,
723,280,391,509,541,190,204,258,454,470,76,219,231,423,407,92,328,467,105,49,478,143,22,346,416,396,507,26,364,49,487,312,242,133,453,66,488,156,349,412,422,63,472,337,463,87,445,52,266,19,509,531,307,497,133,217,269,451,
470,268,353,95,13,149,99,248,190,32,81,97,174,156,
113,268,256,188,288,337,272,539,
256,474,133,64,122,481,377,396,13,142,362,48,186,402,10,272,311,499,513,110,15,24,237,396,188,238,147,262,267,146,241,410,
140,112,185,59,182,326,282,460,548,
81,238,218,63,509,2,324,48,485,11,265,439,525,541,129,350,488,526,468,18,45,207,273,
38,318,336,
212,9,238,392,
223,270,31,457,227,430,34,344,512,
32,163,263,442,434,405,184,512,42,208,229,169,5,443,496,140,261,345,
260,37,142,368,
252,49,227,340,368,294,32,131,
53,52,48,112,362,533,
391,723,54,81,529,171,241,247,293,342,487,515,533,381,75,444,337,105,230,178,244,61,456,33,61,260,262,441,525,171,209,22,210,486,409,465,148,65,375,60,116,30,185,361,485,539,295,93,103,498,85,142,204,285,57,452,
451,512,491,108,320,371,440,523,
513,476,294,205,
135,448,500,0,246,462,269,253,149,436,
105,238,220,533,149,114,188,
423,382,94,167,222,455,270,345,400,487,81,206,47,312,59,383,108,48,58,475,100,138,292,15,190,198,396,508,407,160,516,544,534,58,134,406,453,5,326,431,176,488,509,25,108,118,318,322,408,281,
151,129,168,320,355,365,
38,395,249,252,270,45,129,44,91,138,209,435,191,
324,549,447,
445,544,263,157,465,
131,300,113,472,342,355,
78,2,42,230,543,170,250,362,449,513,430,515,134,104,59,72,364,133,514,524,33,58,518,253,496,417,528,331,490,512,473,142,2,194,318,503,
156,229,118,356,
10,355,87,343,94,387,86,
77,176,205,
236,491,399,
214,255,4,
149,510,376,
14,313,124,517,
137,537,124,
18,181,505,213,
452,391,9,
357,534,230,41,
276,129,137,539,
529,230,270,
285,366,70,
437,445,318,
2,255,
113,356,206,
10,165,507,357,
193,468,
149,87,135,
179,448,177,
54,70,158,
540,198,
297,457,
476,513,251,165,
127,
533,37,515,105,87,
90,339,515,
237,37,181,
71,544,495,
136,127,294,
53,227,
84,206,174,
472,131,448,
113,450,31,318,
36,49,87,
182,129,210,
285,426,448,240,
114,466,
203,350,457,
391,526,
325,119,37,48,320,194,160,174,1,241,276,87,509,157,453,
445,177,445,
140,534,544,
105,268,534,
25,47,478,
202,366,12,
106,515,399,
423,510,220,425,
331,78,238,
453,37,118,325,
63,466,129,
34,223,
227,313,354,
497,174,
275,452,510,547,
129,81,491,
213,141,18,
142,78,260,
481,457,426,
434,309,426,
405,426,294,
392,212,448,
459,548,467,
344,309,
403,445,507,
425,255,165,
413,
344,223,297,
55,144,229,294,
112,41,53,
249,70,88,
24,294,
27,426,37,
151,234,336,
368,260,445,
97,470,
385,199,
407,106,174,
289,
35,456,
194,48,171,244,
288,251,
364,78,529,
254,70,519,
106,127,507,
153,467,
461,448,
113,355,131,
439,81,
59,397,108,
355,131,151,
376,445,350,
320,451,151,
382,350,324,
225,447,539,
111,343,457,
517,491,14,
248,343,141,
248,445,470,
53,118,336,
430,223,302,
359,294,318,
231,548,229,
521,294,108,
350,298,491,
346,244,206,
455,38,309,
248,544,
478,397,
164,456,40,
486,466,270,
531,256,
528,456,227,
149,442,313,
203,444,
545,206,106,
84,71,127,
212,220,174,
235,302,129,
356,48,349,
339,468,529,133,
16,505,355,
262,297,14,
185,70,
281,165,229,
283,227,
272,129,
328,124,456,
521,177,86,
196,294,86,
443,302,
199,198,
82,457,31,
83,270,340,
77,108,534,
252,290,119,
53,268,129,
56,290,
238,263,456,
300,397,131,
272,210,113,
455,14,41,
195,263,198,
351,9,318,
256,457,37,
436,135,510,
268,268,
326,86,
117,444,510,
497,85,723,
382,85,283,
406,177,270,
432,270,223,
432,240,223,
509,81,
522,129,
60,176,
319,199,165,
240,165,
180,504,
345,32,539,
62,37,223,
435,181,37,
198,234,71,
390,445,47,
282,502,450,
362,53,9,
488,14,507,
49,88,176,
94,10,423,
89,337,356,
293,406,466,
294,467,349,
32,229,252,
134,394,91,
2,178,78,
385,56,210,
487,154,174,
184,382,302,
357,12,457,10,
188,519,234,
306,309,445,
176,366,
444,129,467,
229,108,70,
129,108,91,
48,283,
318,423,529,
291,382,426,
255,124,445,
188,468,
400,296,467,
445,318,165,
416,336,
350,81,515,
3,445,
473,544,78,
147,256,
498,298,
327,298,326,
318,86,78,
309,91,491,
85,444,
544,537,
157,445,91,325,
503,512,38,
508,82,158,
100,210,366,
293,106,
483,22,238,
415,
536,230,
368,206,210,
295,445,263,
339,544,507,
434,124,127,
48,263,
465,263,445,
188,537,105,
520,270,
533,53,141,
437,478,
387,10,366,
273,81,124,
21,40,203,
302,234,491,
