513,533,257,180,
53,47,71,20,362,168,212,351,365,108,202,350,98,135,429,193,288,485,515,541,59,210,306,383,293,538,329,484,423,304,343,440,
99,116,157,227,
55,77,252,
497,352,298,
253,190,305,150,180,252,134,116,267,292,525,351,468,
537,63,224,467,476,448,483,
386,24,58,146,375,111,269,317,
3,278,33,236,93,493,322,109,524,73,337,524,61,303,304,41,158,
431,352,50,
394,122,181,63,68,231,36,382,60,49,476,510,500,128,30,435,184,27,228,111,296,432,17,58,235,62,364,46,318,357,167,329,
181,482,382,223,529,278,173,494,17,47,267,312,501,169,335,416,66,459,65,234,435,506,303,346,79,277,20,56,529,536,548,533,221,9,90,151,346,387,501,520,114,168,537,384,113,489,132,122,450,298,
538,379,264,
23,77,429,392,546,342,
244,79,375,101,173,225,424,211,326,229,289,140,213,346,452,493,103,507,530,294,109,26,192,202,194,143,299,441,453,457,46,47,197,278,372,181,2,242,277,146,45,97,528,533,
173,383,364,84,
194,108,307,22,
450,316,139,113,110,2,142,269,454,411,305,138,388,376,489,70,326,277,268,378,137,368,119,134,311,532,148,491,107,125,441,458,176,356,435,177,445,137,227,309,
49,385,221,0,210,126,83,89,90,126,211,406,479,327,320,463,
63,440,432,219,155,124,260,381,99,408,220,381,527,
346,244,298,285,511,89,198,357,532,123,235,237,342,420,238,440,355,51,24,334,373,13,227,160,151,355,513,
369,238,376,293,429,
383,376,455,198,
389,458,69,332,218,43,105,251,469,238,83,46,
318,309,98,462,498,11,211,74,307,134,494,333,70,358,
116,119,55,195,306,472,99,110,200,183,439,67,427,
445,241,491,226,199,255,282,528,1,118,544,78,12,458,140,31,144,214,232,337,161,536,399,180,136,16,323,455,343,346,453,
244,349,10,168,510,
109,184,407,140,
515,133,349,233,250,269,374,161,
176,37,320,413,251,378,224,225,179,201,482,159,450,120,324,362,105,514,240,264,392,492,349,397,526,
114,499,58,348,30,500,475,406,210,486,161,365,538,408,107,156,130,522,15,74,217,
231,163,229,48,57,177,352,413,298,122,403,471,262,130,146,96,230,257,363,445,17,104,
133,407,325,510,464,379,488,283,
194,383,
141,210,240,141,233,10,278,406,521,528,25,169,57,394,362,386,412,344,287,234,
494,318,239,334,410,488,276,426,
517,533,491,10,99,162,409,225,499,79,128,133,34,143,203,268,435,119,273,342,498,112,
292,406,253,
359,393,337,278,370,477,514,268,218,356,427,467,501,6,533,226,
447,56,252,238,437,453,140,452,107,
105,389,176,89,134,166,274,304,320,405,
4,146,326,372,190,267,294,5,
237,8,522,144,124,104,209,
59,476,238,256,431,
286,43,345,32,175,349,305,450,379,
38,395,458,249,252,270,45,129,44,91,138,209,435,191,391,282,195,295,451,187,47,277,544,2,184,37,501,240,269,428,423,82,119,160,483,438,60,432,513,284,488,451,
537,444,348,350,117,339,141,202,223,375,448,298,444,299,503,148,195,379,188,451,392,97,237,388,363,451,459,483,518,128,302,44,113,227,2,393,31,234,114,178,196,384,464,129,308,369,
406,379,463,149,450,447,479,50,228,292,458,226,364,375,460,180,207,351,387,0,160,231,428,
383,221,231,173,273,194,160,234,159,529,180,88,127,402,391,71,
174,94,491,22,427,220,264,28,66,89,135,166,277,47,248,353,463,493,512,265,57,474,533,61,326,
345,286,187,53,35,77,213,247,411,509,209,
249,476,23,222,94,212,324,347,376,388,542,
239,494,506,142,
183,320,116,
77,491,23,429,242,143,549,89,480,447,55,321,245,539,
365,114,229,25,426,27,177,193,288,397,
249,305,320,326,
113,228,131,94,39,148,475,540,161,184,267,280,422,316,514,
173,463,
157,219,286,99,158,222,247,280,332,97,151,350,
104,481,192,326,456,397,
284,481,113,115,538,39,269,292,233,68,256,360,393,42,108,471,
302,404,225,
265,345,174,229,335,394,458,
172,209,307,417,305,491,486,168,356,514,395,19,436,518,
108,436,14,444,449,301,194,272,176,151,447,162,521,452,100,494,88,543,285,113,525,15,296,63,16,272,151,383,
79,180,517,
177,347,51,50,349,144,128,320,208,91,466,1,208,97,403,457,211,375,258,0,278,395,216,445,489,73,271,197,
307,180,172,194,173,375,
515,184,309,355,
277,292,382,333,41,267,369,303,
356,47,474,313,367,517,
32,92,45,137,245,371,164,235,251,512,80,102,276,361,41,155,384,178,108,289,542,480,
24,28,386,355,
450,268,245,271,136,212,281,509,518,
334,123,31,494,429,122,
264,176,55,168,80,423,538,
326,3,112,110,514,216,368,235,240,242,91,180,366,118,309,139,176,526,538,449,231,348,
362,141,506,104,33,335,346,449,47,91,354,459,
352,219,252,28,
500,15,28,488,381,245,398,447,100,254,
534,382,59,38,383,175,322,448,99,
198,71,238,151,50,408,26,22,33,513,273,404,200,32,440,511,503,508,335,285,254,486,383,
11,156,327,214,65,97,479,426,233,422,34,122,220,344,503,136,502,376,349,127,35,413,
278,323,141,145,28,82,421,450,156,230,257,371,382,305,416,
230,374,301,412,377,429,535,539,540,
476,14,104,509,249,395,443,59,259,105,496,171,259,377,537,161,303,325,112,212,495,
292,249,50,277,540,210,420,495,126,398,472,522,
16,374,129,314,330,421,360,388,301,462,329,367,
393,229,537,157,319,533,125,275,376,417,471,490,
507,451,66,324,451,525,535,281,425,70,260,282,423,
534,509,55,53,99,483,380,503,513,172,319,64,235,499,
335,21,448,186,318,107,405,440,
425,301,419,160,261,316,370,
371,232,391,453,68,
484,72,455,284,259,78,258,539,30,40,542,52,193,232,253,223,369,519,225,
474,174,395,149,
448,229,273,335,265,287,42,537,530,8,305,
300,210,298,60,327,344,
379,475,406,128,538,203,
295,103,225,15,127,256,505,
301,505,252,317,379,2,230,152,190,254,78,380,406,94,125,91,237,488,
238,298,301,256,447,369,434,142,78,392,529,61,321,
539,238,190,125,196,281,549,406,4,376,26,242,
407,5,142,317,459,47,1,206,442,113,208,236,446,133,449,109,82,136,444,88,258,349,
326,244,414,231,182,295,512,326,327,204,279,408,517,307,51,249,544,123,194,316,507,160,485,490,180,458,126,283,
38,255,480,370,13,461,483,30,129,186,361,406,446,540,47,356,298,453,5,17,45,382,478,147,203,253,5,288,397,81,39,387,384,463,306,503,432,227,465,201,356,359,361,154,220,423,455,536,237,275,337,277,26,107,56,449,70,451,495,456,34,55,291,489,40,157,335,345,527,110,316,450,64,10,305,380,39,494,
406,155,279,63,90,72,385,365,197,217,421,452,364,44,182,500,108,431,507,361,469,108,432,183,223,422,244,317,483,126,439,53,172,289,438,489,350,442,520,180,147,330,
154,295,298,271,461,202,56,125,164,207,391,413,482,261,532,52,456,519,276,473,315,396,41,269,465,
113,505,248,463,188,288,401,150,499,78,51,539,115,116,144,92,511,98,252,202,181,262,407,473,273,401,154,430,546,
488,55,481,500,123,262,95,27,156,203,328,393,
301,169,19,194,261,89,98,478,307,334,11,425,120,152,519,396,488,492,144,316,328,
144,47,520,177,182,406,535,39,437,375,127,405,363,55,381,393,181,341,318,345,107,342,493,490,518,55,324,335,519,301,281,254,260,450,301,321,
350,161,399,
250,219,309,194,383,73,510,
505,301,429,132,99,
519,540,474,99,209,534,226,543,
473,56,88,106,117,457,380,
97,396,537,177,332,387,271,293,395,300,383,438,78,547,436,455,528,
543,519,34,108,188,501,122,223,257,95,
23,177,23,242,257,120,
63,240,46,263,356,373,537,183,354,75,79,149,
34,11,
518,487,
349,326,177,100,384,322,515,542,127,45,454,465,244,462,518,357,444,453,179,
382,30,43,136,299,219,427,207,415,245,482,129,72,471,181,276,245,432,6,191,234,453,125,97,158,172,334,401,216,256,278,476,129,431,386,273,347,321,415,295,542,519,117,186,225,2,482,
481,89,395,284,490,164,184,75,364,461,382,362,57,104,110,488,
142,286,38,97,483,4,396,332,522,
499,307,517,98,184,442,489,369,323,
473,376,154,
75,63,286,
395,221,15,401,440,456,193,443,28,308,505,2,38,314,474,
177,404,36,222,327,227,431,484,34,282,317,137,485,99,196,308,542,305,23,375,452,549,105,177,281,377,41,62,261,
257,119,261,245,513,207,293,296,542,366,13,
464,456,406,133,
493,451,225,498,
72,143,147,222,10,514,162,373,483,298,82,96,298,359,401,218,
221,155,105,439,492,214,273,539,49,292,219,359,139,136,433,184,333,510,124,46,170,327,394,17,64,98,119,
245,183,257,
399,56,503,445,350,530,246,453,22,36,124,
194,375,166,438,244,294,279,333,397,180,374,255,330,336,346,540,459,53,325,
261,301,291,354,389,392,394,180,386,492,545,
509,465,283,297,129,534,92,394,105,243,296,15,59,117,345,86,210,
444,115,310,9,86,97,39,460,530,94,547,477,80,108,412,113,117,525,109,203,389,93,60,216,16,227,294,253,326,39,159,121,268,
50,62,144,209,59,328,86,292,287,511,252,540,57,227,267,467,529,265,50,288,431,221,
47,38,263,22,37,109,112,144,184,204,78,381,461,58,41,119,225,91,155,50,259,501,64,128,146,375,11,539,203,414,114,92,399,207,400,473,100,109,306,364,73,407,101,217,530,155,468,256,538,287,12,251,329,545,
316,296,450,141,168,300,138,394,180,100,366,221,431,266,91,253,348,10,173,429,261,497,113,
283,12,537,195,249,54,162,394,181,171,69,537,79,30,111,507,523,125,136,211,51,86,456,469,256,535,123,250,192,101,229,163,322,43,232,135,470,326,124,149,374,29,68,144,497,479,250,426,133,
376,95,135,369,58,185,481,514,228,282,383,548,524,463,217,235,473,387,346,441,
254,405,41,473,328,300,535,180,515,66,100,514,427,173,265,331,
233,473,11,
421,16,278,242,
39,444,451,38,144,
403,286,231,146,53,207,371,444,256,
255,15,445,21,142,
63,171,106,332,449,502,
119,116,227,72,71,493,14,158,245,441,496,534,463,401,290,523,257,389,451,311,420,382,321,143,297,429,522,385,351,424,515,38,168,417,
362,131,176,211,449,420,72,514,410,528,530,92,127,207,344,
455,275,542,401,456,258,484,137,282,66,42,302,383,47,524,262,370,
450,4,176,192,422,467,424,178,88,92,144,22,64,
235,43,394,75,393,
80,549,420,288,243,538,9,10,285,144,
192,91,305,256,431,62,540,8,344,104,97,336,42,387,23,471,56,106,318,549,
325,9,298,140,46,133,315,330,471,60,398,469,66,478,100,143,
305,286,172,145,278,111,199,334,
81,231,238,218,63,173,2,324,48,485,11,265,170,525,541,350,488,526,468,18,45,207,273,189,241,110,278,319,518,372,318,519,57,192,215,318,389,158,101,257,354,419,137,458,334,549,
53,227,1,393,72,76,295,491,162,157,368,491,278,529,62,149,128,218,36,297,345,212,534,142,275,79,
99,479,534,13,457,26,244,250,237,324,370,515,
82,187,72,17,434,250,320,180,320,110,47,83,95,493,279,508,168,285,463,257,331,351,
513,243,26,205,83,123,361,56,268,2,35,71,184,186,335,272,317,348,490,429,132,462,40,151,203,344,507,534,92,67,
180,326,215,43,79,83,146,63,221,194,406,466,467,268,75,222,320,46,513,428,
298,185,15,505,231,266,489,351,325,300,262,113,394,483,387,71,
243,80,382,259,
452,177,473,125,170,202,432,532,189,209,451,
434,238,181,533,48,408,94,134,137,288,379,390,398,
236,3,326,494,
429,513,538,77,170,531,92,265,387,540,227,505,499,522,345,334,495,230,216,319,407,423,
463,218,152,202,375,133,152,216,277,96,92,214,406,481,1,111,389,39,376,69,89,166,173,522,321,29,33,158,454,
129,312,44,229,35,525,542,344,62,182,36,93,438,170,311,250,451,373,546,83,179,442,545,149,270,326,506,444,114,12,306,406,219,545,7,125,212,317,202,283,383,303,89,501,527,41,44,149,270,65,276,20,38,114,327,335,383,
429,23,369,
125,419,539,15,146,473,321,
210,296,76,2,280,141,295,342,456,512,234,548,68,184,68,380,217,172,368,385,141,390,425,395,441,131,531,28,43,451,31,31,59,300,535,392,208,357,546,82,187,197,
506,431,362,362,489,267,444,31,345,529,548,95,313,239,537,
95,376,506,95,53,431,549,72,89,165,
408,286,434,
317,513,301,106,107,395,193,246,217,144,329,386,
469,18,286,20,344,106,97,274,9,340,325,35,
521,451,108,289,311,280,28,79,169,342,382,425,466,536,258,340,488,442,444,
256,110,149,350,192,307,288,166,155,202,269,372,113,238,50,472,450,47,428,75,450,167,
507,54,98,173,58,102,395,32,147,236,255,339,481,488,23,78,174,353,427,538,315,111,523,313,305,386,158,390,258,423,80,370,13,48,140,245,301,542,
487,373,197,423,518,401,393,421,468,259,374,449,522,
183,63,334,
353,174,305,384,228,348,368,100,259,325,
448,534,426,13,
332,10,58,75,230,311,454,158,469,548,220,349,123,418,534,338,427,389,489,475,303,97,445,406,282,399,389,197,142,311,258,416,210,500,
222,77,111,157,467,249,234,476,126,427,498,
334,301,20,161,183,166,392,461,
136,451,11,346,428,
277,463,260,174,146,136,190,330,447,
158,157,181,207,330,
181,491,144,104,241,434,293,365,391,158,179,495,275,465,
320,55,256,249,356,399,503,340,343,183,218,363,
260,63,144,326,
485,252,177,455,472,179,307,252,202,2,179,440,
525,544,
344,11,141,440,27,459,
4,114,332,125,291,263,424,334,475,278,548,441,363,31,416,102,536,296,455,268,302,329,
445,215,149,318,
202,256,113,210,197,402,94,156,495,537,495,498,
385,41,210,68,129,189,478,34,49,353,70,26,
31,492,27,230,505,522,137,245,429,208,256,4,548,289,500,549,535,
215,180,475,308,
378,503,
252,258,227,340,368,139,38,131,301,503,189,461,526,79,34,80,141,152,485,520,17,61,447,428,79,55,228,230,262,351,476,343,352,91,532,155,291,375,490,
393,219,286,
522,463,429,533,292,305,
225,484,186,212,432,481,190,351,407,184,295,285,94,178,68,31,302,
548,220,95,400,455,20,209,188,350,463,128,176,187,293,383,513,
474,257,19,3,273,519,347,418,129,400,354,510,4,230,342,
309,190,491,59,303,312,168,250,384,496,449,519,134,383,461,513,346,
533,178,34,402,10,178,48,181,393,419,362,466,476,415,517,513,525,414,181,282,58,276,423,430,513,183,359,375,434,390,522,64,125,
140,325,445,326,223,415,101,381,403,528,125,109,
286,150,149,157,472,45,90,142,403,393,521,166,507,142,267,408,522,75,91,379,216,533,
532,452,252,
305,192,119,253,286,353,482,249,360,521,123,518,347,452,522,
426,11,327,215,335,440,448,514,
106,63,473,
473,456,233,47,7,218,484,515,135,452,284,416,185,
135,173,500,0,246,462,269,269,253,77,190,329,19,212,214,82,314,432,79,119,447,347,379,391,283,262,116,
410,362,494,384,
314,395,440,
82,80,235,124,233,274,68,113,505,135,261,104,383,399,505,546,14,526,102,503,37,426,206,292,306,189,275,215,4,158,370,384,296,518,56,263,153,
219,393,156,157,17,431,250,434,498,548,145,142,352,538,535,194,195,407,392,
466,521,323,512,
227,183,53,54,119,449,422,472,401,410,154,354,398,95,220,259,317,336,495,252,535,326,324,45,227,34,498,52,117,528,509,136,310,46,272,460,14,
271,450,177,
35,391,508,355,
28,500,229,395,352,110,360,
401,455,395,235,401,440,
149,510,522,286,535,236,107,485,131,356,206,141,185,64,85,267,527,76,224,122,449,548,270,
145,278,449,149,149,268,204,305,195,303,
326,174,104,260,
269,327,284,504,83,185,398,427,386,472,
479,11,259,16,46,288,99,5,42,152,372,302,372,86,289,283,99,
56,513,181,19,84,80,399,473,95,470,533,530,411,
157,222,43,
438,97,152,
406,15,539,220,344,464,
451,120,358,357,427,481,151,76,379,57,94,205,390,525,521,58,131,527,234,290,374,536,328,408,11,471,377,536,507,10,39,254,462,348,38,
246,399,514,
549,77,177,504,514,
23,249,146,121,2,119,229,246,274,469,206,310,221,364,373,454,
540,429,113,
403,312,70,531,297,326,100,322,82,203,521,18,68,136,194,39,479,14,297,190,304,426,535,64,74,431,397,355,
326,4,140,21,536,236,326,76,178,272,444,249,
536,326,475,371,514,
296,162,201,123,30,319,12,406,288,316,422,107,181,52,400,503,514,462,465,512,528,118,505,544,533,9,170,297,84,480,479,499,50,455,518,218,131,367,499,142,462,
216,177,149,286,235,257,275,347,533,
55,144,86,211,257,271,320,234,348,377,98,225,293,384,534,488,264,351,
184,491,225,540,249,123,82,107,230,468,515,109,116,261,519,212,396,
404,154,390,36,362,480,537,442,178,302,442,349,
548,31,
535,121,149,272,312,337,459,110,139,154,520,96,449,492,
298,537,465,327,489,106,430,163,268,102,142,307,78,38,389,238,38,97,204,319,431,497,238,372,420,42,179,
424,119,450,396,478,154,172,506,
161,274,420,515,475,40,478,492,253,17,278,540,335,347,350,
14,382,403,
309,318,326,5,351,515,
152,463,301,438,176,
80,355,56,183,
423,487,264,
229,134,28,125,232,365,231,439,349,422,20,505,101,306,393,448,72,148,220,252,253,423,482,156,324,15,534,514,265,212,
15,500,298,122,75,467,222,76,298,425,519,406,395,464,7,117,248,414,161,509,154,221,125,193,
149,474,156,445,133,216,110,145,63,
491,269,189,72,66,498,174,195,77,157,315,434,106,351,155,417,435,274,184,442,58,85,309,181,388,492,302,309,517,488,369,284,465,369,407,536,188,389,214,284,153,
514,17,359,182,246,476,132,420,451,
327,20,549,11,55,160,346,420,439,348,130,269,465,473,392,172,
432,503,108,0,83,370,506,523,
156,202,278,
69,389,463,62,
131,280,45,113,12,342,225,488,164,357,259,56,212,59,196,362,132,96,170,191,449,44,337,440,490,382,80,394,513,
42,479,192,
274,364,469,60,539,
456,406,17,538,81,99,431,100,532,336,319,238,157,317,543,546,139,174,358,193,468,290,435,473,59,464,426,396,52,212,353,65,104,291,350,418,222,
419,533,125,425,161,471,518,151,358,531,
451,507,136,425,488,493,155,437,199,
382,521,481,114,164,243,277,14,74,119,
440,426,485,344,314,
381,63,500,
352,231,431,497,96,134,154,
259,540,84,319,484,19,479,333,222,465,346,375,473,502,178,
373,23,487,
43,210,203,157,235,221,289,314,
505,31,295,87,
181,238,283,527,472,394,57,251,454,264,523,544,106,295,436,471,50,187,325,493,150,243,512,547,173,98,137,395,479,
382,143,33,138,79,403,259,268,291,534,72,146,209,279,452,156,477,310,121,536,
238,539,247,214,253,53,333,181,345,211,312,400,531,518,198,317,346,451,167,203,450,355,10,531,59,92,210,438,
298,333,197,163,478,101,297,331,504,413,515,154,158,418,348,202,271,406,449,443,349,448,359,95,142,84,306,406,517,226,480,488,478,151,112,263,383,516,280,29,40,267,287,85,522,446,524,273,290,541,400,227,510,
107,114,317,21,
225,517,387,177,417,324,407,220,430,
190,225,4,539,103,117,178,400,288,83,97,
38,252,293,183,245,259,446,101,457,270,119,323,324,
475,114,161,229,129,379,462,536,215,455,287,429,26,
245,450,38,
503,399,252,432,67,300,180,378,461,116,213,172,460,483,154,305,
98,55,105,30,284,120,368,262,278,352,383,485,262,122,250,280,385,
517,216,356,107,225,69,486,105,432,529,392,514,
457,99,38,369,407,
103,190,137,375,412,295,171,189,292,375,
364,481,274,301,486,458,173,476,549,
175,286,534,
243,509,
104,181,362,
392,238,23,
398,325,269,
525,253,
340,521,320,
39,463,
222,157,180,15,456,
259,38,476,
384,32,353,
65,
452,447,305,
267,277,4,
498,517,493,
257,278,23,
223,484,543,
262,98,455,
127,11,
303,145,476,
207,403,406,158,
396,424,301,
495,181,292,244,
213,345,503,
70,318,507,
127,383,349,
488,494,521,
280,98,113,417,
402,383,202,
171,63,103,
484,
462,16,
519,484,184,
483,537,503,298,
369,484,277,
47,362,
166,105,334,
104,231,237,
398,292,434,
178,404,326,259,
194,219,250,
4,539,142,
88,407,473,
123,334,305,
430,113,225,
256,31,
351,119,252,253,
146,277,403,
345,429,265,
375,103,406,
184,113,499,
407,186,225,
226,519,406,
514,172,426,229,
82,210,407,
94,113,301,434,
15,108,
440,131,
392,261,210,517,
423,507,429,
172,424,534,
112,476,517,
388,249,
199,451,305,
321,144,238,125,
355,24,35,403,
99,479,534,505,
397,104,365,403,
527,63,149,
31,225,334,
95,488,95,543,
106,317,192,
546,113,23,
212,249,229,
401,72,401,
221,180,
514,362,536,
105,177,517,
273,448,517,
528,140,362,
364,406,23,
492,161,
22,198,450,
125,452,301,
256,284,320,59,
446,38,
347,161,474,
362,404,506,481,
406,49,301,
276,494,
483,72,534,
278,4,
321,463,77,
168,244,119,
393,488,235,
480,32,
384,410,
427,222,116,
97,
328,488,301,
125,393,533,
396,184,142,
127,362,295,
185,376,
67,513,116,
544,525,
15,114,295,
120,23,
215,445,426,
27,488,344,
512,466,
126,292,222,
347,249,216,
420,514,161,
451,514,452,
428,136,406,180,
217,317,114,
92,238,362,
539,274,230,77,
165,95,
261,425,177,
492,31,261,
132,514,505,
375,252,259,307,
536,382,
498,222,202,
190,277,301,
33,463,382,
431,403,59,
257,543,216,
432,517,
416,278,
449,145,63,
510,250,244,
533,286,216,
133,149,515,
84,173,259,
431,95,456,
89,301,105,
