459,160,33,224,319,44,439,68,187,198,212,316,168,449,382,207,429,494,510,410,526,479,159,292,230,238,255,359,454,32,466,515,163,
56,259,425,298,136,138,377,473,488,
159,459,4,121,
325,423,141,
517,218,4,70,75,263,361,463,521,
261,131,269,166,223,262,266,290,174,274,
366,544,915,457,
223,268,322,17,135,94,209,23,140,141,94,200,394,412,425,109,141,
261,32,399,307,313,322,523,528,282,94,272,421,467,38,256,215,295,166,527,
157,544,176,101,73,137,396,130,248,
129,306,92,330,386,513,
530,80,310,33,298,289,133,256,119,73,429,50,528,74,228,327,444,472,514,38,156,306,502,464,15,87,101,259,296,307,354,
294,483,599,73,489,220,366,143,158,180,228,340,386,170,46,137,129,115,168,244,248,262,309,328,6,487,183,252,480,376,478,413,4,306,80,95,103,139,85,288,339,354,364,370,92,115,325,414,449,100,253,
233,500,778,63,231,189,247,260,281,423,134,6,15,268,0,232,247,305,388,387,35,245,351,33,342,498,87,223,295,400,425,283,532,291,324,442,485,
528,92,337,281,433,170,296,351,83,434,461,499,507,70,251,467,482,521,
183,294,359,505,36,73,283,370,451,194,214,317,
481,91,4,112,277,
409,194,522,291,104,162,431,306,478,322,22,504,161,435,444,273,306,406,73,108,310,
370,297,137,37,188,321,338,266,118,476,193,486,192,1,89,390,85,347,385,104,150,355,152,229,338,57,249,353,445,270,22,371,370,523,536,539,549,524,106,268,202,396,445,
273,38,182,32,89,27,434,467,144,186,207,313,418,511,
399,41,18,255,388,151,206,219,283,395,455,522,
356,176,425,
88,194,324,129,216,
515,500,391,
137,466,327,34,15,271,332,376,43,467,233,322,390,423,86,158,189,396,429,547,104,276,473,490,508,43,78,130,218,160,182,184,348,425,509,521,
288,49,38,66,317,18,176,305,515,450,91,106,526,55,206,207,273,
200,141,599,59,167,416,286,345,463,180,194,273,455,
507,544,131,
531,381,184,
915,290,301,386,192,5,41,77,181,213,218,482,495,496,515,153,466,107,283,247,366,349,36,202,31,215,335,298,342,
70,544,292,168,133,64,10,58,176,294,253,59,232,199,535,434,505,135,140,157,183,193,113,427,433,474,462,472,61,221,356,410,504,
294,70,182,
100,39,129,198,241,293,431,456,378,414,469,382,233,142,158,71,58,263,202,477,14,446,268,487,294,
302,46,212,225,244,258,328,280,327,338,518,110,200,312,508,141,
18,38,80,394,399,406,422,41,492,112,39,21,254,266,365,366,178,243,252,288,512,364,246,298,313,430,527,
150,370,359,101,311,330,542,145,14,121,24,523,99,163,247,453,525,66,
193,22,723,73,154,192,285,453,500,4,103,145,384,13,146,162,243,388,352,
4,544,268,33,142,346,24,156,54,23,276,380,481,485,498,130,138,491,412,60,52,133,149,159,163,166,194,109,487,373,421,455,517,252,353,371,406,246,247,289,
457,544,57,298,302,496,500,
48,121,139,98,457,467,91,21,44,408,474,386,
531,212,141,82,118,177,181,15,378,20,331,74,462,496,147,198,324,532,315,329,468,221,252,396,
92,46,230,
276,4,137,
429,317,141,
72,40,62,45,303,380,434,471,
723,280,391,509,176,193,204,258,454,470,76,219,231,423,407,92,328,467,105,49,156,143,22,346,416,396,507,26,364,49,487,312,288,133,155,66,458,488,127,156,349,487,522,
135,223,70,
259,56,290,3,51,139,457,
141,208,330,368,332,511,127,200,229,205,66,88,413,429,324,168,191,388,451,231,283,415,11,153,325,362,451,456,535,178,387,302,234,314,342,
544,211,170,334,482,70,71,387,229,230,317,4,425,339,481,18,293,457,22,297,166,229,366,200,507,163,157,79,192,221,246,28,545,456,516,401,518,235,399,410,474,
304,121,408,431,372,103,175,173,142,152,256,293,347,236,94,82,263,292,357,404,430,349,194,325,147,544,345,416,450,415,
485,778,4,
129,176,46,
109,778,129,11,80,79,66,399,305,330,297,433,154,348,373,58,315,347,403,7,22,30,272,376,462,117,226,534,2,290,342,346,45,31,131,286,223,94,
14,268,238,186,220,9,402,131,270,301,309,49,133,239,83,100,354,378,96,500,332,517,538,
322,425,268,93,193,73,258,256,122,138,155,223,240,340,445,369,539,183,280,475,536,59,99,509,112,114,199,272,349,
166,172,410,468,156,243,283,273,
294,131,99,114,396,468,495,201,172,283,377,481,521,387,
494,459,198,352,507,236,410,536,
38,147,492,18,38,179,244,288,163,13,113,379,384,436,93,192,272,40,381,224,151,386,370,178,205,111,135,439,515,163,304,387,483,85,470,273,344,17,514,532,420,231,256,310,378,426,110,
256,304,474,133,64,122,481,
449,62,599,121,
382,485,459,136,299,219,427,415,475,245,158,471,
92,17,450,146,327,528,468,40,226,356,29,363,487,29,478,276,323,409,390,513,54,16,342,344,493,475,
38,46,38,370,202,461,483,30,73,361,406,446,540,47,174,366,453,174,17,59,382,478,
290,915,498,47,399,68,375,259,234,119,275,483,5,141,155,235,532,86,543,77,4,40,352,490,
290,109,381,
338,
158,100,268,84,525,211,354,388,522,202,234,539,80,208,399,
329,337,176,93,338,135,292,362,390,43,176,206,279,304,127,167,309,311,82,108,371,392,495,165,356,442,449,
500,132,160,80,233,254,66,304,347,301,515,536,231,194,353,406,31,429,654,132,308,
654,153,359,27,422,255,510,209,314,28,193,324,119,28,0,12,456,42,20,298,326,417,46,358,461,505,467,539,500,307,198,60,105,207,251,358,429,202,345,346,
309,182,
156,723,166,
306,409,57,128,153,457,413,479,37,80,326,
467,137,723,56,65,277,475,
133,14,4,226,
201,46,289,294,
230,176,544,300,377,283,12,26,445,92,264,325,399,50,114,41,260,442,108,65,115,499,
494,532,233,408,519,520,8,41,197,218,191,461,430,230,444,401,40,91,543,270,122,362,547,240,10,262,36,65,202,392,477,
371,131,268,294,366,12,40,445,520,
270,370,14,109,119,122,517,
324,654,16,414,390,64,225,91,15,211,111,318,352,412,493,507,171,523,313,142,106,88,258,520,465,459,
317,544,176,347,249,429,475,513,410,111,289,293,420,444,214,451,28,13,84,239,401,520,400,468,463,
115,425,62,599,234,537,337,
177,531,115,301,215,324,432,445,524,15,139,
448,381,
235,268,544,
599,449,294,460,311,411,425,442,63,179,96,158,159,208,400,200,373,471,365,115,343,446,186,474,
359,778,268,76,505,445,183,210,187,77,411,527,512,513,86,294,500,133,
112,268,253,481,86,2,171,41,256,359,398,530,162,384,524,
381,268,107,340,252,22,290,539,0,55,69,64,144,144,14,17,493,545,448,531,545,179,241,513,
9,289,14,245,
359,654,144,91,467,261,290,334,405,188,86,537,193,5,124,150,224,152,173,197,276,441,274,293,474,61,123,154,206,225,363,332,401,278,444,258,281,406,315,
255,21,654,110,205,259,193,251,452,30,249,83,397,107,59,460,476,406,407,409,421,331,426,434,473,
268,4,14,532,36,143,205,342,112,158,172,322,328,359,381,398,151,124,204,371,372,482,132,141,226,235,513,188,223,253,356,435,9,124,
255,399,129,
168,121,294,82,419,52,427,109,513,
238,142,14,160,342,111,200,234,270,282,
398,112,129,
64,381,
121,33,343,304,245,469,27,30,201,22,17,246,14,465,126,312,362,168,341,9,213,211,162,48,206,414,403,53,509,546,38,91,411,461,359,362,520,449,76,410,419,
22,544,109,88,375,431,60,113,327,382,478,111,307,434,
391,723,54,81,529,171,241,247,293,304,342,487,515,533,75,337,105,230,178,244,61,456,33,61,260,262,441,525,171,209,22,210,409,465,80,148,65,375,60,116,131,58,361,454,485,539,
535,70,485,414,112,165,210,
423,137,233,167,222,455,270,345,400,487,125,206,47,312,325,492,237,248,327,475,134,138,292,
286,155,144,319,416,39,140,155,371,502,536,75,65,140,377,409,237,301,503,
86,290,112,8,22,50,282,324,326,494,
544,55,778,121,290,422,225,179,203,31,308,167,451,482,176,295,301,493,401,548,81,180,199,226,
218,915,266,273,275,532,119,1,488,283,238,366,413,426,460,517,13,35,183,358,424,516,69,112,114,206,260,364,
182,289,43,53,273,309,445,4,67,183,294,361,426,314,104,36,312,492,538,491,177,219,270,422,
304,391,500,338,291,468,15,193,320,212,250,275,170,214,325,174,199,476,509,528,422,472,288,99,172,332,
778,109,346,485,125,233,30,485,88,388,424,182,48,73,42,544,306,549,478,250,359,502,112,543,4,24,12,183,303,370,
129,337,294,217,186,229,477,233,115,255,398,506,61,212,403,
492,182,423,
399,230,544,
21,255,18,8,45,459,
46,11,297,482,494,340,38,42,129,201,229,64,167,249,302,351,129,408,192,286,237,303,92,171,78,192,228,385,424,426,451,534,353,373,480,96,108,488,490,20,82,119,367,444,445,
77,175,915,274,109,178,197,312,419,32,227,24,453,463,520,104,130,
194,500,241,245,21,28,118,193,205,445,168,362,502,400,441,502,112,340,465,542,18,261,330,454,494,200,
176,178,723,129,204,228,253,3,475,508,233,378,511,542,236,516,543,407,545,27,85,169,
263,337,15,124,134,268,495,
532,425,218,290,
373,4,40,100,102,482,528,
350,37,258,70,218,233,245,252,
503,172,178,186,208,258,259,233,532,25,29,438,261,24,211,316,461,546,378,
421,261,4,
176,14,329,165,227,447,432,178,88,145,108,379,544,23,541,230,317,307,380,21,356,259,543,66,76,157,186,39,204,356,541,422,206,231,430,473,522,
62,481,72,218,99,474,12,115,207,236,449,52,507,290,427,136,145,220,528,89,191,44,175,229,218,499,155,178,237,288,467,
425,544,599,25,70,24,243,223,282,322,198,111,249,115,362,339,231,318,338,387,400,515,532,56,360,488,148,239,356,460,353,349,409,458,482,16,205,249,409,487,
184,9,367,226,55,236,395,397,258,200,347,421,488,506,69,518,531,340,
240,415,173,2,338,507,16,44,199,227,274,317,49,93,397,443,101,535,4,42,217,150,413,432,158,236,248,
229,129,326,13,274,370,418,
63,233,29,154,215,441,522,246,241,392,503,533,
131,157,217,397,524,422,101,180,296,344,367,294,261,326,371,414,507,212,465,80,53,106,253,229,321,332,399,48,73,151,396,408,98,528,
337,469,20,202,212,87,94,528,276,91,129,315,152,71,107,174,290,362,396,400,263,261,507,9,81,
515,868,915,130,223,57,457,3,67,139,443,479,526,11,371,344,353,64,56,475,496,260,350,
133,530,70,
362,329,425,
306,165,868,394,2,17,41,136,154,171,129,371,385,261,493,332,16,43,63,184,142,533,168,
397,184,54,307,17,87,181,276,307,363,419,317,422,
73,38,530,74,169,211,240,395,
289,251,119,164,41,160,9,237,431,99,35,182,201,259,18,317,244,382,59,214,8,172,194,484,135,102,129,110,123,241,412,193,206,276,467,42,151,223,89,315,65,263,313,549,
178,38,176,
485,69,778,165,317,382,416,23,416,118,83,283,468,339,535,256,349,530,248,472,475,317,375,488,
110,289,255,
170,544,294,42,
445,194,322,
124,268,263,
47,38,379,
49,723,14,
41,18,399,
293,304,
32,459,
214,289,
152,337,370,146,
59,38,322,47,
290,62,337,
508,176,
403,237,109,
511,176,
528,530,62,
272,38,
45,295,109,
506,184,129,
307,397,114,
348,137,
88,22,778,
519,226,868,200,28,36,141,339,534,536,379,
78,46,137,
272,109,
298,56,457,
214,183,317,
471,599,
426,218,182,
346,778,109,
342,92,109,
212,131,
209,223,
112,778,18,
412,4,289,
252,4,18,
353,4,425,
288,723,18,304,
239,317,14,
258,359,324,
491,4,182,
400,337,425,
121,544,
226,109,133,
125,423,
256,112,38,
189,137,
478,409,778,92,
251,255,
505,183,359,
327,92,
512,359,18,
80,131,391,
178,77,18,
502,530,194,
370,294,778,
288,62,294,
129,88,289,
283,294,230,
379,47,38,519,
191,494,62,358,
194,4,
514,38,
52,62,
388,158,399,
52,168,4,
480,46,294,
468,317,294,
155,723,286,
502,286,194,
532,503,494,303,
77,359,
401,317,494,
482,544,
358,654,218,191,
244,391,302,
281,233,
352,324,290,193,
113,22,70,
465,194,324,
410,544,459,
507,324,337,
315,337,
462,109,531,
215,63,261,
406,359,255,
458,723,425,
378,176,
81,337,544,
180,544,200,
218,62,494,
171,324,112,
451,544,46,
532,268,233,
523,150,370,
231,233,425,
226,92,184,
327,423,22,
131,109,391,
426,255,
158,
11,46,
367,131,
63,306,
144,381,
530,112,485,
441,63,194,
258,350,184,
498,135,290,
136,62,306,
138,322,4,
293,317,544,
9,268,337,
370,229,
218,62,350,
108,409,420,518,
234,290,
292,70,459,
340,194,184,
394,223,
366,38,371,
450,288,304,
496,531,
345,304,
371,286,329,
354,14,158,
430,494,
322,137,
521,517,137,
245,9,350,
168,306,141,
194,88,200,
56,515,467,
307,22,654,
273,288,200,
270,182,238,
513,129,381,168,
252,531,350,
488,56,485,
260,218,515,
261,194,503,
268,263,
538,14,
476,304,255,539,
243,18,
182,778,
211,544,121,
349,304,485,
425,223,137,
106,370,288,
259,255,530,
382,38,22,
545,176,381,
205,425,268,
526,459,288,
248,485,423,
444,530,
137,294,
450,92,
24,150,503,
409,425,255,
546,503,
310,409,38,
22,370,193,
400,317,194,
518,302,184,108,
77,290,
208,503,
137,370,125,
158,382,240,
75,517,286,
237,286,403,
200,238,184,194,
303,46,
223,233,289,
362,194,121,
156,530,4,
539,381,654,476,391,
204,176,176,
422,18,131,
18,289,
91,359,337,48,
445,371,177,
408,48,131,
303,778,72,532,
467,273,528,
103,294,193,
317,183,289,
57,370,457,
144,381,
371,370,
515,288,459,
51,
74,530,531,
460,218,425,
179,544,38,
475,382,322,485,
36,183,915,474,
488,184,218,
167,544,200,
57,515,306,
43,306,
467,289,48,
378,38,14,
493,544,92,
283,485,141,
42,289,654,
229,131,62,
539,370,322,
522,723,399,
487,723,425,
163,459,
211,324,73,
20,46,
177,182,
282,86,238,
313,273,289,
314,654,141,
454,194,391,
102,289,373,
55,544,288,
241,63,381,
141,531,223,
186,273,599,
151,131,399,
467,359,62,
58,70,391,
298,530,915,
104,77,182,
27,176,273,
392,63,494,
174,38,261,
135,289,38,
206,288,399,
517,270,14,
210,535,359,
395,73,399,
528,131,373,
325,294,304,
212,531,129,
85,294,176,
94,109,223,
134,263,423,
455,399,200,
342,141,915,
396,370,531,
127,723,
76,121,
533,306,63,
536,519,494,
361,517,391,
422,397,182,
403,121,129,
156,723,
418,273,229,
485,233,391,
332,14,304,
188,268,359,
22,391,409,
507,62,723,
429,137,500,
206,218,176,
96,46,14,
339,519,294,
472,485,70,
231,38,176,
237,62,423,
345,200,654,
200,302,223,
410,121,317,
312,723,302,
181,531,397,
500,457,14,
94,304,223,
409,425,286,
524,370,131,
347,370,184,
474,62,70,
344,92,515,
28,317,
407,255,176,
106,324,
174,38,304,
50,86,530,
457,366,259,
40,371,373,
164,289,
277,467,481,
233,494,350,
482,528,373,
243,425,193,
449,294,329,407,
166,261,261,
495,263,
503,63,286,
138,56,423,
162,193,112,
155,62,286,
364,18,218,
202,38,370,
349,322,723,
234,238,141,
92,294,129,
221,531,70,
