80,362,184,216,406,526,231,6,509,492,154,439,482,192,222,
378,494,79,273,42,197,361,549,
523,121,138,386,396,337,291,315,
234,159,125,361,56,178,427,236,249,435,175,200,75,309,540,142,168,117,309,506,132,195,232,247,467,370,7,165,417,476,
334,179,319,386,176,116,477,518,337,218,16,411,517,4,122,21,345,203,359,347,524,
110,402,323,68,346,474,501,538,
18,528,278,281,
43,142,170,378,101,545,398,
118,253,427,436,471,
484,72,157,284,250,328,78,258,539,30,40,542,52,193,232,253,157,6,96,225,228,540,49,30,417,64,397,359,365,507,60,112,380,330,42,190,497,85,395,236,153,16,362,508,16,349,5,60,450,494,495,195,344,388,451,359,542,227,308,89,266,308,342,18,33,262,245,519,422,
147,232,15,536,25,39,244,5,64,391,315,
3,278,33,228,93,493,322,109,524,73,337,524,61,303,304,41,158,299,508,482,80,274,9,2,94,203,456,97,135,440,503,224,320,537,50,429,266,332,64,362,325,359,390,125,224,228,430,286,51,369,456,424,135,266,116,247,531,172,526,536,328,469,58,171,344,501,349,199,319,363,45,138,357,
456,2,73,105,321,111,365,411,71,492,494,266,282,427,
132,109,84,100,159,444,132,439,28,122,467,518,
545,81,95,174,48,224,504,376,247,202,411,99,373,20,299,424,40,445,530,302,361,541,173,266,485,114,7,48,61,113,299,150,402,96,11,17,170,266,477,
335,49,258,129,366,161,194,192,329,28,26,87,242,73,396,420,314,184,
314,130,98,66,418,57,149,219,55,317,335,
507,63,351,
2,494,320,456,430,411,18,126,222,350,369,448,514,174,350,
65,405,260,152,218,119,269,186,486,234,46,317,99,95,459,44,316,292,499,281,496,31,91,337,444,199,197,406,336,422,
3,504,10,273,15,363,165,87,116,222,492,136,196,43,187,249,150,349,360,378,96,95,118,195,87,131,143,56,319,444,71,331,495,187,373,342,485,546,280,421,220,87,359,306,320,477,
526,35,80,66,177,43,442,522,58,168,430,387,374,425,478,342,223,412,
335,35,156,332,19,139,42,171,133,423,54,513,263,377,
0,319,519,416,
102,200,259,196,107,64,161,257,455,486,548,199,158,76,166,398,161,433,460,507,57,191,310,539,486,118,383,547,87,91,73,143,385,141,151,504,389,532,438,191,364,
472,154,444,17,458,530,23,277,300,
202,216,66,492,198,419,506,55,263,91,36,474,465,492,147,247,247,360,523,
255,351,235,
126,162,214,376,137,182,187,137,223,248,414,
519,0,82,243,197,477,484,466,478,
214,537,372,205,126,216,305,282,357,517,34,78,364,
436,180,484,110,368,433,236,322,344,154,
522,431,526,41,
211,404,38,136,28,293,352,512,
474,142,287,543,262,482,516,379,71,179,39,323,279,546,74,368,
337,317,529,170,323,208,392,489,298,196,0,216,49,419,253,391,218,448,249,263,286,523,391,463,131,67,248,426,301,66,309,394,339,529,420,474,212,367,479,317,16,153,64,483,492,483,334,462,109,1,523,278,107,487,235,501,399,382,530,30,335,525,194,
147,146,341,194,247,239,110,14,285,177,234,271,14,197,376,40,505,526,
194,442,362,93,457,184,270,413,465,450,48,350,433,43,262,267,66,98,127,103,280,283,72,446,355,435,408,427,547,
184,458,300,1,425,443,121,521,210,357,228,80,222,393,267,222,114,311,295,189,89,68,425,237,501,
380,48,483,280,34,
484,130,234,549,416,436,19,48,278,333,423,412,155,245,129,272,15,
60,146,120,148,92,181,334,347,540,377,417,540,273,284,549,192,218,
242,196,124,530,68,20,236,299,262,345,360,306,155,432,509,196,274,40,104,483,79,98,345,174,272,446,24,80,203,469,329,371,224,409,
139,326,500,25,442,470,50,75,233,533,131,238,19,
24,24,149,320,474,475,
229,372,
89,31,144,479,232,388,397,468,184,71,195,330,369,540,547,
375,482,326,111,248,44,69,213,396,63,329,217,229,239,537,
448,56,102,76,391,483,
227,452,326,312,349,
129,327,308,302,462,506,542,110,140,444,332,126,201,39,401,
475,120,463,43,139,74,475,510,53,232,352,39,134,473,12,118,274,214,399,262,20,
511,91,185,281,197,36,496,81,167,4,497,150,455,232,268,130,207,416,173,531,517,7,475,487,474,245,306,364,287,296,169,533,137,153,313,269,
217,348,227,262,488,89,147,332,64,170,340,233,206,368,486,375,541,
184,293,15,347,91,313,82,148,458,317,121,149,185,360,216,185,204,255,92,335,484,509,232,259,434,399,
396,375,225,226,324,
142,390,475,133,474,138,291,302,414,504,106,521,319,43,66,2,524,115,373,504,549,
372,12,227,214,23,87,93,305,311,333,363,396,516,543,88,165,229,0,146,270,430,204,222,258,290,358,478,541,
352,234,475,13,121,184,404,496,506,
168,390,234,10,
16,181,196,67,179,449,515,6,234,296,392,456,337,1,24,383,19,342,347,290,503,338,327,462,330,332,487,524,495,502,
491,111,210,154,260,130,379,381,
5,147,187,400,
301,61,472,230,76,26,341,35,464,109,49,412,453,115,513,520,507,
187,5,105,435,192,24,51,410,140,303,416,342,400,58,152,160,451,9,266,500,80,93,180,183,42,128,423,19,251,421,285,538,483,
483,549,165,133,283,38,359,426,525,76,344,
312,404,227,229,237,274,366,
278,9,6,463,18,288,109,81,153,421,175,315,331,538,
458,184,402,338,437,522,166,500,442,24,74,191,37,245,
267,120,38,110,220,332,120,528,90,71,394,291,499,505,527,174,363,414,339,358,184,371,79,392,403,126,271,190,67,83,179,278,356,312,53,515,95,116,23,212,319,366,372,17,
120,267,88,20,68,104,253,419,398,157,53,290,53,7,127,204,441,480,475,482,536,134,227,82,509,40,56,163,312,377,496,
159,79,132,
420,192,119,104,246,326,138,288,181,382,419,131,85,195,247,398,66,422,406,457,477,123,418,424,157,8,70,368,410,79,307,452,543,296,544,191,313,145,310,347,
74,483,170,467,475,376,114,138,309,387,333,103,170,174,108,396,166,216,544,524,
404,435,211,92,520,167,424,457,120,265,150,402,31,63,180,427,499,312,108,169,77,413,
156,159,318,65,208,415,54,232,150,401,335,38,111,213,342,203,328,313,208,360,524,144,401,191,
387,165,146,526,299,470,498,
400,317,227,181,522,449,515,
57,13,314,
391,148,37,454,408,391,164,48,97,344,474,179,320,443,202,448,
244,437,361,359,48,294,355,157,355,18,193,535,199,392,435,227,232,216,225,390,14,80,163,81,182,
451,539,399,247,509,63,190,
251,216,407,
549,243,417,82,1,522,201,85,324,404,124,481,191,116,127,483,302,440,90,532,363,8,59,79,314,548,9,177,180,316,
131,280,79,325,348,
272,442,134,181,340,262,21,122,254,154,261,545,185,200,306,350,390,297,341,403,146,537,407,413,
88,0,120,506,484,
441,15,317,205,352,55,360,545,
504,332,142,
47,463,112,
355,194,79,360,
479,89,300,17,418,491,
110,147,442,413,
463,379,475,176,392,490,278,343,541,120,36,47,123,375,137,159,367,
102,285,353,361,394,466,448,337,470,64,132,473,249,162,484,72,95,489,394,
433,280,513,126,532,499,449,265,
235,238,63,49,447,337,300,548,253,
138,189,199,316,328,177,138,370,2,92,104,155,106,348,30,371,307,461,91,343,90,162,287,
112,291,442,148,312,543,42,242,47,126,178,262,418,
524,132,60,483,545,142,413,284,524,404,416,
486,8,133,159,47,156,535,340,456,541,316,105,278,373,315,187,102,45,532,360,249,327,500,218,252,450,
59,136,218,
216,9,511,337,521,251,362,513,128,375,74,378,
148,407,317,479,250,391,549,184,2,242,210,6,425,429,363,268,440,475,481,125,268,
431,234,304,483,522,544,440,123,148,268,72,82,148,260,362,526,
308,397,121,385,548,91,272,353,4,19,440,327,445,142,330,533,42,23,82,333,238,497,
473,102,475,260,444,515,
525,337,21,262,
265,305,404,141,145,183,
271,188,144,545,392,431,445,304,46,80,95,182,102,245,259,327,358,369,401,
507,407,79,471,142,377,495,61,145,469,179,381,198,213,421,450,
514,118,464,481,115,380,401,
60,506,260,104,170,305,280,448,350,491,530,199,395,482,
262,272,30,538,177,210,475,
285,18,439,66,102,298,344,35,361,46,25,190,65,443,125,275,504,67,
130,528,513,462,374,391,539,159,400,125,496,503,99,232,314,490,110,261,154,491,0,188,546,
500,138,180,23,51,430,488,
326,362,243,93,375,37,139,37,46,392,84,161,227,340,129,484,391,406,181,397,408,204,333,540,
26,111,443,410,444,524,
451,258,89,438,528,61,153,251,393,
212,234,267,528,
538,435,262,
300,63,235,479,
246,490,67,301,280,339,267,108,233,324,352,468,367,
490,246,463,283,405,33,8,197,362,537,328,
123,50,491,0,530,273,121,177,189,257,354,460,250,139,12,477,74,207,234,17,
543,420,218,180,206,368,462,476,482,411,411,79,
121,526,11,131,143,308,483,234,417,441,53,37,491,122,22,52,309,211,226,
353,39,237,28,381,102,263,171,246,135,458,125,129,219,
43,25,302,20,34,26,274,313,484,502,191,24,22,70,148,477,366,64,226,
494,456,317,
205,378,190,
265,161,280,236,394,448,517,
399,85,229,260,235,483,87,128,388,351,129,206,328,143,250,313,381,519,379,111,184,509,119,
323,524,110,
442,526,458,35,110,212,472,20,166,433,481,491,
118,274,412,134,39,1,184,80,219,505,146,489,187,307,161,539,282,514,63,466,176,457,
76,115,301,369,421,239,382,375,
468,89,24,
397,89,435,12,248,406,407,414,
332,217,31,272,364,335,101,99,295,362,483,139,341,288,544,
73,102,456,399,
483,242,337,0,120,285,380,224,375,415,477,384,510,332,74,41,80,164,181,187,208,116,486,448,172,
183,265,456,68,
45,470,3,371,
490,55,186,18,81,59,208,172,445,222,91,113,5,71,288,543,142,249,311,517,14,267,483,319,120,464,439,106,7,13,279,54,406,450,93,136,463,89,128,399,448,266,316,
395,484,24,531,8,433,436,134,460,45,546,27,95,129,538,2,60,508,84,529,47,276,138,345,473,63,154,331,411,255,159,240,58,21,30,57,93,100,406,466,60,524,
396,335,523,400,70,
72,446,395,541,129,293,
384,349,259,83,54,371,277,107,253,272,481,483,39,161,516,153,
336,173,361,116,475,475,
15,492,256,239,204,330,184,289,446,57,230,452,13,220,435,318,2,90,464,431,509,137,448,229,98,230,407,60,36,395,535,227,450,502,484,
136,56,447,309,378,538,549,164,450,66,458,59,466,537,211,163,285,296,30,330,360,376,
361,244,460,249,468,332,240,234,32,493,285,502,222,272,285,479,384,477,91,298,365,423,95,253,285,
458,173,428,427,191,52,29,63,455,322,466,517,
435,538,356,397,339,256,187,159,404,104,365,293,15,228,366,49,506,143,146,355,488,463,170,139,461,227,295,433,477,112,200,234,377,63,476,274,
63,330,227,192,95,235,509,385,375,160,212,300,280,344,469,
101,38,81,196,524,43,89,107,532,113,213,257,
249,536,446,411,227,307,334,448,201,
477,483,118,3,138,269,
410,187,230,179,23,420,26,260,21,84,263,93,302,332,139,505,318,22,328,241,486,150,155,395,254,449,538,225,437,107,394,
388,395,268,399,187,454,49,83,414,165,33,78,253,430,528,116,161,400,520,220,253,464,19,46,238,203,
21,322,33,72,86,306,506,291,415,473,283,446,469,524,151,43,410,196,47,279,170,
509,63,536,176,120,6,495,80,
370,407,138,192,238,479,122,310,331,49,
181,456,400,483,530,
487,22,43,337,63,430,
361,321,336,233,
412,301,367,232,252,334,183,
63,64,253,255,234,507,10,525,
293,429,202,434,445,194,79,201,362,177,
390,359,261,431,489,20,87,288,290,273,285,406,92,433,499,95,142,251,446,506,416,331,365,519,165,215,124,218,98,450,130,156,526,60,456,72,143,439,28,72,168,267,405,193,481,68,208,368,546,
384,38,361,0,65,91,382,422,445,
456,199,183,181,249,285,107,
235,371,175,466,295,282,349,366,459,109,378,193,424,259,23,255,65,435,501,
362,68,110,79,131,188,431,205,326,397,499,496,396,422,419,84,286,481,45,168,266,270,27,
218,182,334,373,508,543,17,46,369,59,436,181,357,458,314,
239,472,375,300,549,
494,188,496,2,515,463,423,169,380,546,390,96,273,383,395,533,257,301,344,355,73,169,362,128,166,522,122,273,10,403,416,472,151,106,427,257,189,258,38,45,378,79,543,211,282,512,459,199,369,208,446,420,545,
138,395,154,257,89,528,158,142,276,523,500,160,325,386,25,487,300,160,240,512,
187,540,3,351,241,462,371,
234,426,513,544,43,431,484,199,23,403,350,340,494,429,118,352,375,522,90,539,28,425,333,
179,474,60,410,134,143,298,178,195,233,393,433,
319,142,334,481,0,130,242,297,60,65,
295,536,435,380,93,422,
37,391,38,127,55,418,340,162,
177,262,147,
190,341,460,230,74,120,395,544,83,205,258,335,467,
15,64,69,495,410,241,54,109,182,203,242,411,70,494,236,517,191,343,215,78,266,527,64,296,362,397,424,104,494,310,379,383,10,441,270,358,547,320,29,193,99,543,469,499,368,502,
81,101,278,167,379,121,305,68,303,
469,63,15,
199,244,129,138,102,347,352,456,121,376,135,317,234,340,366,461,403,46,315,374,495,87,309,418,71,312,505,
317,426,113,75,266,400,532,133,441,439,201,314,366,492,494,400,218,
492,72,128,90,367,9,115,262,23,509,189,251,211,425,280,471,212,257,458,
319,335,513,502,381,404,
38,170,267,240,252,176,524,37,265,32,211,126,384,56,347,527,457,499,329,
448,490,402,18,395,481,
120,463,60,38,54,324,366,410,
262,492,
376,126,
524,351,74,524,317,299,323,
39,517,0,374,388,94,382,547,238,455,256,155,
470,139,10,45,94,137,
400,130,216,180,401,214,261,428,61,458,396,5,
208,24,156,268,532,114,68,406,454,543,185,44,291,483,237,426,
405,490,1,37,172,237,
115,514,492,
180,187,295,400,453,436,500,111,164,339,248,531,382,506,82,
48,244,94,95,4,286,469,190,270,192,75,35,245,20,230,380,289,470,526,376,524,30,92,166,333,382,
38,101,325,422,56,85,368,259,166,494,453,459,466,295,348,344,149,120,191,242,28,61,
382,76,180,337,310,
109,35,273,337,362,163,33,75,138,304,376,320,
111,26,377,500,109,77,138,136,124,294,400,475,491,333,288,417,
107,337,384,410,371,507,
536,102,120,2,141,
104,472,138,41,155,211,391,35,351,151,277,458,
371,41,482,235,508,319,121,58,74,102,297,88,133,318,471,134,283,434,331,352,
60,309,327,176,37,102,524,391,145,379,15,209,
367,472,249,459,117,126,23,349,133,168,302,31,442,362,125,412,389,310,403,141,
170,163,14,542,354,513,57,169,10,337,15,51,364,80,524,545,364,178,357,76,531,392,432,38,371,201,122,123,232,198,366,423,42,43,74,512,301,353,478,337,388,463,172,104,190,122,252,533,442,403,372,13,283,
395,125,168,314,474,533,506,
359,484,244,504,358,472,334,520,209,309,431,
101,145,186,285,124,25,184,193,490,450,458,528,535,219,
402,404,75,448,79,86,320,395,
524,21,38,26,72,425,16,348,21,58,479,48,64,153,254,381,452,395,
188,271,225,214,363,14,
442,143,513,145,62,194,76,272,455,406,172,488,17,466,125,232,112,122,324,362,342,520,19,277,464,82,444,497,239,257,3,283,299,
280,380,204,331,374,
126,436,2,38,178,
368,543,447,
351,524,255,522,548,385,507,281,
118,234,27,67,92,132,281,477,262,406,545,
194,337,293,
423,233,484,
429,3,293,504,193,350,361,421,172,178,145,481,7,173,403,91,93,177,379,349,387,
472,54,239,368,165,367,542,301,526,514,451,221,454,381,31,104,386,363,442,319,320,361,81,90,404,
0,321,167,327,373,218,92,441,298,318,293,39,106,231,337,536,528,490,171,318,285,483,18,257,357,367,143,318,37,88,145,496,273,86,184,455,
49,235,301,253,
154,216,196,123,51,71,121,67,454,6,163,65,100,478,215,172,430,272,436,141,343,356,167,446,302,334,472,491,288,
35,109,285,370,376,231,121,526,173,335,320,20,20,535,
337,74,544,318,170,148,515,151,348,139,8,251,223,129,185,45,65,142,271,345,1,531,80,156,30,525,115,485,92,133,154,190,231,282,328,202,342,143,431,497,
79,143,355,351,531,362,180,401,226,253,413,507,219,272,243,247,93,420,507,412,152,145,159,540,24,195,543,
312,267,112,20,96,198,486,
447,387,457,363,150,233,368,454,194,
131,326,19,116,145,45,413,486,401,139,234,427,10,78,139,141,204,406,454,32,71,
528,4,267,130,118,166,61,482,201,259,400,0,267,448,338,520,193,275,533,224,18,322,421,339,333,212,22,
234,121,170,28,212,194,
170,227,60,224,122,113,475,202,347,226,354,7,63,194,88,391,470,
184,101,5,83,
227,509,179,434,165,76,62,264,395,371,170,119,245,13,177,217,191,372,63,166,215,383,358,400,110,156,288,428,106,181,
145,144,236,325,249,273,497,525,369,3,331,156,191,294,344,161,453,412,9,36,123,160,15,101,351,536,101,150,439,491,32,397,480,513,185,
121,153,184,384,142,115,384,371,506,105,173,137,523,308,452,445,184,392,496,9,145,183,
407,148,242,477,507,303,10,405,492,542,251,299,165,20,32,45,452,340,470,180,254,219,530,
24,196,482,93,208,38,316,387,242,203,72,303,403,508,203,192,362,339,468,336,125,187,328,
342,337,484,526,
56,38,539,234,57,93,237,451,283,112,405,155,448,224,441,77,445,
533,260,522,170,282,489,201,212,
13,200,40,313,465,86,233,61,219,549,108,535,63,457,487,540,330,307,509,327,302,57,182,228,120,327,330,
513,442,36,130,234,251,440,461,309,423,278,131,146,65,268,510,433,319,299,320,170,253,131,
536,137,253,50,69,250,249,303,38,474,155,295,242,147,28,155,254,419,509,536,297,272,
141,234,189,271,538,325,332,384,372,71,17,392,313,514,17,274,265,30,158,153,548,407,120,373,303,436,
12,123,475,397,
457,404,420,186,116,320,429,172,186,324,447,150,94,341,517,300,131,302,330,
285,147,483,
154,523,337,80,345,186,123,397,47,279,
253,120,49,175,402,24,536,136,63,31,57,22,159,355,332,388,535,294,306,161,
363,148,447,549,
334,249,412,
258,88,335,240,469,23,451,25,493,278,293,263,504,
535,253,101,
35,104,442,504,535,
280,60,269,518,397,433,131,265,14,188,308,339,449,110,447,462,93,274,309,436,512,535,101,392,394,532,
54,127,384,358,181,495,532,
232,130,179,429,522,106,119,
93,10,469,87,357,165,338,515,242,161,226,277,509,165,396,252,475,295,
278,484,337,435,
374,199,39,
191,420,458,
181,218,326,60,
162,126,102,
148,43,431,
506,395,180,
25,258,139,
440,549,431,
205,441,214,
21,525,334,
430,487,500,
371,107,187,267,45,
302,43,129,
402,110,253,
259,184,384,
411,395,543,
110,227,436,
233,217,361,
379,81,429,
419,545,536,
262,118,484,
214,188,475,
193,429,101,
1,549,
204,131,280,
42,335,308,170,
39,353,384,
401,129,
91,361,
132,118,
477,43,123,545,
234,147,63,
84,
508,
186,154,
89,101,451,
253,118,513,
280,492,63,
517,458,
134,272,179,
39,129,
155,484,410,39,
74,123,216,
232,412,184,
149,314,24,
128,187,
408,180,326,
399,475,490,337,
466,395,519,
417,
484,184,102,
458,218,400,
26,335,
541,72,
444,14,
67,
391,448,170,
443,26,
14,188,444,
106,227,232,
450,507,486,
198,507,312,
165,234,387,
470,170,387,
478,372,
68,183,81,
535,35,35,
177,293,549,469,
293,211,72,
320,402,109,
44,121,
153,451,524,384,
332,253,504,
236,436,265,
495,54,509,
548,141,351,
17,545,479,267,
304,271,109,
20,442,312,
34,214,380,
151,445,104,
297,319,371,536,
349,384,429,
247,202,
315,147,278,
375,463,
520,359,301,
513,301,335,
163,109,244,
285,187,361,
191,38,
374,526,280,
116,336,
522,
219,353,314,
435,194,235,278,
137,536,470,
72,194,492,
430,2,372,
397,154,326,
5,184,
469,177,507,
277,104,472,
312,199,120,
129,72,484,
237,312,208,
316,490,549,
146,387,60,
151,337,
211,492,121,
181,227,54,
212,492,533,
532,54,
322,436,
433,179,442,
41,104,522,
436,141,126,
71,199,131,
223,126,526,
491,442,479,
281,351,18,
458,353,492,104,
19,139,131,
166,74,48,
17,123,472,
191,156,102,
257,101,492,
34,43,
398,43,
13,352,170,
457,118,13,
251,451,
427,118,194,
292,
238,308,
7,234,511,
367,246,463,
404,319,472,
259,235,271,
75,317,402,
280,3,
505,199,147,
2,395,536,
347,334,420,
272,536,484,
248,397,126,
136,111,
401,514,271,
141,536,
488,500,
448,265,391,
274,435,312,
56,120,136,
6,278,509,
484,88,
81,472,244,
315,523,
262,525,112,
213,507,101,
170,234,21,
366,120,312,
65,319,
219,101,407,
36,463,
499,433,15,
380,514,295,
64,63,147,
60,179,
376,147,109,48,
453,180,
238,139,
58,395,524,
526,48,
33,490,484,
