363,581,51,128,82,259,328,25,498,515,526,539,608,629,739,300,495,507,631,
566,502,328,101,213,323,431,627,467,506,545,654,795,638,671,207,248,374,400,718,23,79,311,355,396,643,770,786,816,565,729,
72,96,182,87,558,14,52,388,408,691,169,190,317,460,265,28,208,267,552,604,775,55,574,674,705,68,291,493,580,126,129,138,213,305,326,340,479,45,683,105,226,622,42,98,145,188,539,651,602,37,560,308,
78,537,492,721,
298,569,559,149,153,159,398,410,510,601,686,700,
559,49,206,7,98,402,151,555,220,337,382,750,777,412,219,688,298,413,425,434,682,188,79,319,384,116,199,220,299,304,382,507,595,598,756,
719,458,549,27,77,152,203,356,559,710,73,573,638,781,452,608,706,788,804,
283,139,23,143,343,386,493,571,629,703,340,666,781,4,121,149,31,188,205,236,328,358,420,805,154,372,619,368,445,463,611,777,183,189,391,403,416,485,599,611,113,126,182,245,440,511,550,590,
462,207,111,60,204,239,426,102,105,629,721,752,756,354,431,537,538,195,410,464,67,41,149,243,401,9,649,783,129,161,625,690,116,160,368,458,501,751,754,799,503,613,673,128,227,368,83,522,736,214,68,380,428,130,366,372,29,568,10,199,613,210,237,292,343,600,615,707,467,720,760,44,352,761,38,167,275,579,750,236,240,363,400,519,683,261,267,545,367,461,469,183,685,743,759,651,573,628,635,680,747,795,95,102,179,250,315,329,331,344,72,630,42,802,125,164,249,296,316,386,548,550,597,631,
386,352,283,130,177,362,140,243,609,623,682,163,255,299,449,534,559,280,662,169,697,1,767,48,352,566,654,675,712,
569,252,137,4,805,298,326,438,659,714,74,228,251,384,475,518,544,625,738,786,271,483,522,524,564,
532,323,17,14,96,146,364,
341,311,287,5,
810,248,127,37,76,108,154,101,375,6,395,588,610,758,216,543,441,217,264,323,381,696,213,759,349,360,363,541,638,666,312,813,499,571,40,61,72,109,325,686,0,455,465,590,612,3,105,253,812,331,469,812,260,489,533,745,280,753,694,69,538,270,350,365,518,95,174,277,473,508,715,703,9,701,460,
483,98,569,34,148,331,506,685,13,795,220,309,365,429,534,626,214,285,430,590,789,
655,616,56,356,57,171,364,289,550,626,292,480,512,116,350,511,517,625,656,672,239,375,85,212,330,340,100,746,25,411,518,238,378,417,682,172,683,211,45,344,402,552,63,657,665,717,271,151,156,367,622,149,316,427,623,300,87,629,658,769,93,449,633,198,659,686,692,110,103,612,641,
63,639,295,18,275,48,757,549,226,280,315,124,118,755,516,603,619,688,515,29,261,342,401,412,58,226,422,429,595,607,628,53,719,810,683,214,657,666,803,195,270,278,757,241,665,806,63,142,206,406,516,489,500,518,782,728,60,108,225,342,362,398,539,669,783,
302,249,18,209,260,277,461,469,556,709,221,113,66,631,697,751,463,507,521,692,383,785,
381,251,45,36,295,309,223,415,347,394,397,516,571,754,764,774,95,254,283,63,503,507,132,319,490,178,89,181,223,302,362,614,659,660,
450,3,107,683,31,258,266,608,703,33,24,430,427,624,633,700,613,658,71,176,535,674,714,756,204,150,236,592,701,750,364,523,631,637,398,115,328,338,463,480,498,38,771,747,277,372,447,478,535,726,0,12,105,316,324,793,
545,310,161,111,140,190,329,69,87,140,506,105,344,315,497,499,544,178,85,108,317,364,482,541,619,787,343,543,594,187,317,578,664,816,7,5,127,434,551,624,721,782,79,198,228,24,554,585,714,515,554,345,362,372,367,389,507,509,674,703,350,116,234,283,496,500,211,240,577,691,
579,300,55,311,132,195,323,400,490,555,77,79,628,
683,645,156,222,60,71,234,299,697,13,57,654,675,793,655,114,228,439,530,699,12,283,331,405,621,261,286,316,115,413,541,63,130,290,317,192,311,500,589,62,360,406,609,686,717,780,28,67,350,550,573,643,752,514,291,434,494,761,699,75,213,564,770,
400,455,445,5,62,81,126,237,509,558,256,675,220,421,569,711,241,384,161,294,440,69,479,565,795,257,462,444,553,563,554,535,735,747,378,578,211,747,794,803,630,250,222,530,85,22,192,3,56,447,444,713,734,456,459,614,265,795,779,538,306,351,749,805,175,457,16,205,386,392,462,635,739,514,15,177,367,398,588,745,755,458,109,119,305,306,764,791,795,418,743,818,98,109,271,491,
73,458,267,311,121,165,82,338,345,586,680,169,0,315,334,403,572,241,458,648,332,549,701,
158,277,248,314,284,714,773,64,70,79,100,186,40,243,583,620,679,684,42,205,648,715,818,299,413,67,560,704,420,637,638,192,266,604,617,283,322,414,594,726,104,151,207,255,480,579,749,0,117,191,810,588,
717,463,58,204,258,345,316,322,448,502,714,146,262,306,390,424,451,164,324,599,680,681,787,335,172,574,580,645,381,767,65,150,223,257,315,368,515,532,543,600,639,801,110,354,391,432,0,312,8,145,233,315,514,66,534,616,645,797,148,407,158,201,208,444,477,562,635,736,53,312,367,386,469,486,672,674,729,381,528,592,612,779,182,197,233,390,50,381,434,531,110,204,290,346,517,741,
437,458,366,128,92,108,213,468,293,559,598,661,453,81,97,174,229,296,481,279,69,730,798,114,185,632,664,114,185,546,630,730,239,245,159,344,499,542,681,744,360,489,431,291,619,120,468,526,612,662,687,95,164,204,564,629,109,545,742,
498,351,296,37,67,258,358,478,253,295,695,264,332,552,776,256,73,114,227,249,421,722,296,655,250,783,174,74,75,24,234,590,787,814,387,601,749,801,457,474,507,753,320,414,704,811,290,682,688,
7,559,128,341,384,406,413,594,792,38,220,452,519,560,565,404,641,669,770,771,420,598,143,149,514,578,583,770,
103,788,413,69,145,172,253,38,353,281,429,522,562,598,706,746,225,242,454,694,176,321,559,136,170,298,406,463,517,531,586,751,43,382,384,542,611,289,680,763,767,159,429,488,501,618,686,174,451,332,363,368,142,704,764,812,655,632,689,815,
795,462,483,400,47,77,297,343,
323,57,374,59,76,338,360,55,749,55,117,209,287,339,470,424,460,494,532,564,781,64,332,500,504,589,602,604,418,709,356,256,560,717,772,
443,170,236,
343,166,162,114,321,228,393,574,588,762,223,225,233,150,666,785,189,283,333,473,762,781,270,505,278,811,332,415,557,
357,50,136,170,9,390,414,478,665,805,377,401,660,709,700,
228,128,
18,327,516,275,302,494,693,190,414,432,782,48,707,92,257,490,617,658,144,269,128,30,279,299,451,221,443,19,551,642,54,296,521,
249,176,64,128,307,367,517,576,595,
17,190,226,142,120,303,532,545,77,12,212,422,514,599,638,163,390,
393,343,99,516,72,117,181,195,220,228,305,324,358,566,300,635,743,557,
45,381,413,427,463,632,644,672,270,382,495,615,74,723,136,497,618,579,797,696,706,740,747,760,400,455,565,634,683,475,768,582,632,392,429,620,807,
14,116,152,49,169,195,234,517,569,688,612,139,303,383,408,456,94,575,586,56,359,699,761,201,400,536,608,627,661,30,226,246,283,505,604,45,92,225,461,549,656,702,819,67,296,384,43,759,93,169,230,386,337,373,494,602,611,239,532,392,489,797,
589,416,162,575,295,320,538,592,747,753,222,351,402,794,
372,313,549,138,149,186,274,341,390,402,426,465,497,519,15,805,291,313,391,526,534,683,789,266,366,447,489,500,56,694,703,720,172,154,304,522,594,635,815,681,
672,762,756,
62,400,249,82,115,128,277,306,452,31,14,508,350,434,159,816,382,368,113,268,265,393,413,646,67,186,227,311,391,409,624,209,795,799,13,59,258,314,355,250,567,785,799,211,308,560,595,196,96,156,210,388,404,754,103,9,174,258,269,381,384,543,612,73,90,329,164,694,700,372,439,551,603,692,38,41,229,181,696,499,100,297,400,584,691,125,53,129,168,488,531,353,173,46,630,764,421,535,758,487,709,802,
311,615,81,434,50,151,223,290,323,114,740,618,162,280,303,338,353,398,480,717,779,579,73,285,444,656,682,194,341,488,560,589,633,77,489,405,432,646,726,786,644,689,715,746,
777,6,559,260,264,304,533,549,624,728,
742,601,68,308,327,393,94,9,400,535,541,749,329,520,593,662,731,819,143,560,148,235,682,766,643,691,701,192,304,312,715,726,740,204,260,290,466,613,621,775,819,200,130,308,606,670,583,86,615,631,50,413,358,426,520,523,441,72,225,468,480,705,401,416,423,456,58,648,237,738,558,316,117,307,313,374,446,652,801,173,182,304,561,593,739,91,367,85,
458,46,268,706,605,60,273,188,357,412,528,614,758,229,251,330,607,665,165,569,606,738,400,719,87,236,387,543,578,703,64,73,199,373,421,457,584,701,796,
762,60,406,34,297,462,742,434,638,701,711,102,121,35,321,388,559,706,726,39,65,207,519,548,127,111,164,394,551,639,760,790,48,524,672,191,328,352,356,411,449,495,220,306,337,454,497,580,682,749,
471,423,485,139,154,267,356,501,579,668,754,774,488,395,446,524,412,577,652,387,164,701,447,310,452,575,793,44,
444,142,717,0,295,309,340,423,442,538,720,785,815,44,100,112,281,272,328,503,623,734,569,73,709,289,628,656,686,734,814,
249,304,59,57,289,430,366,371,499,133,690,279,319,71,738,798,97,153,478,553,725,82,36,308,616,687,740,42,90,306,173,101,512,555,653,793,677,704,746,499,314,384,419,431,713,771,779,642,759,361,447,600,605,622,701,357,417,608,105,136,141,460,257,634,666,729,770,800,660,744,491,497,519,562,773,504,506,532,711,729,211,59,586,688,706,743,777,80,248,260,268,302,382,769,121,169,659,804,811,217,574,790,6,325,554,686,708,171,559,574,65,97,215,380,411,508,649,650,158,256,266,315,368,410,674,802,80,102,351,464,721,
176,145,201,128,180,51,451,459,467,558,792,5,264,371,39,147,334,354,388,460,470,780,785,799,618,634,691,13,253,289,436,711,481,611,633,637,753,797,85,209,248,58,772,773,157,312,482,565,662,697,56,103,236,284,511,65,574,817,165,468,100,277,530,41,144,243,300,426,543,704,68,221,310,256,320,576,637,562,800,710,718,764,155,326,341,363,487,603,150,250,771,168,249,277,395,425,716,39,177,290,411,45,701,767,780,259,491,500,568,728,
516,519,242,97,91,120,262,806,91,604,18,185,433,456,473,649,655,116,636,703,389,68,96,493,572,576,686,756,766,811,63,215,230,267,323,23,28,115,16,65,400,402,538,550,33,37,427,532,322,393,378,635,726,63,596,708,162,375,269,559,713,6,543,802,
514,329,544,400,58,410,549,686,58,287,314,556,6,48,314,713,766,671,729,
581,768,453,64,198,20,438,610,656,677,47,375,466,744,774,86,484,570,645,34,208,220,370,402,411,758,804,336,449,500,630,693,368,182,100,155,240,262,296,363,374,431,590,699,6,788,233,683,10,402,523,745,43,60,211,219,350,400,555,790,794,
719,680,191,479,480,676,730,780,
488,162,82,195,551,694,697,792,320,356,364,457,134,506,626,705,
788,320,18,46,315,399,418,522,817,698,159,248,298,313,445,24,484,483,498,392,536,69,494,815,402,471,486,682,8,64,119,257,59,755,244,801,170,289,359,790,16,394,428,470,492,767,107,125,507,153,712,403,471,495,565,566,103,496,706,348,444,667,786,450,578,588,704,770,772,368,377,413,76,499,630,91,115,235,133,584,30,795,56,67,448,336,199,687,738,129,62,378,395,422,680,391,584,669,90,151,204,322,678,13,185,503,564,625,738,812,256,318,584,636,725,
268,96,61,229,3,82,660,458,772,202,584,778,6,291,323,446,532,543,1,20,92,363,454,398,339,688,731,740,68,128,596,807,390,643,690,147,434,456,745,380,499,739,270,760,761,4,52,322,30,380,404,508,659,811,78,106,123,154,171,207,267,52,330,453,640,41,480,516,621,641,702,784,122,204,335,666,293,216,359,415,750,792,358,411,583,818,184,75,379,618,267,805,519,304,326,461,305,575,633,261,331,506,193,390,429,577,797,
674,545,434,190,328,420,529,542,567,568,733,772,819,
170,103,184,725,409,443,728,214,221,564,787,102,416,497,621,671,683,707,771,73,246,400,588,724,810,815,
434,242,545,311,19,22,23,701,99,32,711,735,806,195,275,674,194,264,578,767,63,46,654,808,207,269,324,389,490,520,542,732,
640,60,303,53,45,289,290,372,675,705,66,816,27,284,302,630,735,184,480,511,565,643,771,811,816,87,311,349,409,596,787,76,456,239,638,665,761,246,264,493,508,685,767,309,310,355,499,500,4,26,103,127,244,426,670,209,101,717,449,528,554,721,729,20,284,306,470,375,698,478,214,17,156,249,253,38,590,69,514,584,722,746,749,43,222,362,385,55,563,703,239,317,391,412,539,148,520,758,340,763,86,149,66,344,482,510,728,784,816,555,626,676,55,501,691,773,803,65,353,556,684,730,98,144,297,506,85,219,499,598,816,697,64,88,374,401,739,784,813,184,206,209,494,651,266,329,377,519,726,158,318,262,343,375,493,651,760,44,
560,519,108,45,417,568,595,162,241,702,
287,32,248,346,394,341,127,688,413,617,809,816,171,74,121,471,580,605,783,810,152,
423,124,168,199,221,467,471,511,706,3,198,734,779,162,211,232,145,413,425,723,82,166,174,40,556,677,177,305,358,420,503,557,653,677,679,764,136,232,456,698,
181,62,167,139,741,749,396,455,557,641,96,160,352,393,605,
639,28,725,127,142,241,256,434,594,773,699,45,75,246,566,748,758,
331,231,65,145,28,118,178,99,395,429,528,233,710,294,120,483,486,549,534,67,121,335,365,445,446,584,40,561,599,149,110,151,611,546,17,770,93,154,168,337,766,790,26,453,26,251,262,290,300,526,696,39,113,135,259,448,536,286,641,651,730,807,
206,716,331,541,559,597,628,259,206,408,535,626,306,409,429,595,623,89,683,806,819,402,631,641,121,324,620,71,190,300,424,628,740,49,85,124,328,356,724,
747,589,45,
322,688,717,748,80,219,301,389,403,432,616,120,23,266,282,399,713,99,116,138,431,425,478,516,660,80,709,456,497,696,747,801,11,245,288,308,544,610,475,786,58,448,212,585,684,744,289,140,345,623,164,322,487,572,652,665,7,424,507,521,545,187,781,818,533,758,
203,756,157,480,193,225,545,
162,230,17,79,343,589,791,792,797,802,810,811,144,329,356,379,424,59,809,131,273,695,774,780,206,407,485,488,602,641,815,445,389,673,737,750,641,756,246,248,265,378,561,630,652,749,255,424,439,669,733,806,
805,483,400,15,100,338,512,810,525,482,303,139,59,131,220,301,24,436,496,548,552,624,545,638,664,704,172,361,481,487,526,576,3,50,66,240,311,412,447,275,535,119,177,217,312,367,509,202,553,590,782,419,678,771,554,151,644,126,160,569,180,241,415,445,535,544,595,604,671,728,793,135,352,624,101,365,56,502,607,624,719,756,210,470,87,772,131,793,41,597,195,459,580,18,726,751,124,244,467,490,600,453,300,372,673,703,717,796,817,67,96,242,414,537,654,817,159,574,766,806,
110,42,183,22,168,65,329,246,310,518,569,118,704,17,195,348,392,580,660,112,407,454,610,611,104,208,512,41,814,155,202,260,794,797,306,432,655,385,615,88,207,515,624,656,756,632,
583,1,105,342,529,
300,310,458,52,421,242,465,53,554,680,773,806,816,783,515,267,513,538,190,720,125,257,306,424,711,776,816,85,235,76,42,422,433,453,683,232,281,532,540,53,108,135,174,296,517,524,529,764,70,243,175,226,353,527,711,562,579,591,805,14,368,506,204,146,182,183,184,222,324,405,429,440,487,608,728,223,239,667,
613,24,742,78,109,507,680,715,795,167,210,247,388,393,411,490,534,480,354,37,679,381,427,490,559,118,124,128,185,642,501,57,38,62,72,212,555,432,439,450,452,526,153,537,727,207,
519,212,17,284,440,21,526,402,781,592,492,504,644,509,629,596,401,740,793,803,695,719,764,302,350,453,511,516,811,243,101,99,183,249,281,538,545,530,57,132,633,766,43,246,254,342,435,587,775,190,237,343,345,684,718,753,789,59,301,366,463,467,712,127,232,267,344,373,795,332,560,675,706,762,59,377,393,409,177,228,195,506,580,809,268,493,620,51,183,358,435,561,810,635,760,160,195,373,651,801,
262,331,
544,114,545,106,74,42,325,13,548,579,581,686,149,692,514,51,555,667,687,816,184,371,587,593,604,606,629,213,115,418,631,806,815,185,211,220,289,550,697,106,459,472,583,630,53,54,146,668,
609,10,386,559,127,128,219,310,486,565,
564,323,170,569,341,
779,497,412,412,760,801,216,573,172,422,513,779,796,
682,311,386,6,79,154,227,390,653,714,260,382,601,636,638,780,
310,37,150,63,151,36,542,545,584,104,642,785,47,87,300,468,674,19,59,125,262,264,614,624,771,148,600,628,387,72,176,299,376,416,563,315,251,308,348,437,581,744,161,616,651,124,301,318,433,555,6,290,375,442,480,49,66,145,455,601,696,298,555,758,796,66,170,372,117,277,308,346,501,656,658,709,809,30,227,479,401,494,356,595,747,752,278,471,
4,569,447,55,224,248,277,788,
204,31,462,177,183,119,422,589,708,135,5,440,458,470,659,766,769,166,239,272,441,12,617,59,295,792,47,414,63,209,380,394,408,539,378,366,703,625,114,49,255,360,33,778,199,332,355,405,407,725,254,366,597,750,306,146,240,578,158,242,282,502,713,717,689,86,353,385,426,639,699,700,770,810,700,128,58,630,136,414,448,538,585,661,773,714,780,218,322,348,784,220,252,282,455,612,616,66,210,303,
28,167,196,150,110,141,349,424,743,779,796,712,39,271,580,674,802,219,224,278,41,321,514,528,562,187,191,348,401,517,639,733,128,310,683,6,77,145,223,232,286,330,547,697,639,163,241,339,412,450,589,668,675,765,148,781,65,204,44,310,391,400,680,731,291,324,680,
680,700,13,139,206,327,334,431,474,486,397,757,785,534,698,719,203,507,601,800,816,59,66,71,74,295,555,770,276,427,790,28,
447,805,139,78,150,331,491,119,254,286,299,467,20,769,499,543,12,43,254,406,422,430,568,744,83,101,361,542,739,158,253,381,505,580,638,747,263,385,492,524,80,102,201,267,509,764,491,502,176,135,96,268,228,716,58,326,573,752,770,786,408,113,215,371,621,626,684,750,790,4,9,50,547,758,792,278,568,643,660,747,471,340,370,396,425,
248,43,294,372,668,735,758,809,306,147,210,54,678,69,582,119,32,274,411,713,759,812,72,345,465,
343,462,545,17,112,18,50,228,517,524,548,0,811,49,238,382,680,685,695,716,38,214,355,177,185,135,431,610,705,730,805,487,573,774,609,63,125,418,442,
458,462,394,354,240,300,333,160,743,167,171,145,410,75,80,284,378,433,459,510,521,724,134,398,420,772,53,134,142,227,327,464,475,761,17,539,418,466,484,570,571,694,702,755,767,245,614,763,121,257,572,53,73,85,140,369,465,544,632,683,104,121,185,207,411,439,482,759,4,99,251,318,334,28,77,93,394,387,402,545,116,637,661,674,780,725,158,303,513,612,
706,519,569,458,208,265,340,392,459,767,328,547,212,675,145,632,656,71,88,89,307,317,752,801,
267,72,447,73,68,62,818,80,178,200,45,448,493,565,268,144,236,479,543,801,403,460,101,629,740,789,544,656,231,308,393,
756,31,635,203,387,457,617,736,326,586,598,672,776,138,173,355,49,591,695,814,
811,514,700,337,351,388,394,498,512,276,143,563,321,622,731,
579,514,158,
112,343,525,346,314,5,114,165,312,685,319,6,198,277,141,259,718,558,800,1,639,746,766,121,178,396,483,739,746,55,126,
178,57,207,65,405,601,23,87,506,748,23,48,180,238,355,434,77,94,135,176,178,187,219,311,389,501,525,751,140,279,48,456,551,601,766,810,95,114,48,144,168,204,419,506,599,739,639,648,182,215,251,285,387,569,592,737,756,407,637,214,241,278,456,761,349,416,466,540,580,778,327,517,615,538,774,609,761,795,643,5,113,124,128,169,274,276,435,181,151,283,10,418,422,548,703,
513,300,236,601,138,206,512,574,641,42,102,284,339,85,163,354,369,21,31,86,68,697,17,169,507,551,565,712,308,690,784,604,654,346,451,514,521,578,700,
725,379,443,470,678,706,729,226,146,10,180,544,551,558,706,46,121,43,89,96,262,307,313,388,751,87,644,706,201,215,508,808,639,59,534,661,224,255,302,378,558,332,571,765,133,82,438,645,707,708,66,86,282,341,661,232,732,800,667,514,535,602,717,175,144,170,672,95,639,672,619,512,115,25,479,806,458,286,698,
128,331,62,226,729,70,79,292,358,68,437,99,257,577,782,123,352,580,652,66,689,306,374,443,81,564,594,597,582,691,693,740,668,620,13,68,156,304,692,204,199,289,371,399,400,466,7,340,421,554,589,653,311,398,530,695,805,363,28,324,343,18,100,121,228,620,720,372,404,660,718,317,512,632,96,
167,613,163,229,552,69,343,408,602,744,136,65,713,814,219,350,429,121,641,86,717,765,
700,310,295,265,679,272,405,421,46,680,715,505,811,0,59,13,685,4,27,381,412,528,104,610,631,636,686,725,769,623,782,254,309,365,292,804,
815,444,236,29,692,758,
43,640,189,188,36,40,539,784,82,303,530,53,643,806,62,181,14,528,755,265,197,740,78,248,267,490,620,651,219,270,379,381,409,615,455,482,638,550,596,5,42,98,105,142,347,455,632,666,0,5,82,279,548,98,770,814,5,106,249,316,348,675,725,779,184,198,437,537,716,497,72,254,363,383,385,430,569,612,714,581,548,
5,138,63,34,149,294,703,146,16,148,164,214,345,559,584,715,652,785,11,566,322,411,546,585,591,587,181,323,388,455,477,610,767,791,160,448,747,26,258,272,384,476,592,65,768,788,26,547,213,37,690,621,264,770,423,378,722,1,364,15,548,119,143,236,241,273,326,598,341,634,55,435,681,712,
514,725,28,218,87,294,465,276,579,644,811,430,805,364,435,464,564,695,731,742,
791,162,46,496,3,24,175,27,353,667,714,813,819,79,150,333,666,289,610,493,231,270,487,706,785,
586,756,341,
99,458,434,302,608,
413,122,150,222,480,482,540,591,248,310,340,362,581,129,130,169,208,374,40,589,696,749,110,256,481,540,563,592,47,172,280,173,183,305,503,176,621,752,206,453,656,127,134,613,785,212,289,551,556,567,
348,28,224,370,449,502,539,610,
514,17,683,
549,291,179,45,132,371,294,316,372,380,169,452,582,70,726,60,473,293,492,495,173,595,717,719,567,650,666,59,314,668,723,209,290,323,574,681,218,654,
57,215,88,87,94,303,625,650,750,216,308,145,563,591,640,212,106,332,437,536,567,684,776,97,83,148,206,537,434,699,712,734,528,537,726,240,278,808,5,24,562,328,68,36,807,178,382,528,313,403,451,684,655,483,523,662,766,410,445,777,784,240,345,616,663,804,357,622,30,200,230,118,700,751,795,472,525,282,571,336,429,98,506,606,653,714,103,309,314,387,698,141,185,204,545,555,596,403,25,367,268,296,375,97,614,616,299,323,351,399,570,605,752,378,796,2,462,517,696,65,595,671,696,718,798,6,498,620,98,262,295,364,114,423,454,794,590,
236,472,314,145,149,432,261,469,53,60,134,145,498,604,642,409,227,611,614,672,747,551,215,264,682,699,123,142,163,167,206,331,416,447,251,778,813,776,812,404,512,513,770,508,388,522,801,299,741,552,96,101,245,385,465,480,496,644,122,145,168,57,785,0,142,162,384,388,443,741,815,9,314,167,363,404,455,618,296,489,523,640,681,80,232,253,373,766,
569,233,14,73,100,483,668,702,706,740,743,313,411,457,587,808,201,426,437,587,469,526,74,280,650,787,811,405,174,311,410,598,600,640,671,716,749,819,
140,386,322,0,114,182,187,210,277,329,583,622,627,725,751,
152,719,48,159,389,415,471,597,287,
248,103,249,158,208,6,388,729,168,225,261,382,465,559,665,270,460,505,666,88,118,312,315,432,682,204,465,261,400,607,696,184,217,388,490,568,616,699,761,153,287,319,536,566,46,136,182,492,438,474,487,591,607,465,499,565,721,106,70,685,726,770,805,487,585,724,288,469,531,739,752,
644,45,46,127,589,311,134,151,284,322,676,
39,76,762,27,93,101,191,281,367,402,505,683,299,425,427,492,
341,372,495,30,102,124,321,356,376,428,586,146,184,440,574,422,688,564,
232,423,28,764,732,749,565,
480,310,14,21,29,53,91,300,424,465,470,647,733,474,520,791,792,477,577,203,489,587,593,706,377,500,610,691,
204,19,788,300,57,337,372,439,512,581,633,715,
226,497,154,275,201,116,208,153,741,122,687,420,207,159,299,335,380,418,466,522,787,103,108,110,118,224,281,367,445,641,234,681,534,670,687,802,43,126,295,415,351,537,630,509,608,645,760,819,98,134,407,501,598,791,811,59,704,412,737,100,494,17,17,243,294,325,666,221,312,417,434,762,363,565,68,701,818,113,334,101,742,173,696,385,474,654,751,761,762,64,280,326,563,752,485,291,604,653,727,
683,72,372,581,
417,560,
287,323,514,
816,287,680,
758,322,815,639,
390,682,357,
6,514,682,516,
611,283,14,
781,719,322,
181,393,178,
7,322,545,
132,381,579,
739,363,742,487,
388,811,
206,513,451,
566,393,
555,680,579,
616,655,204,
238,
526,613,363,
321,343,811,
389,434,152,
96,532,181,128,
216,779,181,
113,283,
364,514,532,
121,287,112,
576,249,
601,682,298,
310,609,
469,248,
187,322,140,
377,357,480,
598,559,
788,4,719,
157,203,
492,39,78,
134,644,488,
324,434,450,28,
513,458,779,
487,62,791,739,
801,519,706,
162,560,
232,423,236,
721,78,249,
