520,359,368,295,472,
170,6,37,340,160,189,42,340,315,382,538,
298,133,
283,514,334,343,110,20,264,254,285,368,377,
491,442,7,13,476,115,241,6,218,342,464,
261,336,112,40,
334,249,412,248,308,67,113,12,76,360,538,388,140,328,128,84,222,366,
48,514,472,380,144,42,142,423,487,
541,226,491,
482,18,457,346,327,449,168,90,98,489,506,79,522,
170,163,14,542,354,513,57,169,10,337,15,51,364,80,524,545,364,178,357,76,531,392,432,38,371,201,122,123,232,198,366,423,294,235,74,512,301,353,478,210,388,463,172,104,190,122,252,533,442,403,372,13,283,111,177,319,406,403,307,456,221,183,157,397,424,441,31,223,373,22,214,
111,156,2,377,500,109,77,138,132,136,124,294,400,475,48,333,288,417,214,350,507,271,504,110,84,65,487,348,509,246,296,
237,88,345,80,314,103,165,448,451,408,523,60,312,
272,159,134,181,340,262,21,122,254,154,261,545,185,200,306,350,390,297,341,403,146,537,407,413,475,458,473,151,540,322,135,170,169,98,487,180,292,
145,144,236,325,249,273,497,525,369,3,331,156,191,294,344,161,453,412,9,36,123,160,125,15,101,351,536,6,150,439,491,32,397,480,513,185,131,409,123,395,365,484,395,459,532,157,386,494,
84,2,111,462,139,210,
79,143,351,531,132,180,401,226,253,413,507,219,272,243,247,93,420,507,412,152,145,247,540,24,195,543,303,3,25,35,268,51,86,422,353,207,270,256,370,482,
442,507,
527,2,262,22,
17,186,267,166,312,114,300,492,420,304,44,198,486,487,
280,117,159,380,329,331,374,456,195,134,456,217,322,410,47,202,56,439,445,249,
451,539,399,247,509,63,190,319,85,320,420,55,184,227,255,373,389,65,245,380,518,81,386,422,56,233,48,61,271,285,
481,149,
262,118,242,162,516,288,354,446,472,204,527,19,363,431,
352,360,259,55,78,47,358,325,447,155,265,
2,37,84,320,456,245,411,18,113,222,350,369,448,514,174,350,519,477,525,111,358,356,29,270,512,
388,395,268,399,187,454,49,83,414,165,33,78,105,430,528,116,161,400,520,220,253,464,19,46,238,27,203,58,252,176,295,482,123,232,213,199,303,327,25,50,322,456,118,228,
397,469,415,406,407,414,168,385,279,418,423,489,437,361,
387,263,146,35,299,252,498,214,135,320,401,345,73,453,471,525,522,296,
219,508,407,508,70,2,37,307,500,259,478,225,254,449,28,
223,74,205,170,147,139,448,289,25,286,304,313,10,102,324,353,
410,280,205,261,111,287,403,448,
69,487,36,
139,456,184,223,376,447,147,337,455,501,
128,462,266,350,409,536,
364,296,120,
133,278,53,174,298,140,
211,399,163,184,13,512,373,402,405,456,
469,158,15,399,403,343,456,210,481,490,532,390,524,275,
278,9,334,312,288,109,81,153,421,175,87,331,538,284,395,133,238,309,331,463,
93,545,10,469,87,357,165,338,515,242,161,226,277,509,165,396,252,475,12,473,235,531,313,363,499,311,314,268,111,
506,18,180,250,154,96,148,357,12,277,259,435,495,75,87,207,381,440,
517,299,264,11,373,402,444,
242,196,124,530,68,20,236,299,262,345,360,306,155,432,509,196,6,274,40,104,305,79,98,345,174,272,446,24,80,203,469,329,371,335,224,409,538,92,163,230,209,476,234,263,548,258,307,
258,59,102,
25,63,156,202,236,333,294,90,307,
259,352,478,28,402,15,394,281,25,136,375,526,
448,523,338,18,395,481,178,416,327,107,274,284,114,363,209,112,228,324,461,31,
111,360,183,93,96,516,
300,252,235,58,134,170,66,543,393,345,199,469,534,
469,118,507,456,100,77,301,523,
86,183,56,349,67,208,382,306,86,
538,437,262,387,152,423,462,195,209,464,44,368,161,13,359,331,
205,378,221,105,79,392,457,355,258,50,41,248,356,399,410,15,304,477,
187,399,63,100,458,437,524,105,251,495,214,273,
154,523,337,145,345,72,123,116,397,47,279,139,161,409,378,217,23,122,500,497,509,79,274,
380,133,280,34,327,339,456,76,277,424,283,441,459,526,180,189,48,283,182,
59,258,196,372,91,483,41,315,447,61,444,483,13,132,478,
456,2,310,88,105,321,111,365,411,71,492,494,266,282,427,286,345,447,166,486,380,270,20,73,377,433,469,357,1,76,361,151,479,523,520,537,
60,132,199,201,240,214,415,433,8,276,395,94,424,544,225,74,88,99,479,
412,516,147,251,252,334,183,205,418,500,126,23,533,331,416,421,
510,281,97,149,142,174,215,337,
35,499,370,237,376,231,121,145,173,335,320,212,20,20,535,339,381,400,212,66,496,279,75,403,257,532,533,285,354,396,
0,196,416,221,196,32,70,347,3,538,371,470,129,427,460,67,90,264,273,444,445,
387,458,
431,463,
447,387,457,163,150,233,240,454,194,8,55,150,188,276,442,10,
276,335,523,19,160,122,320,547,199,534,
139,91,538,
235,238,361,49,375,447,358,300,548,253,347,293,540,377,192,483,15,272,134,207,227,530,61,72,307,322,475,508,336,
403,262,16,494,330,49,149,191,311,387,
472,311,154,444,48,458,530,23,213,300,380,14,545,199,430,439,374,170,
378,61,79,273,42,197,361,549,429,302,322,514,235,339,10,127,306,189,69,67,264,123,219,343,533,
214,544,288,
335,35,235,19,139,322,171,133,423,54,263,377,510,453,167,0,107,352,356,271,178,202,530,140,
74,185,170,467,475,376,114,138,309,387,333,103,170,174,108,396,166,216,544,280,68,286,273,48,21,223,438,529,484,21,191,39,60,366,
458,188,402,338,437,522,166,500,442,24,74,400,37,245,8,138,222,492,241,371,390,263,324,356,392,216,198,332,424,511,122,274,
24,196,482,93,0,38,316,387,242,203,72,303,403,508,203,192,362,339,336,125,187,328,42,138,259,304,504,92,307,500,130,485,333,195,
145,35,547,
293,154,72,454,176,37,408,360,445,537,159,431,249,286,300,371,536,542,
102,144,66,361,394,466,437,337,470,64,132,258,249,162,484,72,95,489,394,133,428,526,410,369,227,
399,36,205,289,157,188,270,424,
316,132,383,470,255,
538,145,242,94,230,289,319,139,239,298,104,385,228,288,
91,196,139,106,199,
15,492,256,239,204,330,136,289,446,57,230,452,13,220,185,318,2,90,464,431,509,137,448,229,98,230,407,148,36,395,535,75,227,450,502,79,103,147,359,402,347,179,300,443,482,537,303,517,170,207,477,235,130,170,197,503,514,
28,227,181,
441,16,431,27,214,267,295,188,489,
466,544,10,371,500,25,289,140,63,288,534,
523,79,138,386,17,52,291,315,24,265,276,355,537,42,192,57,199,420,283,141,193,49,401,49,191,336,448,
448,196,223,371,63,509,
200,433,278,14,340,252,333,187,160,287,529,16,78,365,155,221,326,445,204,477,
123,145,505,112,90,101,224,317,402,28,97,390,437,253,372,
437,102,187,
100,469,412,90,23,
549,243,417,82,1,522,201,85,324,404,124,481,191,116,127,142,302,34,90,532,487,8,59,79,314,548,9,391,97,180,486,76,45,266,264,329,440,505,
56,429,483,451,313,355,
151,414,234,530,52,293,328,519,218,281,392,163,372,151,
511,257,267,236,29,374,151,
312,90,120,157,365,267,360,413,460,269,
37,183,293,257,352,358,516,
38,265,325,422,56,85,368,259,166,494,453,459,466,487,295,348,344,149,120,191,242,28,61,403,416,283,461,117,188,504,79,279,512,19,292,494,361,
350,500,257,58,26,265,
534,300,487,112,
467,218,236,169,
1,135,549,193,230,193,476,309,283,315,479,
4,452,179,278,213,256,174,
533,412,283,101,201,
267,120,38,110,220,332,120,363,90,90,71,394,291,499,505,527,174,363,414,339,358,28,371,79,392,403,126,271,190,67,83,179,278,356,511,53,66,515,95,37,116,23,265,319,366,372,17,526,233,59,294,519,369,49,329,504,
440,138,148,124,247,259,424,518,537,78,141,176,
236,69,270,522,73,96,275,467,352,479,319,394,12,108,451,537,
103,429,242,49,78,165,
246,377,39,67,301,280,339,267,108,233,324,352,468,27,76,161,200,227,274,171,324,390,546,36,516,88,282,467,
6,367,84,168,234,335,373,4,23,482,
384,38,361,0,65,91,382,422,445,155,251,87,460,472,128,278,365,291,95,151,93,131,254,536,150,267,15,
404,175,31,35,296,316,285,287,
420,451,138,389,17,174,395,58,485,90,374,
464,81,407,226,376,437,
360,524,371,338,111,248,548,249,343,542,
81,185,278,167,379,380,148,121,305,207,303,160,185,411,363,464,24,472,437,467,50,100,519,334,
56,38,539,234,57,93,237,451,283,112,405,155,98,224,441,77,445,169,476,388,485,514,86,159,466,506,531,41,161,
162,268,63,475,468,235,
251,352,407,345,493,183,461,182,136,509,470,62,141,
187,540,3,351,241,462,371,193,320,166,354,26,128,241,448,132,204,516,
151,95,384,
173,412,17,214,
487,22,43,301,63,69,201,139,365,69,388,283,374,28,536,534,293,437,183,
134,272,179,269,520,349,259,282,272,509,341,457,511,192,110,327,350,377,454,
544,466,80,214,338,
445,293,325,448,200,151,304,445,
475,120,382,43,139,74,475,510,53,232,310,39,134,478,195,118,274,180,66,262,20,78,67,199,323,377,421,208,540,
283,74,132,533,242,439,176,371,400,145,320,355,
72,446,395,548,185,293,56,187,117,478,140,416,88,437,18,95,110,217,296,490,20,22,195,241,
276,74,60,129,211,431,
416,132,38,72,197,329,125,423,
161,87,179,100,313,79,
388,361,334,69,
544,31,60,52,253,456,
442,458,108,110,212,363,20,166,116,75,481,491,365,350,365,80,146,404,
106,400,91,73,208,463,
31,429,170,507,103,544,315,363,41,62,119,448,
74,138,261,
183,37,74,33,189,255,59,32,86,467,170,152,375,111,8,196,259,
70,219,0,94,180,222,246,403,489,
399,85,225,229,260,235,483,87,128,388,351,129,206,328,143,114,250,313,381,519,379,111,187,509,119,357,508,273,49,441,211,55,229,393,497,
213,456,499,497,32,35,126,170,86,193,472,
397,154,3,40,169,275,179,320,333,402,535,304,
486,271,120,148,132,
371,0,112,142,448,248,
123,504,49,511,96,183,406,
289,100,466,223,364,549,
334,179,169,386,176,116,477,518,454,364,16,411,517,4,122,21,345,203,359,410,524,38,238,257,537,159,163,283,430,443,524,55,77,115,192,267,229,520,354,412,
100,187,41,381,
49,235,129,337,339,209,163,225,351,329,115,0,520,299,
157,56,312,82,248,324,197,
214,60,302,187,235,245,
168,13,6,
38,170,267,240,252,176,411,329,265,32,114,365,233,384,56,347,527,457,499,87,329,331,92,372,340,433,505,516,
507,407,79,471,142,377,495,61,145,469,179,381,445,213,421,361,103,198,400,442,175,218,13,339,103,54,
174,194,371,4,420,476,
456,249,469,88,229,378,
507,63,102,166,155,1,174,347,155,272,360,383,407,169,194,200,303,358,219,416,261,522,
103,31,21,
51,79,88,160,250,
402,60,142,467,517,189,353,123,191,254,311,301,535,186,347,412,282,
84,40,295,6,270,18,364,387,247,425,473,515,250,
138,180,477,74,139,174,179,192,85,59,
196,91,0,21,28,22,457,163,541,42,515,448,247,
369,267,227,
275,91,458,154,
371,41,213,482,497,508,319,273,63,58,74,102,23,88,133,318,471,134,283,434,331,352,81,421,174,323,37,11,182,455,511,96,178,181,
16,181,196,67,179,449,515,6,234,296,392,456,401,1,24,383,19,342,347,290,503,338,327,462,330,332,487,102,495,502,26,313,352,441,91,29,276,11,114,362,513,376,417,
74,17,485,267,179,283,417,442,16,185,168,93,276,337,422,452,341,351,
302,43,393,214,29,161,
543,444,331,180,206,54,462,476,482,127,239,411,79,333,472,486,189,120,1,201,525,149,399,516,217,294,359,377,397,105,180,
213,507,64,219,18,59,107,181,271,74,394,447,
201,60,543,29,209,52,94,165,451,465,
371,184,402,298,304,314,278,507,167,406,
536,102,120,2,141,233,287,353,32,34,121,44,47,251,201,384,
458,396,187,390,465,506,
179,383,60,152,134,143,298,178,195,233,393,169,161,64,235,416,359,
151,365,331,505,471,322,151,
504,411,47,195,213,514,473,88,123,132,123,392,396,443,521,357,27,66,488,98,311,540,
400,219,
129,327,308,232,353,462,506,542,110,140,444,332,126,201,462,343,357,19,212,527,186,40,524,273,486,
359,177,361,504,358,472,334,520,209,309,431,387,547,12,273,290,63,98,117,247,419,526,529,178,
361,359,235,397,112,111,121,421,38,
497,371,45,213,277,249,134,313,335,39,522,399,
120,262,364,
365,200,151,
547,21,145,
37,219,2,371,328,234,309,179,26,467,
32,536,0,136,148,506,
278,463,4,208,248,217,452,10,
433,311,402,126,143,532,499,449,265,200,273,455,273,289,457,153,94,367,16,
234,159,125,361,56,178,427,236,249,435,175,200,75,309,540,142,162,117,309,506,132,195,232,247,467,370,443,417,476,212,121,348,278,105,219,194,37,159,232,257,457,
147,223,147,144,139,267,459,
116,336,296,539,288,503,
519,443,371,267,151,47,47,266,201,124,179,
24,81,523,42,167,
20,159,442,216,267,334,174,370,414,175,217,241,393,508,31,60,202,229,341,242,495,
194,348,15,174,266,142,351,400,194,374,271,140,330,452,485,
458,345,387,470,300,4,149,199,547,361,423,273,335,376,
385,262,122,37,215,366,405,475,
361,312,460,249,468,332,240,234,32,493,302,502,222,272,285,479,384,477,257,298,365,423,95,253,285,256,155,212,330,93,196,329,429,248,336,347,
188,271,225,100,363,26,66,335,18,148,183,395,478,275,529,
242,262,73,103,286,193,464,446,20,418,
232,234,288,
120,23,130,38,54,324,375,410,548,329,79,237,360,238,158,366,499,242,459,486,
500,138,180,23,51,269,98,15,322,196,223,350,515,58,95,
91,59,180,275,422,99,106,139,95,108,11,85,124,178,539,
431,234,304,483,98,544,240,123,268,72,82,148,260,362,526,33,59,289,390,528,342,441,165,135,43,295,391,
21,52,334,131,546,375,217,276,416,224,5,455,145,285,417,459,
39,517,374,388,94,382,547,238,455,256,155,199,333,196,442,447,222,435,
139,138,137,438,378,
97,477,510,
415,60,482,195,
148,240,506,440,306,391,475,131,445,486,180,388,
112,291,277,148,114,543,42,242,195,126,178,41,418,244,220,482,26,370,123,146,341,507,534,497,394,
329,374,234,312,
219,336,213,206,400,468,490,531,81,93,427,71,239,297,131,240,189,202,
40,397,84,156,
313,93,16,89,110,197,209,329,257,432,
180,396,295,145,453,47,500,111,164,339,248,531,138,506,82,189,126,48,91,138,241,212,297,103,356,466,272,536,397,432,537,11,380,268,418,
41,494,205,21,78,427,342,123,249,269,491,501,508,
267,441,384,
457,155,383,186,116,320,429,172,186,324,447,150,94,341,517,300,131,302,330,73,452,482,138,473,107,202,340,537,470,210,398,538,228,478,
181,232,28,501,34,173,210,367,385,
331,131,38,151,136,201,380,27,468,412,
390,458,209,196,
225,486,212,292,
374,110,39,537,409,440,351,333,301,420,472,508,
160,276,170,480,
408,237,
536,180,281,157,
456,388,213,544,
39,494,246,234,463,89,470,103,74,287,377,532,
191,402,403,3,202,461,
132,413,109,84,100,152,444,132,439,28,122,467,518,40,127,148,316,438,9,0,190,510,28,85,208,67,440,279,472,486,519,533,
514,300,56,216,14,288,48,43,468,
281,19,115,122,398,510,536,25,96,
185,72,21,444,464,425,83,
400,227,14,522,128,449,67,515,441,106,107,273,194,203,352,114,302,359,400,327,6,307,370,309,
234,426,544,43,431,361,425,23,403,350,340,494,429,318,329,375,522,90,539,28,425,333,151,414,203,41,206,7,
154,216,196,123,51,71,121,67,454,6,163,65,100,478,215,172,71,430,272,141,343,356,167,446,302,334,472,80,288,316,212,373,506,275,48,209,507,228,324,216,245,259,448,127,412,378,391,513,430,275,
402,15,283,299,343,110,349,371,337,133,49,247,282,
88,243,456,51,43,285,12,280,510,473,497,480,
184,451,234,139,371,538,89,211,76,
205,471,423,374,41,223,254,230,194,236,512,8,495,
120,267,20,68,104,114,419,398,157,53,290,53,7,127,204,441,480,475,482,69,536,134,227,82,387,40,489,163,312,377,496,256,342,264,72,
252,387,200,112,256,41,
29,16,2,386,477,
336,173,219,116,475,377,475,261,318,283,237,283,327,302,235,
248,157,360,371,519,
212,361,407,129,101,225,235,245,109,241,71,483,536,92,101,351,
29,83,201,85,246,
412,100,33,173,
209,448,390,
463,431,318,278,402,423,431,115,118,367,142,334,419,278,
533,101,260,522,170,282,489,201,238,121,119,543,422,449,107,501,55,196,239,514,369,312,124,35,60,423,495,132,
247,84,440,137,386,
2,135,536,331,527,432,
13,467,200,40,313,465,86,233,61,219,549,108,535,63,487,540,330,307,509,327,302,457,182,228,120,236,327,330,140,195,266,472,237,120,205,15,168,59,
397,173,483,
227,173,246,213,278,140,221,102,
262,272,30,451,538,210,475,28,227,403,475,304,385,230,120,313,511,
227,452,369,349,487,67,338,130,28,294,104,228,350,506,
371,19,187,267,360,40,107,125,277,234,419,515,519,148,296,19,352,467,509,
146,387,95,243,386,495,4,175,520,390,515,189,258,413,371,463,
499,433,15,213,219,506,196,342,35,244,311,368,538,
249,121,446,411,227,307,334,448,201,150,367,486,67,129,180,449,32,209,381,456,516,265,419,317,390,
509,227,251,14,96,371,111,77,188,509,
349,109,429,54,71,86,205,428,521,55,285,134,297,184,261,278,279,4,453,345,430,
390,359,261,431,489,20,87,288,290,273,285,406,92,433,499,95,27,251,446,506,416,331,365,519,165,215,124,218,98,450,130,156,526,60,456,72,143,439,28,72,110,267,405,193,481,68,208,368,546,162,149,545,307,50,481,37,132,407,105,461,239,28,123,264,
273,371,73,161,221,
110,57,442,413,227,155,396,233,283,390,461,472,341,81,270,99,507,74,294,
63,64,466,255,234,507,10,22,525,309,162,264,536,76,284,359,33,352,471,127,394,
147,79,15,291,529,147,403,13,50,99,327,353,
257,35,217,236,543,350,511,524,344,358,390,549,211,388,
15,64,69,495,410,241,54,109,182,203,242,411,70,494,236,517,191,343,215,78,266,527,64,296,362,397,424,104,494,310,379,383,10,293,270,358,547,320,29,193,99,543,469,499,368,57,502,133,163,314,90,171,205,478,130,76,343,494,542,168,
232,179,429,522,119,132,493,72,190,280,314,435,518,243,225,316,219,390,489,391,401,417,
379,81,429,473,97,120,310,349,340,391,522,64,74,406,429,147,524,45,167,241,
21,407,74,103,403,409,547,66,315,
61,59,451,
429,342,127,504,433,350,361,421,172,178,145,481,7,173,403,91,93,177,379,349,387,34,65,91,118,266,324,433,546,31,189,291,439,535,226,263,304,56,103,37,103,269,28,262,
343,402,129,15,252,456,459,283,282,412,452,36,
476,56,102,
43,25,385,20,34,26,302,274,313,484,502,191,24,22,70,477,366,64,226,344,76,238,490,528,23,89,16,36,538,459,278,413,
485,155,258,380,226,
443,39,404,519,59,356,287,227,281,
206,219,424,189,217,236,
486,8,133,159,47,156,535,340,456,541,316,105,278,373,315,187,115,45,532,360,249,327,500,218,252,156,472,314,365,40,225,289,313,399,426,378,309,485,315,
149,337,543,510,136,97,481,78,
228,154,80,537,
371,415,458,70,228,331,363,230,537,
407,70,21,242,477,507,303,10,405,492,542,251,299,165,20,32,45,212,452,340,470,180,254,219,530,436,490,51,104,213,357,536,141,464,433,485,45,134,352,369,
271,521,188,144,545,392,431,445,46,80,95,182,102,245,327,358,369,486,43,186,378,44,
252,300,343,293,314,
458,437,173,428,427,191,52,29,63,455,322,466,218,317,72,74,75,275,305,373,495,429,104,204,
477,43,328,97,137,55,155,380,138,520,402,4,202,205,239,324,366,394,437,475,
494,456,9,63,41,39,375,160,44,145,152,492,471,80,262,267,60,227,271,267,295,539,
138,0,154,257,89,528,158,142,276,523,500,160,325,386,25,487,300,160,240,512,533,345,389,420,245,14,182,427,440,155,195,393,162,189,284,126,193,
288,514,262,232,463,466,214,529,116,112,77,257,393,538,547,
43,271,514,
90,25,123,100,115,0,420,
374,346,280,12,210,329,315,225,34,540,526,76,506,72,299,
337,74,544,318,170,148,515,151,348,139,8,251,223,129,185,45,65,142,271,345,1,531,80,156,30,484,115,485,92,133,154,190,231,282,333,328,202,265,143,431,497,425,334,479,257,247,305,
470,251,316,134,
37,390,170,173,16,
266,61,128,447,306,182,
227,509,179,434,165,76,62,264,395,371,456,119,245,13,177,174,191,122,43,166,215,383,358,400,243,237,156,288,428,1,304,391,524,233,385,478,509,73,115,427,475,496,540,547,
456,70,280,263,296,428,139,441,280,309,294,271,412,433,1,230,443,
264,283,378,517,21,467,
448,154,237,
523,448,456,
464,185,491,
228,371,227,
377,543,246,283,
139,84,91,
49,403,267,402,
254,384,402,283,
128,334,187,
468,514,331,162,
306,148,378,
433,60,38,
74,458,213,
467,264,37,
80,456,544,
108,236,91,
16,403,433,
209,313,
60,494,20,
371,293,283,124,
451,237,
217,543,278,
33,63,412,
259,440,24,
382,170,86,
289,399,
356,2,335,
464,242,538,
133,402,
311,402,403,
314,252,371,
355,283,56,
223,500,
22,63,
74,110,
537,440,228,
285,283,35,
115,463,
195,415,24,
390,249,257,
413,146,312,334,
199,300,91,
103,507,39,
236,25,206,165,
126,213,180,
506,56,374,482,458,
100,161,81,
110,313,
173,37,
313,223,161,56,
366,477,334,
174,420,133,
532,145,
512,211,205,
179,4,
96,111,123,
165,103,201,236,
247,337,402,
13,538,147,
482,6,415,
352,407,37,
134,407,470,
100,188,289,
415,371,397,318,
467,371,246,
12,88,236,
268,180,162,
288,538,
49,523,123,
167,371,335,
197,416,313,
37,385,
286,293,223,
218,467,151,
76,374,184,
72,154,
78,200,352,149,
375,120,
383,179,316,
141,523,
17,420,
219,507,
524,129,469,
406,123,371,
274,154,458,
366,385,74,
461,191,448,
17,173,
334,81,463,413,
537,456,236,371,
88,456,60,
440,506,
475,235,385,477,
41,31,100,
315,486,1,
98,482,431,
36,69,343,
226,541,485,
261,507,74,
345,300,349,
155,485,352,56,
62,31,251,
78,440,103,
42,24,48,
69,388,236,
451,236,201,
249,280,360,497,
230,456,371,
305,242,337,
487,17,48,
386,247,145,
432,2,313,
445,0,445,
124,519,91,371,
381,100,506,
72,374,235,
287,410,39,
246,111,29,
50,147,
455,139,
49,103,523,
151,445,511,
201,331,533,
296,387,111,
508,41,235,
7,234,491,
283,1,336,
178,91,448,359,
336,523,361,
282,246,402,402,
70,407,371,
173,227,397,
421,412,361,
112,371,448,
480,160,88,
459,147,21,
219,378,
