374,540,101,48,49,117,131,454,494,579,641,648,742,578,9,624,645,694,469,670,734,756,204,300,329,466,553,697,580,636,666,751,169,441,618,786,84,402,535,656,695,170,271,228,320,36,176,421,469,542,809,347,365,92,587,66,106,489,524,702,709,801,744,
381,567,138,119,212,462,504,550,599,600,697,238,256,347,527,314,575,650,654,813,353,607,681,714,782,
8,547,683,
647,143,121,113,323,33,28,706,68,340,341,646,657,713,32,193,452,819,74,752,240,183,357,736,304,218,478,144,273,302,362,652,273,428,442,491,608,618,683,794,361,58,445,536,220,657,464,468,469,77,159,297,458,510,724,753,139,186,322,80,734,552,591,145,215,492,805,362,518,47,776,346,492,31,654,277,249,514,529,611,695,766,150,252,353,397,724,298,304,486,719,817,153,163,170,176,219,64,378,628,630,201,217,428,454,275,697,402,553,142,683,207,270,339,340,433,126,512,371,545,212,765,566,12,104,333,378,18,618,651,707,735,135,344,374,620,812,317,207,639,736,141,155,347,354,22,140,235,332,374,91,382,484,4,692,294,329,458,470,115,133,147,176,179,208,360,403,448,119,650,124,211,433,706,
273,318,306,142,247,327,640,753,32,53,84,397,602,678,755,498,272,544,387,199,420,745,328,307,322,441,476,613,694,121,284,418,585,617,75,409,100,651,684,397,28,42,123,51,235,285,519,667,135,151,169,260,
633,184,320,244,251,305,343,445,539,549,588,640,781,180,486,278,275,312,431,511,563,720,751,763,585,104,679,748,359,572,
264,588,165,290,325,573,632,656,662,766,790,
427,567,600,42,137,210,238,588,373,
757,62,722,611,228,
144,333,7,304,572,745,759,57,85,119,179,339,372,433,562,729,804,237,450,585,744,807,59,189,203,392,625,651,174,321,379,399,454,541,624,788,230,556,571,746,
775,130,25,135,435,532,541,669,262,350,459,494,98,242,263,295,329,394,497,528,558,133,729,274,363,366,430,546,566,328,330,502,230,572,644,684,437,618,743,790,345,414,453,645,720,813,819,334,87,186,325,552,630,90,395,425,440,519,543,544,613,806,
738,598,247,
233,20,62,228,330,423,726,
296,439,483,669,743,155,458,633,660,0,231,298,330,659,656,43,253,443,498,722,767,530,268,156,83,795,569,71,123,604,270,133,419,505,657,206,337,339,417,81,534,559,606,317,676,181,266,474,78,99,251,524,581,638,689,49,168,214,220,321,361,371,489,526,641,741,768,273,805,43,
745,287,218,10,13,390,598,90,176,43,345,434,464,772,796,425,479,582,64,160,207,354,124,63,773,513,685,769,315,324,501,507,554,634,640,665,167,301,423,249,18,101,518,557,564,697,128,65,534,3,456,469,193,522,702,532,244,293,735,748,176,461,661,437,342,471,806,124,58,141,687,166,232,268,289,335,656,787,229,251,268,338,351,529,206,223,247,326,48,414,43,486,530,560,597,209,282,117,558,812,43,28,641,225,235,270,420,35,328,399,605,607,87,212,644,725,744,130,285,625,705,310,177,295,361,528,562,57,306,355,419,575,578,732,261,642,766,613,5,347,602,192,433,504,80,87,160,324,337,467,27,50,190,613,
653,202,472,32,4,30,173,343,115,264,279,375,457,664,77,119,227,558,718,734,794,814,
813,15,174,474,27,200,107,269,270,785,426,260,740,91,41,195,303,486,476,717,90,244,380,556,118,129,133,43,396,744,809,577,113,225,303,329,413,541,325,519,597,629,702,789,686,700,214,230,367,719,729,816,29,202,207,285,354,265,98,606,745,774,212,27,292,340,691,770,26,633,33,177,506,567,458,574,0,811,80,486,633,529,55,180,187,394,264,588,812,101,113,223,307,662,195,210,293,483,562,659,721,757,40,42,94,113,216,224,290,159,379,426,487,523,204,17,361,437,612,642,649,705,707,781,559,609,740,743,2,128,207,22,66,88,240,294,376,575,344,44,126,219,450,603,32,139,159,382,12,444,638,811,494,593,819,422,612,620,209,147,405,482,38,95,179,186,199,201,25,425,111,184,586,628,735,771,621,722,
625,144,213,
593,32,192,190,783,
788,278,94,370,506,172,445,562,593,369,180,303,327,674,689,732,74,121,141,148,682,708,31,818,194,290,313,336,565,65,194,246,249,292,404,547,563,24,439,155,408,616,710,739,137,337,431,447,504,570,622,815,240,252,310,422,152,610,666,762,793,811,807,670,750,369,493,542,718,793,394,
57,439,136,203,307,439,644,710,742,215,21,460,683,103,41,164,45,491,313,409,642,745,106,449,512,636,680,768,15,50,270,302,794,222,287,293,723,745,762,
434,114,257,226,306,450,552,755,792,168,12,766,522,143,203,430,555,796,54,105,54,379,414,669,202,429,75,162,255,470,512,572,818,33,39,129,140,163,257,362,10,209,637,689,699,16,214,264,296,313,323,367,609,676,747,75,137,192,230,426,753,
720,350,56,136,2,63,208,513,521,661,34,480,492,650,482,483,515,707,714,89,604,170,203,274,283,293,13,530,555,733,773,179,254,532,
722,525,46,452,9,44,19,282,450,594,671,757,608,61,20,50,26,786,333,447,539,689,720,758,766,795,813,
543,49,547,4,34,78,228,429,464,645,
761,257,803,288,519,681,789,197,529,592,791,237,460,494,507,644,660,786,
119,247,381,
525,163,460,726,630,283,101,333,558,295,310,384,551,733,52,148,166,215,622,411,629,59,718,75,153,385,99,443,25,113,811,791,773,457,153,115,141,355,436,529,609,636,658,745,770,780,148,137,402,112,764,85,347,395,511,535,574,105,720,365,413,645,749,160,141,527,664,758,767,123,34,632,59,722,757,9,415,450,480,554,584,251,236,360,542,582,546,84,155,248,331,384,420,651,749,816,734,300,305,570,571,367,561,735,780,
273,360,370,292,242,122,166,286,494,44,812,96,109,187,211,355,667,676,699,789,9,48,64,312,515,114,454,257,418,469,494,601,776,41,636,649,695,737,293,417,699,728,792,802,302,21,74,251,346,399,471,711,731,732,209,377,498,628,679,352,424,493,613,615,663,751,436,762,104,279,516,682,804,296,25,
390,274,236,180,170,197,363,683,195,379,334,657,753,476,543,96,208,454,160,667,690,193,620,783,22,94,217,281,308,601,605,7,783,48,374,547,141,201,575,154,300,295,345,488,520,49,781,301,331,373,671,691,
547,42,68,71,290,725,743,187,358,172,761,329,294,123,195,203,213,432,437,511,526,568,622,249,8,26,253,367,459,230,381,397,423,504,533,579,746,8,111,134,55,543,66,76,101,71,648,666,92,95,536,642,723,801,
408,3,788,46,341,453,541,740,222,749,192,
689,106,250,570,583,160,251,574,654,676,454,741,817,93,99,103,226,272,567,29,697,815,746,458,435,601,615,654,706,31,
262,52,307,439,60,350,482,747,77,465,471,532,695,745,
25,525,775,42,173,417,497,755,800,61,324,488,806,807,815,244,534,612,619,747,805,92,257,444,616,677,681,801,194,174,481,642,91,169,472,556,720,728,
237,13,352,144,250,359,374,590,113,154,17,139,496,633,707,813,
149,75,16,
566,367,348,103,138,301,629,81,818,151,298,368,427,394,566,634,674,332,151,198,391,481,563,584,84,686,176,440,493,568,596,798,26,
434,683,576,638,37,107,297,324,544,704,744,143,217,358,383,587,719,321,777,
262,276,467,330,200,361,559,682,588,758,
257,517,162,275,434,402,94,742,755,745,809,148,375,378,811,23,171,183,393,436,494,604,14,183,418,569,31,239,723,295,161,540,50,500,508,533,548,658,668,723,712,761,195,216,263,377,534,563,120,268,553,778,21,34,157,272,296,322,414,44,472,483,500,503,727,761,792,
593,88,212,238,320,665,386,496,563,222,396,426,544,803,29,219,135,392,416,497,519,801,415,584,731,169,205,645,386,489,527,105,570,576,493,702,801,804,128,218,345,391,418,482,685,735,746,191,250,31,313,509,142,100,252,275,316,545,570,636,30,434,510,651,762,117,390,670,214,783,
16,107,598,149,291,114,772,272,418,429,566,748,
348,566,70,86,138,493,507,174,567,514,784,66,17,697,722,747,749,763,224,76,269,279,31,365,346,370,472,520,567,329,398,557,797,723,137,110,423,662,744,459,20,60,125,306,
452,421,533,722,403,240,310,299,715,730,256,366,516,629,
352,135,131,289,578,602,739,104,493,107,715,763,304,428,307,352,740,237,450,219,328,407,504,558,715,161,229,512,31,463,581,623,7,609,482,221,235,289,334,494,641,658,722,750,778,656,804,808,
22,588,330,
249,547,263,412,12,615,695,797,109,191,487,750,322,332,448,682,779,78,367,292,415,503,133,56,772,395,704,797,365,549,678,12,247,269,293,212,398,492,12,21,53,85,112,280,440,654,252,348,440,509,521,744,766,90,137,15,782,815,352,611,
165,140,61,36,71,90,298,86,717,791,64,810,60,336,419,513,121,64,97,26,233,353,368,423,439,468,633,773,157,624,320,519,558,595,776,246,250,517,780,184,240,422,469,604,658,705,149,73,329,708,207,354,573,46,196,552,558,625,597,756,66,168,185,200,228,345,63,381,733,737,189,200,240,507,618,736,765,103,131,137,259,304,347,264,504,564,651,695,751,766,149,273,544,788,795,68,237,319,630,8,65,115,317,339,436,496,650,782,
773,720,276,78,442,761,
588,633,598,40,69,264,464,22,504,23,49,337,341,393,45,68,449,543,714,
307,79,352,119,126,129,134,180,262,319,337,381,388,194,455,334,453,88,266,294,420,509,663,739,54,73,240,498,729,
476,318,772,130,
598,163,16,122,481,496,588,613,758,417,505,516,738,772,39,121,238,348,435,576,116,
204,38,374,75,167,374,457,468,816,298,601,685,804,89,107,243,292,330,392,565,104,424,116,154,59,106,115,191,370,544,601,780,
739,4,533,17,175,555,687,
762,788,593,273,
370,7,142,166,117,225,273,373,217,739,788,43,109,417,418,11,479,488,4,117,141,356,190,387,42,493,404,54,668,71,249,660,757,818,159,281,462,483,385,577,696,790,125,490,157,680,780,31,128,557,185,384,585,130,201,259,384,392,684,720,378,446,237,288,294,321,410,630,782,96,290,497,583,610,793,277,801,62,163,445,599,684,734,753,
247,249,469,42,306,369,453,649,119,394,357,113,566,108,167,738,621,504,719,765,137,247,459,472,701,733,557,
439,263,296,360,57,310,394,751,699,619,697,175,55,131,135,215,449,549,666,30,298,424,599,98,60,420,581,666,734,771,799,243,562,639,697,240,653,665,693,70,204,291,441,452,497,511,551,262,227,300,391,593,651,748,126,567,98,246,
43,296,75,516,
803,355,481,498,570,575,800,195,248,303,80,279,349,502,507,761,333,703,495,599,68,708,772,412,454,477,510,542,709,
807,598,261,469,788,2,88,280,408,131,486,763,151,
318,156,22,273,695,76,150,339,342,471,656,708,254,298,648,784,395,292,533,674,815,175,201,218,255,262,326,376,380,683,707,41,43,141,387,511,676,709,817,2,267,315,473,528,171,534,585,72,694,714,762,123,527,620,703,50,172,369,407,656,665,794,160,476,492,563,730,808,156,163,48,307,454,507,757,810,641,
249,472,
122,598,54,64,198,261,314,336,629,
118,276,89,480,59,607,708,181,186,219,360,6,179,239,335,148,38,339,364,373,567,568,58,733,745,640,656,712,387,548,587,615,661,693,135,229,522,563,742,360,400,751,
804,204,144,66,89,98,130,211,214,379,408,569,616,683,162,183,198,521,702,
192,364,138,197,523,626,661,721,467,392,578,776,779,328,327,670,57,114,376,419,527,658,709,768,601,593,640,75,164,196,299,391,424,476,721,723,777,449,465,451,121,645,701,740,745,661,536,408,
221,8,124,429,448,494,593,620,729,57,75,453,472,484,503,609,804,819,568,76,122,197,5,278,337,690,749,53,71,186,388,438,559,33,171,388,144,24,685,441,702,582,620,194,212,229,602,723,759,431,516,728,782,165,224,284,431,456,512,705,752,815,46,71,399,14,28,67,104,182,466,544,774,486,255,497,614,667,739,102,220,287,365,482,122,
433,2,70,294,182,58,547,555,788,646,705,164,349,597,62,446,546,105,449,638,697,42,223,425,470,551,752,86,264,484,567,683,17,158,283,358,633,690,774,786,9,181,201,775,44,81,202,249,291,300,575,745,28,72,81,190,236,298,313,355,371,221,460,468,515,182,710,727,333,533,771,
394,247,566,269,291,322,324,436,566,788,
329,30,
3,249,516,141,17,83,90,170,364,386,400,408,479,486,506,288,236,264,557,713,361,201,775,813,327,426,318,81,435,483,
202,557,40,300,40,610,757,225,457,732,146,273,377,516,275,711,424,486,631,653,138,393,555,628,669,779,78,81,111,371,563,658,691,11,322,147,675,20,226,447,471,540,594,602,
274,324,307,148,366,215,296,380,87,663,456,492,641,724,745,812,107,115,117,359,545,447,803,96,347,390,759,796,260,27,461,463,664,17,388,628,664,810,103,181,399,646,360,77,521,611,725,749,146,299,324,389,376,391,419,452,467,483,564,616,368,442,487,518,674,786,56,69,114,163,255,466,483,512,712,768,293,609,724,500,714,67,98,158,521,527,618,88,
208,720,222,102,119,223,235,507,139,760,425,450,43,619,332,686,147,270,424,558,773,819,
49,296,129,132,85,396,594,106,669,732,163,410,419,462,630,109,131,178,479,489,413,251,315,400,550,695,766,33,418,539,92,220,744,138,224,387,291,568,748,429,444,568,586,740,554,675,777,1,192,277,347,425,81,623,634,693,712,718,797,264,401,466,682,358,559,580,274,739,335,472,510,754,710,78,626,13,292,10,492,607,609,167,163,446,391,607,667,690,172,361,66,465,705,779,324,543,559,644,708,803,75,29,361,474,516,552,647,200,301,324,641,
469,374,146,243,247,581,147,184,398,514,558,48,188,336,409,411,420,445,690,746,807,109,115,445,136,324,57,51,778,138,64,100,150,590,628,
465,49,683,14,192,432,725,737,819,
136,104,561,774,138,6,104,787,469,34,160,350,422,474,638,96,151,396,489,666,725,
424,328,192,
337,307,788,65,90,93,264,334,405,432,572,592,598,662,730,
784,330,640,322,
488,42,143,189,267,315,465,632,76,62,135,407,505,697,333,543,553,715,741,112,116,173,397,102,725,125,139,550,618,467,30,221,385,29,532,511,100,145,276,375,470,616,39,457,517,18,706,788,0,336,525,355,386,687,26,27,53,410,607,699,748,435,
421,64,259,86,234,32,434,679,812,51,233,350,399,547,638,689,719,754,41,803,269,402,429,456,706,159,128,390,431,394,668,380,681,104,355,680,804,174,289,309,386,671,766,65,217,229,360,570,592,648,677,728,76,85,282,422,93,314,15,726,107,275,622,742,221,274,88,402,599,695,241,390,434,561,671,721,252,276,568,570,74,83,120,200,495,564,668,693,792,142,19,35,131,12,631,723,807,452,751,764,53,70,203,292,337,452,775,2,108,136,148,171,200,346,401,58,508,589,158,296,328,428,461,538,599,655,
561,31,71,144,251,480,530,610,664,689,693,764,136,370,192,115,706,816,272,493,539,572,617,23,304,457,11,800,807,815,744,183,184,277,492,121,327,345,352,501,657,680,122,430,642,667,789,
61,230,177,401,165,284,435,77,684,37,22,70,124,156,297,716,760,767,796,357,630,503,733,32,365,483,538,544,819,40,334,76,386,474,759,787,260,470,501,742,786,809,8,416,509,527,687,80,139,479,555,653,309,265,337,361,447,630,666,731,758,175,221,256,268,390,510,273,292,149,305,592,620,647,804,344,393,483,10,764,456,810,207,292,561,587,733,357,51,374,416,573,638,797,324,763,765,5,323,530,655,722,171,202,322,481,615,178,652,685,728,742,256,661,763,793,
792,129,147,194,506,543,599,607,38,809,26,574,48,90,225,313,422,613,21,814,236,254,600,658,694,128,486,551,752,175,393,503,519,591,
330,204,262,22,67,393,504,784,294,130,524,790,795,
777,339,750,12,16,192,
212,593,600,51,148,299,346,378,463,622,708,103,160,408,737,
749,322,348,444,47,75,121,447,507,702,772,8,53,399,29,470,93,208,298,473,690,812,400,413,69,133,404,472,584,111,296,328,343,361,427,
20,226,320,611,34,57,110,135,195,282,651,675,84,95,319,277,396,417,557,650,688,771,690,738,763,10,133,208,226,220,707,146,767,305,41,295,408,438,663,105,546,663,8,798,10,40,297,496,582,659,711,528,66,236,644,676,690,769,197,246,700,26,354,515,675,52,237,158,360,534,720,799,504,711,725,369,129,358,587,460,480,534,547,598,651,795,295,389,55,441,31,551,742,66,344,533,766,81,34,230,39,563,607,132,367,432,514,583,741,197,210,233,39,560,686,484,93,146,256,298,476,501,676,101,291,295,310,376,461,498,
62,3,82,21,211,221,246,416,642,665,228,239,3,298,714,786,50,140,143,3,366,481,542,677,755,792,134,187,210,233,527,758,426,482,757,178,81,117,165,220,295,82,501,
306,339,200,161,226,790,273,732,725,118,168,207,328,316,417,429,530,653,417,683,806,806,79,446,706,730,744,18,125,274,536,596,603,306,386,474,519,540,666,102,320,541,192,283,286,334,340,350,690,284,57,192,685,368,380,516,687,760,444,461,512,97,323,386,448,451,459,182,706,255,353,507,513,348,
417,598,516,
557,88,428,72,170,187,293,500,294,698,263,76,126,313,402,406,366,554,692,95,128,238,402,330,581,202,23,48,62,116,128,154,553,664,441,448,533,626,752,765,28,655,724,21,669,28,205,581,627,675,362,234,247,291,547,581,635,674,713,775,34,43,104,202,360,467,515,551,680,388,82,85,104,411,422,580,162,196,280,438,515,575,739,293,318,484,359,543,136,646,717,7,9,121,184,204,237,258,428,516,660,712,366,247,12,
506,171,788,258,312,441,813,482,633,383,387,438,13,663,208,5,85,352,367,509,248,675,297,705,729,758,802,282,371,385,547,51,163,551,614,675,302,305,750,420,446,451,767,808,
30,61,423,487,606,329,650,750,
686,20,
206,404,108,283,175,195,197,366,476,534,234,187,217,171,309,174,577,272,278,509,525,655,663,671,761,616,652,644,667,654,600,
104,143,93,37,88,156,163,258,457,507,56,94,754,101,165,348,77,188,327,439,470,702,726,198,495,632,806,91,136,191,256,283,444,473,14,345,600,215,224,317,592,560,70,137,156,56,340,48,505,542,564,566,128,717,791,37,55,425,457,536,663,789,
167,9,729,394,494,506,813,653,395,457,53,212,322,205,3,316,556,578,606,687,39,201,218,328,41,140,16,500,507,741,770,502,735,263,337,459,486,504,596,644,585,236,617,651,809,1,46,99,154,309,579,212,238,483,554,78,66,179,224,302,548,239,391,615,57,140,292,527,614,700,34,350,426,669,812,143,257,273,278,339,441,720,807,247,507,582,599,763,86,114,209,621,673,687,
439,11,57,230,330,81,709,807,272,530,638,768,788,183,27,115,186,240,298,336,391,424,631,692,695,307,324,325,463,498,618,697,260,184,755,273,284,365,519,599,664,84,258,591,776,
744,160,73,143,172,169,316,405,478,175,234,475,486,130,780,164,517,199,385,507,371,587,603,641,683,41,572,813,67,215,305,327,437,623,677,702,772,248,717,184,439,581,284,789,162,173,376,525,535,553,16,158,275,291,87,679,740,82,100,125,318,352,727,568,15,702,774,204,660,706,134,790,164,2,375,663,129,305,22,127,90,131,589,423,456,615,635,145,387,101,514,170,177,268,121,499,513,524,525,799,410,593,3,170,304,348,440,799,561,415,431,519,152,432,646,243,424,529,594,611,617,638,671,
143,744,576,538,353,466,184,261,287,150,676,708,768,80,109,224,325,5,745,99,360,405,222,383,131,678,50,169,212,597,723,738,761,58,89,499,104,302,710,488,107,445,556,497,644,769,609,253,3,342,756,68,75,80,101,278,311,554,589,601,678,687,804,85,305,512,523,630,35,132,342,253,394,509,630,431,515,38,51,174,299,355,479,41,705,75,120,169,210,198,344,384,652,679,683,50,357,173,319,360,366,588,818,
467,476,9,83,119,206,322,389,623,198,132,354,491,523,529,533,764,65,796,185,234,65,706,785,817,53,287,292,370,451,134,195,205,336,425,137,588,51,782,143,283,584,94,105,257,376,568,605,
316,772,640,
243,204,26,11,186,221,283,331,459,555,
136,557,57,
397,273,49,231,414,458,500,534,561,609,639,707,
533,467,85,24,173,185,212,452,637,786,203,329,458,722,726,739,224,236,338,389,130,423,511,763,309,422,35,482,494,722,45,96,319,427,798,
640,192,633,253,96,275,316,622,763,784,257,382,408,632,678,686,
654,689,249,95,103,124,126,181,195,381,500,552,695,206,
567,740,26,127,141,308,273,115,381,396,616,427,731,771,809,812,185,780,9,94,217,291,349,375,590,14,797,439,116,418,777,
683,318,399,32,179,9,24,337,438,574,761,211,558,585,675,815,58,456,61,20,232,260,365,378,434,777,135,192,324,340,465,8,42,289,153,139,436,744,814,461,527,658,675,680,729,255,590,806,813,
472,57,25,118,314,445,448,542,646,784,118,249,252,342,360,334,41,246,297,298,499,317,718,549,616,697,523,687,101,611,730,739,815,719,170,158,528,620,730,237,349,92,493,549,147,598,706,750,164,604,535,427,539,569,649,773,780,664,711,551,642,671,748,772,328,123,315,312,815,583,675,176,331,464,479,501,3,701,276,653,758,249,591,809,816,29,45,186,572,348,529,543,165,186,420,433,501,502,636,681,773,
357,363,322,657,30,112,398,621,41,436,706,257,336,343,610,87,637,37,166,324,381,558,685,779,615,289,462,615,654,701,57,73,187,356,367,655,683,177,659,13,213,433,61,256,192,143,187,305,559,627,38,216,593,56,532,807,110,211,315,349,378,461,574,576,810,143,398,517,730,
575,390,467,323,318,454,727,
600,0,555,209,318,325,328,37,488,96,138,386,409,414,427,459,517,626,655,689,545,254,133,212,355,404,157,661,684,751,55,4,157,165,418,547,40,780,91,172,388,396,805,206,
69,465,588,749,481,778,
305,357,633,86,317,352,676,776,818,
470,434,488,165,749,12,15,40,184,244,287,23,393,461,508,656,155,589,634,293,452,583,604,638,706,728,
75,434,43,123,149,604,728,66,93,201,452,
322,94,81,132,51,184,357,430,454,503,602,9,95,154,522,415,472,665,706,714,727,787,59,311,49,657,75,84,131,276,464,549,18,323,425,611,375,393,541,159,172,729,156,113,115,277,573,600,738,79,624,549,621,790,424,448,247,468,649,203,246,476,615,710,177,294,395,407,628,673,52,43,491,714,781,202,215,332,488,657,689,173,709,780,43,243,244,616,762,88,784,
78,202,296,60,342,399,400,445,592,645,
26,151,243,385,415,430,462,726,792,535,574,24,285,459,483,522,614,690,211,395,533,566,67,
112,159,525,346,314,5,114,165,312,685,319,6,198,277,141,259,718,558,800,1,639,746,766,300,178,396,483,739,746,55,126,10,352,367,419,113,168,415,493,519,555,744,92,67,299,340,575,717,748,92,284,432,439,554,672,696,749,67,53,195,353,357,430,456,561,606,640,288,314,56,676,62,99,130,797,225,279,304,437,549,359,724,109,642,377,382,262,446,587,599,513,471,64,302,530,771,728,90,364,690,66,240,504,781,106,291,363,378,398,605,625,665,788,54,229,278,543,87,313,539,784,468,42,245,309,310,363,415,726,188,186,211,245,258,321,354,483,644,686,792,551,229,355,378,121,573,605,657,678,515,319,540,576,351,631,686,103,292,342,380,630,231,88,674,702,55,629,323,331,265,123,632,732,591,126,332,339,430,654,549,720,803,271,295,357,539,570,790,800,307,409,635,169,13,812,50,499,183,501,504,625,658,144,313,456,544,545,35,708,606,708,299,453,139,198,237,289,326,359,442,520,711,32,309,473,167,197,113,334,312,21,126,291,413,560,724,61,44,88,106,364,370,496,735,502,463,311,576,618,32,475,82,632,383,392,532,70,80,131,258,268,353,495,548,608,228,255,325,455,490,339,328,456,521,746,808,325,383,476,559,689,320,330,336,342,359,414,616,624,666,749,
638,236,608,193,770,800,329,443,529,660,207,410,178,179,780,420,342,345,261,776,162,56,306,319,373,581,714,47,57,133,365,422,486,695,423,100,522,282,583,675,515,546,400,770,434,775,621,16,24,93,138,156,463,574,707,710,16,358,185,322,339,350,430,596,106,
617,94,674,28,482,709,733,14,68,155,289,420,457,648,124,708,759,798,181,270,515,704,741,745,75,138,282,307,313,345,148,455,490,518,696,745,33,374,419,538,628,645,711,7,47,175,178,255,256,268,285,388,449,494,563,710,105,18,346,706,714,349,509,639,345,429,701,710,711,258,82,640,771,308,318,443,604,791,31,100,102,158,168,349,386,558,650,139,282,431,522,391,500,603,684,704,707,811,35,43,97,219,512,616,267,107,156,407,422,443,491,35,567,691,151,218,282,373,635,143,254,676,762,37,119,209,223,250,480,87,172,460,472,624,496,479,601,801,352,381,551,707,720,81,208,11,33,194,270,0,494,690,799,491,561,110,204,427,545,611,743,89,382,506,533,692,432,813,195,573,
467,190,72,57,153,172,516,732,194,349,352,97,256,303,361,452,794,488,31,175,432,719,806,32,236,262,372,813,36,70,433,536,543,575,613,294,352,463,749,208,309,390,515,176,730,601,618,429,
772,749,101,299,305,476,679,698,732,787,316,418,485,709,25,40,57,108,
276,322,10,41,84,118,123,211,374,442,576,382,642,738,808,55,590,36,115,190,491,262,674,173,332,417,438,629,775,809,48,192,343,383,515,787,71,82,187,397,402,618,702,724,409,49,657,814,320,397,485,777,792,226,244,528,773,805,196,227,352,369,414,437,624,725,765,801,818,44,226,260,264,365,442,477,540,
249,144,597,79,554,305,274,698,754,559,578,274,708,728,745,286,347,442,479,658,774,162,262,464,90,190,3,692,59,67,499,556,659,740,120,111,167,530,750,73,579,601,623,133,233,237,597,769,117,376,455,676,125,737,756,762,764,784,319,379,460,461,561,222,138,508,568,763,813,162,505,584,797,3,51,178,149,609,616,364,399,417,527,156,674,485,487,689,771,809,35,155,380,565,578,681,733,805,811,12,160,203,281,337,755,772,102,261,401,491,601,648,666,755,187,325,410,529,
744,683,434,348,374,
516,1,467,3,167,182,439,470,224,382,518,729,240,220,127,406,713,814,321,579,773,800,417,506,521,583,57,98,168,197,203,333,113,468,588,783,764,794,804,
328,273,472,192,11,251,106,424,646,720,259,329,460,477,405,105,705,457,460,684,715,
673,358,131,46,125,347,376,550,415,417,437,585,69,432,135,187,264,307,402,475,116,275,480,624,732,508,200,350,605,701,
339,144,296,112,90,502,299,456,777,594,538,557,647,659,725,9,18,35,82,254,390,420,624,636,686,
576,339,14,53,122,371,631,189,330,124,229,20,345,453,249,630,436,39,69,240,198,457,578,696,193,11,479,549,257,802,365,17,488,619,707,150,177,76,501,520,576,592,712,342,59,20,431,137,798,816,183,231,351,416,500,728,330,662,812,21,150,268,173,699,163,200,456,213,144,482,660,680,387,435,72,660,711,793,804,818,590,786,203,222,229,331,433,563,761,767,773,528,577,603,613,668,751,172,444,655,403,434,623,734,207,395,546,703,713,219,335,421,436,512,550,259,651,244,502,509,655,678,712,
624,276,144,
88,807,307,274,322,
379,804,144,
94,390,567,467,
683,143,804,
104,204,136,343,
482,262,533,
66,547,804,
491,249,
813,381,617,
375,567,653,
228,543,233,757,
794,516,653,
113,516,
429,543,16,467,
213,625,
495,803,
435,598,689,
323,434,306,575,
516,598,
790,330,264,
45,588,533,
16,638,777,
720,25,722,
423,233,
130,476,330,
264,337,276,
343,749,104,
67,274,330,26,
214,296,593,
78,543,773,
445,78,370,
748,488,16,
91,600,25,
100,469,638,
687,739,167,
639,397,
147,208,792,
4,543,739,
