720,350,56,136,2,63,47,513,521,661,34,480,492,650,482,483,515,707,714,89,604,170,203,274,283,293,13,530,555,733,427,179,254,79,532,437,515,608,655,720,786,431,588,611,779,43,142,172,281,411,506,530,575,734,136,151,245,457,42,319,621,742,
469,146,243,247,581,147,184,398,514,558,48,188,336,409,411,420,445,690,746,29,109,115,445,120,324,57,51,778,138,64,100,150,590,628,260,80,327,523,660,762,322,445,451,502,641,709,712,718,241,431,615,682,693,557,298,328,335,339,461,641,769,771,790,
488,42,143,189,267,315,465,632,76,62,135,407,505,697,333,543,553,715,741,112,116,173,397,102,725,125,139,550,618,467,30,221,385,29,532,511,100,145,276,375,616,39,457,517,18,706,788,0,336,525,355,386,123,687,26,27,53,274,410,607,699,701,435,371,599,703,721,518,313,778,594,460,9,116,360,631,162,794,379,81,673,
330,38,204,262,349,67,393,504,2,294,130,524,790,795,10,199,271,315,562,657,675,69,267,227,568,454,696,661,73,105,185,215,234,270,288,301,578,601,3,84,106,277,450,467,529,767,770,
16,107,149,291,114,772,272,418,429,566,155,21,43,186,583,691,336,569,595,621,186,248,553,562,643,168,184,247,552,707,799,816,101,230,720,721,752,791,
113,617,4,556,666,708,787,61,124,201,231,264,605,
654,689,95,103,124,126,181,195,381,69,500,552,695,306,158,312,409,525,626,737,759,762,326,70,642,715,396,616,723,54,195,314,184,114,623,648,654,682,323,575,728,749,
69,465,588,749,481,778,111,165,336,639,604,21,225,304,330,368,397,210,478,620,630,709,811,334,616,388,501,688,713,76,120,155,374,563,682,
264,588,726,107,51,290,325,573,632,656,662,766,790,690,171,454,329,364,461,639,687,756,14,183,194,582,796,801,814,
262,125,467,330,200,361,559,682,588,758,48,89,110,165,447,468,544,615,732,66,816,818,142,102,485,802,233,365,482,561,774,775,131,145,254,536,703,17,814,300,409,446,640,651,706,737,808,
772,749,101,299,305,196,679,698,732,787,418,485,709,25,40,57,108,5,53,205,694,212,245,267,305,360,612,723,768,74,119,19,222,236,368,439,632,163,666,701,542,717,
601,4,
749,322,48,444,47,75,121,447,507,702,772,8,53,399,29,213,93,208,298,473,690,812,400,413,69,133,404,472,584,12,111,296,328,343,361,427,199,341,387,480,578,694,791,800,25,196,216,561,143,81,79,154,184,232,293,305,349,442,594,747,753,482,304,737,309,321,409,417,454,654,90,
302,20,106,346,498,784,111,240,275,297,530,683,775,313,422,644,731,
122,54,64,198,261,314,336,629,21,622,640,9,212,250,275,356,438,59,473,501,527,696,85,406,668,732,130,235,677,
586,323,575,186,223,350,531,598,731,801,818,
686,6,20,196,550,688,775,209,234,305,374,764,765,258,337,350,365,389,453,619,297,304,355,440,476,477,550,586,625,653,62,514,641,757,767,
247,469,17,42,306,369,453,649,455,357,113,566,108,167,738,621,504,719,765,137,247,459,472,701,733,557,268,176,397,483,557,98,709,556,679,729,376,551,623,267,482,227,668,794,280,417,436,788,
20,226,320,611,34,57,110,135,195,282,651,675,84,95,319,277,396,417,557,650,688,771,690,738,763,10,133,208,226,220,707,146,767,305,41,295,408,438,663,105,546,663,8,798,10,40,297,496,582,659,711,528,66,236,644,676,690,769,197,246,700,26,354,515,675,52,237,158,360,534,720,799,504,711,725,369,129,358,587,460,480,534,547,598,651,795,295,389,55,441,31,551,742,66,344,533,766,81,34,230,39,563,607,132,367,432,514,583,741,197,210,233,39,560,686,484,93,146,256,298,476,501,676,101,291,295,310,376,461,498,119,174,302,654,3,57,139,425,525,320,570,687,711,717,729,97,254,379,388,390,589,367,741,
429,543,16,467,103,193,162,241,421,656,662,744,155,87,112,140,171,200,202,78,601,679,618,685,700,446,650,
777,408,339,750,12,16,391,192,426,450,553,561,758,249,304,408,104,503,808,46,304,325,337,554,604,762,349,244,391,778,801,354,
339,794,
799,16,495,
671,640,
543,49,4,34,512,309,429,464,645,107,221,259,353,528,623,709,343,368,426,435,662,770,172,442,523,368,177,377,446,504,520,662,
491,249,635,674,
482,262,533,173,453,742,45,84,239,248,152,361,462,467,702,725,729,749,421,748,104,149,408,457,
323,239,18,575,79,169,173,133,468,773,610,352,437,586,713,293,694,807,
792,129,147,194,506,543,599,607,38,809,26,574,48,90,225,313,422,613,21,814,236,254,64,600,658,694,128,486,551,752,175,393,503,519,591,74,252,557,582,671,696,153,292,458,275,310,766,578,773,137,239,276,480,791,
100,469,638,46,508,536,140,251,385,561,623,341,179,707,246,302,349,707,806,
588,633,40,69,264,464,200,504,23,49,337,341,393,68,122,449,543,714,196,704,804,163,287,708,392,600,773,12,145,391,427,784,60,127,
439,11,57,230,330,81,709,807,272,530,638,768,790,183,27,115,186,240,298,336,391,424,631,692,695,307,324,325,463,498,618,697,260,184,755,273,284,365,519,599,664,84,258,591,108,776,169,209,628,662,781,194,504,529,530,624,137,282,295,348,439,139,165,425,467,678,747,
320,157,455,375,213,238,425,553,581,679,808,540,594,
640,575,22,119,202,18,348,554,578,625,671,677,739,49,282,658,662,742,
66,360,147,393,409,563,584,642,591,800,11,78,314,364,435,476,757,790,651,
439,263,296,360,57,310,394,751,699,619,697,175,55,131,135,215,449,549,666,30,298,424,599,98,60,420,581,666,734,771,799,243,562,639,697,240,653,665,693,70,204,291,441,452,497,511,551,262,227,300,391,593,651,748,126,186,98,246,100,212,246,406,673,126,255,318,468,484,754,802,389,639,642,689,697,819,182,264,265,579,715,751,22,229,595,759,
617,94,674,28,482,709,733,14,68,155,289,420,457,648,124,708,759,798,181,270,515,704,741,745,75,138,282,307,313,345,148,455,490,518,696,745,33,374,419,538,628,645,711,7,47,175,178,255,256,268,285,388,449,494,563,710,105,18,346,706,714,349,509,639,345,429,701,710,711,258,82,640,771,308,318,443,604,791,31,100,102,158,168,349,386,558,650,139,282,431,522,391,500,603,684,704,707,811,35,43,97,219,512,616,267,107,156,407,422,443,491,35,567,691,151,218,282,373,635,143,254,676,762,37,119,209,223,250,480,87,172,460,472,624,496,479,601,801,352,381,551,707,720,81,208,11,33,194,270,0,494,690,799,491,561,110,204,427,545,611,743,89,382,506,533,692,432,405,195,23,573,40,432,487,24,75,113,58,318,398,476,603,660,813,158,206,304,498,560,629,59,125,290,344,365,42,633,706,738,799,
495,803,81,111,117,113,253,735,160,288,419,442,599,734,750,799,80,81,324,334,341,374,523,679,713,770,
49,296,129,132,85,396,594,106,669,732,163,410,419,462,630,109,131,178,479,489,413,251,315,400,550,695,766,33,418,539,92,220,744,138,224,387,291,568,748,429,444,568,586,740,554,675,777,1,192,277,347,425,81,623,634,693,712,718,797,264,401,466,682,358,559,580,274,739,335,472,510,754,710,78,626,13,292,10,492,607,609,167,163,446,391,607,667,690,172,361,66,65,705,779,324,543,559,644,708,803,75,29,361,474,516,552,647,200,301,324,641,24,74,139,247,268,273,279,305,685,775,124,146,549,684,46,115,143,54,579,618,105,90,103,590,698,179,274,304,397,440,659,
5,687,123,
366,237,148,386,484,666,728,
790,330,264,4,70,76,633,816,14,20,173,174,345,573,665,674,734,745,139,269,271,
561,31,71,144,251,480,530,610,664,689,693,764,434,370,192,115,706,816,272,493,539,572,617,23,304,457,11,800,807,815,744,183,184,277,492,121,327,345,352,501,657,680,122,548,430,642,667,789,561,273,532,19,168,129,152,492,564,633,476,749,227,278,475,706,734,62,72,193,357,407,599,664,639,370,615,616,650,
249,226,256,288,382,731,20,209,332,593,639,127,146,361,485,148,624,786,792,285,772,75,123,169,474,567,616,709,
619,515,610,683,23,75,95,164,500,
318,156,22,371,695,76,150,339,342,471,656,708,254,298,648,784,395,292,533,674,815,175,201,218,255,262,326,376,380,683,707,41,43,141,387,511,676,709,817,2,267,315,473,528,171,534,585,72,694,714,762,123,527,620,703,50,172,369,407,656,665,794,160,65,492,563,730,808,156,163,48,307,454,507,757,810,252,213,641,313,358,62,702,743,748,84,92,97,98,194,239,431,453,530,531,160,751,790,794,336,219,303,501,537,766,234,437,557,220,582,800,594,609,
204,38,75,167,374,457,468,816,298,601,685,89,107,243,292,330,392,565,146,424,116,154,59,106,115,191,370,544,601,780,98,290,595,795,135,173,181,398,478,740,792,350,441,421,439,550,730,238,300,599,700,709,730,740,
379,247,791,21,95,100,231,610,806,594,75,84,189,163,737,744,582,664,712,
593,32,192,190,783,160,262,295,409,21,3,178,691,809,199,791,66,298,483,681,22,127,184,473,580,622,664,808,
237,13,366,349,250,359,374,590,113,154,17,139,496,633,707,813,155,355,562,733,764,20,487,533,647,664,708,713,816,452,25,179,375,459,504,633,665,766,183,614,686,
328,748,8,192,11,251,106,424,646,720,259,329,460,477,405,105,705,457,460,684,715,133,325,435,57,285,312,425,558,338,581,600,101,111,714,784,
744,683,434,73,498,438,460,753,416,97,158,21,521,559,159,279,373,405,570,682,117,119,140,222,360,376,450,768,
467,190,72,57,153,172,267,732,194,349,352,97,256,303,361,452,794,488,31,175,432,719,806,32,236,262,372,813,36,70,433,536,543,575,613,294,352,463,749,208,309,390,515,176,730,279,601,618,429,41,578,26,394,448,502,606,611,622,169,372,565,604,660,25,101,521,558,36,169,220,243,298,380,
773,323,744,473,706,
273,360,370,687,292,242,122,166,286,494,44,812,96,109,187,211,355,667,676,699,789,9,48,64,312,515,114,454,257,418,469,494,601,776,41,636,649,695,737,293,417,699,728,792,802,302,21,74,251,346,399,471,711,731,732,209,377,498,628,679,352,424,493,613,615,663,751,436,297,104,279,516,682,804,296,37,25,805,439,505,620,710,812,815,111,11,369,470,339,365,635,675,234,
633,184,320,244,251,157,343,445,539,549,588,781,180,486,278,275,312,431,511,563,720,751,763,585,104,679,748,359,572,576,87,116,204,214,388,47,533,589,405,473,523,632,89,582,589,177,626,784,223,438,445,632,
647,143,121,113,323,33,28,706,68,340,341,646,657,713,32,193,452,819,74,752,240,183,357,736,304,218,478,144,273,302,362,652,273,428,442,491,608,618,683,794,361,58,445,536,220,657,464,468,469,77,159,297,458,510,724,753,139,186,322,80,734,552,591,145,215,492,805,362,518,47,776,346,492,31,654,277,249,514,529,611,695,766,150,252,353,397,724,298,304,486,719,817,153,163,170,176,219,64,378,628,630,201,217,428,454,275,697,402,553,142,683,207,270,339,340,433,126,512,371,545,212,765,566,12,104,333,378,18,618,651,707,735,135,344,374,620,812,317,207,639,736,141,155,347,354,22,140,235,332,374,91,382,484,4,692,294,329,458,470,115,133,147,176,179,208,360,403,448,119,650,124,211,433,706,24,104,143,152,316,483,717,7,169,184,286,310,357,51,457,555,582,631,693,738,58,234,333,520,622,693,751,78,351,727,
424,328,192,328,357,55,69,579,740,754,79,254,730,393,435,589,603,12,230,712,
112,159,525,346,314,5,114,165,312,685,319,6,198,277,141,259,718,558,800,1,639,746,766,300,178,396,483,739,746,55,126,10,352,367,419,113,168,415,493,519,555,744,92,67,299,340,575,717,748,92,284,432,439,554,672,696,749,67,53,195,353,357,430,456,561,606,640,288,314,56,676,62,99,130,797,225,279,304,437,549,359,724,109,642,377,382,262,446,587,599,513,471,64,302,530,771,728,90,364,690,66,240,504,781,106,291,363,378,398,605,625,665,788,54,229,278,543,87,313,539,784,468,42,245,309,310,363,415,726,188,186,211,245,258,321,354,483,644,686,792,551,229,355,378,121,573,605,657,678,515,319,540,576,351,631,686,103,292,342,380,630,231,88,674,702,55,629,323,331,265,123,632,732,591,126,332,339,430,654,549,720,803,271,295,357,539,570,790,800,307,409,635,169,13,812,50,499,183,501,504,625,658,144,313,456,544,545,35,708,606,708,299,453,139,198,237,289,326,359,442,520,711,32,309,473,167,197,113,334,312,21,126,291,413,560,724,61,44,88,106,364,370,496,735,502,463,311,576,618,32,475,82,632,383,392,532,70,80,131,258,268,353,495,548,608,228,255,325,455,490,339,328,456,521,746,808,325,383,476,559,689,50,43,320,330,336,342,359,414,616,624,666,749,117,127,132,218,357,657,713,172,284,311,334,55,160,227,641,648,668,680,812,589,49,595,628,739,61,357,427,647,674,
43,296,39,516,89,108,470,728,790,155,238,239,291,377,435,531,781,618,680,723,1,81,150,536,757,25,242,274,351,386,455,498,580,603,644,775,790,
600,0,555,209,318,325,328,37,488,96,138,386,409,414,427,459,517,626,655,689,545,254,133,76,355,404,157,661,684,751,55,4,157,165,418,547,40,780,172,388,10,396,805,262,594,758,804,395,385,562,790,174,236,542,720,460,646,764,808,548,628,
249,144,597,79,554,305,274,698,754,559,578,274,708,728,302,286,347,442,479,658,774,162,262,464,90,190,3,692,59,67,499,556,659,740,120,111,167,530,750,73,579,601,623,133,233,237,597,769,117,376,455,676,125,737,756,762,764,784,319,379,460,461,561,222,138,508,568,763,813,162,505,584,797,2,51,178,149,609,616,364,399,417,527,156,674,485,487,689,771,809,35,155,380,565,578,681,733,805,811,12,160,203,281,337,755,772,102,261,401,491,601,648,666,755,187,325,410,529,387,516,306,336,157,687,84,312,347,467,496,12,604,685,166,211,395,397,
104,143,93,37,88,156,163,258,457,507,56,94,754,101,165,348,77,188,327,439,470,702,726,198,495,632,806,91,334,191,256,283,444,473,14,345,600,215,224,317,592,560,70,137,156,56,340,48,505,542,564,566,128,717,791,37,55,425,457,536,663,789,22,193,177,745,618,711,715,146,184,463,179,560,637,245,290,492,539,703,714,356,598,621,748,777,
262,52,321,439,60,350,482,747,77,465,471,532,695,745,167,68,639,673,348,106,459,512,139,335,644,194,234,286,408,124,79,343,457,691,740,754,
683,318,399,32,179,9,24,337,438,574,761,211,558,585,675,815,58,456,61,20,232,260,365,378,434,777,135,192,324,340,67,8,42,289,153,139,436,744,814,461,527,658,675,680,729,255,590,40,806,813,78,400,508,632,640,658,666,273,283,343,699,60,531,552,573,627,659,754,552,15,350,358,391,545,554,619,674,785,
435,424,
339,310,296,112,90,502,299,456,777,594,538,557,647,659,725,504,9,18,35,82,114,254,390,420,624,636,686,41,663,401,633,687,695,815,129,568,286,119,437,502,518,799,497,609,273,10,98,305,445,687,
666,113,772,
192,139,364,138,197,523,626,661,721,467,392,578,776,779,328,327,670,57,114,376,419,527,658,709,768,601,593,75,164,196,299,391,424,476,721,723,777,449,277,451,121,645,701,740,31,661,536,4,178,222,326,682,699,568,45,373,333,443,458,344,635,703,306,556,691,322,775,
760,673,288,401,475,487,
149,43,16,202,219,661,803,501,816,51,87,219,398,586,565,805,103,607,745,619,817,
754,439,424,58,90,148,451,668,678,701,
813,15,174,474,27,200,107,269,270,785,426,260,740,91,41,195,303,486,476,717,90,244,380,556,118,129,133,43,396,744,809,577,113,225,303,329,413,541,325,519,597,629,702,789,686,700,214,230,367,719,729,816,29,202,207,285,354,265,98,606,745,774,212,27,292,340,691,770,26,633,33,177,506,567,458,574,0,811,80,486,633,529,55,180,187,394,264,588,812,101,113,223,307,170,662,195,210,293,483,562,659,721,757,40,42,94,113,216,224,290,159,379,426,487,523,204,17,361,437,612,642,649,705,707,781,559,609,740,743,2,128,207,22,66,88,240,294,376,575,344,44,126,219,450,603,32,139,159,382,12,444,638,811,494,593,819,422,612,620,209,147,405,482,38,95,179,186,199,201,25,425,111,184,586,628,134,735,771,621,74,359,36,556,598,599,748,408,394,440,537,623,29,769,496,94,595,404,451,465,569,656,799,113,757,
794,17,29,26,130,265,339,515,750,419,548,
761,803,288,519,681,789,197,529,592,791,237,460,494,507,644,660,786,426,648,756,52,9,111,172,188,493,522,159,176,291,374,392,626,248,399,454,462,506,349,475,753,794,
427,679,600,42,137,210,238,588,373,94,109,143,451,579,586,772,36,254,256,564,801,131,512,461,581,648,812,
301,657,330,
199,18,593,449,
403,575,
4,543,80,113,445,601,706,212,548,703,716,800,122,268,295,439,526,46,655,669,674,749,765,209,340,371,759,769,
221,8,124,429,448,494,593,620,729,57,75,453,472,484,503,609,804,819,568,76,38,122,197,5,278,337,690,749,53,71,186,388,438,559,33,171,388,144,24,685,441,702,582,620,194,212,229,602,723,759,431,516,728,782,165,224,284,431,456,512,705,752,815,46,71,399,14,28,67,104,182,466,544,774,486,255,497,614,667,739,102,220,287,365,482,122,154,233,538,45,111,177,272,579,562,677,689,753,17,587,647,689,690,224,9,736,166,182,245,328,380,434,647,757,784,586,33,
57,439,569,203,307,439,644,710,742,215,21,460,683,103,41,164,45,491,313,409,642,440,106,449,512,636,680,768,15,50,270,302,794,222,287,293,723,745,762,206,427,489,42,171,492,564,94,310,412,96,99,246,317,428,599,
274,324,307,148,366,215,296,380,87,663,456,492,641,724,745,812,107,115,117,359,545,447,803,96,347,49,759,796,260,27,461,463,664,17,388,628,664,810,103,181,399,646,360,77,521,611,725,749,146,299,324,389,376,391,419,452,467,483,564,616,368,442,487,518,674,786,56,69,114,163,255,466,483,512,712,768,293,609,724,500,714,67,98,158,521,527,618,95,11,438,498,660,695,20,133,140,143,163,439,501,516,577,608,778,185,223,259,458,509,558,706,242,367,496,607,79,159,283,
167,9,729,394,494,506,813,653,395,457,53,212,322,205,3,316,556,578,606,687,39,201,218,328,41,140,16,500,507,741,770,502,735,263,337,459,486,504,596,644,585,236,617,651,809,1,46,99,154,309,579,212,238,483,554,78,66,179,224,302,548,239,391,615,57,140,292,527,614,700,34,350,426,669,812,136,143,257,273,278,339,441,720,807,247,507,582,599,763,86,114,124,209,98,621,673,687,575,674,717,813,36,103,146,571,629,682,731,28,42,323,625,720,50,153,72,209,304,358,472,527,540,624,738,
548,561,341,23,40,43,50,104,268,275,469,390,708,
130,69,330,71,165,183,357,446,154,681,761,737,815,
296,439,483,669,743,155,458,633,660,0,231,298,330,659,656,43,253,443,498,722,767,530,268,156,83,795,569,71,123,604,270,133,419,505,657,206,337,339,417,81,534,559,606,317,676,181,266,474,32,99,251,524,581,638,689,49,168,214,220,321,361,371,489,526,641,741,768,273,805,43,158,262,420,502,156,176,204,529,602,73,165,406,571,792,576,307,345,526,626,694,708,51,293,297,708,757,288,236,
452,183,533,112,403,240,310,299,715,730,256,366,516,629,4,251,42,437,243,255,427,443,470,603,122,418,438,708,775,783,803,237,188,246,336,518,690,711,393,595,609,650,752,
143,744,576,538,353,466,184,261,287,150,676,708,768,80,109,224,325,5,745,99,360,405,222,383,131,678,50,169,212,597,723,738,761,58,89,499,104,302,710,488,107,445,556,497,644,769,609,253,3,342,756,68,75,80,101,278,311,554,589,601,678,687,804,85,305,512,523,630,35,132,342,253,394,509,630,431,515,38,51,174,299,355,479,41,705,75,120,169,210,198,344,384,652,679,23,50,756,173,319,360,366,588,818,5,63,281,25,627,158,225,385,482,537,560,749,223,230,203,454,728,182,746,751,793,788,90,96,276,282,703,
467,476,571,9,83,119,206,322,180,389,623,177,198,132,354,491,523,529,533,764,65,796,185,234,65,706,785,817,53,287,292,370,451,134,195,205,336,425,137,588,51,782,143,283,584,46,105,257,376,568,605,126,285,4,708,257,340,1,296,390,584,700,155,183,190,741,782,
343,9,749,15,26,157,236,400,440,591,629,649,782,21,
337,385,379,65,90,93,334,269,405,432,572,592,598,662,730,706,753,129,289,368,364,550,803,463,643,32,278,367,482,630,
633,790,158,262,267,335,614,
118,237,89,480,59,607,708,181,186,219,360,6,179,239,335,148,38,339,364,373,567,568,58,733,745,640,656,712,387,548,587,615,661,693,135,229,522,563,742,360,400,751,160,268,316,456,592,727,742,171,349,514,744,381,661,8,493,609,
437,339,323,354,556,739,
437,452,720,97,325,106,744,772,405,534,
757,222,229,611,335,343,359,431,458,485,508,184,169,431,291,216,22,407,554,650,58,257,484,563,816,360,388,528,656,805,296,813,
504,339,32,274,385,520,595,530,555,558,749,288,682,778,
435,689,152,66,186,214,126,406,656,772,147,264,488,75,733,243,171,208,262,211,60,44,269,574,586,622,627,630,718,
506,171,169,258,312,441,813,482,633,383,387,438,13,663,208,5,85,352,367,509,248,675,297,705,729,758,802,282,371,385,547,51,163,551,614,675,302,305,750,420,446,451,767,808,67,170,177,58,742,793,154,117,575,173,96,269,571,725,82,727,204,247,390,495,571,172,177,414,474,
8,683,27,322,391,699,312,363,167,118,18,765,485,178,204,291,204,273,546,628,715,
527,516,
706,617,147,
533,467,85,24,173,185,212,452,637,786,203,329,458,722,726,224,236,338,389,130,423,511,763,309,422,35,482,494,722,96,319,427,798,226,229,308,343,390,458,179,627,669,33,720,289,243,313,360,512,584,637,80,406,492,738,747,123,377,713,746,
575,46,467,403,400,323,318,454,304,727,675,728,140,145,273,521,559,621,640,644,809,210,229,411,556,558,569,586,651,653,377,399,689,78,108,173,324,
601,429,67,
765,686,8,104,418,680,727,
584,533,66,
803,94,355,481,498,570,575,800,195,248,303,80,279,349,502,507,761,333,703,495,599,68,708,772,412,454,477,510,542,709,414,416,516,544,36,65,414,509,563,148,677,694,612,244,277,310,398,450,
576,339,14,53,122,371,631,189,330,124,229,20,345,453,249,630,436,39,69,240,198,457,578,696,193,11,479,549,257,802,365,17,488,619,707,150,177,76,501,520,576,592,712,342,59,20,431,137,798,816,183,231,351,416,500,728,330,662,812,21,150,268,173,699,163,200,456,213,144,482,660,680,387,435,72,660,711,793,804,818,590,786,203,222,229,331,433,563,761,767,773,528,577,603,613,668,751,172,444,655,403,434,623,734,207,395,546,703,713,219,335,421,436,512,550,259,651,244,502,509,655,678,712,597,104,734,124,224,234,283,287,379,6,684,734,116,206,233,312,317,567,786,296,293,369,651,402,460,514,632,
445,322,370,316,279,398,646,104,671,165,184,442,454,469,513,540,317,623,462,531,607,760,
604,434,69,230,256,329,638,26,40,257,242,252,542,726,
673,358,131,46,125,347,376,550,415,417,437,585,69,432,135,187,264,307,402,475,116,275,480,624,732,508,200,350,605,701,18,167,205,249,54,394,460,466,485,760,795,220,115,461,275,490,534,622,59,177,236,361,400,622,100,747,323,356,718,
469,445,548,
516,174,340,512,643,650,707,784,128,162,266,293,459,527,26,140,480,
657,112,330,301,305,101,499,521,669,689,501,585,
557,651,88,428,72,170,187,293,500,294,698,263,76,126,313,402,406,366,554,692,95,128,238,402,330,581,202,23,48,62,116,128,154,553,664,441,448,533,626,752,765,28,655,724,21,669,28,205,581,627,675,362,234,247,291,547,581,635,674,713,775,34,43,104,202,360,467,515,551,680,388,82,85,104,411,422,580,162,196,280,438,515,575,739,293,318,484,359,543,0,646,717,353,7,9,121,184,204,237,258,428,516,660,321,712,366,247,12,807,220,324,507,545,258,331,340,360,374,396,397,443,462,664,10,322,341,555,130,195,213,668,707,763,
744,160,73,143,172,169,316,405,478,175,234,475,486,130,780,164,517,199,385,507,371,587,603,641,683,41,572,813,67,215,305,327,437,623,677,702,772,248,717,184,439,581,284,789,162,173,376,525,535,553,16,158,275,291,87,679,740,82,100,125,318,352,727,568,15,702,774,204,660,706,134,790,164,2,375,663,129,305,22,127,90,131,589,423,456,615,635,145,387,101,514,170,177,268,121,499,513,524,525,799,410,593,3,170,304,348,440,799,561,415,431,519,152,432,646,243,424,529,594,611,617,638,671,163,218,227,380,429,433,528,648,732,793,801,790,186,352,472,668,682,738,773,25,55,241,167,212,264,381,712,84,140,440,677,703,
140,744,25,
498,302,617,36,53,62,137,201,207,338,343,491,607,686,788,815,
136,167,42,63,73,128,460,474,788,421,585,806,
18,673,378,188,199,242,244,190,427,44,601,682,649,733,727,
738,485,39,247,671,139,461,486,602,102,748,760,506,619,325,365,380,21,90,578,
94,803,427,132,158,357,386,639,229,723,753,814,310,422,735,753,
638,236,608,193,770,800,329,443,529,660,207,410,178,179,780,420,342,345,261,776,162,56,306,319,373,581,714,47,57,133,365,422,486,695,423,100,522,282,583,675,515,546,400,770,209,434,775,621,16,24,93,138,156,463,574,707,710,16,358,185,322,339,350,430,596,26,106,322,424,621,2,426,51,79,428,470,427,96,160,355,437,449,531,33,59,99,159,167,633,637,310,351,
322,94,81,132,51,184,517,430,454,503,602,9,95,154,522,415,472,665,706,714,727,787,59,311,49,657,75,84,131,362,464,549,18,323,425,611,375,393,541,159,172,729,156,113,115,277,573,600,738,79,624,549,621,790,424,448,247,468,649,203,246,476,615,710,177,294,395,407,628,673,52,43,491,714,781,208,215,332,488,657,689,173,709,780,43,243,244,616,762,95,179,28,321,595,672,706,789,802,469,107,497,518,244,544,653,659,772,192,
434,683,576,638,37,107,297,324,544,704,744,143,217,358,383,587,719,321,777,290,427,432,555,592,604,687,114,142,308,503,598,767,457,575,815,18,85,195,250,419,477,690,693,710,729,760,410,421,459,575,735,796,817,
806,379,51,105,162,436,721,
147,25,792,100,332,361,363,706,114,252,286,438,463,500,546,700,
25,104,377,42,173,417,497,755,800,61,324,488,806,807,815,244,534,612,619,747,805,92,257,444,616,677,681,801,194,174,481,642,169,27,472,556,375,728,187,246,565,704,153,339,379,385,512,545,710,797,149,251,556,654,140,405,506,573,98,748,378,605,684,771,
450,744,
233,20,266,17,330,423,726,125,215,117,114,674,707,114,334,461,624,712,764,125,139,212,591,735,746,348,386,567,623,628,717,814,
476,617,388,561,72,189,271,765,389,401,482,554,569,637,
67,274,330,94,23,257,407,409,496,601,626,648,651,113,40,137,186,335,812,234,425,
243,204,11,479,186,221,283,331,459,555,383,628,743,137,264,270,331,435,627,539,146,592,612,743,158,283,459,654,666,754,
687,275,167,58,182,282,527,542,627,659,5,15,135,380,499,760,578,747,
689,106,250,570,583,160,251,574,654,676,454,741,817,93,99,103,424,226,272,193,567,29,697,815,746,458,435,601,615,654,706,31,461,155,224,563,716,10,289,550,700,711,805,12,137,185,246,483,602,338,449,
370,7,142,166,117,225,273,373,217,739,332,43,109,417,418,11,479,488,4,117,141,356,190,387,42,493,404,54,668,71,249,660,757,818,159,281,462,483,385,577,696,790,125,490,157,680,780,31,128,557,185,384,585,130,201,259,384,392,684,720,378,446,237,288,294,321,410,630,782,96,290,497,583,610,793,277,801,62,163,445,599,684,734,753,17,486,514,632,771,9,19,170,357,377,428,135,536,62,410,488,629,743,753,756,59,408,514,761,816,561,108,273,487,491,633,
379,337,20,488,
173,482,790,
553,320,
152,482,435,
610,323,619,
567,576,
674,683,491,112,
531,683,
442,445,495,
183,264,130,
390,20,548,
455,43,320,
317,445,57,
162,488,806,
422,302,94,
223,633,586,
701,772,
133,274,
123,5,488,
764,414,600,
408,482,813,
44,435,18,
114,147,654,
309,749,543,
451,754,813,
614,237,633,
682,69,504,
227,247,
728,654,366,
310,94,803,638,
234,67,318,273,
733,18,
367,20,337,
484,366,
62,498,686,
686,237,498,
105,49,806,
586,435,149,221,
806,136,100,
487,760,370,
90,143,738,749,
354,777,437,
