426,91,319,327,381,335,440,492,54,225,265,402,479,545,334,423,468,
188,537,105,520,273,363,42,183,259,417,158,190,
298,185,424,505,376,266,489,351,325,300,262,72,113,394,35,387,71,4,21,506,242,136,389,137,201,144,403,318,353,498,
440,426,344,147,296,292,42,284,209,231,316,320,425,177,90,225,332,379,426,256,80,335,60,165,407,465,182,
104,181,204,388,160,248,265,297,53,209,85,156,62,447,339,
429,23,369,263,278,223,292,175,299,279,480,486,296,410,547,345,132,185,420,535,
109,454,381,13,486,213,251,377,44,144,204,242,299,
375,103,264,256,108,36,272,64,16,38,116,393,400,
261,155,291,354,389,392,394,180,386,545,12,51,220,484,514,408,354,80,525,372,166,238,360,316,315,471,507,433,
240,440,170,441,524,53,334,422,173,205,
533,181,546,38,
174,94,491,22,427,220,264,28,66,89,135,166,277,47,248,353,463,493,512,344,57,533,61,305,398,133,536,234,377,381,252,146,547,498,
127,383,33,96,174,175,27,148,299,297,376,501,507,
239,133,22,141,47,397,544,221,229,373,64,
153,143,479,211,
481,89,419,395,284,490,252,164,184,75,32,461,386,465,57,283,110,304,442,61,
419,392,60,355,
13,212,109,327,32,308,80,258,428,456,105,
465,481,
66,273,
284,202,89,440,520,270,289,403,393,
181,23,183,283,293,236,329,
448,229,273,192,265,287,42,537,530,8,305,14,17,470,44,160,267,438,447,548,366,477,542,
215,297,475,308,374,89,257,401,232,30,198,36,70,
425,365,455,160,261,316,370,544,152,293,244,455,102,155,495,
131,280,45,105,12,342,225,488,164,357,259,88,56,212,59,196,132,96,170,191,449,44,337,440,490,382,80,394,513,38,235,3,12,
293,172,183,125,312,
514,212,384,278,245,1,
116,55,35,195,306,472,414,110,200,134,439,495,185,208,342,165,309,451,255,314,417,91,519,420,
494,23,184,162,501,
440,131,105,171,127,20,121,240,19,122,362,346,416,81,312,
268,423,181,258,142,267,100,365,389,483,539,
396,424,341,168,375,277,220,371,231,5,175,79,371,503,168,198,
462,132,259,394,482,153,224,424,38,
381,426,53,6,341,332,339,
384,32,353,358,514,504,374,517,132,349,526,433,529,
245,321,181,175,70,374,322,523,200,347,
491,269,189,72,66,498,174,195,77,157,315,434,106,351,155,417,435,274,369,442,58,85,309,181,388,492,302,271,197,488,369,284,465,369,407,536,188,389,214,284,153,212,41,434,438,180,529,28,149,256,306,
235,326,56,75,393,32,349,456,338,421,490,515,24,297,252,401,53,
452,177,473,159,170,202,432,189,209,451,7,54,122,488,16,33,476,123,251,49,408,495,257,
63,240,46,263,356,373,537,183,354,168,79,29,429,404,55,354,466,219,255,351,534,158,380,407,
416,321,183,337,
536,462,475,371,514,314,246,515,472,141,302,
185,305,392,337,422,
393,268,434,
340,371,211,
352,119,102,451,198,402,155,357,82,372,355,373,36,66,
56,513,181,19,84,488,90,399,5,95,470,533,530,468,411,331,229,344,542,278,523,48,229,306,359,503,533,
255,15,445,308,21,142,379,204,527,227,335,123,155,165,465,496,334,404,428,279,480,
233,300,55,340,420,187,308,97,284,13,136,147,373,262,295,
79,23,105,500,124,361,367,402,514,294,250,65,
97,399,233,378,
510,4,325,
393,73,10,159,159,3,394,111,243,547,356,419,465,164,381,91,129,538,227,268,
266,222,392,320,325,
264,334,278,178,353,424,526,
344,56,230,314,317,347,118,305,
244,150,386,10,200,510,318,261,456,141,190,227,255,9,79,465,370,321,521,
277,217,260,174,253,136,345,330,447,224,386,404,463,35,449,396,198,349,509,104,78,286,426,444,
425,212,496,15,21,378,280,
230,374,301,412,377,429,535,344,540,403,280,51,89,167,475,181,448,
349,277,235,366,422,
346,392,492,548,423,
97,396,278,29,118,387,271,293,395,300,383,418,78,547,436,455,528,168,338,278,371,90,186,259,
176,37,320,413,251,378,224,225,179,201,482,159,450,120,324,59,105,514,240,411,392,492,349,397,526,134,265,106,523,273,520,
158,157,181,207,330,90,405,481,269,196,427,409,97,487,539,445,157,188,93,
119,103,470,174,227,
470,448,77,119,158,225,203,472,403,365,24,424,286,266,23,
439,371,394,400,
476,452,196,
496,471,125,36,462,425,506,112,149,
4,277,118,447,548,
306,529,177,144,399,402,
485,157,163,469,
533,178,34,402,116,10,178,48,181,393,65,362,466,476,415,121,38,525,414,181,282,58,276,423,430,513,183,359,375,60,390,522,64,125,483,77,133,344,433,406,376,261,85,288,187,142,403,503,504,
327,13,454,46,149,420,324,492,487,
373,285,487,532,473,100,135,257,280,
37,450,369,517,127,225,404,531,
453,104,84,543,
373,233,239,
24,28,355,241,251,382,182,445,469,291,
19,105,182,53,428,481,501,42,385,319,
537,37,63,224,467,476,448,172,168,70,438,328,339,397,367,227,223,486,
421,77,221,242,24,31,37,110,508,123,535,360,533,12,146,284,
15,295,12,138,225,376,548,134,60,274,304,319,531,
177,404,36,222,327,227,431,484,34,282,317,137,99,196,308,542,305,375,39,452,150,105,177,281,377,324,41,62,261,83,487,158,238,438,449,252,335,71,487,
423,268,429,95,34,340,125,114,449,346,
380,218,63,
498,378,202,252,317,539,126,218,334,443,158,258,481,494,21,197,73,319,344,482,
23,401,77,429,181,546,342,67,483,522,490,1,453,294,354,494,139,448,265,511,517,
342,515,455,263,389,
81,231,238,218,63,173,2,324,48,485,11,265,170,525,541,350,488,526,468,18,45,207,273,189,241,110,278,319,518,372,318,519,57,192,215,318,389,158,101,257,354,419,137,458,334,549,390,431,461,17,543,219,514,328,101,149,313,286,232,
322,522,21,391,401,
127,295,267,177,507,378,52,51,37,422,522,
522,286,23,94,74,128,178,418,512,181,182,319,171,335,281,
296,429,456,212,407,
549,424,405,
261,425,177,117,132,425,43,171,533,247,218,149,233,456,
15,109,62,153,168,237,502,181,195,526,302,402,385,504,370,
500,418,510,
372,35,261,
407,450,
366,448,194,
291,50,106,141,406,
181,15,403,38,399,522,381,230,297,354,226,
194,200,383,443,356,330,547,67,510,277,168,366,451,281,
406,155,279,63,90,72,385,365,197,217,421,452,364,44,182,500,108,431,507,361,469,206,108,432,183,223,422,244,317,483,126,439,53,172,289,438,489,350,442,520,180,147,330,91,475,117,212,33,532,123,220,386,418,279,447,472,263,
53,47,71,20,362,168,212,351,365,108,202,350,98,135,429,193,288,485,515,541,59,210,306,383,293,538,329,484,423,195,304,343,440,124,512,258,213,266,328,146,239,360,305,137,
492,51,284,181,319,495,132,346,365,154,381,531,288,92,
414,292,232,241,382,531,324,143,314,431,116,
455,425,286,323,520,376,342,197,406,10,449,
145,406,416,
188,69,217,444,161,406,450,518,
99,89,371,536,
493,213,225,199,189,402,490,180,294,367,84,
72,298,546,349,
175,32,245,396,459,22,325,135,472,121,
381,393,492,181,
321,352,416,77,99,138,255,69,503,181,163,
406,65,89,296,220,344,92,78,512,122,145,430,470,350,458,183,157,446,502,130,472,533,253,
148,127,273,
522,484,429,533,322,83,404,320,362,198,174,426,414,469,236,471,456,71,70,266,208,221,279,4,99,
514,384,261,345,277,264,345,159,
105,177,517,484,440,312,176,183,266,97,188,217,375,468,521,384,
358,428,6,236,349,49,57,182,96,206,385,
454,212,196,327,53,263,431,
397,10,365,403,132,72,386,415,44,359,134,88,15,489,
21,89,398,322,425,401,
451,120,358,357,427,481,151,76,379,57,94,205,390,525,521,58,131,527,234,290,374,536,328,408,11,471,377,536,301,10,39,254,462,348,38,528,410,101,511,512,233,293,12,185,279,499,501,86,361,177,116,
333,344,
125,353,533,92,496,544,546,182,238,119,105,329,183,290,
244,366,284,473,41,112,492,525,
513,243,26,205,83,123,361,56,268,2,35,71,184,186,335,272,317,348,490,429,132,462,40,151,203,344,507,534,92,99,297,94,353,142,47,282,375,252,98,334,355,413,453,
50,62,144,209,20,59,328,86,101,287,511,252,540,57,227,267,467,529,265,50,288,121,277,221,170,157,43,255,350,141,114,343,432,402,498,42,472,500,
459,51,548,175,282,11,
353,174,517,384,228,348,368,100,259,325,132,344,251,343,30,191,211,84,103,50,467,101,107,335,120,
359,393,337,278,370,398,477,9,268,218,356,427,467,501,6,533,226,16,105,298,302,159,56,153,514,
486,109,55,146,195,272,228,407,252,435,173,191,230,247,363,
349,112,262,72,478,
399,56,99,445,350,530,36,453,22,36,124,337,289,30,436,45,67,239,393,506,243,181,97,215,403,275,325,466,
67,292,73,235,518,
344,28,268,440,376,459,29,378,35,361,104,271,449,494,468,471,
321,245,238,300,421,398,172,317,33,202,245,95,
284,492,89,
89,99,215,291,21,108,199,531,545,246,
99,479,537,13,332,26,244,250,237,324,370,515,436,353,123,539,275,430,431,58,277,
363,424,53,275,420,533,
250,371,487,292,105,517,531,547,369,426,171,
104,19,453,233,13,47,158,130,464,
487,350,374,410,291,352,547,185,323,418,
538,178,456,132,128,505,346,393,5,
187,19,233,533,487,5,400,480,519,
249,369,77,81,450,498,
23,79,531,470,
325,9,298,127,46,175,315,330,471,60,29,510,66,478,100,143,292,253,514,234,150,197,20,53,123,38,195,362,59,
47,172,104,
277,535,516,333,41,267,369,303,53,482,124,514,161,226,50,353,501,
42,479,14,64,42,392,56,6,154,281,416,517,
144,109,548,244,275,
365,24,229,25,426,27,177,193,288,397,302,522,141,456,470,94,374,7,76,108,244,475,
194,1,475,300,
157,452,177,23,297,158,222,247,280,332,97,151,350,49,493,14,315,125,491,517,340,12,485,399,475,131,509,
182,424,163,166,125,334,200,267,534,463,163,440,423,58,155,
184,196,494,534,
274,376,408,60,259,170,413,489,48,282,365,22,138,133,233,504,460,147,
53,277,538,123,381,495,328,200,67,363,87,158,258,36,542,
77,491,23,429,180,242,143,314,89,480,447,55,321,245,549,470,1,197,449,384,249,215,538,451,
38,395,412,458,249,252,270,116,45,129,44,91,138,209,435,191,391,282,195,295,451,187,47,277,544,2,184,37,501,240,269,428,423,82,119,160,483,438,60,432,513,284,488,451,522,103,520,363,175,500,347,431,492,46,
73,514,393,104,398,
53,454,19,294,355,483,
56,42,22,248,504,
55,514,63,501,535,39,
123,334,450,3,426,
32,92,45,137,245,388,371,164,235,251,512,80,102,276,361,41,155,384,178,108,289,542,480,378,51,505,507,158,39,247,42,175,155,397,76,
246,536,
538,284,242,8,22,104,153,64,275,349,120,397,121,253,323,305,541,131,227,144,274,341,381,
183,63,416,181,428,17,252,216,371,384,248,176,293,108,406,125,528,
444,286,181,188,186,161,301,123,309,277,
232,414,81,
450,268,69,111,97,136,212,281,509,518,399,468,483,225,235,223,356,366,28,70,235,278,
256,284,233,207,292,344,440,423,271,135,253,
392,42,267,512,266,428,547,217,261,487,176,48,196,446,350,
392,261,165,517,331,19,292,419,50,185,346,230,315,526,
181,482,267,223,529,278,173,494,17,47,267,312,501,169,335,416,66,459,65,234,435,506,303,346,79,277,20,56,529,536,548,533,221,9,90,151,346,387,501,520,114,168,537,384,19,489,132,122,450,298,75,114,89,444,444,227,17,79,342,446,70,
515,295,60,233,250,269,374,141,326,258,234,342,337,
141,239,515,22,38,266,322,
505,549,295,87,27,31,175,437,465,49,78,156,304,266,168,94,329,442,307,
537,335,123,484,188,407,104,526,541,369,539,
55,77,65,267,486,153,74,415,193,184,186,34,6,372,110,37,294,
38,181,325,533,131,327,77,83,365,533,
295,103,225,15,127,256,61,505,546,503,503,474,465,506,256,325,280,288,485,
456,406,17,538,81,99,278,100,532,336,319,238,157,317,543,546,139,174,358,193,468,290,435,473,59,539,426,396,52,212,353,65,9,291,350,418,222,45,164,311,53,197,538,231,296,366,374,42,471,94,372,346,
292,250,392,403,414,67,305,289,126,460,484,284,423,
344,333,521,256,5,261,27,300,547,135,218,221,448,
218,351,241,5,481,380,200,239,408,
429,513,538,77,170,531,92,265,387,304,227,404,499,522,345,334,495,230,216,319,407,423,461,124,50,219,155,194,340,474,32,548,
225,484,186,212,432,481,190,351,407,268,295,285,94,178,68,177,486,127,11,380,414,194,433,399,118,481,405,
337,428,297,416,
327,20,215,549,55,160,346,420,439,348,130,465,473,392,172,417,176,275,402,36,377,313,347,549,69,38,97,
159,393,3,
211,353,226,282,266,359,153,112,340,546,
280,359,375,417,270,295,19,144,300,10,297,
374,245,430,543,
222,157,459,10,456,97,204,426,543,87,266,369,375,207,290,
528,132,32,109,270,
257,286,215,256,49,533,229,162,105,309,
366,365,453,207,32,346,244,82,124,223,
112,476,7,90,349,325,423,74,268,386,190,219,191,376,
22,450,16,478,56,68,293,198,124,439,141,31,151,307,313,517,80,
286,368,343,51,300,510,543,470,
300,163,298,60,327,344,233,420,438,106,202,445,96,500,427,293,448,344,324,305,466,530,
284,481,113,115,538,58,39,292,233,68,256,360,393,42,108,471,458,61,193,294,424,6,163,118,20,244,433,435,113,7,386,25,320,531,519,
103,190,137,375,412,295,321,189,292,375,107,22,256,512,65,119,215,174,87,523,3,417,302,
516,277,282,23,149,393,455,186,332,342,373,322,500,
3,278,33,103,93,493,322,109,524,73,337,524,61,303,304,41,158,299,508,482,80,493,9,456,341,456,
383,68,5,221,231,273,489,194,160,234,159,529,180,88,127,427,391,175,71,88,484,31,211,55,89,300,73,263,390,82,290,
297,513,468,253,218,215,86,9,346,127,181,337,235,280,448,58,
105,389,176,508,134,274,304,320,405,521,117,19,138,472,70,153,522,399,526,57,130,347,392,
89,406,41,508,39,284,171,230,
402,345,517,167,207,328,157,449,55,
70,537,245,102,298,523,
456,171,369,199,504,421,
14,448,408,96,73,153,428,463,34,126,155,208,296,344,412,
281,267,519,522,
391,18,145,460,206,313,408,127,451,
306,56,355,243,390,35,
55,520,9,86,211,257,271,427,234,348,377,402,225,293,384,60,207,172,351,233,429,
510,244,47,260,286,393,500,55,421,303,64,42,
371,106,183,445,481,219,340,18,99,137,220,
487,175,373,197,331,60,401,393,421,468,259,374,449,522,250,497,125,522,547,93,173,225,42,
334,123,332,429,122,378,182,165,144,263,367,400,31,266,179,361,
524,240,405,
407,186,480,528,20,416,176,325,456,473,436,39,177,508,49,89,405,455,
296,162,201,123,30,319,12,406,288,23,422,107,181,52,400,503,514,462,465,512,528,118,505,544,533,9,170,297,84,480,479,499,50,455,518,218,131,367,499,142,462,15,259,391,111,159,299,97,180,466,45,163,242,401,420,289,501,22,91,402,136,68,286,424,517,522,425,
345,286,187,35,77,402,247,411,491,209,208,399,6,166,488,292,493,190,211,408,84,248,325,
170,50,274,134,179,240,155,287,172,343,367,225,383,404,415,
238,93,247,214,253,53,333,345,211,312,400,531,518,302,317,125,451,167,203,450,355,10,531,343,187,210,438,82,437,
378,48,265,131,538,386,338,405,295,328,545,174,199,256,89,1,165,320,161,361,
39,102,451,0,144,24,72,164,186,373,72,169,389,474,246,525,55,
482,277,153,79,174,285,240,137,
202,256,179,210,197,528,94,32,495,537,495,498,284,165,342,531,300,379,3,65,113,257,496,302,331,385,296,161,190,
403,312,70,531,297,326,100,322,82,203,521,18,68,136,194,39,479,281,499,297,190,304,426,535,64,74,236,431,397,355,292,495,181,356,470,74,45,238,328,
190,225,294,103,117,178,400,33,288,83,97,464,27,373,546,416,46,284,133,
74,522,475,105,
378,334,65,172,189,355,424,444,311,330,68,320,408,310,
42,440,32,487,
493,3,475,345,
181,61,492,321,533,178,399,98,
345,277,514,280,
471,522,456,344,
519,116,54,82,110,167,284,265,329,47,
475,40,18,229,2,129,342,462,536,215,455,287,429,26,319,433,388,128,289,470,489,194,74,361,493,275,33,223,455,
294,493,23,
450,4,176,192,422,467,424,178,88,92,391,22,64,430,221,407,3,37,350,548,150,
316,65,16,295,441,501,
195,325,15,183,217,507,
531,492,519,23,
484,72,157,284,250,328,78,258,539,30,40,542,52,193,232,253,157,369,96,225,228,540,105,30,417,522,359,365,456,60,
517,216,369,107,225,69,486,105,152,529,392,514,80,126,400,197,312,353,402,484,306,
476,14,104,509,395,443,393,236,317,105,496,171,259,377,537,161,126,325,112,212,495,152,357,467,315,278,403,538,
218,428,
446,118,59,318,
371,232,391,250,453,68,65,212,530,44,215,283,32,227,108,97,439,388,
278,158,296,264,50,53,158,69,98,186,211,482,
428,491,242,358,218,114,377,399,337,188,282,511,
51,32,492,286,200,459,215,109,504,455,147,236,
350,366,124,399,265,4,47,429,523,118,335,345,418,
352,56,155,16,96,134,154,6,111,321,171,1,404,252,450,
405,378,524,114,118,334,339,386,549,299,349,463,83,218,329,225,
145,294,416,149,288,268,204,305,195,27,391,172,74,233,234,42,380,128,212,414,119,341,45,507,
229,134,120,125,232,365,221,439,349,422,20,505,101,306,353,448,72,148,220,252,253,423,482,156,324,15,534,65,212,428,187,406,463,77,492,
267,277,127,216,392,52,457,466,473,543,1,281,151,484,455,369,
256,110,149,350,229,307,288,166,155,202,269,372,113,238,50,472,450,75,428,75,450,167,77,91,344,536,257,536,445,375,299,295,200,
369,484,277,357,54,37,132,252,258,441,280,467,47,370,485,
519,213,355,398,136,161,163,281,490,121,531,266,301,522,
479,365,108,16,46,288,99,5,42,152,372,302,372,86,289,167,155,68,181,350,347,285,163,436,12,383,408,
381,109,241,421,27,243,309,22,324,
278,56,514,
501,316,55,
548,507,74,220,95,400,455,20,209,188,350,463,128,176,187,293,383,513,221,29,166,459,346,130,65,181,306,27,31,66,381,
534,182,63,23,522,184,271,
174,127,482,378,18,365,475,202,
340,521,123,240,61,258,298,157,233,272,295,210,
361,178,475,70,85,363,97,141,
369,238,294,293,429,7,456,249,320,538,300,101,543,18,
286,43,381,345,32,241,505,349,305,450,379,23,522,154,444,39,247,17,287,84,295,183,455,
238,33,301,256,447,369,50,142,78,209,529,61,321,435,152,211,172,250,269,523,146,403,385,
546,72,23,300,415,437,543,41,256,355,533,299,152,188,459,211,
538,77,53,
172,389,145,321,47,293,201,265,
292,149,345,217,165,329,277,524,128,0,410,521,517,208,311,365,286,
132,262,124,397,462,282,538,317,350,370,48,91,403,528,107,352,361,455,
207,540,101,158,41,110,380,333,345,80,182,397,455,
398,3,336,321,177,278,414,50,315,387,317,99,519,57,214,302,487,506,458,21,202,363,509,
447,56,20,238,437,453,140,40,107,298,219,459,53,334,294,144,398,
16,22,332,316,65,84,
473,456,278,366,7,218,484,515,135,452,284,416,185,110,128,350,170,103,355,27,212,
521,451,64,289,311,161,280,28,79,169,342,184,425,233,134,536,258,340,487,442,444,344,89,542,91,419,306,365,231,360,431,
118,405,284,446,521,213,287,
317,513,301,189,173,247,395,193,246,217,144,329,535,92,114,5,515,108,
445,241,491,405,226,199,255,172,282,528,1,118,544,78,12,458,253,31,144,214,232,337,161,536,399,180,371,136,16,323,455,80,343,346,453,407,161,459,59,57,189,293,494,392,15,
219,371,472,
168,97,89,396,512,49,73,87,354,34,79,37,298,
181,491,245,104,241,21,293,365,391,158,179,279,275,465,297,457,233,5,356,161,307,264,495,305,369,
305,286,354,145,220,111,392,334,126,526,535,234,159,185,65,432,313,517,484,181,231,363,366,
212,229,398,454,436,315,259,490,514,275,300,114,425,150,346,502,116,
424,182,363,450,135,396,478,154,338,506,29,531,414,233,549,447,535,470,492,67,
90,158,97,1,
355,24,356,403,246,519,146,49,508,256,306,537,15,176,
123,99,340,55,309,167,134,489,
535,421,277,62,192,308,424,221,444,
273,448,148,113,66,191,119,154,464,523,490,3,125,176,
514,428,536,325,10,73,129,36,55,476,31,179,219,
464,273,104,359,425,
520,188,284,16,11,
4,321,215,333,510,95,522,
389,458,195,123,218,43,105,251,469,238,83,253,46,457,172,19,444,95,332,116,512,531,23,186,391,183,379,447,546,
301,465,270,317,379,2,230,323,254,78,380,27,299,61,91,237,488,145,148,276,391,396,19,308,73,
181,268,548,176,
55,383,510,
107,353,103,132,
108,183,479,
302,359,202,
89,383,230,284,16,
422,240,
375,105,513,
403,132,399,
226,277,211,181,323,
320,378,378,
314,414,344,
373,352,516,
70,522,361,82,
456,484,13,3,
329,125,519,
67,53,23,424,
429,
431,414,99,
1,267,
153,14,482,
400,334,439,
141,536,
18,174,391,
424,462,378,
533,257,421,
548,4,144,429,
147,51,274,
225,470,487,
134,116,15,
281,42,
253,445,256,406,325,
82,352,519,70,
341,381,145,
418,350,97,
271,344,256,236,
227,538,
16,375,352,520,89,
49,452,358,
163,321,182,
74,403,
233,261,145,
194,225,429,
504,51,456,
512,522,389,
211,383,345,
125,423,487,
270,280,528,
112,244,496,211,
415,170,
236,51,181,271,
271,491,534,
287,118,
61,481,181,
69,278,321,
155,182,
472,219,50,175,
306,517,491,
262,
59,176,446,325,
240,482,
294,79,
456,365,522,
521,292,105,
347,344,105,
244,365,144,
495,452,425,181,
15,425,355,
475,174,157,
391,322,389,
142,268,533,
507,261,127,
324,300,327,
406,455,188,
42,19,188,50,510,
158,53,278,
471,496,261,
54,426,519,
167,402,123,
58,182,99,297,
65,378,305,
202,174,398,
507,145,195,
10,455,280,
6,358,381,
412,14,
518,67,188,
451,77,391,
480,255,407,
196,454,184,
118,97,344,
275,399,363,
95,321,
361,334,378,
100,373,268,
162,257,494,
449,423,455,
116,375,
131,157,538,
263,342,454,
341,3,538,396,
536,99,
309,257,444,
5,538,218,
535,55,429,
323,487,301,226,
96,14,358,
248,56,345,
295,286,515,
41,89,244,
407,63,296,
235,67,
324,381,414,
482,498,278,
134,123,
503,56,533,
448,344,230,
176,273,355,181,
389,268,342,
406,291,
186,97,278,
64,510,521,239,
381,548,538,
99,398,321,522,
32,528,429,
83,405,38,
418,487,500,
501,494,277,
487,187,327,
221,344,522,
243,381,306,
157,158,402,
