531,238,683,259,273,306,587,625,760,33,209,346,390,406,750,72,152,348,566,573,4,11,283,439,499,665,791,
562,422,757,12,212,217,576,588,718,791,
633,184,320,244,251,157,343,445,539,549,588,308,781,180,486,278,275,312,431,511,563,720,751,763,585,104,679,748,359,572,576,87,116,204,214,388,47,533,589,405,473,523,632,89,173,582,589,177,626,784,438,445,632,353,415,696,74,228,278,562,730,49,268,644,48,147,269,324,759,66,68,671,695,
561,31,71,144,251,480,530,610,664,689,693,764,434,370,192,115,706,816,272,493,539,572,617,23,304,457,11,800,807,815,744,183,184,277,492,121,327,345,352,501,657,680,122,548,430,642,667,789,561,273,532,19,168,129,152,492,564,633,476,749,227,278,475,706,734,62,72,193,357,407,599,664,639,370,615,616,135,650,26,212,239,91,487,550,599,627,26,259,278,285,452,669,676,718,734,766,26,34,284,332,420,623,33,339,499,533,638,274,
328,748,8,77,11,251,106,646,720,259,329,460,477,405,105,705,457,460,684,715,133,325,435,57,285,312,425,558,338,581,600,101,111,714,83,784,130,302,316,610,735,756,8,212,335,502,630,416,490,493,529,582,600,636,741,774,88,258,531,555,752,
487,403,4,184,
6,4,123,
773,372,744,473,706,27,166,279,487,544,601,634,29,275,103,609,661,817,818,502,717,796,228,474,46,94,232,554,575,655,700,819,
573,209,186,413,90,615,95,
757,222,229,611,214,335,343,359,431,458,485,508,184,169,431,291,216,22,407,554,650,58,257,484,563,816,360,388,528,656,213,805,644,32,366,560,815,96,615,562,566,630,260,279,300,701,727,393,136,265,446,681,439,
90,492,167,749,173,203,230,622,498,749,
408,482,513,139,185,242,21,5,336,82,259,329,478,661,719,
237,13,19,349,250,359,374,590,113,154,17,139,496,633,707,813,155,355,562,733,764,20,23,487,533,647,664,708,713,816,452,25,179,375,459,504,633,665,766,183,41,135,175,425,807,553,583,200,235,276,378,391,795,81,562,609,616,624,177,432,439,550,805,
760,49,66,225,104,96,528,609,501,576,627,734,803,30,
66,537,481,360,147,393,409,111,563,584,642,591,800,11,78,314,364,435,476,757,790,651,551,760,785,64,376,720,432,603,457,484,693,741,776,
16,107,286,291,114,772,272,418,429,566,155,21,43,186,583,691,336,569,595,621,186,248,553,562,643,168,184,247,552,707,407,816,101,230,720,721,752,791,406,410,431,817,109,64,375,731,67,215,284,599,54,786,800,319,232,404,480,512,657,752,505,
613,94,274,161,610,771,
29,301,136,467,320,324,457,531,724,212,234,374,695,723,752,575,638,764,274,
800,16,390,
662,806,683,
379,13,247,791,21,95,100,231,610,806,594,75,84,189,163,737,744,582,664,712,120,302,380,408,537,689,20,59,189,216,279,572,581,622,720,90,135,164,350,469,529,680,682,718,792,135,168,184,465,60,429,457,619,636,676,728,
339,310,97,577,90,502,299,456,777,594,538,557,647,659,725,9,18,35,82,114,254,390,420,624,636,686,41,663,401,633,687,695,815,129,568,286,119,437,502,518,799,497,609,273,10,98,305,445,687,23,56,366,406,424,507,599,605,666,802,621,698,269,330,677,170,217,249,599,6,398,451,647,
301,321,46,29,380,540,48,538,640,683,685,411,558,596,182,154,669,613,673,159,417,
126,67,533,0,67,255,423,
430,435,
273,360,370,687,292,242,122,166,286,494,44,812,96,109,187,211,355,667,676,699,789,9,48,64,312,515,114,454,257,418,469,494,601,776,41,636,649,695,737,293,417,699,728,792,802,302,21,74,251,346,399,471,711,731,732,209,377,498,628,679,352,424,493,613,615,663,751,436,297,104,279,516,682,804,20,37,25,805,439,505,620,710,812,815,111,11,369,470,556,492,353,339,365,635,675,173,663,696,439,241,392,538,654,732,761,95,740,703,159,339,195,210,713,720,796,379,819,
455,43,320,714,91,663,189,271,354,391,473,650,680,749,767,782,28,749,440,67,
18,673,378,188,208,242,244,190,427,72,601,682,217,123,649,733,727,139,363,774,397,716,213,662,136,163,209,350,564,576,673,87,88,214,243,479,610,725,813,
811,434,320,545,597,786,
224,445,17,65,204,409,533,546,568,
286,66,16,183,197,302,373,395,
136,29,167,42,63,73,128,460,474,788,421,585,806,41,171,38,500,552,624,627,702,780,87,392,407,441,517,726,21,194,584,725,727,780,286,297,423,576,591,594,365,375,426,695,
469,144,146,243,329,581,147,184,398,514,558,48,188,336,409,411,420,445,690,746,29,109,115,445,120,324,57,51,778,138,64,241,150,590,628,260,80,327,523,660,762,111,445,451,502,641,709,712,718,241,431,72,615,682,693,557,298,328,335,339,461,641,769,771,790,390,748,182,306,375,543,590,303,243,3,376,448,528,606,670,747,386,793,96,400,616,710,617,608,
687,275,167,58,182,282,527,542,627,659,201,15,135,380,499,760,578,747,450,44,86,342,428,401,608,752,778,810,457,547,272,357,434,458,569,651,709,792,
586,185,138,186,350,531,598,731,801,818,179,182,476,480,546,552,558,637,51,175,15,413,427,463,485,726,727,280,94,4,172,271,393,548,605,757,183,429,545,645,
601,7,4,98,326,808,299,538,401,575,157,547,601,693,730,743,20,217,250,312,351,406,441,460,471,480,674,
760,39,673,288,401,475,230,266,98,412,553,815,530,640,679,691,738,34,399,149,249,294,320,367,588,803,494,590,347,491,737,768,
803,94,355,481,498,570,575,800,195,248,303,80,279,349,502,507,734,333,703,39,599,68,708,772,412,454,477,510,542,709,414,416,516,544,36,65,414,509,563,148,677,694,612,257,244,277,310,398,450,177,293,329,665,400,468,814,55,304,452,563,152,324,487,496,559,694,794,122,90,190,240,402,629,669,760,
240,4,467,
390,43,548,103,192,279,294,407,466,610,783,800,33,705,709,736,26,306,354,591,708,760,
744,683,434,73,498,40,438,460,753,416,97,158,21,521,559,159,279,373,405,570,682,117,119,140,222,360,376,59,768,76,238,500,68,98,503,535,36,720,154,412,640,657,732,812,313,377,382,632,698,715,
289,666,291,60,371,547,639,687,733,156,352,728,
262,52,321,439,60,350,482,747,77,465,471,532,695,745,167,68,639,673,348,106,459,512,139,335,644,194,234,286,408,124,79,343,457,691,740,754,105,157,196,94,366,458,462,496,537,621,25,102,753,792,418,518,116,316,527,687,
94,803,427,132,158,357,386,639,229,723,753,814,310,422,735,753,132,155,233,106,349,485,700,758,770,774,803,300,484,516,613,691,770,108,165,80,210,333,337,358,434,692,755,147,301,370,589,632,669,718,727,320,348,
617,94,674,28,482,709,733,14,68,155,289,420,457,648,124,708,759,798,181,270,515,704,741,745,75,138,282,307,313,345,148,455,490,518,696,745,33,374,419,538,628,645,711,7,47,175,178,255,256,268,285,388,449,494,563,710,105,18,346,706,714,349,509,639,345,429,701,710,711,258,82,640,771,308,318,443,604,791,31,100,102,158,168,349,386,558,650,139,282,431,522,391,500,603,684,704,707,811,35,43,97,219,512,616,267,107,156,407,422,443,491,35,567,691,151,218,282,373,635,143,254,676,762,37,119,209,223,250,480,87,172,460,472,624,496,479,601,801,352,381,551,707,720,81,208,11,33,194,270,0,494,690,799,491,561,110,204,427,545,611,743,89,382,506,533,692,432,405,195,23,573,40,432,487,24,75,258,58,318,398,476,603,660,813,158,206,304,498,560,629,59,125,290,344,365,42,633,706,738,799,62,564,739,808,18,9,297,304,561,295,334,351,436,80,82,239,409,688,744,33,107,213,218,253,272,306,469,492,617,
140,744,25,99,208,209,290,360,376,527,711,793,87,195,254,611,35,735,108,167,705,156,383,187,489,462,590,
749,322,48,444,47,75,121,447,507,702,767,8,53,399,29,213,93,208,298,473,690,812,400,413,187,133,404,472,584,12,111,296,328,361,427,199,341,387,480,578,694,791,800,25,196,216,561,641,81,79,154,184,232,293,305,349,442,594,747,753,482,304,737,622,321,409,417,454,117,90,136,210,532,27,811,351,785,212,109,120,34,396,607,818,455,210,232,243,352,408,428,702,718,
367,101,337,282,322,736,79,204,230,488,521,765,439,571,734,123,263,294,302,749,794,
452,183,533,112,403,240,310,299,715,730,256,366,516,629,4,251,42,110,243,255,427,443,470,603,122,418,438,708,775,783,803,237,188,246,336,518,690,711,393,595,609,650,752,13,169,304,472,10,194,298,11,517,521,678,747,142,268,613,406,800,
706,617,600,226,494,517,580,97,226,379,812,75,50,100,387,503,199,314,532,
133,68,274,379,250,386,152,807,500,509,599,161,212,228,487,603,789,
379,337,764,488,667,66,154,404,627,193,426,
450,687,476,87,95,269,388,495,500,532,700,755,785,
683,318,399,32,179,9,24,337,438,574,761,211,558,585,675,815,58,456,61,20,232,260,365,378,434,777,135,192,324,340,67,94,42,289,153,139,436,744,814,461,527,658,675,680,729,255,590,40,806,813,78,400,508,632,640,658,666,273,283,343,699,60,531,552,573,627,659,754,552,15,350,358,391,545,554,619,674,785,130,189,208,350,665,37,87,367,379,418,479,495,687,95,102,171,245,585,611,201,243,629,640,662,118,769,194,268,
647,143,121,113,323,33,28,706,68,340,341,646,657,713,32,193,452,819,74,752,240,183,357,736,304,218,478,144,273,302,362,652,273,428,442,491,608,618,683,794,361,58,445,536,220,657,464,468,469,77,159,297,458,510,724,753,139,186,322,80,734,552,591,145,215,492,805,362,518,47,776,346,492,31,654,277,249,514,529,611,695,766,150,252,353,397,724,298,304,486,719,817,153,163,170,176,219,64,378,628,630,201,217,428,454,275,697,402,553,142,683,207,270,339,340,433,126,512,371,545,212,765,566,12,104,333,378,18,618,651,707,735,135,344,374,620,812,317,207,639,736,141,155,347,354,22,140,235,332,374,91,382,484,4,692,294,329,458,470,115,133,147,176,179,208,360,403,448,119,650,124,211,433,706,24,104,143,152,316,483,717,7,169,184,286,310,357,51,457,555,582,631,693,738,58,234,333,520,622,693,751,78,351,727,239,12,669,682,221,288,68,353,457,48,752,231,299,390,562,788,288,312,451,520,628,714,
434,683,640,638,37,107,297,324,544,704,744,143,217,358,383,587,719,321,777,290,427,432,555,592,687,114,142,308,503,598,767,457,575,815,18,85,195,250,419,477,690,693,710,729,760,410,421,459,575,735,796,817,568,517,282,364,40,468,568,580,679,690,731,811,355,413,786,114,341,368,435,503,744,16,275,470,768,
666,181,368,289,794,4,48,51,213,255,172,168,307,428,435,539,232,635,726,755,454,529,658,714,20,114,185,304,323,352,771,
441,297,467,14,498,554,647,678,692,751,91,136,278,336,530,799,813,189,
67,274,90,132,94,23,257,407,409,496,269,626,648,651,113,40,137,186,335,812,639,126,27,425,320,453,509,519,525,540,629,800,235,275,337,351,464,501,616,630,692,361,40,590,599,629,365,559,592,
437,339,52,354,556,739,111,296,308,332,481,574,687,694,79,36,192,442,510,696,88,174,230,352,809,176,251,278,301,377,384,458,564,745,
744,160,73,193,172,169,316,405,478,175,234,475,486,130,780,164,517,199,385,507,371,587,603,641,683,41,572,813,67,215,305,327,437,623,677,702,772,248,717,184,439,581,284,789,162,173,376,525,535,553,16,158,275,291,87,679,740,82,100,125,318,352,727,568,15,702,774,204,660,706,134,790,164,2,375,663,129,305,22,127,90,131,589,423,456,615,635,145,387,101,514,170,177,268,121,499,513,524,525,799,410,593,3,170,304,348,440,799,561,415,431,519,152,432,646,243,424,529,594,611,617,638,671,163,218,227,380,429,433,528,648,732,793,801,790,186,352,472,668,682,738,773,25,55,241,167,212,264,381,712,84,140,54,440,677,703,234,324,453,455,576,601,810,173,193,254,519,525,716,83,589,594,699,767,3,78,138,317,104,386,490,496,573,728,785,351,
584,533,66,574,713,792,817,124,148,308,638,68,140,159,162,458,547,629,774,213,299,550,175,295,298,331,432,708,762,793,
66,379,484,
4,240,666,487,507,98,123,178,213,249,348,752,772,
593,32,63,190,783,160,262,295,409,21,3,178,691,809,98,791,66,298,483,681,22,127,184,473,580,622,664,808,93,124,307,311,451,499,515,713,788,625,456,256,278,333,388,476,528,737,800,11,181,424,567,68,263,355,592,140,165,192,
638,236,608,193,770,800,329,443,529,660,207,410,178,179,780,420,342,345,261,776,162,56,306,319,373,581,714,47,57,133,365,422,486,695,423,340,522,282,583,675,515,546,400,770,209,434,775,621,16,24,93,138,156,463,574,707,710,16,358,185,322,339,350,430,596,26,106,322,424,621,2,426,51,79,428,470,427,96,293,160,355,437,449,531,33,59,99,159,167,112,633,637,310,351,475,704,759,129,632,715,239,7,30,53,479,567,778,369,30,416,420,510,200,387,388,538,800,
88,162,437,
310,94,803,638,182,451,491,512,591,597,177,786,227,243,266,299,300,627,644,694,714,758,45,336,690,721,
476,617,388,561,72,189,271,765,389,401,482,554,569,637,260,390,450,595,709,725,785,148,213,288,317,33,297,41,491,589,616,717,144,449,546,768,130,226,323,430,538,692,803,
659,671,
190,48,
506,171,169,258,312,441,813,482,633,383,387,438,13,663,208,5,85,352,367,509,248,675,297,705,729,758,802,282,371,385,547,51,163,551,614,675,302,305,750,420,446,451,767,808,67,170,177,58,742,793,154,117,575,173,96,269,571,725,82,727,204,247,390,495,571,49,172,177,414,474,392,412,109,245,571,307,407,432,606,666,775,741,112,150,191,303,
473,455,123,
337,385,379,65,90,93,8,334,269,405,432,572,592,598,662,730,706,753,129,289,368,364,550,803,463,643,32,278,367,482,630,92,162,326,704,715,752,25,260,294,345,399,605,608,424,531,600,624,689,65,165,201,714,744,
439,263,182,360,57,310,394,751,699,619,697,175,55,131,135,215,449,549,666,30,298,424,599,98,60,420,581,666,734,771,799,243,562,639,697,240,653,665,693,70,204,291,441,452,497,511,551,262,227,300,391,593,651,748,126,186,98,246,100,212,246,406,673,126,255,318,468,484,754,802,389,639,642,689,697,819,182,264,265,579,715,751,22,229,595,759,52,435,35,737,201,218,69,730,389,157,228,309,317,369,390,291,443,612,757,
487,4,803,
533,176,85,24,173,185,212,452,637,786,203,329,458,722,726,123,224,236,338,389,130,423,511,763,309,422,35,482,494,722,56,96,319,427,798,226,229,308,343,390,458,179,627,669,33,720,289,243,313,360,512,584,637,80,406,492,738,747,123,377,713,746,126,776,258,2,587,209,300,461,478,783,808,58,110,234,357,557,3,130,320,468,555,614,
403,274,4,5,63,138,305,329,487,730,780,249,301,309,396,255,438,730,754,372,409,660,
122,350,54,64,198,261,314,336,629,21,622,640,9,212,250,275,356,438,59,473,501,527,696,85,406,668,732,130,235,220,677,351,368,436,639,191,367,583,638,769,20,303,325,336,483,584,7,33,374,676,700,724,803,460,563,684,
344,548,484,28,30,202,319,399,483,741,770,
242,408,
484,565,344,575,629,57,126,177,587,66,99,168,338,190,114,768,794,818,495,590,628,660,805,
527,311,516,439,103,251,564,86,609,71,807,265,386,30,304,725,732,148,172,187,457,276,417,608,734,781,789,
320,157,455,375,213,238,425,194,581,679,808,540,594,7,14,28,76,230,407,431,637,736,780,25,27,57,62,192,273,342,366,811,129,466,528,676,766,611,89,636,658,728,383,423,709,817,
4,6,80,59,166,445,601,706,212,548,703,716,800,122,268,295,439,526,46,655,669,674,749,765,209,340,371,759,769,207,403,546,2,170,185,464,474,28,102,241,487,572,100,476,585,691,45,169,253,357,373,447,
427,679,231,42,137,210,238,588,373,94,109,143,451,579,586,772,36,254,256,564,801,131,512,461,581,648,812,359,191,197,190,257,52,485,468,637,709,469,492,59,348,479,670,685,43,385,441,655,
754,439,189,58,90,148,451,668,678,16,701,217,281,305,365,367,435,513,665,683,770,107,197,549,137,147,168,258,259,441,543,634,1,78,491,678,23,234,636,715,810,
774,94,18,12,36,118,256,360,508,599,603,298,136,19,476,689,754,372,643,747,775,776,
566,26,281,357,389,534,545,548,720,60,155,276,468,559,624,
117,91,435,185,781,
548,561,341,23,40,43,50,104,268,275,469,390,708,19,153,271,520,739,211,344,368,418,792,46,246,33,114,228,495,383,423,751,806,64,250,480,645,
622,619,90,
429,281,16,467,103,193,162,241,421,656,662,744,155,87,112,140,171,200,202,78,679,618,685,700,446,650,79,363,193,517,518,544,620,748,124,55,520,540,717,246,192,635,478,545,706,709,755,6,
243,204,285,11,479,186,221,283,331,459,555,383,628,743,137,264,270,331,240,435,627,539,146,592,612,743,158,283,459,654,666,63,754,328,260,377,405,469,83,92,147,651,249,116,399,479,601,611,288,527,540,674,45,
687,439,289,15,159,395,400,403,455,496,520,794,354,
348,427,531,
445,322,370,316,279,398,646,104,671,165,184,128,454,469,513,540,224,623,462,531,607,760,457,473,625,804,373,566,216,713,110,165,228,435,518,724,743,58,265,43,174,419,510,38,169,175,394,413,537,727,793,302,
516,174,707,340,512,643,650,707,784,128,162,266,293,459,527,26,138,140,480,274,441,127,336,387,518,575,609,678,734,810,32,87,497,669,152,162,191,374,385,563,661,817,
806,379,51,139,162,436,721,0,250,645,759,810,235,573,632,764,5,179,191,250,324,382,52,458,503,32,622,3,335,351,189,408,486,494,507,551,813,382,422,531,595,676,
487,773,561,9,500,540,706,774,146,240,536,597,615,
25,104,377,42,173,417,497,755,800,61,324,488,806,807,815,244,534,612,619,747,805,92,257,444,616,677,681,801,194,174,481,642,88,169,27,472,556,375,728,187,246,565,704,153,339,379,385,512,545,710,797,149,251,556,654,140,405,506,573,98,748,378,605,684,771,234,175,700,735,221,357,549,599,604,641,793,118,120,559,757,796,17,134,160,259,271,514,750,785,787,403,491,643,802,
221,8,124,429,448,494,593,620,729,57,75,453,472,484,503,609,804,819,568,76,38,122,197,5,278,337,690,749,53,71,186,388,438,559,33,171,388,144,24,685,441,702,582,620,194,212,229,602,723,759,431,516,728,782,165,224,284,431,456,512,705,752,815,46,71,399,14,28,67,104,182,466,544,774,486,255,497,614,667,739,102,220,287,365,482,122,154,233,538,45,111,177,272,579,562,677,689,753,17,587,647,689,690,224,9,736,166,182,245,328,380,434,647,757,784,581,33,202,327,371,605,622,736,24,281,474,166,751,67,207,276,393,418,715,338,
173,482,42,345,373,655,233,681,696,717,227,278,281,128,186,340,518,533,606,112,234,564,746,815,
48,666,301,155,81,159,173,190,268,22,593,162,218,494,668,707,
439,11,57,230,330,81,709,807,272,530,638,768,790,183,27,115,186,240,298,336,391,424,631,692,695,307,324,325,463,498,618,697,260,184,755,273,284,365,519,599,664,84,258,591,108,776,169,209,628,662,781,194,504,529,530,624,137,282,295,348,439,139,165,425,467,678,747,162,161,163,217,58,255,577,589,746,814,64,282,284,367,413,495,602,687,728,367,124,170,211,528,557,528,
118,237,89,480,59,607,708,181,186,219,360,6,179,239,335,148,38,339,364,373,567,568,58,733,745,640,656,712,387,548,587,615,661,693,135,229,522,563,742,360,400,751,160,268,316,456,592,727,742,171,349,514,744,44,381,661,743,493,609,252,341,151,479,543,574,612,140,740,744,783,98,349,390,436,514,239,650,750,809,139,164,263,286,490,528,550,649,777,791,
619,425,515,105,358,683,23,75,95,164,500,18,709,776,464,520,785,111,114,139,171,300,508,611,749,808,117,207,360,460,502,592,598,622,252,446,
588,633,347,40,336,264,464,200,504,23,49,337,341,393,169,68,122,449,543,714,196,704,804,163,287,708,392,600,773,112,12,145,391,427,784,60,127,149,213,400,439,596,740,760,489,571,611,733,777,795,801,
274,324,307,148,366,215,296,380,87,663,456,492,641,724,745,812,107,115,117,359,545,447,803,96,347,49,759,796,260,27,461,463,664,17,388,628,664,810,103,181,399,646,360,77,521,611,725,749,146,299,324,389,376,391,419,452,467,483,564,616,368,442,487,518,674,786,56,69,114,163,255,466,483,512,712,768,293,609,724,500,714,67,98,158,521,527,618,95,11,438,498,660,695,20,133,140,143,163,439,501,516,577,608,778,185,223,259,458,509,558,706,242,367,496,607,72,79,159,283,144,155,180,252,371,424,673,728,105,612,613,624,378,651,19,76,241,409,449,459,131,508,546,715,726,759,301,345,627,641,29,
49,296,129,132,85,396,594,106,669,732,163,410,419,462,630,109,131,178,479,489,413,251,315,400,550,695,766,33,418,539,92,220,744,138,224,387,291,568,748,429,444,568,586,740,554,675,777,1,192,277,347,425,81,623,634,693,712,718,797,264,401,466,682,358,559,580,274,739,335,472,510,754,710,78,626,13,292,10,492,607,609,167,163,446,391,607,667,690,172,361,66,65,705,779,324,261,559,644,708,803,75,29,361,474,516,552,647,200,301,324,641,24,74,139,247,268,273,279,305,685,775,124,146,549,684,46,115,143,54,579,618,518,90,103,590,698,179,274,304,397,440,659,182,259,413,476,538,760,149,679,58,66,97,483,554,345,512,530,94,702,810,167,279,283,494,500,683,688,747,814,
204,38,247,75,167,374,457,468,816,298,601,685,137,89,107,243,292,154,392,565,146,424,116,154,59,106,115,191,370,544,601,780,98,290,595,795,135,173,181,398,478,740,792,350,441,421,439,550,730,238,300,40,599,700,709,730,740,311,496,504,513,654,738,420,440,507,555,704,19,530,559,204,635,650,226,456,
720,350,56,136,2,63,47,513,521,661,34,480,492,650,482,483,515,707,714,89,604,170,203,274,283,293,13,530,555,733,427,179,254,79,532,250,515,608,655,720,786,431,588,611,779,43,142,172,281,411,506,530,575,734,136,151,245,457,42,4,319,621,742,68,186,235,236,628,710,5,107,140,218,239,287,458,810,410,594,54,169,262,361,620,73,540,649,767,
674,683,322,19,105,144,571,706,243,491,552,764,32,252,314,376,447,703,770,792,
57,439,569,203,307,439,644,710,742,215,21,460,683,103,41,164,45,491,313,409,642,440,106,449,512,636,680,768,15,50,270,302,794,222,287,293,723,745,762,206,427,489,42,171,492,564,94,310,412,96,99,44,246,555,428,599,54,463,609,667,574,642,8,301,446,615,740,151,162,52,580,394,456,737,
123,6,488,1,400,465,561,88,555,403,473,177,395,448,554,685,701,331,338,671,
435,548,500,138,66,186,214,126,406,656,772,147,264,488,75,733,243,171,208,262,211,60,1,269,574,220,622,627,630,718,117,219,99,305,698,791,18,748,374,530,578,68,102,178,214,280,430,537,23,564,580,755,758,98,347,402,455,512,608,721,787,814,
422,7,94,57,334,410,462,189,501,562,627,652,496,698,733,
114,137,31,229,330,249,265,305,344,428,784,22,38,182,241,493,616,705,588,
784,114,467,178,384,413,574,688,764,782,
673,358,131,46,125,347,376,550,415,417,437,585,69,432,135,187,264,307,402,475,116,275,480,624,732,508,200,350,605,701,18,167,205,249,54,394,460,466,485,760,795,220,115,461,275,490,534,622,59,177,236,361,400,622,100,747,323,60,356,718,20,307,358,551,735,777,209,110,556,697,812,159,266,354,474,476,52,89,284,316,683,265,330,353,616,744,746,802,
469,445,548,209,266,309,512,33,620,129,269,368,413,422,770,14,7,384,612,662,130,262,307,392,465,268,
318,156,22,371,695,76,150,339,342,471,656,708,254,298,648,784,395,292,533,674,815,175,201,218,255,262,326,376,380,683,707,41,43,141,387,511,676,709,817,2,267,315,473,528,171,534,585,72,694,714,762,123,527,620,703,50,172,369,407,656,665,794,160,65,492,563,730,808,156,163,48,307,454,507,757,810,252,213,641,313,358,62,702,743,748,84,92,97,98,194,239,431,453,530,531,160,751,790,794,336,219,303,501,537,766,661,437,557,220,582,800,594,609,307,64,703,818,19,59,460,572,791,501,525,734,14,139,199,303,434,498,583,762,775,799,
25,337,320,
167,9,729,394,494,506,813,653,395,457,53,212,322,205,3,316,556,578,606,687,39,201,218,328,41,140,16,500,507,741,770,502,735,263,337,459,486,504,596,644,585,236,617,651,809,1,46,99,154,309,579,212,238,483,554,78,66,179,224,302,548,239,391,615,57,140,292,527,614,700,34,350,426,669,812,136,143,257,273,278,339,441,720,807,169,507,582,599,763,86,114,124,209,98,621,673,687,575,674,717,813,36,103,146,571,629,682,731,28,42,323,625,720,50,153,72,209,304,358,472,527,540,624,738,515,628,357,400,504,733,744,787,807,136,349,355,389,462,670,567,606,625,635,644,769,796,809,
686,6,2,196,550,688,775,209,234,305,374,764,170,258,337,350,365,389,453,619,297,304,355,440,476,477,550,586,625,653,514,309,641,757,767,413,682,783,29,185,189,336,377,410,803,212,382,682,774,360,313,471,629,787,
320,760,29,561,
264,588,726,107,51,290,325,573,632,656,662,766,235,690,171,454,329,364,461,639,687,756,14,55,194,582,796,801,814,35,233,348,550,768,315,200,806,312,434,478,184,775,789,203,219,280,355,19,131,149,567,591,651,753,
488,42,43,189,267,315,465,632,76,62,135,407,505,697,333,543,553,715,741,112,116,173,397,102,725,125,139,550,618,467,30,221,385,29,532,511,100,145,276,375,616,39,457,517,18,706,788,0,336,525,355,386,123,687,26,27,53,274,410,607,699,701,435,371,599,703,721,518,313,778,594,460,9,116,360,631,162,794,379,81,673,60,105,147,270,568,784,120,136,187,190,299,558,604,806,193,270,771,75,807,118,142,276,315,499,50,398,692,753,
467,190,72,57,153,172,267,732,194,349,352,97,256,303,361,452,794,488,31,175,432,719,806,32,236,35,372,813,36,70,433,536,543,179,613,294,352,463,749,208,309,390,515,176,730,279,601,618,429,41,578,26,394,448,502,606,611,622,169,372,565,604,660,25,101,521,558,36,169,220,243,298,380,56,171,368,422,441,791,1,176,348,468,522,588,784,789,809,240,266,286,46,64,202,
777,408,339,750,12,16,391,192,426,450,553,561,758,249,304,408,69,503,808,46,304,325,337,554,604,762,349,244,391,778,801,354,79,175,235,753,634,216,394,572,787,285,375,420,535,578,261,73,0,534,780,200,12,
370,7,142,166,117,225,273,373,217,739,332,43,109,417,418,11,479,488,4,117,141,356,190,387,42,493,404,54,668,71,249,660,757,818,159,281,462,483,385,577,696,790,125,490,157,680,780,31,128,557,185,384,585,130,201,259,384,392,684,720,378,446,237,288,294,321,410,630,782,96,290,497,583,610,793,277,801,62,163,445,599,684,734,753,17,486,514,632,771,9,19,170,357,377,428,135,536,62,410,488,629,743,753,756,59,408,514,761,816,561,108,273,491,633,85,114,139,197,310,407,455,778,94,136,170,186,295,105,372,375,554,67,124,77,486,235,592,16,
43,413,39,516,89,108,470,728,790,155,238,239,291,377,435,531,781,618,680,723,1,81,150,536,757,25,242,274,351,386,455,498,580,603,644,775,790,82,93,118,16,120,370,411,383,792,303,215,269,374,37,546,652,730,795,382,812,104,469,470,561,595,624,772,804,
806,136,62,306,476,543,703,113,214,551,662,37,746,727,422,513,567,615,50,
813,328,671,271,610,620,753,341,460,593,726,806,118,197,295,541,568,603,684,804,809,
482,262,533,173,453,742,45,84,239,248,298,361,462,467,702,725,729,749,421,748,104,149,408,457,226,290,444,150,625,751,803,160,163,140,379,454,525,683,3,757,354,530,683,
354,777,437,179,371,396,439,479,510,176,322,550,623,656,8,286,375,541,801,687,
671,149,3,64,185,415,813,258,44,280,294,315,556,204,279,498,726,99,445,533,659,676,763,101,150,353,387,479,665,
162,488,806,50,52,216,192,43,88,114,22,351,370,458,502,605,615,691,594,707,
629,67,484,332,500,508,537,663,11,15,345,367,490,
498,611,617,36,53,137,201,207,202,338,343,491,607,152,788,815,493,26,694,187,109,223,229,329,529,546,677,782,815,275,620,793,59,164,176,647,785,
191,806,
33,122,390,561,
449,274,476,
690,434,
371,
755,450,
714,310,666,
393,221,586,757,
43,390,445,
593,813,48,
367,629,
718,561,379,564,
813,806,
63,593,403,
615,573,162,
300,310,757,
447,
576,760,562,
12,562,777,
274,403,561,
661,516,408,
16,434,370,
90,803,573,
159,48,273,
265,114,445,
104,760,
280,586,
402,435,803,
91,441,117,
603,813,133,
563,122,516,
430,476,
532,706,450,
275,434,
575,29,773,
87,450,18,
28,4,344,
50,488,706,806,
304,666,
384,437,784,
