78,42,170,250,362,449,513,430,515,
80,274,391,29,109,111,117,163,57,305,429,
124,263,490,45,217,281,12,104,120,479,156,406,519,
406,359,255,63,385,
452,86,322,
322,425,93,193,73,258,256,122,138,155,223,240,340,445,369,452,183,280,475,536,154,99,509,112,114,199,272,96,349,418,193,198,385,294,19,414,256,502,181,
88,194,129,216,457,243,173,196,418,386,482,496,
491,4,182,72,66,498,174,422,512,186,397,434,
92,17,450,146,305,468,40,40,356,29,363,487,29,478,362,276,323,409,390,513,54,16,223,80,535,475,74,485,275,434,491,
426,218,182,539,115,204,303,327,127,381,221,516,
230,176,544,300,377,283,12,26,14,445,92,264,325,50,114,41,260,442,108,65,115,499,33,183,231,250,56,251,430,86,12,144,165,202,218,154,305,321,487,488,156,191,484,
375,290,302,65,
503,240,75,76,79,457,
240,415,173,2,338,507,16,44,199,227,274,317,49,93,397,443,101,535,4,42,217,150,413,432,158,236,248,304,440,503,314,356,386,192,393,39,435,
268,263,285,310,82,412,
515,868,915,130,35,223,57,457,3,67,139,443,479,526,11,371,353,64,475,496,458,70,350,517,75,263,299,166,172,174,166,293,
259,56,3,51,139,457,343,308,331,511,31,480,109,200,293,179,20,295,307,244,501,495,
159,278,4,121,438,79,534,522,296,474,548,
309,182,28,327,291,114,41,537,504,28,461,409,509,511,
255,251,110,205,259,193,251,272,452,30,249,83,397,107,59,460,19,208,406,407,70,421,331,426,434,473,484,493,299,334,27,207,321,423,213,487,
129,337,294,217,186,229,477,233,115,4,177,61,212,403,40,87,75,349,351,
181,382,322,
68,391,
482,544,293,334,100,526,177,181,224,225,234,319,
325,366,37,244,320,194,
152,337,370,146,41,145,12,211,347,408,4,186,297,538,
32,370,235,
370,297,137,37,188,321,338,266,118,476,193,486,192,1,89,390,85,385,104,150,355,152,229,338,249,353,445,270,22,300,370,246,536,237,549,48,403,106,268,109,32,396,445,494,498,432,386,509,
15,449,
315,337,
49,723,239,28,459,207,214,426,466,322,347,419,
38,480,370,13,461,483,30,73,186,361,406,446,540,47,356,366,453,17,141,382,478,367,203,253,263,288,397,81,148,387,
530,112,485,296,26,95,199,261,401,460,101,314,412,486,508,
150,370,359,101,311,330,542,145,14,121,24,353,99,163,247,453,525,66,453,306,314,401,428,172,277,315,258,51,434,459,
450,92,139,182,
158,4,
482,
12,152,
353,4,425,76,232,426,478,166,452,
270,370,429,109,119,122,11,341,386,139,243,81,194,230,379,412,467,6,542,
362,210,425,125,263,399,420,148,412,56,234,507,142,177,
531,381,184,512,81,492,183,204,194,227,522,
141,208,330,368,332,511,127,229,205,66,88,413,88,324,452,191,388,451,231,415,11,153,325,362,451,456,535,360,178,387,108,271,325,240,342,9,295,381,68,500,176,223,289,408,
430,230,
218,64,279,510,55,263,409,
182,104,289,43,53,309,445,4,67,183,294,361,426,314,36,312,477,538,491,177,219,270,422,218,540,53,344,143,
422,182,43,127,311,338,406,469,496,231,
261,274,269,166,223,262,266,290,274,346,523,159,182,223,408,381,55,459,319,332,349,
283,12,230,54,162,394,515,
248,485,423,72,155,430,
289,251,119,164,41,160,9,237,431,99,35,182,256,259,18,287,244,382,59,214,8,172,194,484,20,102,129,110,123,241,412,193,206,276,467,42,151,223,89,315,65,263,313,549,159,205,213,
133,4,34,77,107,79,318,106,319,159,420,429,515,
304,170,408,431,372,103,175,173,142,152,256,53,347,236,463,82,263,292,357,404,430,349,194,325,9,147,544,345,416,450,415,505,134,432,439,444,494,202,355,389,140,
504,115,309,
507,544,113,59,76,420,165,503,3,35,153,273,75,139,
115,425,38,181,384,383,234,537,227,337,331,399,504,217,270,406,163,468,202,209,
231,233,425,132,296,519,
22,356,
223,322,17,53,332,23,140,141,36,200,200,9,394,412,425,301,141,408,438,510,422,409,466,494,276,
110,467,391,126,337,343,
256,304,474,133,64,122,481,377,396,13,142,362,48,402,322,272,311,499,513,
294,483,238,73,489,220,366,143,158,180,228,340,386,306,46,265,129,115,220,244,248,262,309,328,6,487,256,252,36,376,478,413,4,306,80,95,103,139,228,288,339,354,364,42,109,92,115,31,129,414,449,100,253,372,467,230,302,351,423,439,
166,172,404,525,410,468,156,243,283,273,143,408,154,281,135,477,22,235,240,282,360,392,508,
423,382,233,167,222,455,270,345,400,487,125,206,47,312,325,108,248,475,100,138,292,15,190,198,508,407,160,516,544,534,
306,409,57,128,153,457,413,479,37,80,326,383,480,23,346,384,129,
205,425,46,517,542,43,172,358,435,537,198,285,
48,301,139,98,457,467,91,21,44,474,236,386,271,522,327,385,60,514,108,485,
183,531,453,6,64,127,151,261,487,475,
276,4,232,518,415,286,12,223,316,321,397,435,
179,544,36,44,251,268,373,380,
263,231,337,15,124,268,495,242,81,176,322,445,284,
18,80,394,399,406,492,424,39,502,254,266,365,366,178,243,252,412,381,354,246,298,313,430,527,84,23,221,302,321,
129,88,289,229,525,542,
4,544,33,142,346,24,319,54,23,276,380,46,498,130,138,491,412,60,52,133,149,159,163,166,109,487,158,455,141,252,353,371,406,246,247,289,41,315,460,156,370,446,145,424,135,
449,37,162,206,15,440,140,305,409,416,481,544,273,336,407,347,
915,301,386,192,5,41,77,181,213,218,482,495,496,515,153,466,107,391,283,247,366,349,36,202,344,31,215,335,342,542,104,228,383,471,387,
294,70,182,183,245,511,115,240,537,144,393,402,60,392,
158,100,84,525,211,354,146,522,202,234,539,80,208,399,78,317,375,390,502,243,289,79,432,380,63,292,210,278,420,505,
14,230,73,301,
445,358,322,23,302,22,243,545,
57,515,306,191,
214,289,172,110,277,511,539,237,
137,370,64,125,129,
348,83,467,537,418,460,
281,237,233,419,444,
256,112,156,54,391,446,505,
515,450,391,44,190,12,162,90,216,220,88,189,255,520,
313,289,
171,17,112,2,260,473,139,166,176,531,170,272,
32,235,
298,56,251,116,406,478,517,
292,70,
366,544,915,7,457,166,186,315,325,481,87,201,247,373,538,256,360,87,140,44,
723,280,391,509,29,204,258,454,470,76,219,231,423,407,92,328,467,105,49,156,143,22,346,416,396,507,26,364,49,487,312,242,133,66,3,488,127,156,349,522,63,472,337,463,69,52,54,348,19,509,
325,423,141,89,106,153,159,3,287,328,419,430,170,204,360,451,408,422,138,251,253,261,311,486,
9,337,24,280,517,113,150,17,24,211,393,
125,48,423,382,
409,194,522,291,104,162,431,306,478,322,22,504,161,435,444,273,306,406,73,310,207,169,276,102,429,483,68,125,284,9,292,518,
235,544,60,32,166,32,26,409,145,250,256,342,431,68,
77,175,915,274,109,178,197,312,419,376,32,227,24,453,463,520,361,303,130,211,108,158,116,263,437,502,218,231,
304,391,518,338,291,468,15,193,320,212,250,275,170,396,214,218,176,199,516,509,528,422,472,263,492,57,99,172,332,258,401,469,531,
391,723,54,81,529,171,241,247,293,304,342,487,515,533,915,75,444,337,105,230,178,244,61,456,33,61,260,262,441,525,171,209,22,210,110,409,465,80,148,65,375,60,116,131,30,361,68,485,539,447,93,103,498,85,142,204,285,
356,176,425,221,301,423,22,95,356,470,485,15,510,68,383,489,506,
77,133,382,85,108,179,460,534,227,343,432,
176,14,165,227,447,432,88,145,108,379,544,23,541,230,174,307,380,21,356,259,543,151,337,66,76,186,39,399,356,541,135,422,206,231,430,473,522,337,84,215,101,78,318,
86,112,8,22,50,324,326,494,516,287,298,534,224,229,452,481,220,339,415,230,
177,324,115,301,215,324,432,138,524,322,15,139,95,118,302,372,257,305,411,463,491,
485,69,778,165,317,382,416,23,416,118,83,468,373,339,535,256,349,439,530,248,263,475,317,375,488,410,450,473,145,265,
778,268,76,485,125,233,30,500,388,424,239,48,73,42,544,306,549,478,250,502,490,543,4,24,12,183,303,81,353,297,412,170,434,23,282,548,
337,469,20,202,212,87,94,530,276,245,91,129,297,315,152,204,71,107,174,290,362,396,400,263,261,507,9,114,520,312,401,529,535,235,513,
110,289,255,258,267,214,85,106,335,145,
106,370,
52,4,
251,255,14,120,217,225,327,352,511,
510,58,223,97,232,
133,494,70,471,21,260,38,251,412,324,
9,289,179,344,31,182,532,230,339,206,238,66,509,
339,519,294,90,262,253,
286,155,144,319,416,39,140,371,502,536,75,65,140,377,409,237,301,503,5,96,102,229,495,537,287,333,549,
534,159,86,46,518,58,314,
478,409,778,92,89,515,156,182,74,486,541,272,385,371,499,
31,9,294,
425,544,270,25,70,24,216,223,282,322,198,111,249,115,362,339,231,318,338,387,400,515,532,56,360,488,148,239,356,353,349,44,24,482,16,205,249,409,103,24,11,296,259,488,158,545,391,443,495,
112,253,172,51,86,2,171,41,152,256,359,197,530,162,384,524,51,109,203,262,463,301,
56,259,425,298,207,136,138,21,377,473,488,327,297,305,448,237,349,517,173,27,217,221,538,
270,182,69,209,482,
100,39,129,198,241,293,431,456,378,414,469,382,233,142,158,71,58,263,202,477,446,268,487,294,505,
400,337,425,335,275,
233,95,778,179,40,231,28,189,247,260,281,423,134,6,15,268,0,232,247,305,388,387,35,245,351,33,342,498,87,223,295,400,425,283,73,291,324,442,485,176,235,437,441,388,511,26,28,169,314,354,
22,370,292,484,
519,226,868,200,28,36,141,339,534,160,536,2,204,381,540,458,535,455,
290,515,337,131,375,56,544,113,344,
359,34,144,91,467,261,290,334,405,188,86,537,193,5,124,150,224,152,173,197,276,441,274,293,474,61,123,154,206,225,26,363,332,401,278,444,281,406,315,107,147,461,27,52,230,463,39,97,127,
532,425,218,67,7,321,388,449,503,305,307,482,513,326,
479,448,
510,218,356,
382,485,136,299,219,427,415,475,245,158,77,72,471,181,276,245,432,6,191,132,234,453,
422,223,491,109,138,380,440,
252,4,18,6,182,367,412,501,526,158,202,210,
349,304,485,223,
544,99,778,154,290,422,225,179,203,31,308,167,451,482,176,295,301,40,401,548,28,180,199,226,222,290,227,241,312,359,466,518,69,198,48,182,243,445,205,276,487,
235,233,311,337,507,526,446,65,259,474,483,
73,38,518,74,169,267,240,395,336,372,434,28,405,530,549,126,
399,18,299,206,219,430,283,395,455,522,104,31,380,348,549,
544,211,473,334,482,70,71,387,229,230,40,4,425,339,481,18,293,514,297,166,229,366,200,507,163,79,192,221,246,28,545,456,516,401,518,235,239,284,148,474,374,549,
47,38,263,
138,322,4,
488,56,485,
467,53,723,65,277,475,110,241,304,46,303,344,294,78,137,182,264,447,
229,95,129,326,13,274,131,418,248,309,481,3,127,541,205,257,382,473,475,
92,230,120,471,473,320,125,233,408,432,448,24,390,
381,107,340,252,22,539,0,55,69,27,14,17,493,545,448,531,485,179,241,300,320,143,324,205,276,356,
70,544,292,168,133,64,10,176,294,253,59,232,199,535,434,505,424,140,157,183,193,164,427,433,462,419,61,221,356,410,504,164,236,367,307,347,356,444,451,452,231,
178,77,18,327,378,41,82,84,205,443,184,75,231,391,
184,9,367,237,55,236,395,258,200,421,455,317,69,518,531,81,517,214,208,227,339,385,512,
244,391,57,173,225,424,211,326,359,
535,70,485,414,92,112,165,82,376,545,153,533,220,173,333,
448,381,284,483,22,250,519,15,119,440,479,35,135,217,317,394,505,
156,723,166,63,335,434,148,438,82,310,67,533,101,34,469,537,465,483,
91,359,337,48,
218,915,266,273,275,532,119,1,283,238,366,413,426,299,318,13,35,374,183,418,424,516,28,69,112,114,206,162,20,532,349,77,24,42,305,
141,104,223,349,360,447,
26,235,530,
395,73,399,
162,112,
183,230,294,
210,362,272,
403,237,67,123,354,
206,218,176,
221,356,18,
206,9,
24,9,425,
238,9,294,
194,88,
503,286,
451,544,
469,304,156,
141,38,
258,184,
412,4,289,
438,156,223,208,
114,337,309,
467,289,48,
522,723,399,
537,348,286,
102,286,409,
81,531,184,
67,532,
471,397,
35,507,
541,478,229,
474,159,235,
132,231,382,
135,448,166,4,
296,425,231,
486,478,
53,467,304,
46,534,4,
113,9,
460,530,
3,507,723,
217,124,
502,286,
482,270,
367,38,70,
227,544,184,
108,141,77,
144,294,230,
69,544,
220,294,515,
487,230,183,
460,77,348,
539,381,391,426,
337,176,
408,223,261,
452,141,70,
53,182,223,228,
444,304,70,
505,256,
354,158,
210,158,252,
516,86,426,
278,159,158,
312,544,337,
300,381,370,
223,233,289,
243,18,
38,133,115,
57,244,80,
251,133,298,
418,348,322,
118,177,
152,112,234,
458,519,515,
228,294,915,53,
380,399,158,
179,9,233,
401,530,304,
507,723,
158,382,240,
127,723,
67,403,156,
232,510,
452,353,
155,248,378,
440,422,
97,359,510,
109,422,112,
483,235,156,
410,485,
260,133,
230,359,294,
509,723,370,
182,9,544,
176,171,263,
234,362,
319,133,261,
466,49,223,
363,191,
434,156,150,
35,515,448,
174,515,491,
507,337,
43,
310,409,
46,205,467,
448,92,56,
512,531,491,
281,166,124,
518,73,544,
319,4,
446,256,4,235,
429,270,133,
297,337,152,
359,244,
420,133,158,
397,491,276,
509,9,309,
505,448,158,
412,268,530,
87,129,366,
518,276,304,
131,391,
426,49,353,
482,532,88,
494,223,
12,230,124,
217,115,448,
409,218,309,223,
243,544,88,
488,230,425,
284,448,544,263,
96,286,322,
204,337,531,
366,38,
45,124,
451,70,325,
461,359,309,
36,52,223,
82,156,178,
289,141,
186,152,491,
156,124,230,
457,88,503,
24,9,92,
343,77,110,
68,235,141,
36,294,179,
145,110,485,
548,159,778,
100,482,423,
310,156,
360,141,
18,289,
537,309,205,
26,233,359,
127,422,183,
314,530,
477,182,166,
54,256,723,
48,370,125,
317,184,448,
90,339,515,
79,133,159,
351,129,294,
445,544,263,
294,322,
29,723,
511,233,214,
17,9,171,
194,325,
517,298,184,
76,503,
515,133,283,
305,532,177,
492,531,304,
382,423,
483,448,409,513,
181,
295,141,259,131,
381,426,141,
518,534,409,
34,156,
423,294,255,
256,289,
106,133,110,
6,183,270,
468,115,
305,218,230,
43,422,205,
386,88,370,
89,
223,92,261,
475,382,322,485,
116,298,77,
7,366,532,
263,38,218,
79,158,
145,235,
284,409,
349,322,723,
352,
44,366,179,
170,171,
142,362,
486,325,530,
296,530,159,
508,530,166,
158,425,252,
244,259,325,
453,183,382,
58,510,534,
176,304,141,
444,281,
189,515,
354,233,18,
391,178,425,
221,56,426,
235,166,
393,9,
140,366,304,
154,322,230,
487,255,544,
380,422,179,
182,467,450,
224,482,86,
406,124,298,
432,77,304,
197,112,
306,294,
519,124,231,
69,270,723,
4,129,152,
408,141,92,
549,544,399,
205,289,544,
314,233,534,
143,182,
213,289,255,
127,426,359,
163,115,
435,240,276,
282,778,166,
344,182,290,
138,325,422,
29,80,
495,425,259,
231,77,422,
447,391,
517,56,
237,184,56,
332,261,223,
205,381,229,
78,467,176,
500,141,778,
321,255,230,
148,38,156,
270,425,115,
24,218,425,
348,399,723,
177,129,
143,166,381,
299,255,
412,362,778,
467,
41,152,309,
384,115,306,
239,778,
467,270,348,
263,77,515,
251,325,179,
146,158,
525,129,
39,359,240,
385,184,406,
299,218,399,
113,507,290,
337,110,
475,229,183,
326,244,532,
499,256,478,
166,515,353,
139,270,
207,409,56,
214,49,
262,339,112,
349,129,56,
286,276,
302,294,375,
478,298,353,
