112,291,442,159,312,543,
190,303,230,74,120,
218,334,373,508,543,17,46,369,
62,89,533,193,351,124,496,436,140,109,257,89,366,149,265,399,457,327,350,210,248,430,76,253,290,345,248,154,349,44,159,285,399,333,281,193,414,464,367,364,433,135,235,334,505,
364,115,458,63,260,422,173,
158,391,514,307,369,321,385,487,
119,208,355,355,320,373,19,305,418,256,204,432,255,253,272,372,427,519,176,29,541,184,421,477,511,126,419,522,203,
264,69,300,435,468,169,495,538,289,39,397,
129,504,342,88,462,506,542,110,140,332,126,201,220,
320,209,280,90,132,373,396,398,402,470,472,
102,285,353,361,394,466,337,470,64,132,473,
302,337,259,285,110,204,125,218,275,160,165,522,88,58,158,463,491,
297,404,13,
283,484,154,337,
136,501,74,280,196,337,168,522,15,47,66,160,445,545,450,294,78,259,391,260,403,416,161,200,265,363,432,480,167,303,
442,143,513,145,62,194,76,272,455,406,172,488,17,466,125,232,112,122,324,362,342,520,
278,420,410,89,127,167,402,429,194,
301,61,472,274,76,26,341,35,464,239,
284,187,474,253,449,479,
214,549,372,331,126,216,397,261,282,
118,238,331,
28,3,79,132,117,298,345,545,133,473,276,428,443,
456,2,422,105,321,
199,244,129,138,102,352,456,121,376,135,317,234,366,461,
128,435,407,
390,514,285,491,548,
121,172,415,171,528,99,282,236,514,221,300,501,179,139,410,41,253,171,294,85,168,539,400,191,370,358,54,178,433,472,385,443,76,244,344,90,378,76,149,156,377,184,
420,192,119,104,246,326,138,288,181,382,419,131,85,195,247,398,66,422,406,457,477,278,418,424,8,240,341,368,410,79,307,452,543,296,
288,395,429,
410,187,230,420,23,420,26,260,422,21,84,263,93,302,332,139,505,318,22,303,241,150,278,395,254,
120,267,88,481,68,104,253,419,398,157,53,290,53,7,127,204,441,480,475,482,240,536,
13,496,200,40,313,465,86,233,61,219,549,108,535,63,223,487,540,330,307,509,327,522,182,228,549,297,327,330,
423,60,447,187,458,477,
360,217,333,279,234,41,419,172,494,108,336,
420,219,124,410,16,473,496,45,66,101,261,150,207,356,472,489,456,162,530,416,530,137,19,57,76,78,115,149,177,318,272,274,
231,224,60,248,151,184,282,392,534,274,243,488,369,
79,143,236,351,531,362,180,401,226,253,413,507,219,272,243,28,93,420,507,412,152,
21,55,72,86,306,506,291,415,473,205,422,283,446,469,524,151,43,410,
403,424,6,140,138,339,171,271,147,430,75,167,303,391,533,109,440,536,315,249,218,79,486,333,114,3,67,434,490,
375,365,326,111,148,248,44,69,213,396,63,
136,277,7,309,378,538,549,164,450,66,458,
337,74,544,318,170,148,515,136,348,139,8,251,223,129,302,45,65,142,271,345,399,531,80,156,30,525,115,485,92,133,154,190,231,282,90,
194,60,147,74,519,
317,426,113,148,292,266,400,532,133,441,439,
483,242,337,0,278,
130,528,513,462,374,391,539,159,400,125,496,503,232,314,
522,13,267,362,410,
81,133,275,142,152,343,366,466,
244,437,361,359,48,294,355,157,355,121,193,535,392,435,
234,486,513,544,43,431,484,199,23,375,350,340,494,429,118,352,375,522,90,539,28,
492,296,128,90,367,9,399,262,509,
240,142,120,420,50,451,505,
474,142,315,284,262,465,516,379,71,179,
271,404,188,
235,245,63,
399,85,62,229,260,235,483,87,128,388,351,129,206,328,143,537,250,313,381,519,379,
93,399,469,87,357,165,338,515,242,161,226,277,509,165,396,289,
147,128,283,536,
3,504,10,273,15,363,165,87,116,222,492,136,196,43,187,249,150,349,360,378,96,95,118,195,87,131,143,56,319,444,71,331,495,187,373,342,485,546,86,
145,144,236,325,249,273,497,525,369,3,331,156,191,294,344,161,453,412,9,36,123,160,511,15,101,351,358,101,150,439,549,
549,342,108,161,375,394,217,362,394,460,194,480,256,362,129,186,295,503,222,502,
246,490,437,67,301,280,
454,102,7,43,280,449,311,545,
101,104,38,
10,472,0,74,204,291,151,535,101,190,528,179,547,64,85,303,8,279,382,549,278,
365,24,88,25,426,27,177,193,288,101,302,522,482,141,145,357,94,374,7,76,108,111,281,475,425,441,235,460,395,178,171,206,497,78,467,473,349,491,78,10,393,368,111,128,269,375,487,353,153,331,528,1,184,243,
549,15,55,451,353,364,205,520,9,207,315,346,300,191,13,145,214,451,219,351,
326,362,243,93,375,139,37,46,392,84,161,227,340,
404,435,211,92,520,167,424,457,120,265,150,402,
457,404,420,186,116,320,429,525,152,447,
504,129,137,292,417,315,231,154,118,106,486,183,341,250,347,389,420,
484,130,234,549,416,436,
184,483,483,58,369,508,
2,494,19,320,456,479,411,18,126,222,
15,492,256,239,204,330,184,289,446,57,230,452,13,220,435,318,2,90,464,431,509,137,448,462,
243,227,92,232,536,
121,153,184,384,429,115,384,371,506,105,173,137,523,
238,117,462,77,111,118,9,542,490,509,
186,394,241,24,188,245,60,421,197,229,265,415,394,490,143,388,430,88,33,187,315,436,337,459,73,100,311,532,548,201,397,334,410,71,368,
63,330,227,95,235,509,385,375,
524,351,245,
236,121,99,79,437,217,294,149,434,44,287,171,234,158,434,444,548,317,477,
450,64,454,
280,69,60,320,396,397,433,131,265,14,205,188,308,339,449,110,
490,246,463,
147,175,341,194,247,239,194,14,
456,172,474,467,475,7,4,273,322,303,466,113,536,297,60,247,459,261,133,242,28,381,507,
251,286,421,9,16,118,275,351,19,50,429,15,295,464,101,399,194,357,287,437,75,319,
525,457,370,
170,227,60,0,113,475,202,347,
524,60,
132,526,28,
297,456,126,365,387,137,473,149,319,475,477,69,412,
137,69,435,246,246,287,478,45,289,344,408,509,37,370,456,480,
10,109,21,248,122,248,145,297,327,508,184,6,202,383,542,213,442,373,410,423,422,94,79,250,20,30,114,156,314,220,244,255,489,444,540,366,
3,324,69,337,7,219,267,310,387,494,
253,120,119,175,281,24,536,331,136,63,31,57,22,159,355,96,388,284,294,306,309,161,
298,182,
524,21,38,26,72,425,
285,18,514,66,102,298,344,35,361,46,277,25,65,443,125,
104,101,178,184,404,213,162,358,
303,410,364,72,441,232,345,236,306,134,292,500,519,190,341,382,97,197,247,514,
237,126,278,267,101,229,238,457,281,494,192,163,494,497,120,183,190,291,500,43,212,239,245,218,171,392,
396,280,310,479,130,356,410,435,
342,229,239,472,299,363,48,437,529,549,39,291,322,541,168,391,289,225,337,149,281,469,511,231,336,335,89,301,451,182,533,114,277,
235,371,175,466,295,282,349,366,459,109,378,193,
184,293,15,522,313,82,148,458,317,121,149,185,360,216,185,204,255,
101,145,10,285,124,475,184,
65,405,260,152,218,119,269,186,486,234,46,317,95,459,44,316,292,499,281,496,536,31,91,337,387,444,199,
395,484,24,531,8,433,436,134,460,45,546,27,95,129,538,288,60,508,84,529,47,404,276,138,345,473,63,154,331,148,255,159,240,21,30,
141,234,189,271,538,325,332,384,372,71,17,392,313,514,17,274,265,30,158,
371,41,19,482,235,508,319,88,121,58,74,102,159,413,
0,321,167,327,373,218,92,441,298,318,10,39,231,337,536,528,490,171,318,285,483,18,129,357,367,143,318,37,88,145,
19,461,3,125,547,460,281,416,371,52,208,521,420,489,286,164,35,127,2,121,515,537,230,139,422,80,115,519,379,468,152,329,
201,16,429,180,260,403,
335,342,258,129,366,161,194,192,329,481,409,
71,1,271,219,338,311,542,202,162,366,102,100,166,371,279,121,302,413,546,10,416,521,291,497,256,271,186,181,493,
281,342,153,253,91,422,512,281,
549,175,417,82,342,522,201,85,404,124,481,191,116,127,483,302,
362,388,114,337,118,362,538,36,105,174,
208,24,156,268,532,114,
99,96,365,401,354,357,497,172,241,46,62,194,230,257,337,180,496,140,236,24,167,138,482,3,413,136,100,435,270,49,40,209,539,67,97,165,192,467,174,255,95,446,455,2,96,406,135,342,540,
526,8,422,435,142,513,296,132,395,362,105,465,205,278,
305,239,85,181,343,
513,442,36,130,234,251,440,461,309,423,278,131,146,65,268,510,433,319,299,
274,465,315,490,498,301,339,193,480,177,89,368,479,262,9,
278,154,123,526,483,
154,216,196,123,51,71,121,67,454,6,163,65,100,478,215,172,278,430,272,283,335,343,356,387,446,302,334,472,491,
111,238,324,
272,442,459,181,340,262,21,122,254,154,261,545,185,200,306,128,390,297,341,403,
404,395,240,65,271,1,285,342,202,297,339,396,267,533,
326,44,118,229,384,313,54,149,12,125,128,427,477,
486,8,168,159,47,156,535,340,456,541,316,278,373,315,187,102,45,403,360,249,327,500,218,252,413,
134,95,511,46,67,511,198,446,460,473,246,128,283,109,286,379,185,282,432,168,302,98,311,328,372,456,60,216,468,498,55,90,274,532,363,265,218,
16,181,196,67,179,251,515,6,234,296,456,337,1,24,383,19,342,347,201,503,338,327,462,332,487,
115,153,242,537,22,131,364,103,279,156,83,218,421,
182,170,227,23,298,523,16,421,453,
324,310,196,127,236,422,513,29,416,472,111,422,188,192,11,104,127,156,168,3,13,309,111,201,440,200,340,
545,81,95,174,48,224,504,376,247,202,411,99,373,20,299,424,40,445,530,302,361,541,173,266,485,114,275,48,61,113,299,
525,337,
496,157,302,36,462,150,506,131,149,346,483,160,107,112,274,270,13,36,139,524,416,143,443,397,544,257,340,362,415,121,174,221,382,147,228,365,240,42,24,152,259,341,497,489,477,52,300,
84,381,43,180,17,74,131,472,337,55,411,115,502,32,267,275,505,450,233,275,26,279,35,115,28,480,379,495,
309,498,253,
258,88,335,240,469,300,451,
384,326,83,83,371,
332,217,408,272,364,335,
407,148,128,242,477,507,303,10,405,492,542,251,299,165,
331,194,253,113,214,118,210,363,210,
540,194,483,83,71,444,102,515,491,
156,69,318,65,208,415,54,232,150,401,335,38,111,213,342,203,313,
180,187,295,400,358,436,
435,264,356,137,339,256,187,159,404,104,359,293,15,228,366,49,506,143,146,301,526,488,463,170,128,139,461,227,295,433,477,
514,545,175,390,285,92,158,15,409,344,515,147,262,297,
168,186,155,89,396,512,49,73,87,354,34,79,37,298,168,461,238,485,258,108,136,75,486,253,392,526,95,446,214,414,203,8,300,518,330,535,334,230,54,356,19,298,498,497,86,549,43,40,324,121,267,163,316,475,
194,442,362,93,457,184,331,413,465,450,540,48,290,433,43,262,267,66,
413,382,276,261,412,24,212,40,163,204,390,435,506,314,131,340,222,45,499,187,196,152,200,
456,273,199,373,
278,220,237,463,18,108,109,
458,184,402,338,437,522,166,500,
342,118,549,191,70,323,129,432,549,220,274,397,98,233,411,195,262,140,188,274,
388,186,268,399,454,49,83,414,165,33,362,253,430,528,116,161,400,520,
315,403,274,221,301,203,471,208,65,
43,370,168,237,26,454,274,313,484,502,191,
9,274,231,64,163,518,235,
315,186,310,0,337,474,287,215,250,252,523,73,151,268,
121,11,131,143,308,483,234,417,441,496,37,491,
245,368,75,413,235,310,524,35,
212,35,59,108,48,507,403,316,449,199,486,495,19,303,385,334,547,
139,326,500,442,470,50,75,233,533,131,
290,187,194,
435,366,202,407,483,511,4,204,230,
76,301,
378,494,
80,14,184,216,375,406,526,231,261,492,154,
138,395,154,257,465,528,158,142,276,523,
429,251,121,209,215,260,484,184,31,278,
138,403,199,316,328,177,370,310,92,104,155,106,348,371,
399,93,337,492,22,175,179,201,448,549,165,256,366,416,
353,549,237,28,381,102,263,422,171,246,
498,116,102,5,271,172,255,161,482,362,416,206,268,539,309,152,162,
131,326,413,116,145,45,413,486,401,139,
536,403,253,50,250,249,389,303,38,474,155,295,147,
536,65,
431,234,
142,390,475,133,474,240,138,291,302,526,414,504,106,521,319,
187,284,435,192,24,51,410,140,303,416,342,400,58,152,160,451,9,290,500,80,93,180,183,42,423,
528,4,267,130,118,166,61,482,201,259,400,0,267,448,338,520,313,193,533,224,18,
8,472,10,
242,196,124,530,68,20,236,299,262,345,360,306,155,432,509,196,115,274,40,104,483,79,98,345,174,272,446,24,335,203,469,
118,274,537,134,39,1,313,80,219,505,146,489,187,326,161,539,282,514,63,466,
35,109,285,522,19,376,231,121,526,173,335,
484,429,283,
483,549,435,
227,509,179,434,165,76,62,264,395,371,170,119,182,13,177,217,191,372,63,166,215,383,400,
25,229,153,
408,55,300,429,427,442,518,332,539,137,267,
370,138,192,238,479,
60,260,104,170,305,280,448,423,350,530,
459,244,424,177,11,99,13,137,114,272,51,129,357,1,421,358,362,395,529,256,324,186,364,376,458,519,124,
217,360,227,262,488,89,147,332,64,170,
108,212,370,56,372,381,113,479,76,484,24,246,294,14,360,
60,456,148,92,194,334,347,540,377,417,540,
479,2,396,482,
334,179,319,386,176,116,477,518,337,218,16,411,517,4,
38,170,267,240,252,176,524,37,265,32,211,126,
358,147,145,545,5,219,356,105,314,
526,35,80,
486,234,323,219,28,357,33,136,234,221,37,350,212,
48,212,244,94,95,4,286,469,190,270,192,75,35,245,
463,141,475,176,392,490,278,343,541,
3,278,33,228,93,493,322,109,524,73,337,524,61,303,304,41,158,299,508,482,80,274,9,2,94,203,456,97,135,440,503,224,320,537,50,429,266,332,64,362,325,359,390,125,224,228,430,286,99,369,456,424,135,266,116,247,531,172,526,536,328,469,58,171,28,501,349,199,
511,123,145,337,24,98,
102,454,200,259,498,107,161,257,455,486,548,199,158,76,166,398,161,433,460,507,57,191,310,539,486,118,383,547,87,91,
372,12,227,214,23,87,93,305,311,333,363,396,516,543,
490,55,186,18,81,59,208,172,445,222,91,113,5,71,288,543,142,249,311,517,14,267,483,319,120,464,439,106,7,13,279,54,406,450,93,136,463,
24,196,413,93,208,38,316,387,242,203,303,403,508,
172,201,216,457,153,357,221,398,40,194,121,179,279,312,313,282,133,447,311,428,72,525,390,298,186,73,150,435,473,513,307,459,14,157,202,423,424,
175,15,86,199,55,139,466,472,277,549,147,514,543,191,175,229,236,493,545,40,458,269,485,19,238,2,442,126,121,243,453,459,
507,407,79,377,
483,170,283,337,125,142,300,327,509,407,72,148,4,265,532,44,24,184,540,493,
472,54,175,368,165,367,542,301,526,10,451,221,454,8,31,104,386,363,482,
337,317,529,170,323,208,392,489,298,196,0,216,49,419,253,391,99,448,249,263,286,362,391,463,131,67,248,426,301,66,309,394,483,339,529,420,474,212,367,479,317,16,186,64,483,492,483,334,3,462,109,511,108,283,
246,137,14,154,136,8,432,
366,81,
367,472,249,459,117,126,349,133,168,302,31,442,362,125,
89,342,278,
465,138,474,187,526,
361,244,460,249,468,332,240,234,32,493,285,502,272,285,479,
313,118,162,183,263,451,462,387,528,93,153,283,259,63,385,
484,72,157,284,250,328,78,258,539,30,40,542,52,193,232,253,157,6,96,225,228,540,49,30,417,64,397,359,365,507,60,112,380,330,42,190,497,85,395,236,153,16,362,508,16,349,5,60,450,494,495,195,344,388,451,359,542,227,308,
310,0,473,193,220,65,315,112,471,268,398,522,222,277,413,163,15,81,407,472,138,389,410,120,143,282,283,499,
117,314,83,392,426,38,6,173,238,293,0,395,219,
451,539,313,247,509,
128,272,370,2,5,147,165,178,220,316,427,
475,101,297,
475,120,463,43,139,74,475,510,53,232,352,39,134,473,
234,159,361,56,178,427,236,249,435,175,200,309,540,
390,359,261,431,489,20,87,288,290,273,285,406,296,433,499,95,142,251,446,506,416,331,365,519,165,215,124,218,98,450,130,156,526,60,456,72,143,439,
336,360,
152,413,457,246,449,
60,437,231,327,176,37,102,524,290,145,
216,511,337,521,251,362,
14,235,534,123,454,75,346,62,214,283,171,319,347,490,529,37,174,531,80,99,539,226,426,382,404,220,34,131,388,108,52,48,518,
153,72,2,261,365,23,93,416,487,115,117,108,231,347,386,110,113,114,421,480,25,
517,279,528,411,506,463,222,219,
479,74,26,308,425,241,
422,158,410,149,52,315,372,530,281,71,176,231,10,88,418,526,247,353,352,281,22,183,21,431,432,361,456,58,483,
537,335,123,484,407,104,526,541,369,539,39,173,374,228,460,223,279,478,352,431,489,541,131,239,410,101,216,60,170,172,279,118,115,233,286,301,441,20,67,108,24,428,399,443,226,484,
184,458,413,300,1,425,443,121,521,210,357,80,222,393,267,222,114,311,295,
370,191,123,226,121,84,159,349,144,381,43,137,290,323,166,1,53,37,128,525,223,261,433,358,
437,413,351,109,92,7,408,166,235,271,60,363,171,405,285,449,124,227,246,454,179,298,456,90,273,372,458,400,416,492,373,234,290,4,532,
94,
38,101,325,422,56,85,368,259,166,494,453,459,466,
74,10,170,467,475,376,114,138,309,387,194,
109,35,403,337,362,515,
15,64,69,495,410,241,54,109,182,203,242,411,70,494,236,517,191,343,215,78,266,527,64,296,362,397,424,104,494,310,379,383,10,441,270,358,547,320,
283,84,134,541,233,368,441,48,427,87,441,175,59,337,533,147,156,213,303,265,135,256,331,127,154,307,370,
293,429,117,50,434,445,
362,79,131,188,431,205,326,397,499,522,396,422,419,286,481,45,526,
55,408,65,267,144,153,74,415,193,184,186,34,6,372,110,37,294,346,81,156,549,444,413,153,528,106,27,146,186,260,200,351,398,543,103,104,355,173,506,309,426,55,21,87,486,23,53,206,3,55,
458,437,173,428,364,191,52,
69,228,68,464,318,50,532,294,412,223,94,165,156,412,36,534,220,239,264,280,335,1,525,65,105,173,463,168,3,326,402,220,420,454,210,519,402,
511,91,185,281,197,36,496,81,167,4,497,150,455,232,268,130,207,416,173,531,517,119,475,487,474,245,306,364,287,296,
536,61,293,263,12,540,308,330,65,417,190,159,314,286,113,364,270,354,426,545,212,440,136,190,541,
148,483,407,479,250,391,549,184,2,242,210,6,425,429,
391,148,37,454,158,391,164,48,97,240,474,320,443,
267,120,38,110,220,332,120,528,237,90,71,394,291,499,505,527,363,414,339,358,184,522,79,392,403,126,271,190,67,83,179,278,356,
111,26,324,377,500,109,77,138,154,
202,71,10,66,492,198,419,506,83,263,91,435,474,404,465,492,147,
220,342,14,403,278,129,6,281,492,
494,88,188,496,2,515,463,423,169,380,546,390,96,273,383,395,533,257,301,344,355,73,169,362,128,166,522,122,273,10,403,416,472,151,106,427,257,189,258,38,45,378,543,211,282,512,459,
462,338,150,418,15,429,154,238,241,48,499,
83,202,117,540,87,440,454,384,452,71,226,230,419,463,62,
397,214,296,
0,170,315,
88,155,422,44,129,494,527,371,456,411,391,295,437,147,394,545,
308,397,121,385,548,91,272,353,19,327,445,
277,136,285,75,207,475,
39,517,0,457,388,94,382,547,238,455,256,
56,38,539,234,57,93,237,451,283,
170,163,14,542,354,513,57,169,10,337,15,51,364,80,524,545,364,178,357,76,531,392,432,38,371,201,122,123,232,198,366,423,182,74,512,301,353,478,337,388,463,172,
519,19,303,86,
249,536,
522,310,184,22,410,409,505,35,517,221,
429,3,293,504,201,350,361,421,172,288,481,7,173,403,91,93,177,
296,255,390,210,384,482,123,142,259,351,534,241,419,492,58,131,73,424,476,98,215,397,248,424,
123,50,0,530,121,511,177,189,257,278,460,250,
187,413,465,
148,375,395,
65,285,315,
319,297,513,251,
352,234,475,
118,234,362,
457,39,
413,245,184,
265,280,136,
110,68,346,
301,435,315,
26,111,410,
395,125,117,
157,495,
400,130,216,180,401,
400,317,227,
104,472,138,
543,420,218,
262,272,342,274,
152,81,19,
154,246,337,80,
504,142,
359,484,244,
265,283,404,141,
545,358,28,
512,494,281,
441,15,317,
275,81,545,410,180,
533,528,139,
150,462,172,
375,234,80,
131,115,280,79,
273,456,
433,280,513,
54,326,
410,522,396,
90,320,337,
491,390,302,154,540,
289,264,137,93,
410,310,186,275,
52,14,496,458,
2,128,
280,454,136,
446,154,
421,182,115,
63,364,253,
392,463,
37,391,38,
447,423,457,
234,437,121,
382,10,413,
179,474,399,
79,420,131,
439,145,
514,118,303,
389,536,
205,21,280,526,
76,121,442,
316,212,24,
389,310,504,231,
96,99,253,
129,549,0,
241,479,462,
148,317,
351,524,
341,420,303,285,
223,13,
470,139,320,
126,119,2,38,
191,549,
402,404,320,69,
495,84,155,
358,104,180,
113,331,153,
515,109,540,
67,403,267,
221,522,315,
159,371,112,
413,486,371,
436,180,484,
98,296,511,
387,65,154,
509,63,137,176,
165,128,93,407,
290,437,60,
279,10,
295,536,435,88,
466,38,81,
335,154,242,
368,245,274,186,
343,81,154,
239,305,301,
402,278,
319,142,334,
209,320,
448,399,
180,275,201,
149,121,
58,422,302,
492,220,80,
262,514,492,
513,526,
449,284,152,
83,267,384,
179,267,10,
154,283,111,
432,246,
240,391,404,
359,435,
188,271,342,
312,112,
533,404,342,
134,475,
373,456,320,
232,130,243,
261,80,214,
184,365,101,121,
147,88,514,202,
110,280,153,
108,337,278,
235,9,62,
128,492,326,
210,69,331,
88,0,120,
251,216,407,
523,121,138,
443,28,391,
292,317,504,
141,463,
125,367,130,
482,479,472,
473,102,475,
472,320,154,
7,3,136,
50,293,240,
76,121,108,
481,335,120,
24,511,99,
335,35,156,332,
86,519,3,
18,528,278,
307,283,
451,240,258,
170,217,
61,301,
1,365,370,
409,522,335,
519,69,194,
396,375,320,
176,119,509,
211,404,38,
314,130,358,
536,243,120,
227,243,326,
545,88,454,
300,258,496,
132,320,102,
3,403,145,
155,495,88,
105,362,526,
162,71,313,
191,43,458,
126,175,214,
