442,242,127,245,377,21,38,243,
487,350,374,410,291,352,547,403,185,323,241,260,500,208,243,449,95,474,512,537,147,225,38,229,420,439,300,514,
204,92,147,132,
275,145,249,
378,260,482,65,172,189,355,444,311,330,68,264,408,293,310,450,350,530,397,333,253,
366,365,229,453,207,32,346,153,82,124,223,287,523,544,323,256,270,398,508,544,285,311,115,481,132,396,476,
59,32,6,325,312,65,130,268,373,187,285,164,516,
196,21,219,160,372,208,283,410,26,
531,421,325,295,483,237,448,
420,373,410,70,384,496,45,66,113,261,266,
395,484,378,38,
479,365,178,16,46,288,15,5,42,152,372,302,372,86,289,167,155,68,181,350,347,285,163,436,12,383,408,61,172,22,1,384,174,473,314,193,486,294,344,349,490,514,287,
132,262,124,333,204,282,343,375,317,350,370,48,91,403,270,107,352,361,455,50,127,370,507,312,266,39,491,477,410,3,212,373,295,386,176,
384,420,237,398,189,442,
459,237,370,
202,176,81,256,126,198,263,375,549,45,
211,92,524,39,89,277,502,
344,446,521,99,5,261,27,300,314,547,135,218,61,448,304,399,150,121,487,296,407,28,94,404,463,9,155,486,469,
99,96,401,354,357,497,172,46,62,194,230,337,180,496,140,236,284,445,482,3,
243,487,62,142,19,148,227,474,501,173,21,181,
311,448,146,
482,277,230,79,285,229,335,137,163,45,210,271,24,86,378,280,399,444,182,249,341,
32,92,45,137,245,388,371,164,235,251,512,80,102,276,361,41,155,384,178,108,289,542,480,378,366,505,507,158,39,247,42,83,155,397,333,76,480,503,192,298,319,69,141,346,356,143,236,19,58,
69,228,68,167,318,50,532,294,412,
544,392,
15,63,295,464,12,138,225,376,326,130,548,134,60,274,304,73,319,531,320,275,506,288,449,465,104,178,290,354,156,545,
42,440,32,187,73,235,495,99,266,424,468,446,270,288,376,414,180,267,488,
227,538,223,302,93,0,356,
313,428,373,337,35,
365,24,88,25,426,27,177,193,288,293,302,522,482,141,145,357,94,374,7,76,108,111,55,475,425,441,235,460,
425,365,406,160,360,316,370,544,152,293,244,455,102,155,495,501,531,318,406,196,220,385,369,513,79,494,
89,218,11,133,62,150,326,259,273,383,319,132,404,
44,413,127,38,
422,290,277,
119,55,294,320,373,395,305,418,
246,78,5,57,375,398,172,227,121,285,185,402,138,146,140,158,179,310,395,168,195,
55,119,97,300,328,350,366,126,365,420,
111,261,90,288,447,19,109,11,34,315,
168,186,155,89,396,512,49,73,87,354,34,79,37,298,168,461,238,485,258,486,136,467,486,253,392,526,
302,345,227,
183,538,89,149,500,540,
416,119,168,325,280,450,57,458,389,508,239,472,489,
3,345,261,467,15,363,292,87,116,222,375,136,196,
398,344,221,323,448,136,491,76,281,250,381,384,54,28,66,445,482,
300,163,110,60,327,344,43,420,438,106,202,445,96,500,427,293,448,344,305,466,530,74,32,488,292,305,26,77,102,107,94,252,371,216,300,495,507,49,168,477,
278,150,317,277,438,507,329,410,78,460,533,
284,506,141,129,193,
127,118,295,177,507,378,52,51,37,422,522,201,159,405,5,241,440,105,30,241,442,485,161,360,490,389,491,4,262,277,
62,18,
433,107,150,362,501,167,258,260,421,447,
490,451,403,77,288,389,
524,380,385,3,160,545,363,123,144,375,429,36,
451,77,391,209,197,454,533,302,447,490,410,502,163,77,175,395,399,
389,74,134,409,27,380,202,101,165,519,127,500,15,87,176,369,410,490,
92,237,337,140,
478,98,505,77,267,
92,74,447,45,48,78,204,211,18,425,168,226,397,420,219,338,
263,3,303,371,37,167,340,480,530,
264,377,295,144,537,356,472,407,
340,480,128,61,239,284,
494,325,184,184,501,94,463,423,169,380,546,390,96,285,383,395,533,257,301,344,355,73,169,441,30,
397,92,464,
501,494,277,308,262,176,17,237,531,542,466,476,
464,297,260,397,369,450,484,540,
470,103,
349,153,28,262,124,478,275,213,38,350,13,413,131,340,349,10,
155,287,530,60,
96,14,358,195,230,8,323,391,294,307,77,
15,64,69,495,410,241,54,109,182,203,242,411,127,
17,501,504,175,543,
384,32,517,358,504,374,517,132,349,526,433,529,197,482,232,141,168,381,461,133,92,24,463,518,113,267,440,
409,202,524,389,104,186,364,448,467,145,84,14,368,506,359,440,265,156,545,
83,77,500,147,303,60,118,334,288,451,447,257,72,537,
303,263,55,508,549,400,410,447,257,509,350,481,514,61,81,286,520,440,
280,283,482,416,121,159,223,282,544,507,
79,23,105,500,124,361,367,402,514,334,250,65,291,109,125,389,548,192,151,528,293,414,457,462,92,204,326,390,351,478,172,
3,278,33,228,93,493,322,109,524,73,337,524,61,303,304,41,158,299,508,482,80,493,9,2,263,203,456,97,135,440,503,224,320,537,4,235,266,332,64,362,325,359,390,125,224,228,430,286,99,
477,132,491,300,
161,345,323,226,206,
530,378,263,
244,150,386,10,200,189,362,318,261,456,141,190,227,255,9,79,465,370,321,521,454,432,179,457,337,466,521,
103,163,97,397,470,510,
294,172,337,482,62,14,75,383,21,
90,143,261,1,79,93,16,111,418,278,153,227,400,366,367,520,
462,523,79,476,
294,62,293,368,196,119,420,512,267,424,66,298,263,376,391,293,12,180,130,216,
277,499,18,333,41,132,303,363,482,124,338,161,41,169,353,501,402,492,492,182,182,473,293,422,434,538,352,138,148,434,545,325,
521,451,352,289,311,161,280,28,79,169,342,184,425,233,134,536,258,377,487,442,444,344,89,542,91,419,306,365,231,360,431,110,174,350,485,331,227,
219,196,177,92,212,222,116,296,300,434,454,
54,130,519,22,238,217,327,316,481,179,548,80,96,194,423,425,512,515,347,519,201,323,
13,496,349,
352,56,155,471,96,134,154,6,111,215,125,171,1,404,252,450,266,502,33,71,511,118,40,98,236,387,21,
286,43,381,181,32,241,505,349,146,450,379,23,317,154,441,39,247,17,287,84,295,183,455,253,256,305,419,476,78,536,
358,428,6,236,349,49,57,182,96,206,385,163,297,218,318,162,531,144,208,191,266,146,408,486,502,344,528,
524,46,396,107,211,18,113,276,445,
361,68,378,6,391,98,452,364,126,181,238,275,
307,340,62,96,
515,295,60,233,250,269,374,141,326,258,234,227,337,428,489,425,344,394,146,319,14,
545,381,95,174,224,504,376,124,
345,138,63,280,144,297,109,483,539,3,45,175,228,393,429,443,536,187,161,287,363,373,72,314,26,302,390,439,467,8,117,311,427,
493,3,309,139,129,427,238,235,43,160,364,511,63,427,36,444,488,411,519,523,400,186,
21,293,442,294,
307,271,221,84,226,266,413,351,404,
392,42,512,84,428,547,217,261,487,176,48,196,446,350,160,360,32,364,351,56,396,544,300,483,
222,394,
406,49,425,152,528,
292,149,210,217,165,329,277,524,128,0,410,521,517,208,311,365,286,339,322,35,56,379,146,367,511,63,436,452,3,107,456,
181,225,62,41,111,542,206,282,399,
449,271,290,121,423,548,374,352,501,479,514,347,102,224,336,
396,29,168,375,547,220,371,231,5,145,79,371,503,168,198,472,351,306,524,381,181,526,357,484,
467,168,409,3,495,1,123,546,106,
381,455,52,116,192,542,545,545,72,76,128,228,368,530,536,
519,510,389,500,442,123,
123,167,450,276,3,426,161,345,280,241,268,153,519,275,364,
321,508,117,300,421,277,172,317,33,202,245,267,71,129,3,51,337,541,262,371,414,145,548,102,199,58,
448,71,292,398,263,127,538,324,531,368,533,
145,480,235,249,273,275,525,
400,1,105,170,153,218,154,192,543,234,352,
482,294,315,393,541,204,121,494,180,288,536,398,134,
515,410,292,226,400,489,
486,168,
504,251,127,371,428,288,175,17,171,320,195,521,
241,123,
518,384,261,
498,378,202,252,317,539,126,218,334,443,158,258,481,494,21,197,73,319,344,428,173,514,535,253,466,89,189,30,404,337,
327,57,264,46,149,420,19,492,106,487,67,211,227,388,184,474,13,178,352,162,407,347,487,
377,442,77,
37,484,263,247,
105,177,10,484,440,312,176,183,266,97,217,348,468,521,443,384,496,169,366,102,104,205,421,153,414,420,77,221,310,335,535,337,
373,447,
523,519,373,293,462,
23,79,392,425,307,548,337,16,259,516,16,161,327,341,492,38,
153,123,400,436,
147,185,274,42,236,27,47,246,26,394,83,370,389,499,240,204,25,116,397,535,344,
131,538,172,233,86,186,315,360,412,436,346,386,459,371,
500,224,500,359,15,229,295,204,
402,327,225,344,59,207,328,253,449,118,131,225,485,451,287,289,411,526,380,163,503,222,444,401,473,
538,77,39,68,154,472,337,143,183,61,226,492,200,484,204,
525,88,293,60,54,411,177,337,514,549,323,266,489,359,
14,448,408,96,73,93,428,463,34,126,155,208,296,344,412,8,28,406,75,361,468,47,318,333,131,467,201,356,131,460,
167,271,69,169,
206,375,
410,187,56,420,23,451,196,260,336,515,84,132,74,389,
448,172,180,192,265,287,42,463,530,8,305,14,17,311,44,160,267,438,447,548,156,477,542,45,298,168,210,166,269,543,467,170,269,520,
480,68,392,63,145,417,340,131,118,142,
288,83,32,38,23,3,
391,139,145,460,206,313,408,127,451,419,38,211,253,281,321,402,391,162,449,503,312,449,435,49,
441,264,494,32,115,
264,327,73,396,194,441,486,378,441,546,
491,94,496,364,144,253,277,440,77,79,274,331,398,477,53,192,406,445,172,206,113,1,503,127,132,36,336,366,
314,189,20,14,75,36,172,49,417,338,
184,196,494,463,47,329,203,222,8,11,343,435,151,274,329,526,532,309,169,518,168,
510,521,260,277,
14,440,386,440,
89,362,96,291,39,108,199,531,545,246,392,394,52,206,231,384,50,82,168,183,106,337,184,432,475,
280,359,375,417,34,295,19,144,300,285,61,298,44,231,404,93,373,441,210,161,249,217,317,
539,369,
533,38,546,38,413,420,436,416,32,536,
267,294,397,513,518,
253,491,391,215,136,419,260,450,143,233,265,509,
501,243,449,
378,48,265,131,538,386,338,18,295,328,545,66,199,256,89,1,165,103,161,361,243,335,368,271,352,387,344,159,230,395,66,534,
211,261,234,99,282,266,359,236,185,546,301,434,292,69,327,343,456,458,533,271,494,33,245,500,
56,410,118,30,123,340,369,516,
74,334,45,105,25,48,137,542,486,74,287,479,92,136,259,203,444,410,6,249,350,
62,294,89,45,102,242,454,125,546,336,
77,203,356,180,242,143,314,89,480,447,55,410,245,549,252,1,197,449,384,180,215,538,159,83,451,171,107,157,305,382,81,222,377,490,66,472,484,
168,92,325,182,495,186,60,446,418,
53,66,213,489,469,
421,77,221,242,24,31,37,110,508,123,59,360,268,12,146,284,526,156,405,525,376,495,531,467,
346,131,117,548,337,119,176,486,474,150,389,249,428,322,439,
325,365,416,102,168,446,507,
511,163,292,
141,87,487,141,32,330,391,5,14,40,44,173,526,
508,366,303,295,237,68,525,110,396,
537,335,123,484,421,407,104,526,541,369,539,39,173,374,228,460,223,478,
323,71,366,398,16,532,184,490,258,324,
54,525,356,456,
185,26,179,53,
263,294,56,499,295,203,509,
119,103,288,174,227,3,60,70,414,416,288,425,481,107,259,428,487,49,394,425,20,464,168,312,474,371,30,
97,164,507,251,102,103,351,549,510,137,279,25,90,283,
325,9,517,127,46,32,315,330,471,60,29,510,66,478,100,143,292,253,269,234,150,197,20,53,123,38,362,59,102,243,286,285,494,199,168,237,359,531,312,131,423,526,387,214,412,277,
187,19,155,397,487,5,400,480,519,428,141,256,378,345,150,512,279,433,242,410,
548,507,74,220,95,400,455,20,209,188,350,463,128,176,187,293,383,513,221,29,166,41,346,130,65,306,27,31,66,412,21,79,339,6,30,43,224,
102,447,62,440,
127,132,15,44,
295,272,225,15,127,256,61,505,546,503,503,474,465,506,531,325,280,288,485,264,263,228,402,429,69,360,244,300,465,508,69,180,531,132,436,
487,187,327,141,78,5,48,542,76,5,214,389,478,
537,487,264,336,500,394,491,491,
217,54,16,110,354,
290,209,215,538,422,414,302,486,524,
14,409,38,515,159,346,354,
447,56,20,373,437,453,140,40,107,298,219,459,53,334,294,144,398,468,44,92,352,27,37,491,522,60,351,102,354,493,372,444,
545,381,380,546,535,431,409,
19,243,
285,246,494,102,267,59,
337,89,525,244,170,148,334,
208,369,298,487,
538,284,242,8,22,104,153,64,275,349,120,397,121,253,323,305,541,131,227,144,274,107,144,283,388,143,290,445,186,282,496,369,460,
292,448,515,257,305,289,126,460,484,243,211,284,423,45,240,533,107,
440,74,105,171,127,20,121,19,122,362,346,416,81,312,19,58,421,169,107,196,
342,236,428,
440,493,114,143,147,296,292,42,520,209,231,316,320,425,177,90,225,332,379,426,10,80,335,60,165,407,465,136,192,548,25,422,487,14,127,318,364,493,389,422,21,278,361,512,287,302,374,411,
63,292,484,
98,349,164,140,39,367,418,478,463,366,527,
141,89,515,379,38,266,322,89,177,512,332,378,497,284,305,404,
297,510,28,162,
196,18,184,437,12,134,142,452,
519,357,112,54,82,195,110,167,472,265,179,47,417,58,397,465,547,145,271,512,374,
27,447,389,168,347,395,429,
418,90,163,
386,131,14,303,499,
484,72,157,284,250,328,78,258,539,30,40,542,52,193,232,253,157,6,96,225,228,540,105,30,417,64,397,359,365,507,60,112,380,330,42,37,202,63,395,236,400,362,508,
495,99,425,124,432,200,135,309,528,315,35,0,359,416,506,
236,172,147,253,84,323,342,527,32,494,
75,14,
177,404,36,222,327,227,431,484,34,282,317,137,356,99,196,308,542,305,375,39,459,150,105,177,281,377,324,41,62,143,83,487,158,238,438,449,252,335,71,487,89,108,130,147,491,243,219,196,315,191,449,469,245,249,
18,62,196,97,532,142,150,
172,32,145,321,181,293,201,265,236,304,460,328,314,191,315,415,288,423,366,543,79,
274,376,408,60,259,480,413,489,48,282,365,22,138,133,233,504,460,50,147,139,248,134,182,340,310,
241,487,399,480,
237,145,92,181,459,534,130,384,419,195,9,443,508,227,531,
509,246,442,527,
172,323,37,188,247,357,
242,62,442,530,
506,409,15,
30,271,56,66,134,141,334,
114,279,2,453,481,43,324,
225,484,186,212,432,481,129,351,407,268,295,285,94,178,68,177,486,127,11,380,414,433,399,118,481,25,443,44,193,152,92,197,289,528,17,36,117,443,185,
38,159,325,66,416,51,44,77,83,365,533,81,114,391,14,414,432,2,349,158,395,23,196,453,442,186,
386,3,293,16,251,343,229,120,164,216,447,524,
476,62,117,196,12,386,401,294,73,159,462,246,84,157,218,485,238,454,
62,307,476,181,351,124,496,436,140,109,257,89,
188,69,217,161,134,450,260,465,4,90,144,501,22,196,172,52,273,443,504,
505,549,295,87,27,31,175,437,465,49,78,156,304,266,168,94,329,442,307,296,261,201,479,232,464,378,478,31,480,45,106,322,425,387,250,
55,77,65,267,144,153,74,415,193,184,186,34,6,372,110,37,294,346,271,156,549,444,413,153,528,455,
519,213,390,136,161,163,325,490,523,121,287,266,301,522,257,84,338,395,494,15,294,162,
6,362,59,56,427,330,506,
406,14,425,486,463,
427,345,6,
440,433,337,352,251,305,409,129,74,51,354,14,303,
420,226,92,105,
125,370,371,182,192,361,544,
496,157,302,36,462,131,506,131,149,346,483,491,112,274,270,13,36,139,524,416,143,443,
500,370,136,83,143,500,329,107,512,386,280,60,343,464,495,161,328,490,
73,264,293,114,431,
118,352,14,
400,90,484,
73,476,12,104,398,416,443,461,88,19,218,385,427,425,432,243,311,18,315,442,510,
235,208,3,164,170,308,326,90,
202,375,179,210,197,528,94,32,495,537,495,498,9,165,342,531,300,379,3,65,113,257,496,331,385,296,161,190,157,221,389,409,431,484,456,334,468,
295,286,515,165,3,
121,449,415,280,528,99,236,514,223,300,
206,14,181,533,
373,523,199,420,298,548,229,193,250,313,513,251,213,23,506,536,
136,253,440,
510,47,42,206,508,287,297,519,97,
226,145,307,134,345,420,317,440,350,365,481,491,
468,202,14,
81,38,428,288,188,361,272,175,24,353,462,162,469,
208,358,53,147,226,273,311,
331,491,174,335,98,124,339,33,59,367,
323,487,172,287,255,161,390,282,308,6,280,351,518,525,146,434,159,533,
37,156,217,517,127,35,225,404,531,499,160,172,239,402,416,544,32,430,248,410,
337,428,529,313,208,392,489,440,196,92,294,419,538,391,99,493,249,263,286,498,391,463,131,480,248,
186,131,409,24,493,245,145,38,
14,314,118,172,355,23,206,255,270,442,
369,323,294,293,208,7,458,291,423,320,538,300,101,543,18,58,270,381,356,539,93,262,329,107,389,103,535,
400,303,233,195,337,544,429,432,523,
163,418,511,503,475,103,246,241,372,402,283,299,312,386,503,527,337,
271,210,130,55,77,170,122,8,466,274,214,16,30,167,352,8,529,79,177,181,
259,89,119,410,309,53,34,444,113,250,84,454,526,
31,521,505,328,392,528,21,200,53,397,
261,3,505,111,240,326,10,177,190,244,245,205,51,439,504,518,538,173,487,
428,491,242,358,114,377,399,337,188,282,511,81,144,276,40,309,333,152,240,256,76,403,512,432,537,224,313,326,450,154,342,426,329,533,
107,105,53,132,135,270,436,119,524,398,433,463,499,20,67,292,459,391,
104,110,105,15,250,408,516,66,329,475,
170,163,271,542,354,513,57,347,337,15,51,364,
145,294,416,149,288,268,204,240,195,393,27,391,172,74,463,234,42,380,128,212,414,119,45,226,347,413,515,510,446,152,39,427,450,246,
42,479,14,64,42,392,153,6,154,455,416,517,457,495,345,410,310,360,418,395,
168,89,416,296,246,61,113,
403,132,147,278,490,224,174,265,287,340,138,
545,524,149,520,441,
66,104,53,77,398,
293,172,73,125,312,36,365,94,401,28,386,310,19,458,294,21,255,437,
413,145,203,385,44,345,218,106,
399,482,241,329,92,11,482,
486,264,168,479,406,536,
446,42,344,51,
266,525,420,
137,97,193,34,375,
414,290,42,548,
534,10,237,132,369,378,
134,95,389,15,67,3,198,274,460,473,246,482,283,109,286,379,
49,406,358,488,64,302,97,201,401,529,150,
546,230,545,300,415,437,543,41,256,355,533,299,152,517,188,459,211,179,28,292,453,201,321,536,515,185,478,389,469,
521,29,292,105,31,35,123,319,510,94,287,262,
56,263,392,6,
501,433,425,
495,467,300,168,
174,331,403,
444,402,259,
72,381,
145,409,396,186,
338,519,277,
50,89,
533,292,448,211,
479,449,
467,421,448,
197,451,225,
213,373,53,
459,107,131,
287,521,155,
375,3,137,202,
515,54,546,
84,236,307,476,
131,496,325,
518,323,
113,259,420,
549,525,55,
336,410,537,62,
309,184,493,
184,327,494,
3,134,321,288,295,
204,79,482,
414,105,
28,398,297,
446,325,168,
70,420,
168,119,325,184,
267,285,478,
442,14,509,
387,352,505,325,
94,494,300,491,
235,493,145,
445,538,398,
489,53,525,322,
9,344,237,504,
221,105,400,
390,519,79,
450,464,253,145,
164,97,
493,440,447,337,
71,448,323,
170,235,442,
182,274,125,
15,519,389,
528,121,
356,264,32,
53,491,259,
344,147,398,
175,504,81,
99,121,
548,373,54,414,
223,121,227,
221,307,
39,89,132,
442,170,103,
110,104,217,508,
120,386,
201,546,54,
79,425,271,
418,119,168,
533,428,323,206,
90,97,235,
445,99,524,
284,99,340,
546,62,264,
156,37,15,409,
324,323,114,
14,294,141,
535,105,545,
236,352,
407,327,264,
124,349,331,545,
4,3,127,
455,381,55,
311,208,345,
173,243,141,261,
386,163,132,510,
185,225,546,
432,89,400,
39,145,211,
263,337,
435,391,
61,168,538,
331,521,
322,505,489,
500,537,389,519,
415,121,
76,428,487,
395,42,119,
228,537,
121,246,482,
347,170,
354,217,14,
77,96,451,
491,537,226,
176,202,389,132,
396,366,264,508,
189,384,314,
489,416,515,
336,491,449,
536,482,286,486,
518,267,184,
350,74,226,
36,491,314,
149,545,183,
421,537,433,
487,327,261,
352,440,327,
71,
204,538,500,
236,121,99,
283,97,134,
374,440,519,
480,263,241,337,
131,14,337,
483,531,392,
0,227,495,
262,521,127,
442,73,384,519,
132,366,89,
181,361,243,271,
400,515,493,
247,37,172,
334,30,337,
226,515,
239,340,416,
469,546,53,344,
30,494,119,
26,185,196,
52,89,
300,487,219,121,
60,155,500,168,
456,292,54,
10,349,534,
524,386,290,
315,73,111,
500,183,211,
288,482,490,
175,451,17,
159,14,323,
32,172,441,
245,177,211,
527,98,509,
510,73,103,386,
431,545,73,
305,141,
