272,442,459,181,340,490,21,122,254,166,261,545,185,200,306,
400,388,509,224,403,
235,371,21,466,
342,118,549,191,70,323,129,432,549,
472,267,337,135,451,272,526,195,380,390,407,174,274,313,387,440,521,
484,72,157,284,250,328,78,258,539,30,40,542,52,193,232,253,157,6,96,225,228,540,49,30,417,64,397,359,365,507,60,112,380,330,42,190,497,85,395,236,507,16,362,508,16,5,60,450,494,495,117,344,388,451,
159,14,185,89,222,518,531,172,410,246,542,123,390,406,324,533,84,343,42,458,513,429,
285,481,514,66,102,298,344,35,361,
138,395,117,
168,186,155,89,396,512,49,73,87,354,34,79,37,298,168,461,238,485,258,108,136,75,486,253,392,526,95,446,214,414,203,8,300,518,330,535,334,230,54,356,19,278,298,498,497,86,549,43,40,
182,341,101,369,215,357,545,3,81,215,456,428,
483,170,283,337,125,142,300,337,509,407,72,148,4,265,532,44,24,184,540,
272,41,472,149,
274,465,315,490,498,301,339,193,480,
423,21,406,191,313,32,45,165,315,
420,192,119,117,246,326,138,288,181,382,419,131,85,195,247,398,66,422,406,457,477,278,418,424,
490,272,
413,59,276,261,412,24,212,40,163,204,390,435,506,314,131,340,222,483,45,499,
136,179,74,62,196,337,168,522,15,47,66,160,445,545,450,294,78,259,391,260,403,416,
142,390,197,133,474,138,291,302,526,
388,186,406,399,400,454,49,83,414,165,33,362,369,430,528,
13,496,349,40,313,465,86,233,61,219,549,108,535,63,7,487,540,330,462,509,327,522,232,
71,1,271,219,338,311,542,15,202,187,366,102,100,166,371,279,121,302,413,546,514,10,416,521,
117,314,83,392,426,38,
503,124,536,340,50,430,494,93,39,380,458,156,
487,131,22,300,152,155,220,60,348,88,174,229,536,
500,170,36,508,29,110,137,
136,247,309,378,
15,71,496,211,363,357,111,173,195,467,292,496,
380,186,16,314,193,406,
29,486,536,
267,120,38,110,220,332,120,528,237,126,71,394,472,499,505,527,149,363,414,339,358,184,522,
545,81,95,174,48,224,504,376,247,202,411,99,373,20,299,424,40,445,530,302,361,541,
508,442,500,
538,466,395,313,
390,359,261,431,489,20,87,288,290,285,406,296,433,499,95,142,251,446,506,416,331,365,519,165,215,124,218,98,
399,62,62,229,260,235,483,87,128,388,351,129,206,328,143,537,250,55,
313,118,211,183,263,451,462,
406,362,425,146,463,136,463,362,328,69,104,248,388,289,411,9,418,37,103,
502,428,10,410,62,279,415,369,243,498,306,93,118,196,310,444,
187,19,155,397,5,400,480,519,428,141,256,378,77,150,512,279,433,242,410,202,273,88,128,332,393,397,278,325,485,513,169,289,520,71,90,124,389,152,181,201,480,178,168,3,81,179,313,259,461,129,44,70,188,306,383,
334,179,217,176,116,477,518,337,
548,507,74,220,95,400,455,20,209,188,350,463,128,176,187,293,383,513,221,29,166,41,461,130,65,96,306,27,31,66,412,340,21,70,339,6,30,43,224,270,470,414,482,19,21,440,69,396,48,180,257,378,520,43,281,301,
62,136,140,324,92,404,424,392,71,39,227,318,312,443,477,
93,399,489,29,172,357,338,515,
435,264,356,137,256,187,159,404,104,132,293,15,228,366,49,506,143,146,301,526,488,463,462,
326,362,93,375,402,139,37,46,
425,504,194,339,455,519,
537,335,123,484,421,407,104,526,541,369,539,39,173,374,228,460,223,279,478,352,431,489,541,131,239,410,101,216,60,170,172,279,118,115,233,286,301,441,20,67,108,313,428,399,443,265,
108,212,344,463,372,381,113,479,512,
265,511,241,78,170,536,330,331,406,43,230,236,315,483,49,339,539,
253,3,270,358,170,211,54,488,482,
232,297,21,13,
117,420,484,197,475,118,138,383,391,444,
406,296,331,159,317,436,451,9,299,
0,321,167,327,373,218,92,441,298,318,10,39,280,231,337,536,528,490,
531,421,126,24,418,412,254,497,446,256,192,44,71,276,182,298,497,21,495,212,306,511,20,141,329,442,472,549,457,
7,13,507,206,263,317,480,
142,408,
403,424,6,140,138,171,271,147,430,75,167,303,391,533,357,440,536,315,218,486,
536,61,286,263,12,540,331,503,65,417,190,159,314,286,29,211,270,354,426,545,212,136,190,
481,114,213,38,549,34,285,510,329,150,
337,24,483,309,335,472,323,12,69,179,462,470,193,
260,21,
212,145,406,
386,31,317,38,234,294,475,505,48,
549,342,108,161,375,394,217,362,394,460,194,480,
395,484,24,531,8,433,436,134,460,45,546,27,95,129,538,317,60,508,538,529,47,404,276,138,345,473,
457,404,420,531,
195,208,425,
365,24,88,25,426,27,177,193,288,101,302,522,482,141,145,357,94,374,7,76,108,111,281,475,425,441,235,460,395,93,171,206,497,78,467,473,349,491,78,10,393,368,111,128,269,375,487,353,
489,59,290,425,179,11,187,238,93,446,474,546,81,316,67,400,345,446,499,216,522,
404,435,204,476,520,368,424,457,
370,368,191,123,226,121,84,159,349,144,381,43,390,290,323,491,512,
121,184,384,429,115,384,371,
301,132,472,274,76,
342,119,428,472,299,363,48,437,529,549,39,291,322,541,168,391,289,225,337,149,281,469,511,231,336,335,301,451,
121,172,415,171,528,99,282,236,514,221,300,501,179,139,410,41,253,171,294,85,168,539,400,105,370,358,54,178,433,472,385,443,124,
512,311,173,383,473,542,442,230,299,399,175,336,358,504,104,312,534,494,538,
145,67,324,186,190,116,259,414,335,78,114,199,383,541,71,295,375,481,317,292,
10,349,21,33,122,248,145,297,327,508,184,6,202,383,542,213,442,373,410,423,422,79,250,20,30,
474,142,315,
326,498,118,
479,349,278,249,
264,69,435,
459,244,424,177,11,99,13,137,114,272,51,129,357,1,421,358,362,395,529,256,324,186,364,376,514,478,519,
498,502,190,174,326,323,
119,89,342,52,126,337,416,72,149,332,200,464,463,165,225,330,139,161,
353,549,28,102,263,422,
528,4,267,130,118,166,61,482,201,259,400,0,267,448,338,520,
184,300,425,443,121,521,210,357,511,80,222,393,267,
175,15,86,199,55,139,466,472,277,549,147,514,543,191,175,229,236,493,545,40,458,269,485,
463,406,114,223,446,4,358,212,454,332,149,144,430,349,23,19,
15,64,69,495,410,241,54,109,182,203,242,411,70,494,236,517,191,343,215,78,527,296,362,397,424,104,310,379,383,144,270,358,
368,275,370,53,166,259,431,183,193,247,258,11,460,146,234,298,310,81,396,
500,224,356,359,15,229,295,169,59,160,58,35,290,208,5,29,172,308,384,440,413,480,139,362,413,513,
69,228,68,464,318,50,532,294,412,223,94,548,165,156,412,36,534,220,239,264,280,335,1,525,65,245,173,463,
391,148,311,245,
308,397,121,114,548,527,272,353,536,
241,119,211,162,265,141,230,370,171,156,377,373,438,548,287,391,
114,481,308,74,425,433,
141,234,189,271,538,325,332,384,372,71,295,392,313,514,344,
462,338,337,418,15,
336,512,119,437,139,534,462,
217,334,41,356,459,83,301,504,
291,319,248,423,228,351,174,45,140,250,312,346,379,
137,435,246,
483,340,265,413,509,
204,50,151,338,325,331,154,26,145,148,58,404,271,172,118,497,116,
153,62,208,231,285,378,496,
23,327,168,60,147,157,192,81,34,267,502,36,286,218,173,325,404,207,
161,244,505,404,328,39,250,414,145,297,393,
371,41,19,482,235,508,319,88,121,
83,515,320,490,237,303,60,118,334,254,361,451,447,257,72,16,376,537,424,408,335,119,99,411,1,536,37,
60,437,231,485,37,105,
227,509,179,434,165,76,62,264,395,371,170,119,182,13,177,217,191,372,
278,184,237,449,216,227,
522,310,184,22,410,462,35,
295,141,145,120,315,538,
327,58,313,110,
272,428,172,439,499,137,244,
60,23,104,170,280,448,423,
56,38,247,234,
542,283,456,515,
434,247,41,58,249,331,
208,153,195,245,262,362,
131,413,116,145,
202,71,10,66,492,198,419,506,83,263,91,435,474,
102,454,211,259,498,107,114,161,257,455,486,548,199,158,76,398,161,433,460,507,57,191,310,539,
184,293,15,278,522,313,148,458,317,121,149,185,360,
491,410,370,322,369,430,190,446,
120,267,295,68,104,253,419,398,157,53,290,430,7,127,204,441,480,475,482,
65,405,152,218,119,269,186,486,234,46,317,95,459,206,316,292,499,
170,161,379,126,104,206,39,103,113,253,425,244,0,127,371,148,219,270,284,
234,41,314,361,56,427,
168,329,108,296,1,113,278,494,217,385,393,300,475,228,150,148,16,511,256,280,204,123,120,378,187,6,269,458,
315,186,310,313,337,365,474,287,
338,406,412,2,207,21,272,300,479,10,150,274,415,427,
527,308,212,109,477,
498,116,102,335,271,172,255,161,482,362,416,206,268,206,
129,504,342,88,187,462,506,542,
514,545,175,390,285,92,
114,190,102,113,155,4,89,133,392,145,130,147,384,273,327,454,
110,335,340,
407,148,36,242,
165,423,119,278,435,515,
422,158,410,149,52,315,372,530,281,71,176,311,10,88,418,526,247,353,352,281,
280,69,60,320,396,
253,120,119,175,281,536,331,136,286,
485,421,324,321,217,0,382,430,524,60,224,
367,472,249,459,126,437,349,
39,0,503,388,
462,13,522,336,435,
404,395,515,65,271,
425,365,43,160,360,316,370,544,152,293,244,455,102,155,1,221,531,318,406,196,220,517,385,369,513,101,494,476,40,384,284,101,314,523,539,317,17,62,195,189,271,387,
38,170,267,240,252,
430,329,503,120,16,88,92,184,84,159,437,503,
212,531,59,463,108,48,507,73,166,449,527,237,495,
486,8,168,159,47,156,535,340,456,541,316,29,278,373,315,187,45,403,
123,340,168,0,530,511,121,511,177,
244,161,361,170,48,294,355,357,355,
3,504,10,273,15,363,165,87,116,222,492,136,196,43,187,249,349,360,378,96,95,118,195,87,131,253,319,444,71,331,495,187,187,
541,360,33,474,239,239,492,
231,224,60,73,151,184,282,392,534,274,172,
58,500,456,113,308,357,481,549,327,412,499,434,
362,327,406,79,131,188,431,205,326,397,499,522,
429,3,504,201,350,361,
453,546,335,132,394,15,185,330,
456,172,474,467,475,7,4,273,322,303,58,113,536,297,60,247,542,261,
296,406,390,210,384,482,123,142,259,351,534,241,419,492,58,131,
549,55,451,353,364,205,520,481,9,207,315,346,
59,32,302,457,312,65,130,268,373,187,458,164,516,18,413,473,112,510,340,431,
73,280,331,195,433,313,
33,486,
236,121,99,79,437,217,294,149,434,44,287,171,206,158,
194,442,93,457,184,331,413,465,450,540,
390,370,159,49,80,372,473,
10,472,0,74,204,291,151,535,
420,219,124,410,16,473,496,45,66,113,261,150,207,356,472,489,162,530,416,530,137,19,57,76,
543,442,
442,543,513,145,62,194,508,272,455,406,172,488,512,33,125,232,
60,456,487,148,430,
549,175,417,82,342,522,201,85,463,124,481,191,
179,136,337,537,
278,168,414,228,479,365,57,
317,77,395,48,199,290,145,319,524,200,337,
421,537,485,162,92,17,205,367,437,525,319,335,425,539,88,73,123,337,377,426,301,
297,456,126,232,365,
113,410,420,99,523,192,438,199,536,495,421,529,480,247,522,532,505,
148,483,407,168,479,250,391,549,184,
496,157,302,36,462,150,506,131,149,346,483,160,107,112,274,270,13,36,139,524,416,143,443,397,544,344,340,362,415,121,174,221,382,147,228,365,13,24,152,259,341,497,
14,235,534,123,454,159,346,62,214,283,171,319,347,490,529,37,174,531,80,99,539,226,426,382,404,
337,74,544,318,170,148,515,136,139,8,251,223,129,302,45,65,142,271,368,399,531,80,156,30,136,485,
408,55,83,300,142,427,442,
170,163,14,542,354,513,57,500,10,337,15,51,364,80,524,211,545,364,178,357,76,531,392,432,38,371,201,93,123,232,198,366,423,182,402,74,512,
314,380,20,47,75,36,234,49,417,338,341,249,157,372,279,536,120,227,398,181,465,321,5,388,278,
138,403,199,316,328,136,
497,531,93,254,97,381,
331,536,158,100,119,406,73,37,310,405,53,260,481,108,183,123,274,
186,394,241,24,188,245,145,421,197,229,265,415,394,490,143,388,88,33,187,315,436,337,459,73,100,311,532,68,
153,72,261,365,23,93,416,
246,515,504,
299,79,406,
170,227,60,
19,461,3,125,547,460,281,416,371,52,208,521,420,489,286,164,127,2,121,515,537,230,139,422,80,115,379,468,
349,153,28,262,65,478,275,213,316,350,13,413,131,340,349,10,176,359,524,89,487,127,433,527,198,106,317,326,543,362,466,133,479,383,
478,494,233,
353,16,258,263,
458,184,503,
149,267,119,203,345,411,297,315,
317,425,349,386,197,
325,30,309,10,11,275,335,0,104,181,410,443,480,40,80,290,
234,486,513,544,43,431,484,199,
513,442,187,130,234,251,440,461,309,423,278,131,146,65,
84,381,43,180,17,74,131,472,337,55,411,115,502,32,267,275,505,450,233,275,
503,16,16,450,531,542,
507,197,484,7,39,459,231,
197,255,131,142,375,507,26,376,406,188,159,345,509,8,51,186,391,203,308,368,421,124,455,317,
509,152,113,246,316,66,161,363,302,432,266,57,543,422,215,400,29,233,495,8,34,411,464,305,320,
119,208,355,355,320,373,19,305,418,256,336,204,432,255,253,272,372,427,519,344,29,541,421,477,402,511,
310,195,331,
118,274,537,134,39,1,313,80,219,146,489,187,326,
77,44,94,240,135,317,463,534,316,44,46,360,403,15,266,362,416,515,404,459,358,
88,41,422,487,129,494,527,371,
41,88,36,321,524,272,281,434,98,234,191,
83,202,117,540,87,440,454,
251,286,421,9,16,118,275,351,19,50,429,15,
79,143,236,351,531,362,180,401,226,253,413,507,219,272,299,
134,95,511,68,67,511,198,446,460,473,246,128,283,109,286,379,185,282,432,168,302,98,311,328,372,456,60,216,468,498,
463,549,114,160,339,494,
147,175,23,4,247,239,
494,88,188,496,2,515,463,423,169,380,546,390,96,273,383,395,533,257,301,344,355,73,169,362,128,166,522,122,273,10,403,416,472,151,355,427,512,189,258,
427,279,36,493,100,503,305,361,293,113,154,266,31,446,427,173,435,
169,37,211,247,
103,62,48,291,
242,196,124,530,68,20,236,299,262,345,360,306,155,432,509,196,115,274,40,104,483,79,98,345,
144,463,15,
21,211,487,252,385,499,425,531,148,469,388,545,423,441,308,216,503,485,46,81,405,235,480,488,322,533,232,382,420,497,
472,54,175,367,542,301,526,10,451,29,
199,113,129,138,102,286,352,456,121,376,317,234,
132,493,435,453,87,280,462,86,301,326,300,322,99,
504,129,137,246,417,315,325,425,118,106,486,183,
475,120,386,
286,43,381,181,32,241,505,349,146,450,379,23,317,154,441,39,247,17,287,84,152,183,455,253,256,305,419,476,78,536,146,424,260,363,510,160,191,486,199,200,1,22,270,311,253,322,437,512,
62,89,533,193,351,124,496,436,140,109,257,89,366,149,265,399,457,327,350,210,248,422,76,253,290,345,386,248,154,349,44,159,285,399,195,430,
3,278,33,228,93,493,322,109,524,73,337,524,61,303,304,41,158,299,508,482,80,274,9,2,94,203,456,97,135,440,503,224,320,537,50,429,266,332,64,362,325,359,390,125,224,228,430,286,99,369,456,424,135,266,116,247,531,515,526,536,328,469,171,
36,443,314,39,41,279,310,103,500,122,23,407,548,391,
283,84,134,541,233,368,441,48,427,87,441,175,59,337,533,542,156,213,303,
172,531,216,457,247,357,221,398,40,194,121,179,279,312,313,282,133,447,311,428,72,525,
55,408,65,267,144,153,74,415,193,184,186,34,6,372,110,37,294,346,81,156,549,444,413,153,528,27,146,186,260,200,351,398,543,103,104,355,173,506,309,426,55,21,87,486,
99,96,365,401,354,357,497,172,241,46,62,194,230,257,337,180,496,140,236,132,167,138,482,3,413,136,100,435,270,49,40,209,539,67,97,165,192,467,
48,212,244,
56,196,15,192,226,234,328,519,461,358,17,123,268,378,
154,204,427,123,51,71,121,67,454,6,163,65,478,215,
121,11,131,143,308,483,417,441,496,37,491,
422,395,243,510,244,290,343,511,68,99,320,57,408,66,316,434,508,156,227,305,501,19,222,
490,327,186,18,81,59,208,172,445,222,91,113,5,71,288,543,142,249,311,517,14,267,483,319,120,464,
237,126,278,267,101,229,238,457,281,494,192,278,163,494,497,
2,494,19,
329,183,430,109,47,334,28,259,459,494,244,
325,504,350,437,
337,428,529,323,208,392,489,298,196,0,317,49,419,253,391,99,249,263,286,362,391,463,131,67,248,426,301,66,309,394,483,339,529,474,212,367,479,317,16,186,64,483,492,483,334,
313,327,37,161,219,268,40,76,305,
247,191,423,122,498,127,251,544,179,334,472,56,68,136,232,281,528,129,265,384,
33,335,10,11,357,541,84,251,231,64,239,372,542,25,307,441,537,303,479,530,549,442,313,435,530,118,66,315,524,371,458,
463,212,464,108,413,81,219,147,
492,296,541,
62,155,153,397,399,126,384,548,114,359,4,28,172,444,275,538,103,344,256,97,6,19,478,
15,492,256,239,204,330,184,289,446,57,126,452,13,56,435,421,2,90,464,431,509,264,448,462,
291,
437,413,16,351,109,92,7,408,166,235,271,60,363,171,405,449,124,227,246,454,179,298,456,90,273,372,458,
340,548,503,415,549,9,544,368,59,365,385,
38,481,422,56,85,368,259,
340,354,110,123,428,404,426,374,147,237,483,
126,15,267,434,332,454,529,16,74,
428,491,242,272,137,114,377,399,337,188,282,511,26,144,276,40,309,333,152,240,256,526,403,512,432,537,224,42,326,450,154,342,426,329,93,152,456,528,490,71,182,279,420,500,340,280,369,532,506,28,125,79,68,193,530,316,
247,85,172,1,16,19,35,274,309,179,215,434,71,35,303,
16,437,168,353,503,382,512,237,321,
515,3,404,542,43,357,246,
511,91,421,197,36,496,81,167,265,497,455,232,268,130,207,416,173,531,517,119,
187,489,435,192,24,51,140,303,416,342,400,58,152,160,451,9,
302,337,59,285,55,125,218,264,
68,134,428,186,
254,151,497,
93,365,428,170,335,168,497,32,535,
156,69,318,503,208,415,4,
258,368,335,
21,55,260,72,306,506,
410,187,230,420,23,159,260,422,502,84,263,211,302,332,139,505,22,303,241,491,150,278,
421,77,221,242,24,31,37,110,508,123,59,360,268,12,146,284,526,156,405,525,376,495,531,3,452,477,302,327,339,113,511,92,545,318,37,173,487,15,323,427,259,308,435,39,70,361,513,
422,81,62,509,106,267,348,540,88,71,94,97,
324,62,145,485,236,422,513,29,416,472,111,188,192,11,104,127,
517,279,411,463,222,
130,528,513,462,374,391,539,159,
311,154,418,146,272,77,11,135,490,133,190,232,391,422,125,286,275,120,
361,244,460,249,468,332,240,234,124,493,285,
360,217,333,279,13,234,419,
246,159,437,
486,234,28,357,33,136,234,221,
190,145,271,227,114,538,44,549,472,484,498,87,
310,0,473,193,36,65,315,112,471,268,398,522,222,277,413,163,15,81,
16,181,503,67,179,251,515,6,234,296,380,456,337,1,383,19,342,347,201,503,
344,400,99,496,16,262,483,316,448,244,249,466,119,108,486,513,74,430,484,141,
211,261,234,99,282,266,359,236,185,1,301,434,488,69,343,456,458,169,271,494,33,245,101,89,170,15,298,205,513,269,59,124,64,536,210,127,170,260,547,410,212,391,67,285,472,331,273,
145,144,236,325,249,273,497,525,369,212,331,156,191,294,344,161,453,412,9,36,123,160,511,15,101,351,358,
104,325,
24,196,413,93,208,
281,342,247,253,369,91,422,
211,131,159,516,89,277,502,31,102,261,416,479,526,494,333,51,76,395,313,545,253,126,449,468,475,412,84,99,244,17,509,
511,184,123,
536,403,253,50,487,
303,410,364,72,441,232,345,236,306,
335,404,33,498,513,522,351,453,120,365,110,93,230,126,
213,164,188,350,546,481,340,343,174,474,337,183,331,
487,421,
73,212,231,
402,170,326,119,431,
43,548,370,168,
368,337,404,
451,406,313,
476,404,
217,360,227,
139,326,119,336,
494,329,
454,102,114,
0,170,
458,437,159,33,
111,15,324,
386,62,
13,360,496,
182,170,227,
429,251,121,
37,331,83,
115,242,537,
195,62,310,
406,380,212,
271,404,425,
193,337,274,
355,494,
419,120,
184,483,430,
35,247,285,522,
505,161,113,
206,65,236,498,
271,498,
74,10,170,
149,184,272,
517,511,
362,388,77,337,
435,421,202,
423,60,
335,342,258,
369,388,491,281,
278,314,420,410,
456,199,
375,365,326,
80,14,184,
166,212,272,
102,285,353,
208,24,156,
313,315,537,
419,296,
399,93,337,
526,472,422,435,142,
357,403,58,
28,491,
390,514,472,
396,280,368,
430,62,60,
496,153,15,
372,390,227,
4,147,156,
263,353,7,
201,16,429,
431,234,402,
74,114,126,
488,21,
9,406,340,
34,509,481,
301,421,435,
483,242,337,
191,370,41,
315,403,274,295,
118,117,502,
29,93,472,
437,367,336,325,
92,430,
172,93,231,
32,423,93,
540,194,483,83,
160,187,500,
245,391,69,
243,502,
365,278,315,
511,123,145,
514,71,459,
81,489,
245,208,
331,194,213,253,
455,197,425,
480,549,7,274,
425,114,
155,
124,361,197,121,
297,161,149,
280,0,73,
419,360,
287,315,
378,153,56,
246,137,
512,370,286,108,
357,515,244,
531,503,172,
249,479,434,
484,344,234,
539,265,
442,408,
320,509,280,
265,247,537,
158,236,422,
478,62,459,
305,509,313,
454,83,
278,165,237,
136,337,138,
358,253,145,77,
327,362,490,
80,325,390,
494,463,503,
522,13,267,362,
39,421,
264,15,302,
76,313,301,
145,131,161,
427,338,234,
94,422,77,
55,399,302,
536,308,83,
285,153,211,
259,38,
237,16,212,
87,190,83,
290,489,325,
273,114,211,
350,325,429,
302,142,
105,121,60,
537,179,
9,187,
418,462,
