-0.0350559114604077
0.0311550231362447
0.0601636358680466
0.0948695819214292
0.111961197988353
0.128342888034511
0.143564705722637
0.157635151457672
0.169277497495184
0.183423974404133
0.189952470388033
0.191107760228185
0.196963360682929
0.200722381244022
0.203542367210401
0.205308239648632
0.205170078218465
0.201360222105772
0.200881894063248
0.206842202492635
0.213712130405508
0.216192629171837
0.216794589143267
0.216021697754917
0.216900249487944
0.218848977853503
0.220206986977972
0.226578507923558
0.226699025133185
0.230018546210404
0.233017116401033
0.233749242018754
0.236720155481386
0.237523573939179
0.237592492302317
0.24052985231829
0.243746484585952
0.241945227404432
0.241700516020521
0.241805459827506
0.241771099097938
0.244067971939155
0.245455191332451
0.247393507080055
0.244398844880642
0.241320250369712
0.242353864036095
0.244152387046873
0.241391466464321
0.243716681475054
0.245899518883374
0.243606849000099
0.245883638443817
0.248327894516436
0.248248439395025
0.246363328617739
0.248155820964099
0.248920745911278
0.247489180294132
0.250265003758418
0.260482478185913
0.262093977109076
0.258911498548593
0.259721523690173
0.259960241745592
0.260742815824445
0.261291246498325
0.259111512868281
0.260877186859759
0.262641668879
0.26058989019059
0.260689814342766
0.263011218300195
0.264749193220009
0.265679812827428
0.26719901721413
0.267397579361964
0.269523407337986
0.266934941162908
0.265919673383826
0.265410451838864
0.264163514795665
0.264074739762852
0.260227094364848
0.257478457769643
0.260662185298527
0.258533558040496
0.260047881794048
0.263104297238754
0.263763885265587
0.264849167175636
0.26148406294509
0.26185521504253
0.263826830806196
0.265852360443459
0.265751423781871
0.26486658073259
0.267509253331419
0.267908517597792
0.270223114669418
