0.302824886291245
0.333894228515656
0.358839556950143
0.369050073751254
0.374519070138632
0.385357460778921
0.398064041064898
0.406000585247455
0.411068233446922
0.41272651163373
0.409107631286566
0.408484552213948
0.417202034095946
0.420204934436786
0.420986023610346
0.425261602110499
0.426702046185904
0.428116962114427
0.426301928161178
0.427518629649839
0.435017317366525
0.435051587124378
0.437043275975346
0.437167487135285
0.439948586345924
0.442454860518206
0.445518416942052
0.447287727249044
0.450750066549621
0.450163588647531
0.451093649294328
0.449145841522475
0.453600488391568
0.459402159896686
0.460072920455626
0.462480470531121
0.461786668750057
0.466169862435462
0.46613350062106
0.46593065651383
0.466214526203043
0.469864479408886
0.471655176962204
0.470567960224418
0.472718624915325
0.473648688965436
0.474066026049599
0.474481332931905
0.474631200752771
0.472646318740239
0.473462903666741
0.475858662491165
0.47604962224245
0.476582120364356
0.476945276084999
0.478873766939322
0.478870162351646
0.480426420996432
0.481715426250294
0.480406694065107
0.480558878210852
0.479462519356461
0.479326886645148
0.481389817493748
0.481459253151067
0.480262865639983
0.481204073610496
0.480210973001228
0.482276245550703
0.480774629924035
0.481966924570358
0.482535729878761
0.480907398861402
0.479302598036775
0.479318512298464
0.477285828710259
0.478194942209989
0.47665566022457
0.477989415467199
0.478956180492897
0.476700938615351
0.479136763147195
0.481148514147266
0.481411265008235
0.483755833236646
0.484453068806128
0.483740947871921
0.483503329446173
0.484687525872177
0.486345557089133
0.488221772318764
0.490683762070355
0.489764467242273
0.490782428495785
0.48811104876217
0.489977357229514
0.490494761122971
0.489261128302822
0.491084949650012
0.489561718157804
